1719270 749
1719280 749
1719290 754
1719300 758
1719310 758
1719320 761
1719330 765
1719340 766
1719350 766
1719360 767
1719370 768
1719380 768
1719390 768
1719400 769
1719410 769
1719420 770
1719430 770
1719440 770
1719450 770
1719460 770
1719470 770
1719480 769
1719490 767
1719500 765
1719510 765
1719520 763
1719530 763
1719540 763
1719550 763
1719560 762
1719570 762
1719580 761
1719590 760
1719600 760
1719610 762
1719620 763
1719630 763
1719640 766
1719650 768
1719660 770
1719670 770
1719680 772
1719690 775
1719700 775
1719710 777
1719720 780
1719730 780
1719740 782
1719750 783
1719760 783
1719770 786
1719780 788
1719790 788
1719800 789
1719810 791
1719820 794
1719830 794
1719840 796
1719850 797
1719860 797
1719870 798
1719880 799
1719890 799
1719900 799
1719910 797
1719920 798
1719930 795
1719940 793
1719950 793
1719960 792
1719970 793
1719980 794
1719990 794
