1719260 599
1719270 600
1719280 600
1719290 600
1719300 599
1719310 598
1719320 598
1719330 595
1719340 592
1719350 592
1719360 588
1719370 584
1719380 584
1719390 580
1719400 577
1719410 577
1719420 570
1719430 565
1719440 565
1719450 559
1719460 552
1719470 543
1719480 543
1719490 533
1719500 524
1719510 524
1719520 523
1719530 524
1719540 524
1719550 524
1719560 525
1719570 525
1719580 526
1719590 527
1719600 527
1719610 527
1719620 528
1719630 528
1719640 528
1719650 529
1719660 529
1719670 529
1719680 529
1719690 529
1719700 529
1719710 530
1719720 530
1719730 530
1719740 530
1719750 535
1719760 535
1719770 537
1719780 537
1719790 535
1719800 535
1719810 533
1719820 534
1719830 534
1719840 534
1719850 535
1719860 535
1719870 536
1719880 536
1719890 536
1719900 537
1719910 537
1719920 537
1719930 538
1719940 539
1719950 540
1719960 540
1719970 542
1719980 544
1719990 544
