1700000 752
1700010 753
1700020 753
1700030 753
1700040 755
1700050 758
1700060 759
1700070 759
1700080 760
1700090 757
1700100 757
1700110 762
1700120 769
1700130 769
1700140 774
1700150 775
1700160 775
1700170 779
1700180 781
1700190 781
1700200 786
1700210 788
1700220 788
1700230 788
1700240 794
1700250 798
1700260 798
1700270 801
1700280 803
1700290 803
1700300 805
1700310 809
1700320 809
1700330 812
1700340 815
1700350 815
1700360 818
1700370 825
1700380 830
1700390 830
1700400 833
1700410 837
1700420 837
1700430 841
1700440 845
1700450 845
1700460 849
1700470 853
1700480 853
1700490 857
1700500 860
1700510 860
1700520 865
1700530 865
1700540 860
1700550 860
1700560 855
1700570 852
1700580 852
1700590 847
1700600 844
1700610 844
1700620 838
1700630 836
1700640 836
1700650 832
1700660 826
1700670 826
1700680 822
1700690 817
1700700 811
1700710 811
1700720 805
1700730 799
1700740 799
1700750 795
1700760 790
1700770 790
1700780 786
1700790 781
1700800 781
1700810 777
1700820 772
1700830 772
1700840 765
1700850 760
1700860 755
1700870 755
1700880 751
1700890 747
1700900 747
1700910 742
1700920 739
1700930 739
1700940 735
1700950 734
1700960 734
1700970 730
1700980 725
1700990 725
1701000 719
1701010 713
1701020 708
1701030 708
1701040 704
1701050 699
1701060 699
1701070 694
1701080 690
1701090 690
1701100 685
1701110 680
1701120 680
1701130 676
1701140 673
1701150 673
1701160 669
1701170 666
1701180 662
1701190 662
1701200 659
1701210 653
1701220 653
1701230 647
1701240 642
1701250 642
1701260 645
1701270 650
1701280 650
1701290 652
1701300 651
1701310 651
1701320 650
1701330 653
1701340 654
1701350 654
1701360 654
1701370 653
1701380 653
1701390 652
1701400 645
1701410 645
1701420 644
1701430 651
1701440 651
1701450 653
1701460 657
1701470 657
1701480 662
1701490 665
1701500 668
1701510 668
1701520 670
1701530 674
1701540 674
1701550 678
1701560 678
1701570 678
1701580 682
1701590 680
1701600 680
1701610 682
1701620 686
1701630 686
1701640 692
1701650 702
1701660 712
1701670 712
1701680 716
1701690 719
1701700 719
1701710 717
1701720 714
1701730 714
1701740 711
1701750 709
1701760 709
1701770 708
1701780 705
1701790 705
1701800 703
1701810 701
1701820 700
1701830 700
1701840 698
1701850 696
1701860 696
1701870 689
1701880 683
1701890 683
1701900 679
1701910 677
1701920 677
1701930 680
1701940 681
1701950 681
1701960 684
1701970 686
1701980 688
1701990 688
1702000 692
1702010 696
1702020 696
1702030 699
1702040 700
1702050 700
1702060 701
1702070 702
1702080 702
1702090 704
1702100 707
1702110 707
1702120 710
1702130 714
1702140 717
1702150 717
1702160 720
1702170 720
1702180 720
1702190 721
1702200 722
1702210 722
1702220 723
1702230 725
1702240 725
1702250 727
1702260 729
1702270 729
1702280 731
1702290 734
1702300 737
1702310 737
1702320 740
1702330 741
1702340 741
1702350 742
1702360 739
1702370 739
1702380 736
1702390 733
1702400 733
1702410 729
1702420 726
1702430 726
1702440 723
1702450 720
1702460 717
1702470 717
1702480 715
1702490 712
1702500 712
1702510 709
1702520 708
1702530 708
1702540 703
1702550 700
1702560 696
1702570 694
1702580 694
1702590 694
1702600 692
1702610 689
1702620 685
1702630 685
1702640 685
1702650 683
1702660 683
1702670 680
1702680 678
1702690 678
1702700 674
1702710 673
1702720 673
1702730 672
1702740 669
1702750 669
1702760 665
1702770 663
1702780 660
1702790 660
1702800 657
1702810 652
1702820 652
1702830 651
1702840 654
1702850 654
1702860 654
1702870 653
1702880 653
1702890 649
1702900 645
1702910 645
1702920 643
1702930 641
1702940 638
1702950 638
1702960 634
1702970 632
1702980 632
1702990 632
1703000 628
1703010 628
1703020 625
1703030 624
1703040 624
1703050 623
1703060 621
1703070 621
1703080 618
1703090 615
1703100 612
1703110 612
1703120 610
1703130 608
1703140 608
1703150 602
1703160 599
1703170 599
1703180 597
1703190 595
1703200 595
1703210 596
1703220 596
1703230 596
1703240 597
1703250 603
1703260 608
1703270 608
1703280 611
1703290 615
1703300 615
1703310 616
1703320 617
1703330 617
1703340 618
1703350 621
1703360 621
1703370 623
1703380 626
1703390 626
1703400 630
1703410 631
1703420 631
1703430 631
1703440 632
1703450 635
1703460 635
1703470 640
1703480 644
1703490 644
1703500 647
1703510 650
1703520 650
1703530 655
1703540 659
1703550 659
1703560 663
1703570 668
1703580 672
1703590 672
1703600 676
1703610 680
1703620 680
1703630 683
1703640 687
1703650 687
1703660 691
1703670 694
1703680 694
1703690 698
1703700 702
1703710 702
1703720 706
1703730 709
1703740 706
1703750 706
1703760 704
1703770 702
1703780 702
1703790 699
1703800 695
1703810 695
1703820 692
1703830 690
1703840 690
1703850 688
1703860 686
1703870 686
1703880 685
1703890 683
1703900 682
1703910 682
1703920 682
1703930 681
1703940 681
1703950 680
1703960 680
1703970 680
1703980 680
1703990 680
1704000 680
1704010 679
1704020 678
1704030 678
1704040 677
1704050 675
1704060 673
1704070 673
1704080 670
1704090 668
1704100 668
1704110 665
1704120 662
1704130 662
1704140 660
1704150 657
1704160 657
1704170 654
1704180 652
1704190 652
1704200 649
1704210 646
1704220 643
1704230 643
1704240 641
1704250 638
1704260 638
1704270 636
1704280 634
1704290 634
1704300 632
1704310 630
1704320 630
1704330 629
1704340 629
1704350 629
1704360 629
1704370 628
1704380 627
1704390 627
1704400 625
1704410 621
1704420 621
1704430 618
1704440 614
1704450 614
1704460 610
1704470 607
1704480 607
1704490 603
1704500 600
1704510 600
1704520 597
1704530 594
1704540 592
1704550 592
1704560 591
1704570 588
1704580 588
1704590 586
1704600 584
1704610 584
1704620 581
1704630 577
1704640 577
1704650 573
1704660 570
1704670 570
1704680 566
1704690 563
1704700 559
1704710 559
1704720 556
1704730 553
1704740 553
1704750 549
1704760 546
1704770 546
1704780 545
1704790 545
1704800 545
1704810 543
1704820 544
1704830 544
1704840 544
1704850 546
1704860 554
1704870 554
1704880 555
1704890 559
1704900 559
1704910 564
1704920 568
1704930 568
1704940 575
1704950 578
1704960 578
1704970 581
1704980 583
1704990 583
1705000 586
1705010 588
1705020 590
1705030 590
1705040 594
1705050 598
1705060 598
1705070 600
1705080 605
1705090 605
1705100 606
1705110 607
1705120 607
1705130 609
1705140 615
1705150 615
1705160 621
1705170 627
1705180 632
1705190 632
1705200 637
1705210 641
1705220 641
1705230 646
1705240 650
1705250 650
1705260 654
1705270 657
1705280 657
1705290 660
1705300 663
1705310 663
1705320 665
1705330 668
1705340 669
1705350 669
1705360 664
1705370 657
1705380 657
1705390 653
1705400 649
1705410 649
1705420 647
1705430 645
1705440 645
1705450 643
1705460 640
1705470 640
1705480 639
1705490 638
1705500 639
1705510 639
1705520 640
1705530 641
1705540 641
1705550 642
1705560 645
1705570 645
1705580 646
1705590 647
1705600 647
1705610 647
1705620 647
1705630 647
1705640 646
1705650 646
1705660 646
1705670 646
1705680 647
1705690 650
1705700 650
1705710 654
1705720 656
1705730 656
1705740 658
1705750 662
1705760 662
1705770 665
1705780 667
1705790 667
1705800 669
1705810 672
1705820 674
1705830 674
1705840 676
1705850 677
1705860 677
1705870 679
1705880 681
1705890 681
1705900 684
1705910 687
1705920 687
1705930 691
1705940 695
1705950 695
1705960 695
1705970 697
1705980 698
1705990 698
1706000 698
1706010 698
1706020 698
1706030 698
1706040 696
1706050 696
1706060 696
1706070 696
1706080 696
1706090 697
1706100 697
1706110 697
1706120 697
1706130 697
1706140 695
1706150 695
1706160 693
1706170 690
1706180 690
1706190 686
1706200 681
1706210 681
1706220 673
1706230 668
1706240 668
1706250 666
1706260 660
1706270 660
1706280 654
1706290 650
1706300 653
1706310 653
1706320 656
1706330 651
1706340 651
1706350 652
1706360 655
1706370 655
1706380 656
1706390 655
1706400 655
1706410 654
1706420 652
1706430 652
1706440 650
1706450 649
1706460 647
1706470 647
1706480 646
1706490 646
1706500 646
1706510 644
1706520 641
1706530 641
1706540 634
1706550 625
1706560 625
1706570 625
1706580 629
1706590 629
1706600 629
1706610 630
1706620 630
1706630 630
1706640 632
1706650 634
1706660 634
1706670 634
1706680 636
1706690 636
1706700 636
1706710 635
1706720 635
1706730 632
1706740 628
1706750 628
1706760 623
1706770 618
1706780 614
1706790 614
1706800 610
1706810 607
1706820 607
1706830 601
1706840 595
1706850 595
1706860 588
1706870 589
1706880 589
1706890 589
1706900 597
1706910 597
1706920 604
1706930 609
1706940 613
1706950 613
1706960 614
1706970 614
1706980 614
1706990 610
1707000 608
1707010 608
1707020 611
1707030 611
1707040 611
1707050 609
1707060 605
1707070 605
1707080 601
1707090 597
1707100 594
1707110 594
1707120 590
1707130 589
1707140 589
1707150 589
1707160 589
1707170 589
1707180 589
1707190 588
1707200 588
1707210 588
1707220 589
1707230 589
1707240 589
1707250 588
1707260 588
1707270 588
1707280 589
1707290 591
1707300 591
1707310 591
1707320 592
1707330 592
1707340 593
1707350 599
1707360 599
1707370 606
1707380 611
1707390 611
1707400 615
1707410 615
1707420 610
1707430 610
1707440 613
1707450 623
1707460 623
1707470 630
1707480 634
1707490 634
1707500 638
1707510 641
1707520 641
1707530 643
1707540 645
1707550 645
1707560 647
1707570 649
1707580 651
1707590 651
1707600 652
1707610 653
1707620 653
1707630 655
1707640 657
1707650 657
1707660 658
1707670 660
1707680 660
1707690 660
1707700 659
1707710 659
1707720 656
1719230 555
1719240 555
1719250 556
1719260 558
1719270 558
1719280 559
1719290 559
1719300 559
1719310 558
1719320 556
1719330 556
1719340 555
1719350 557
1719360 557
1719370 558
1719380 557
1719390 556
1719400 556
1719410 554
1719420 553
1719430 553
1719440 551
1719450 553
1719460 553
1719470 554
1719480 554
1719490 554
1719500 554
1719510 553
1719520 553
1719530 552
1719540 553
1719550 557
1719560 557
1719570 559
1719580 561
1719590 561
1719600 562
1719610 563
1719620 563
1719630 563
1719640 561
1719650 561
1719660 558
1719670 557
1719680 557
1719690 557
1719700 559
1719710 563
1719720 563
1719730 568
1719740 571
1719750 571
1719760 574
1719770 576
1719780 576
1719790 578
1719800 579
1719810 579
1719820 581
1719830 582
1719840 582
1719850 582
1719860 583
1719870 582
1719880 582
1719890 582
1719900 581
1719910 581
1719920 581
1719930 581
1719940 581
1719950 582
1719960 582
1719970 582
1719980 582
1719990 582
