1771540 218
1771550 218
1771560 218
1771570 218
1771580 218
1771590 218
1771600 218
1771610 218
1771620 218
1771630 218
1771640 218
1771650 218
1771660 218
1771670 218
1771680 218
1771690 218
1771700 218
1771710 218
1771720 218
1771730 218
1771740 218
1771750 218
1771760 218
1771770 218
1771780 218
1771790 218
1771800 218
1771810 218
1771820 218
1771830 218
1771840 218
1771850 218
1771860 218
1771870 218
1771880 218
1771890 218
1771900 218
1771910 218
1771920 218
1771930 218
1771940 218
1771950 218
1771960 218
1771970 218
1771980 218
1771990 218
1772000 218
1772010 218
1772020 218
1772030 218
1772040 218
1772050 218
1772060 218
1772070 218
1772080 218
1772090 218
1772100 218
1772110 218
1772120 218
1772130 218
1772140 218
1772150 218
1772160 218
1772170 218
1772180 218
1772190 218
1772200 218
1772210 218
1772220 218
1772230 218
1772240 218
1772250 218
1772260 218
1772270 218
1772280 218
1772290 218
1772300 218
1772310 218
1772320 218
1772330 218
1772340 218
1772350 218
1772360 218
1772370 217
1772380 217
1772390 217
1772400 217
1772410 216
1772420 216
1772430 217
1772440 217
1772450 217
1772460 217
1772470 217
1772480 217
1772490 217
1772500 217
1772510 217
1772520 217
1772530 217
1772540 217
1772550 217
1772560 218
1772570 218
1772580 218
1772590 217
1772600 217
1772610 217
1772620 217
1772630 217
1772640 217
1772650 217
1772660 217
1772670 217
1772680 217
1772690 217
1772700 217
1772710 217
1772720 217
1772730 217
1772740 217
1772750 217
1772760 217
1772770 217
1772780 217
1772790 217
1772800 217
1772810 217
1772820 217
1772830 217
1772840 217
1772850 217
1772860 217
1772870 217
1772880 217
1772890 217
1772900 217
1772910 217
1772920 217
1772930 217
1772940 217
1772950 217
1772960 217
1772970 217
1772980 217
1772990 217
1773000 217
1773010 217
1773020 217
1773030 217
1773040 217
1773050 217
1773060 217
1773070 217
1773080 217
1773090 217
1773100 217
1773110 217
1773120 217
1773130 217
1773140 217
1773150 217
1773160 217
1773170 217
1773180 217
1773190 217
1773200 217
1773210 217
1773220 217
1773230 217
1773240 217
1773250 217
1773260 217
1773270 217
1773280 217
1773290 217
1773300 217
1773310 217
1773320 217
1773330 217
1773340 217
1773350 217
1773360 217
1773370 217
1773380 217
1773390 217
1773400 217
1773410 217
1773420 217
1773430 217
1773440 217
1773450 217
1773460 216
1773470 216
1773480 216
1773490 216
1773500 216
1773510 216
1773520 216
1773530 216
1773540 216
1773550 216
1773560 216
1773570 216
1773580 216
1773590 216
1773600 216
1773610 216
1773620 216
1773630 216
1773640 216
1773650 216
1773660 216
1773670 216
1773680 215
1773690 216
1773700 216
1773710 216
1773720 216
1773730 216
1773740 216
1773750 216
1773760 216
1773770 216
1773780 216
1773790 216
1773800 216
1773810 216
1773820 216
1773830 216
1773840 216
1773850 216
1773860 216
1773870 216
1773880 216
1773890 216
1773900 216
1773910 216
1773920 216
1773930 216
1773940 216
1773950 216
1773960 216
1773970 216
1773980 216
1773990 216
1774000 216
1774010 216
1774020 216
1774030 216
1774040 216
1774050 216
1774060 216
1774070 216
1774080 216
1774090 216
1774100 216
1774110 216
1774120 216
1774130 216
1774140 216
1774150 215
1774160 215
1774170 215
1774180 215
1774190 215
1774200 215
1774210 215
1774220 215
1774230 215
1774240 215
1774250 214
1774260 214
1774270 214
1774280 214
1774290 214
1774300 214
1774310 214
1774320 213
1774330 213
1774340 213
1774350 213
1774360 213
1774370 213
1774380 214
1774390 213
1774400 213
1774410 212
1774420 212
1774430 212
1774440 212
1774450 212
1774460 212
1774470 212
1774480 213
1774490 214
1774500 214
1774510 214
1774520 213
1774530 213
1774540 213
1774550 213
1774560 213
1774570 213
1774580 213
1774590 213
1774600 213
1774610 213
1774620 213
1774630 213
1774640 213
1774650 213
1774660 213
1774670 213
1774680 213
1774690 213
1774700 213
1774710 213
1774720 213
1774730 213
1774740 213
1774750 213
1774760 213
1774770 213
1774780 213
1774790 213
1774800 213
1774810 213
1774820 213
1774830 213
1774840 213
1774850 213
1774860 213
1774870 213
1774880 213
1774890 213
1774900 213
1774910 213
1774920 213
1774930 212
1774940 212
1774950 213
1774960 212
1774970 212
1774980 212
1774990 212
1775000 212
1775010 212
1775020 212
1775030 212
1775040 212
1775050 212
1775060 212
1775070 212
1775080 212
1775090 212
1775100 212
1775110 212
1775120 212
1775130 212
1775140 212
1775150 213
1775160 213
1775170 213
1775180 211
1775190 213
1775200 213
1775210 213
1775220 213
1775230 213
1775240 214
1775250 214
1775260 214
1775270 214
1775280 214
1775290 214
1775300 214
1775310 214
1775320 214
1775330 214
1775340 214
1775350 214
1775360 214
1775370 214
1775380 214
1775390 214
1775400 214
1775410 214
1775420 213
1775430 213
1775440 212
1775450 212
1775460 213
1775470 213
1775480 213
1775490 213
1775500 213
1775510 213
1775520 213
1775530 213
1775540 213
1775550 213
1775560 214
1775570 214
1775580 214
1775590 214
1775600 214
1775610 214
1775620 214
1775630 213
1775640 213
1775650 213
1775660 213
1775670 213
1775680 213
1775690 212
1775700 211
1775710 211
1775720 212
1775730 212
1775740 212
1775750 212
1775760 212
1775770 212
1775780 212
1775790 212
1775800 212
1775810 212
1775820 212
1775830 212
1775840 212
1775850 212
1775860 212
1775870 212
1775880 212
1775890 212
1775900 212
1775910 212
1775920 212
1775930 212
1775940 212
1775950 212
1775960 212
1775970 212
1775980 212
1775990 211
1776000 211
1776010 211
1776020 211
1776030 211
1776040 211
1776050 211
1776060 211
1776070 212
1776080 212
1776090 212
1776100 212
1776110 212
1776120 212
1776130 212
1776140 212
1776150 212
1776160 212
1776170 212
1776180 212
1776190 212
1776200 212
1776210 212
1776220 212
1776230 212
1776240 211
1776250 211
1776260 212
1776270 211
1776280 211
1776290 211
1776300 211
1776310 211
1776320 211
1776330 212
1776340 212
1776350 212
1776360 212
1776370 211
1776380 211
1776390 211
1776400 211
1776410 211
1776420 211
1776430 211
1776440 211
1776450 211
1776460 211
1776470 211
1776480 211
1776490 210
1776500 210
1776510 210
1776520 210
1776530 211
1776540 211
1776550 211
1776560 210
1776570 210
1776580 210
1776590 210
1776600 210
1776610 211
1776620 211
1776630 211
1776640 211
1776650 211
1776660 211
1776670 211
1776680 210
1776690 210
1776700 210
1776710 210
1776720 210
1776730 210
1776740 210
1776750 210
1776760 210
1776770 210
1776780 210
1776790 210
1776800 210
1776810 210
1776820 210
1776830 210
1776840 210
1776850 210
1776860 210
1776870 210
1776880 211
1776890 211
1776900 211
1776910 211
1776920 211
1776930 211
1776940 211
1776950 211
1776960 211
1776970 211
1776980 211
1776990 211
1777000 211
1777010 212
1777020 212
1777030 211
1777040 211
1777050 211
1777060 211
1777070 211
1777080 211
1777090 211
1777100 211
1777110 212
1777120 212
1777130 212
1777140 212
1777150 212
1777160 212
1777170 212
1777180 212
1777190 213
1777200 213
1777210 213
1777220 213
1777230 213
1777240 213
1777250 213
1777260 213
1777270 213
1777280 213
1777290 213
1777300 215
1777310 215
1777320 216
1777330 215
1777340 215
1777350 216
1777360 216
1777370 216
1777380 219
1777390 219
1777400 219
1777410 221
1777420 223
1777430 225
1777440 225
1777450 226
1777460 228
1777470 228
1777480 230
1777490 231
1777500 231
1777510 231
1777520 231
1777530 231
1777540 233
1777550 235
1777560 235
1777570 237
1777580 239
1777590 239
1777600 242
1777610 245
1777620 248
1777630 248
1777640 250
1777650 251
1777660 251
1777670 254
1777680 257
1777690 257
1777700 261
1777710 264
1777720 264
1777730 265
1777740 267
1777750 267
1777760 268
1777770 269
1777780 270
1777790 270
1777800 271
1777810 269
1777820 269
1777830 269
1777840 270
1777850 270
1777860 270
1777870 270
1777880 270
1777890 271
1777900 271
1777910 271
1777920 271
1777930 271
1777940 270
1777950 270
1777960 271
1777970 272
1777980 272
1777990 273
1778000 275
1778010 275
1778020 276
1778030 276
1778040 276
1778050 278
1778060 278
1778070 278
1778080 278
1778090 277
1778100 277
1778110 277
1778120 277
1778130 276
1778140 276
1778150 276
1778160 275
1778170 275
1778180 274
1778190 273
1778200 273
1778210 272
1778220 271
1778230 271
1778240 269
1778250 268
1778260 266
1778270 266
1778280 264
1778290 263
1778300 263
1778310 261
1778320 260
1778330 260
1778340 259
1778350 257
1778360 257
1778370 256
1778380 255
1778390 255
1778400 252
1778410 251
1778420 250
1778430 250
1778440 247
1778450 245
1778460 245
1778470 244
1778480 242
1778490 242
1778500 240
1778510 239
1778520 239
1778530 242
1778540 245
1778550 245
1778560 250
1778570 251
1778580 253
1778590 253
1778600 254
1778610 253
1778620 253
1778630 251
1778640 251
1778650 251
1778660 252
1778670 253
1778680 253
1778690 254
1778700 255
1778710 255
1778720 259
1778730 261
1778740 262
1778750 262
1778760 264
1778770 265
1778780 265
1778790 266
1778800 267
1778810 267
1778820 268
1778830 268
1778840 268
1778850 269
1778860 271
1778870 271
1778880 273
1778890 273
1778900 273
1778910 273
1778920 273
1778930 273
1778940 273
1778950 271
1778960 270
1778970 270
1778980 268
1778990 266
1779000 266
1779010 264
1779020 262
1779030 262
1779040 259
1779050 255
1779060 255
1779070 251
1779080 248
1779090 245
1779100 245
1779110 242
1779120 241
1779130 241
1779140 241
1779150 242
1779160 242
1779170 240
1779180 243
1779190 243
1779200 247
1779210 252
1779220 252
1779230 257
1779240 261
1779250 263
1779260 263
1779270 263
1779280 264
1779290 264
1779300 264
1779310 264
1779320 264
1779330 264
1779340 263
1779350 263
1779360 262
1779370 260
1779380 260
1779390 259
1779400 258
1779410 258
1779420 258
1779430 258
1779440 257
1779450 257
1779460 256
1779470 256
1779480 256
1779490 255
1779500 253
1779510 253
1779520 253
1779530 251
1779540 251
1779550 249
1779560 247
1779570 247
1779580 247
1779590 245
1779600 242
1779610 242
1779620 241
1779630 238
1779640 238
1779650 237
1779660 235
1779670 235
1779680 234
1779690 232
1779700 232
1779710 230
1779720 229
1779730 227
1779740 227
1779750 227
1779760 225
1779770 225
1779780 223
1779790 219
1779800 219
1779810 216
1779820 216
1779830 216
1779840 216
1779850 215
1779860 215
1779870 213
1779880 213
1779890 212
1779900 212
1779910 212
1779920 210
1779930 210
1779940 208
1779950 208
1779960 208
1779970 207
1779980 207
1779990 207
