1700000 428
1700010 428
1700020 427
1700030 425
1700040 425
1700050 423
1700060 420
1700070 416
1700080 416
1700090 412
1700100 407
1700110 407
1700120 402
1700130 397
1700140 397
1700150 391
1700160 389
1700170 389
1700180 389
1700190 388
1700200 388
1700210 390
1700220 398
1700230 402
1700240 402
1700250 404
1700260 407
1700270 407
1700280 401
1700290 398
1700300 398
1700310 406
1700320 410
1700330 410
1700340 414
1700350 418
1700360 418
1700370 420
1700380 417
1700390 414
1700400 414
1700410 405
1700420 400
1700430 400
1700440 397
1700450 406
1700460 406
1700470 411
1700480 415
1700490 415
1700500 419
1700510 423
1700520 423
1700530 428
1700540 428
1700550 428
1700560 428
1700570 425
1700580 420
1700590 420
1700600 414
1700610 409
1700620 409
1700630 405
1700640 401
1700650 401
1700660 397
1700670 394
1700680 394
1700690 394
1700700 394
1700710 390
1700720 390
1700730 392
1700740 398
1700750 398
1700760 405
1700770 408
1700780 408
1700790 410
1700800 413
1700810 413
1700820 416
1700830 419
1700840 419
1700850 421
1700860 423
1700870 423
1700880 424
1700890 424
1700900 421
1700910 421
1700920 418
1700930 412
1700940 412
1700950 411
1700960 411
1700970 411
1700980 416
1700990 419
1701000 419
1701010 420
1701020 422
1701030 422
1701040 426
1701050 430
1701060 432
1701070 432
1701080 436
1701090 439
1701100 439
1701110 441
1701120 443
1701130 443
1701140 444
1701150 445
1701160 445
1701170 445
1701180 444
1701190 444
1701200 442
1701210 442
1701220 442
1701230 442
1701240 441
1701250 442
1701260 442
1701270 444
1701280 444
1701290 444
1701300 446
1701310 446
1701320 446
1701330 447
1701340 448
1701350 448
1701360 449
1701370 449
1701380 450
1701390 450
1701400 450
1701410 450
1701420 450
1701430 450
1701440 451
1701450 451
1701460 452
1701470 449
1701480 449
1701490 448
1701500 448
1701510 448
1701520 447
1701530 446
1701540 446
1701550 446
1701560 449
1701570 448
1701580 448
1701590 447
1701600 447
1701610 447
1701620 446
1701630 442
1701640 442
1701650 437
1701660 432
1701670 432
1701680 426
1701690 421
1701700 414
1701710 414
1701720 416
1701730 418
1701740 418
1701750 419
1701760 419
1701770 419
1701780 420
1701790 421
1701800 421
1701810 424
1701820 426
1701830 426
1701840 427
1701850 429
1701860 428
1701870 428
1701880 425
1701890 422
1701900 422
1701910 416
1701920 408
1701930 408
1701940 409
1701950 408
1701960 408
1701970 407
1701980 406
1701990 406
1702000 406
1702010 405
1702020 405
1702030 405
1702040 404
1702050 401
1702060 401
1702070 398
1702080 391
1702090 391
1702100 387
1702110 388
1702120 388
1702130 390
1702140 390
1702150 390
1702160 390
1702170 388
1702180 388
1702190 386
1702200 386
1702210 385
1702220 385
1702230 385
1702240 383
1702250 383
1702260 381
1702270 379
1702280 379
1702290 377
1702300 376
1702310 376
1702320 375
1702330 373
1702340 373
1702350 372
1702360 371
1702370 369
1702380 369
1702390 368
1702400 368
1702410 368
1702420 367
1702430 367
1702440 367
1702450 366
1702460 366
1702470 366
1702480 365
1702490 363
1702500 363
1702510 365
1702520 365
1702530 364
1702540 364
1702550 364
1702560 364
1702570 364
1702580 364
1702590 363
1702600 363
1702610 364
1702620 364
1702630 364
1702640 364
1702650 364
1702660 364
1702670 363
1702680 363
1702690 363
1702700 363
1702710 363
1702720 363
1702730 363
1702740 364
1702750 365
1702760 365
1702770 366
1702780 367
1702790 367
1702800 367
1702810 367
1702820 367
1702830 368
1702840 367
1702850 367
1702860 367
1702870 366
1702880 366
1702890 366
1702900 365
1702910 365
1702920 365
1702930 364
1702940 364
1702950 364
1702960 368
1702970 372
1702980 372
1702990 374
1703000 377
1703010 378
1703020 378
1703030 379
1703040 380
1703050 380
1703060 381
1703070 381
1703080 381
1703090 382
1703100 383
1703110 383
1703120 384
1703130 384
1703140 384
1703150 382
1703160 380
1703170 379
1703180 379
1703190 373
1703200 372
1703210 372
1703220 376
1703230 375
1703240 375
1703250 375
1703260 377
1703270 377
1703280 377
1703290 381
1703300 381
1703310 384
1703320 387
1703330 387
1703340 391
1703350 393
1703360 395
1703370 395
1703380 398
1703390 400
1703400 400
1703410 402
1703420 405
1703430 405
1703440 407
1703450 410
1703460 410
1703470 414
1703480 414
1703490 414
1703500 414
1703510 415
1703520 414
1703530 414
1703540 412
1703550 411
1703560 411
1703570 410
1703580 408
1703590 408
1703600 405
1703610 403
1703620 403
1703630 406
1703640 408
1703650 408
1703660 413
1703670 417
1703680 423
1703690 423
1703700 426
1703710 427
1703720 427
1703730 428
1703740 428
1703750 428
1703760 427
1703770 426
1703780 426
1703790 424
1703800 421
1703810 421
1703820 416
1703830 414
1703840 409
1703850 409
1703860 403
1703870 403
1703880 403
1703890 403
1703900 403
1703910 403
1703920 404
1703930 404
1703940 404
1703950 404
1703960 404
1703970 404
1703980 404
1703990 403
1704000 401
1704010 401
1704020 399
1704030 396
1704040 396
1704050 394
1704060 391
1704070 391
1704080 389
1704090 385
1704100 385
1704110 380
1704120 376
1704130 376
1704140 374
1704150 374
1704160 373
1704170 373
1704180 372
1704190 371
1704200 371
1704210 370
1704220 370
1704230 370
1704240 368
1704250 365
1704260 365
1704270 368
1704280 370
1704290 370
1704300 373
1704310 376
1704320 376
1704330 376
1704340 375
1704350 377
1704360 377
1704370 383
1704380 389
1704390 389
1704400 394
1704410 398
1704420 398
1704430 404
1704440 406
1704450 406
1704460 409
1704470 412
1704480 416
1704490 416
1704500 418
1704510 421
1704520 421
1704530 424
1704540 426
1704550 426
1704560 426
1704570 431
1704580 431
1704590 432
1704600 432
1704610 432
1704620 429
1704630 427
1704640 427
1704650 424
1704660 421
1704670 419
1704680 419
1704690 418
1704700 419
1704710 419
1704720 419
1704730 419
1704740 419
1704750 419
1704760 419
1704770 419
1704780 418
1704790 418
1704800 418
1704810 418
1704820 418
1704830 418
1704840 418
1704850 419
1704860 419
1704870 419
1704880 419
1704890 419
1704900 419
1704910 418
1704920 414
1704930 414
1704940 409
1704950 403
1704960 403
1704970 398
1704980 392
1704990 387
1705000 387
1705010 382
1705020 381
1705030 381
1705040 382
1705050 383
1705060 383
1705070 382
1705080 380
1705090 380
1705100 377
1705110 375
1705120 375
1705130 372
1705140 368
1705150 365
1705160 365
1705170 362
1705180 359
1705190 359
1705200 356
1705210 350
1705220 350
1705230 350
1705240 346
1705250 346
1705260 346
1705270 346
1705280 346
1705290 346
1705300 345
1705310 345
1705320 345
1705330 345
1705340 348
1705350 345
1705360 349
1705370 353
1705380 353
1705390 351
1705400 357
1705410 357
1705420 361
1705430 364
1705440 364
1705450 369
1705460 373
1705470 376
1705480 376
1705490 378
1705500 381
1705510 381
1705520 384
1705530 388
1705540 388
1705550 391
1705560 393
1705570 393
1705580 394
1705590 392
1705600 392
1705610 388
1705620 384
1705630 382
1705640 382
1705650 380
1705660 378
1705670 378
1705680 376
1705690 373
1705700 373
1705710 371
1705720 370
1705730 370
1705740 368
1705750 364
1705760 364
1705770 361
1705780 358
1705790 357
1705800 357
1705810 354
1705820 352
1705830 352
1705840 350
1705850 347
1705860 347
1705870 346
1705880 345
1705890 345
1705900 342
1705910 341
1705920 341
1705930 340
1705940 340
1705950 340
1705960 339
1705970 339
1705980 339
1705990 339
1706000 338
1706010 338
1706020 338
1706030 337
1706040 336
1706050 336
1706060 336
1706070 334
1706080 334
1706090 333
1706100 335
1706110 335
1706120 342
1706130 341
1706140 346
1706150 346
1706160 346
1706170 345
1706180 345
1706190 345
1706200 346
1706210 346
1706220 350
1706230 353
1706240 353
1706250 354
1706260 355
1706270 355
1706280 357
1706290 359
1706300 361
1706310 361
1706320 360
1706330 358
1706340 358
1706350 356
1706360 354
1706370 354
1706380 352
1706390 348
1706400 348
1706410 347
1706420 342
1706430 342
1706440 341
1706450 342
1706460 338
1706470 338
1706480 342
1706490 346
1706500 346
1706510 348
1706520 349
1706530 349
1706540 350
1706550 351
1706560 351
1706570 351
1706580 352
1706590 352
1706600 351
1706610 351
1706620 350
1706630 350
1706640 350
1706650 349
1706660 349
1706670 349
1706680 349
1706690 349
1706700 348
1706710 348
1706720 348
1706730 348
1706740 347
1706750 347
1706760 347
1706770 348
1706780 346
1706790 346
1706800 346
1706810 346
1706820 346
1706830 345
1706840 343
1706850 343
1706860 342
1706870 341
1706880 341
1706890 340
1706900 339
1706910 339
1706920 337
1706930 337
1706940 338
1706950 338
1706960 338
1706970 335
1706980 335
1706990 332
1707000 331
1707010 331
1707020 332
1707030 333
1707040 333
1707050 333
1707060 333
1707070 333
1707080 334
1707090 336
1707100 336
1707110 338
1707120 341
1707130 344
1707140 344
1707150 345
1707160 345
1707170 345
1707180 346
1707190 346
1707200 346
1707210 346
1707220 345
1707230 345
1707240 345
1707250 344
1707260 344
1707270 343
1707280 343
1707290 343
1707300 343
1707310 342
1707320 342
1707330 342
1707340 341
1707350 341
1707360 341
1707370 340
1707380 340
1707390 340
1707400 340
1707410 339
1707420 339
1707430 338
1707440 338
1707450 337
1707460 337
1707470 336
1707480 336
1707490 336
1707500 335
1707510 334
1707520 334
1707530 334
1707540 333
1707550 333
1707560 333
1707570 332
1707580 332
1707590 332
1707600 331
1707610 331
1707620 331
1707630 331
1707640 330
1707650 330
1707660 330
1707670 329
1707680 329
1707690 329
1707700 329
1707710 329
1707720 329
1707730 329
1707740 329
1707750 328
1707760 328
1707770 328
1707780 328
1707790 328
1707800 328
1707810 328
1707820 328
1707830 327
1707840 327
1707850 327
1707860 327
1707870 327
1707880 327
1707890 327
1707900 327
1707910 327
1707920 327
1707930 327
1707940 327
1707950 327
1707960 327
1707970 327
1707980 327
1707990 328
1708000 328
1708010 328
1708020 328
1708030 328
1708040 328
1708050 328
1708060 328
1708070 328
1708080 328
1708090 328
1708100 328
1708110 328
1708120 328
1708130 328
1708140 328
1708150 328
1708160 328
1708170 328
1708180 327
1708190 327
1708200 327
1708210 327
1708220 327
1708230 327
1708240 326
1708250 325
1708260 325
1708270 326
1708280 326
1708290 326
1708300 326
1708310 326
1708320 326
1708330 327
1708340 328
1708350 328
1708360 329
1708370 330
1708380 330
1708390 331
1708400 331
1708410 331
1708420 332
1708430 333
1708440 334
1708450 334
1708460 333
1708470 333
1708480 333
1708490 332
1708500 331
1708510 331
1708520 329
1708530 327
1708540 327
1708550 327
1708560 327
1708570 327
1708580 328
1708590 329
1708600 329
1708610 329
1708620 330
1708630 330
1708640 330
1708650 331
1708660 331
1708670 331
1708680 332
1708690 333
1708700 333
1708710 334
1708720 335
1708730 335
1708740 336
1708750 337
1708760 337
1708770 336
1708780 336
1708790 336
1708800 336
1708810 335
1708820 335
1708830 335
1708840 335
1708850 334
1708860 334
1708870 334
1708880 333
1708890 333
1708900 332
1708910 331
1708920 331
1708930 331
1708940 331
1708950 330
1708960 330
1708970 330
1708980 330
1708990 330
1709000 330
1709010 329
1709020 329
1709030 329
1709040 327
1709050 327
1709060 325
1709070 325
1709080 324
1709090 324
1709100 324
1709110 325
1709120 325
1709130 325
1709140 324
1709150 324
1709160 328
1709170 330
1709180 330
1709190 332
1709200 334
1709210 334
1709220 335
1709230 337
1709240 338
1709250 338
1709260 338
1709270 338
1709280 338
1709290 338
1709300 338
1709310 338
1709320 338
1709330 338
1709340 338
1709350 338
1709360 337
1709370 337
1709380 337
1709390 337
1709400 337
1709410 337
1709420 337
1709430 336
1709440 336
1709450 336
1709460 336
1709470 336
1709480 336
1709490 335
1709500 335
1709510 335
1709520 334
1709530 334
1709540 334
1709550 333
1709560 333
1709570 333
1709580 332
1709590 332
1709600 332
1709610 330
1709620 330
1709630 330
1709640 327
1709650 326
1709660 326
1709670 326
1709680 326
1709690 326
1709700 325
1709710 324
1709720 324
1709730 324
1709740 324
1709750 324
1709760 324
1709770 324
1709780 322
1709790 322
1709800 324
1709810 324
1709820 324
1709830 324
1709840 325
1709850 325
1709860 327
1709870 329
1709880 329
1709890 331
1709900 332
1709910 334
1709920 334
1709930 335
1709940 336
1709950 336
1709960 336
1709970 337
1709980 337
1709990 337
1710000 338
1710010 338
1710020 338
1710030 339
1710040 339
1710050 339
1710060 339
1710070 340
1710080 340
1710090 340
1710100 340
1710110 340
1710120 340
1710130 340
1710140 340
1710150 341
1710160 341
1710170 341
1710180 341
1710190 341
1710200 341
1710210 342
1710220 342
1710230 343
1710240 343
1710250 343
1710260 343
1710270 343
1710280 344
1710290 344
1710300 344
1710310 344
1710320 344
1710330 344
1710340 344
1710350 345
1710360 345
1710370 345
1710380 344
1710390 345
1710400 345
1710410 345
1710420 345
1710430 345
1710440 346
1710450 346
1710460 346
1710470 347
1710480 348
1710490 348
1710500 348
1710510 349
1710520 349
1710530 349
1710540 350
1710550 350
1710560 350
1710570 351
1710580 350
1710590 350
1710600 350
1710610 350
1710620 350
1710630 350
1710640 348
1710650 348
1710660 344
1710670 341
1710680 341
1710690 349
1710700 354
1710710 358
1710720 358
1710730 361
1710740 364
1710750 364
1710760 366
1710770 369
1710780 369
1710790 371
1710800 373
1710810 373
1710820 375
1710830 377
1710840 377
1710850 379
1710860 381
1710870 381
1710880 384
1710890 386
1710900 387
1710910 387
1710920 389
1710930 391
1710940 391
1710950 392
1710960 392
1710970 392
1710980 391
1710990 390
1711000 390
1711010 388
1711020 385
1711030 385
1711040 384
1711050 381
1711060 379
1711070 379
1711080 376
1711090 373
1711100 373
1711110 370
1711120 367
1711130 367
1711140 363
1711150 359
1711160 359
1711170 356
1711180 349
1711190 349
1711200 355
1711210 358
1711220 359
1711230 359
1711240 360
1711250 363
1711260 363
1711270 364
1711280 363
1711290 363
1711300 363
1711310 361
1711320 361
1711330 362
1711340 367
1711350 367
1711360 372
1711370 378
1711380 381
1711390 381
1711400 385
1711410 388
1711420 388
1711430 392
1711440 394
1711450 394
1711460 397
1711470 398
1711480 398
1711490 398
1711500 398
1711510 398
1711520 396
1711530 395
1711540 393
1711550 393
1711560 391
1711570 388
1711580 388
1711590 388
1711600 384
1711610 384
1711620 389
1711630 391
1711640 391
1711650 395
1711660 396
1711670 396
1711680 397
1711690 398
1711700 399
1711710 399
1711720 399
1711730 398
1711740 398
1711750 394
1711760 390
1711770 390
1711780 388
1711790 386
1711800 386
1711810 384
1711820 382
1711830 382
1711840 384
1711850 387
1711860 389
1711870 389
1711880 391
1711890 393
1711900 393
1711910 396
1711920 394
1711930 394
1711940 396
1711950 397
1711960 397
1711970 397
1711980 397
1711990 397
1712000 396
1712010 396
1712020 395
1712030 395
1712040 394
1712050 393
1712060 393
1712070 390
1712080 387
1712090 387
1712100 384
1712110 381
1712120 381
1712130 379
1712140 374
1712150 374
1712160 371
1712170 368
1712180 368
1712190 366
1712200 364
1712210 363
1712220 363
1712230 362
1712240 362
1712250 362
1712260 362
1712270 362
1712280 362
1712290 361
1712300 359
1712310 359
1712320 356
1712330 354
1712340 354
1712350 351
1712360 349
1712370 348
1712380 348
1712390 347
1712400 346
1712410 346
1712420 344
1712430 343
1712440 343
1712450 342
1712460 339
1712470 339
1712480 340
1712490 340
1712500 340
1712510 339
1712520 340
1712530 340
1712540 340
1712550 340
1712560 339
1712570 339
1712580 339
1712590 339
1712600 339
1712610 338
1712620 338
1712630 338
1712640 338
1712650 338
1712660 338
1712670 338
1712680 338
1712690 338
1712700 338
1712710 338
1712720 338
1712730 338
1712740 337
1712750 337
1712760 337
1712770 336
1712780 336
1712790 336
1712800 335
1712810 335
1712820 335
1712830 334
1712840 334
1712850 333
1712860 333
1712870 333
1712880 332
1712890 332
1712900 332
1712910 331
1712920 331
1712930 330
1712940 330
1712950 330
1712960 330
1712970 329
1712980 329
1712990 329
1713000 329
1713010 328
1713020 328
1713030 328
1713040 328
1713050 328
1713060 327
1713070 327
1713080 327
1713090 327
1713100 326
1713110 326
1713120 326
1713130 325
1713140 325
1713150 325
1713160 324
1713170 323
1713180 323
1713190 323
1713200 322
1713210 322
1713220 321
1713230 320
1713240 320
1713250 320
1713260 319
1713270 319
1713280 318
1713290 318
1713300 318
1713310 317
1713320 317
1713330 317
1713340 316
1713350 316
1713360 316
1713370 316
1713380 318
1713390 318
1713400 318
1713410 318
1713420 319
1713430 319
1713440 319
1713450 319
1713460 319
1713470 318
1713480 318
1713490 318
1713500 317
1713510 317
1713520 316
1713530 316
1713540 313
1713550 313
1713560 313
1713570 313
1713580 313
1713590 313
1713600 313
1713610 313
1713620 313
1713630 313
1713640 313
1713650 313
1713660 313
1713670 313
1713680 313
1713690 313
1713700 313
1713710 313
1713720 313
1713730 313
1713740 313
1713750 313
1713760 312
1713770 311
1713780 311
1713790 310
1713800 309
1713810 309
1713820 309
1713830 309
1713840 310
1713850 310
1713860 310
1713870 309
1713880 309
1713890 309
1713900 309
1713910 309
1713920 309
1713930 309
1713940 309
1713950 309
1713960 309
1713970 309
1713980 310
1713990 310
1714000 310
1714010 310
1714020 309
1714030 309
1714040 309
1714050 309
1714060 309
1714070 309
1714080 308
1714090 306
1714100 306
1714110 307
1714120 307
1714130 307
1714140 308
1714150 308
1714160 309
1714170 309
1714180 309
1714190 310
1714200 310
1714210 310
1714220 310
1714230 310
1714240 310
1714250 310
1714260 310
1714270 310
1714280 310
1714290 310
1714300 310
1714310 310
1714320 310
1714330 310
1714340 310
1714350 310
1714360 310
1714370 310
1714380 310
1714390 310
1714400 311
1714410 312
1714420 312
1714430 315
1714440 321
1714450 321
1714460 326
1714470 327
1714480 338
1714490 338
1714500 344
1714510 343
1714520 343
1714530 342
1714540 343
1714550 343
1714560 341
1714570 340
1714580 340
1714590 340
1714600 339
1714610 339
1714620 336
1714630 334
1714640 334
1714650 333
1714660 333
1714670 331
1714680 331
1714690 331
1714700 335
1714710 335
1714720 339
1714730 340
1714740 340
1714750 342
1714760 342
1714770 342
1714780 344
1714790 346
1714800 346
1714810 348
1714820 352
1714830 357
1714840 357
1714850 363
1714860 367
1714870 367
1714880 371
1714890 375
1714900 375
1714910 379
1714920 382
1714930 382
1714940 385
1714950 389
1714960 389
1714970 391
1714980 393
1714990 399
1715000 399
1715010 401
1715020 404
1715030 404
1715040 408
1715050 412
1715060 412
1715070 418
1715080 420
1715090 420
1715100 425
1715110 428
1715120 428
1715130 429
1715140 427
1715150 424
1715160 424
1715170 419
1715180 415
1715190 415
1715200 411
1715210 408
1715220 408
1715230 404
1715240 400
1715250 400
1715260 397
1715270 394
1715280 394
1715290 391
1715300 389
1715310 388
1715320 388
1715330 386
1715340 380
1715350 380
1715360 377
1715370 383
1715380 383
1715390 383
1715400 382
1715410 382
1715420 382
1715430 381
1715440 381
1715450 380
1715460 381
1715470 380
1715480 380
1715490 380
1715500 380
1715510 380
1715520 379
1715530 378
1715540 378
1715550 377
1715560 376
1715570 376
1715580 375
1715590 372
1715600 372
1715610 369
1715620 365
1715630 360
1715640 360
1715650 354
1715660 349
1715670 349
1715680 343
1715690 342
1715700 342
1715710 342
1715720 348
1715730 348
1715740 355
1715750 359
1715760 359
1715770 364
1715780 368
1715790 368
1715800 370
1715810 370
1715820 368
1715830 368
1715840 367
1715850 365
1715860 365
1715870 363
1715880 359
1715890 359
1715900 355
1715910 348
1715920 348
1715930 354
1715940 360
1715950 360
1715960 360
1715970 359
1715980 366
1715990 366
1716000 371
1716010 372
1716020 372
1716030 381
1716040 387
1716050 387
1716060 391
1716070 396
1716080 396
1716090 401
1716100 405
1716110 405
1716120 408
1716130 412
1716140 415
1716150 415
1716160 418
1716170 421
1716180 421
1716190 421
1716200 417
1716210 417
1716220 413
1716230 409
1716240 409
1716250 406
1716260 402
1716270 402
1716280 399
1716290 396
1716300 393
1716310 393
1716320 391
1716330 389
1716340 389
1716350 388
1716360 384
1716370 384
1716380 382
1716390 374
1716400 374
1716410 370
1716420 369
1716430 369
1716440 367
1716450 366
1716460 365
1716470 365
1716480 361
1716490 358
1716500 358
1716510 356
1716520 354
1716530 354
1716540 352
1716550 351
1716560 351
1716570 350
1716580 349
1716590 349
1716600 347
1716610 345
1716620 345
1716630 345
1716640 345
1716650 345
1716660 345
1716670 344
1716680 349
1716690 349
1716700 356
1716710 360
1716720 360
1716730 365
1716740 370
1716750 370
1716760 375
1716770 381
1716780 387
1716790 387
1716800 391
1716810 390
1716820 390
1716830 390
1716840 391
1716850 391
1716860 393
1716870 396
1716880 396
1716890 398
1716900 402
1716910 402
1716920 406
1716930 409
1716940 413
1716950 413
1716960 417
1716970 420
1716980 420
1716990 424
1717000 429
1717010 429
1717020 433
1717030 439
1717040 439
1717050 445
1717060 450
1717070 450
1717080 452
1717090 447
1717100 447
1717110 441
1717120 437
1717130 433
1717140 433
1717150 427
1717160 422
1717170 422
1717180 416
1717190 412
1717200 412
1717210 406
1717220 400
1717230 400
1717240 395
1717250 395
1717260 395
1717270 394
1717280 392
1717290 389
1717300 389
1717310 383
1717320 375
1717330 375
1717340 379
1717350 383
1717360 383
1717370 388
1717380 391
1717390 391
1717400 394
1717410 397
1717420 397
1717430 400
1717440 400
1717450 396
1717460 396
1717470 393
1717480 390
1717490 390
1717500 385
1717510 381
1717520 381
1717530 377
1717540 374
1717550 374
1717560 371
1717570 368
1717580 368
1717590 365
1717600 366
1717610 364
1717620 364
1717630 362
1717640 359
1717650 359
1717660 358
1717670 353
1717680 353
1717690 348
1717700 349
1717710 349
1717720 348
1717730 349
1717740 349
1717750 352
1717760 355
1717770 359
1717780 359
1717790 361
1717800 366
1717810 366
1717820 369
1717830 373
1717840 373
1717850 377
1717860 381
1717870 381
1717880 387
1717890 390
1717900 390
1717910 394
1717920 399
1717930 402
1717940 402
1717950 406
1717960 411
1717970 411
1717980 415
1717990 420
1718000 420
1718010 420
1718020 420
1718030 420
1718040 417
1718050 415
1718060 415
1718070 414
1718080 413
1718090 414
1718100 414
1718110 416
1718120 417
1718130 417
1718140 419
1718150 421
1718160 421
1718170 424
1718180 427
1718190 427
1718200 427
1718210 423
1718220 423
1718230 418
1718240 414
1718250 410
1718260 410
1718270 407
1718280 403
1718290 403
1718300 399
1718310 396
1718320 396
1718330 392
1718340 390
1718350 390
1718360 389
1718370 385
1718380 385
1718390 381
1718400 378
1718410 378
1718420 373
1718430 373
1718440 374
1718450 374
1718460 377
1718470 381
1718480 381
1718490 386
1718500 389
1718510 389
1718520 392
1718530 395
1718540 395
1718550 399
1718560 403
1718570 403
1718580 407
1718590 411
1718600 415
1718610 415
1718620 419
1718630 422
1718640 422
1718650 429
1718660 435
1718670 435
1718680 437
1718690 433
1718700 433
1718710 430
1718720 427
1718730 427
1718740 426
1718750 425
1718760 422
1718770 422
1718780 421
1718790 425
1718800 425
1718810 425
1718820 425
1718830 425
1718840 427
1718850 429
1718860 429
1718870 432
1718880 435
1718890 435
1718900 439
1718910 440
1718920 439
1718930 439
1718940 436
1718950 432
1718960 432
1718970 431
1718980 429
1718990 429
1719000 425
1719010 423
1719020 423
1719030 420
1719040 418
1719050 418
1719060 416
1719070 414
1719080 412
1719090 412
1719100 410
1719110 409
1719120 409
1719130 408
1719140 407
1719150 407
1719160 404
1719170 400
1719180 400
1719190 397
1719200 395
1719210 395
1719220 391
1719230 387
1719240 382
1719250 382
1719260 378
1719270 375
1719280 375
1719290 373
1719300 375
1719310 375
1719320 377
1719330 384
1719340 384
1719350 389
1719360 395
1719370 395
1719380 398
1719390 402
1719400 406
1719410 406
1719420 409
1719430 412
1719440 412
1719450 417
1719460 420
1719470 420
1719480 422
1719490 426
1719500 426
1719510 433
1719520 437
1719530 437
1719540 440
1719550 445
1719560 445
1719570 449
1719580 451
1719590 448
1719600 448
1719610 445
1719620 444
1719630 444
1719640 442
1719650 440
1719660 440
1719670 437
1719680 434
1719690 434
1719700 430
1719710 425
1719720 425
1719730 419
1719740 414
1719750 409
1719760 409
1719770 403
1719780 397
1719790 397
1719800 387
1719810 386
1719820 386
1719830 390
1719840 397
1719850 397
1719860 401
1719870 407
1719880 407
1719890 410
1719900 413
1719910 416
1719920 416
1719930 415
1719940 412
1719950 412
1719960 409
1719970 407
1719980 407
1719990 406
