1700000 353
1700010 353
1700020 353
1700030 353
1700040 353
1700050 353
1700060 353
1700070 353
1700080 353
1700090 353
1700100 353
1700110 356
1700120 356
1700130 362
1700140 363
1700150 363
1700160 363
1700170 363
1700180 363
1700190 363
1700200 363
1700210 363
1700220 363
1700230 363
1700240 363
1700250 363
1700260 363
1700270 363
1700280 363
1700290 362
1700300 359
1700310 359
1700320 355
1700330 349
1700340 349
1700350 345
1700360 344
1700370 344
1700380 344
1700390 343
1700400 343
1700410 343
1700420 343
1700430 343
1700440 343
1700450 342
1700460 342
1700470 342
1700480 342
1700490 341
1700500 341
1700510 341
1700520 340
1700530 340
1700540 340
1700550 340
1700560 340
1700570 340
1700580 340
1700590 340
1700600 340
1700610 339
1700620 339
1700630 339
1700640 339
1700650 339
1700660 339
1700670 339
1700680 339
1700690 339
1700700 339
1700710 339
1700720 339
1700730 339
1700740 339
1700750 339
1700760 339
1700770 339
1700780 339
1700790 339
1700800 338
1700810 338
1700820 338
1700830 338
1700840 338
1700850 338
1700860 338
1700870 338
1700880 338
1700890 338
1700900 338
1700910 338
1700920 338
1700930 338
1700940 339
1700950 339
1700960 339
1700970 338
1700980 338
1700990 338
1701000 338
1701010 338
1701020 338
1701030 338
1701040 338
1701050 338
1701060 338
1701070 338
1701080 338
1701090 337
1701100 337
1701110 337
1701120 338
1701130 336
1701140 336
1701150 336
1701160 337
1701170 337
1701180 337
1701190 337
1701200 337
1701210 337
1701220 337
1701230 337
1701240 337
1701250 336
1701260 336
1701270 336
1701280 336
1701290 336
1701300 336
1701310 336
1701320 336
1701330 336
1701340 336
1701350 336
1701360 336
1701370 336
1701380 336
1701390 336
1701400 336
1701410 336
1701420 336
1701430 336
1701440 336
1701450 336
1701460 336
1701470 336
1701480 336
1701490 336
1701500 336
1701510 336
1701520 336
1701530 336
1701540 336
1701550 336
1701560 336
1701570 336
1701580 336
1701590 336
1701600 336
1701610 336
1701620 336
1701630 335
1701640 336
1701650 336
1701660 335
1701670 335
1701680 335
1701690 335
1701700 335
1701710 335
1701720 335
1701730 335
1701740 335
1701750 335
1701760 335
1701770 335
1701780 335
1701790 335
1701800 335
1701810 335
1701820 335
1701830 335
1701840 335
1701850 335
1701860 335
1701870 335
1701880 335
1701890 335
1701900 335
1701910 335
1701920 334
1701930 334
1701940 334
1701950 334
1701960 334
1701970 334
1701980 335
1701990 334
1702000 334
1702010 334
1702020 334
1702030 334
1702040 334
1702050 334
1702060 334
1702070 334
1702080 334
1702090 334
1702100 334
1702110 334
1702120 334
1702130 334
1702140 334
1702150 334
1702160 334
1702170 334
1702180 334
1702190 334
1702200 333
1702210 333
1702220 333
1702230 333
1702240 333
1702250 333
1702260 333
1702270 333
1702280 333
1702290 333
1702300 333
1702310 333
1702320 333
1702330 333
1702340 333
1702350 333
1702360 333
1702370 333
1702380 333
1702390 333
1702400 333
1702410 333
1702420 333
1702430 333
1702440 333
1702450 333
1702460 333
1702470 333
1702480 333
1702490 333
1702500 333
1702510 333
1702520 333
1702530 333
1702540 333
1702550 333
1702560 333
1702570 333
1702580 332
1702590 332
1702600 332
1702610 332
1702620 332
1702630 332
1702640 332
1702650 332
1702660 332
1702670 332
1702680 332
1702690 332
1702700 332
1702710 332
1702720 332
1702730 332
1702740 332
1702750 332
1702760 331
1702770 331
1702780 331
1702790 331
1702800 331
1702810 331
1702820 331
1702830 331
1702840 331
1702850 331
1702860 331
1702870 331
1702880 331
1702890 331
1702900 331
1702910 331
1702920 331
1702930 331
1702940 331
1702950 331
1702960 331
1702970 330
1702980 330
1702990 330
1703000 330
1703010 330
1703020 330
1703030 330
1703040 330
1703050 330
1703060 330
1703070 330
1703080 330
1703090 330
1703100 330
1703110 330
1703120 330
1703130 330
1703140 330
1703150 330
1703160 330
1703170 330
1703180 330
1703190 330
1703200 330
1703210 330
1703220 330
1703230 330
1703240 327
1703250 327
1703260 329
1703270 330
1703280 330
1703290 330
1703300 330
1703310 330
1703320 330
1703330 330
1703340 330
1703350 329
1703360 329
1703370 329
1703380 329
1703390 329
1703400 329
1703410 329
1703420 329
1703430 329
1703440 329
1703450 329
1703460 329
1703470 329
1703480 329
1703490 328
1703500 328
1703510 328
1703520 328
1703530 328
1703540 328
1703550 328
1703560 328
1703570 328
1703580 328
1703590 328
1703600 328
1703610 328
1703620 328
1703630 328
1703640 328
1703650 328
1703660 328
1703670 328
1703680 328
1703690 328
1703700 328
1703710 328
1703720 328
1703730 328
1703740 327
1703750 327
1703760 327
1703770 327
1703780 327
1703790 327
1703800 327
1703810 327
1703820 327
1703830 327
1703840 327
1703850 327
1703860 327
1703870 327
1703880 327
1703890 327
1703900 327
1703910 327
1703920 327
1703930 327
1703940 327
1703950 327
1703960 327
1703970 327
1703980 327
1703990 327
1704000 327
1704010 327
1704020 327
1704030 327
1704040 327
1704050 327
1704060 327
1704070 327
1704080 327
1704090 327
1704100 327
1704110 327
1704120 327
1704130 327
1704140 327
1704150 327
1704160 327
1704170 327
1704180 327
1704190 327
1704200 327
1704210 327
1704220 327
1704230 327
1704240 326
1704250 328
1704260 329
1704270 329
1704280 331
1704290 337
1704300 337
1704310 343
1704320 348
1704330 348
1704340 353
1704350 357
1704360 357
1704370 362
1704380 369
1704390 369
1704400 372
1704410 376
1704420 371
1704430 371
1704440 368
1704450 366
1704460 366
1704470 362
1704480 358
1704490 358
1704500 353
1704510 350
1704520 350
1704530 348
1704540 344
1704550 344
1704560 342
1704570 340
1704580 337
1704590 337
1704600 334
1704610 333
1704620 333
1704630 332
1704640 331
1704650 331
1704660 331
1704670 333
1704680 333
1704690 333
1704700 334
1704710 334
1704720 341
1704730 345
1704740 348
1704750 348
1704760 350
1704770 351
1704780 351
1704790 351
1704800 352
1704810 352
1704820 355
1704830 357
1704840 357
1704850 359
1704860 361
1704870 361
1704880 363
1704890 364
1704900 367
1704910 367
1704920 370
1704930 373
1704940 373
1704950 376
1704960 380
1704970 380
1704980 384
1704990 386
1705000 386
1705010 385
1705020 380
1705030 380
1705040 378
1705050 383
1705060 383
1705070 387
1705080 389
1705090 393
1705100 393
1705110 396
1705120 399
1705130 399
1705140 402
1705150 405
1705160 405
1705170 405
1705180 405
1705190 405
1705200 405
1705210 404
1705220 404
1705230 403
1705240 403
1705250 402
1705260 402
1705270 402
1705280 403
1705290 403
1705300 403
1705310 403
1705320 403
1705330 404
1705340 405
1705350 405
1705360 406
1705370 409
1705380 409
1705390 412
1705400 413
1705410 415
1705420 415
1705430 417
1705440 417
1705450 417
1705460 416
1705470 413
1705480 413
1705490 410
1705500 408
1705510 408
1705520 405
1705530 402
1705540 402
1705550 401
1705560 398
1705570 395
1705580 395
1705590 394
1705600 392
1705610 392
1705620 392
1705630 391
1705640 391
1705650 389
1705660 387
1705670 387
1705680 385
1705690 382
1705700 382
1705710 378
1705720 374
1705730 370
1705740 370
1705750 366
1705760 359
1705770 359
1705780 354
1705790 356
1705800 356
1705810 356
1705820 356
1705830 356
1705840 359
1705850 363
1705860 363
1705870 366
1705880 371
1705890 371
1705900 376
1705910 379
1705920 381
1705930 381
1705940 384
1705950 388
1705960 388
1705970 391
1705980 394
1705990 394
1706000 397
1706010 398
1706020 398
1706030 400
1706040 401
1706050 401
1706060 396
1706070 394
1706080 391
1706090 391
1706100 388
1706110 384
1706120 384
1706130 380
1706140 373
1706150 373
1706160 371
1706170 365
1706180 365
1706190 360
1706200 356
1706210 356
1706220 352
1706230 351
1706240 349
1706250 349
1706260 346
1706270 345
1706280 345
1706290 343
1706300 343
1706310 343
1706320 342
1706330 340
1706340 340
1706350 339
1706360 338
1706370 338
1706380 337
1706390 336
1706400 336
1706410 336
1706420 335
1706430 336
1706440 336
1706450 340
1706460 346
1706470 346
1706480 349
1706490 350
1706500 350
1706510 350
1706520 351
1706530 351
1706540 353
1706550 353
1706560 351
1706570 351
1706580 347
1706590 352
1706600 352
1706610 355
1706620 355
1706630 355
1706640 355
1706650 355
1706660 355
1706670 355
1706680 354
1706690 354
1706700 352
1706710 351
1706720 351
1706730 351
1706740 350
1706750 348
1706760 348
1706770 346
1706780 342
1706790 342
1706800 339
1706810 336
1706820 336
1706830 333
1706840 326
1706850 326
1706860 323
1706870 323
1706880 323
1706890 323
1706900 323
1706910 322
1706920 322
1706930 323
1706940 323
1706950 323
1706960 323
1706970 327
1706980 327
1706990 334
1707000 336
1707010 336
1707020 338
1707030 341
1707040 341
1707050 344
1707060 347
1707070 348
1707080 348
1707090 353
1707100 356
1707110 356
1707120 358
1707130 360
1707140 360
1707150 363
1707160 365
1707170 365
1707180 368
1707190 371
1707200 371
1707210 374
1707220 376
1707230 377
1707240 377
1707250 375
1707260 373
1707270 373
1707280 369
1707290 364
1707300 364
1707310 368
1707320 365
1707330 365
1707340 360
1707350 369
1707360 369
1707370 373
1707380 375
1707390 380
1707400 380
1707410 383
1707420 387
1707430 387
1707440 391
1707450 395
1707460 395
1707470 396
1707480 396
1707490 396
1707500 393
1707510 389
1707520 389
1707530 388
1707540 390
1707550 393
1707560 393
1707570 395
1707580 397
1707590 397
1707600 398
1707610 401
1707620 401
1707630 404
1707640 406
1707650 406
1707660 408
1707670 410
1707680 410
1707690 410
1707700 407
1707710 407
1707720 403
1707730 399
1707740 396
1707750 396
1707760 391
1707770 388
1707780 388
1707790 384
1707800 382
1707810 382
1707820 381
1707830 377
1707840 377
1707850 373
1707860 369
1707870 369
1707880 366
1707890 363
1707900 359
1707910 359
1707920 356
1707930 352
1707940 352
1707950 347
1707960 340
1707970 340
1707980 335
1707990 334
1708000 334
1708010 334
1708020 334
1708030 334
1708040 339
1708050 344
1708060 346
1708070 346
1708080 350
1708090 354
1708100 354
1708110 358
1708120 362
1708130 362
1708140 363
1708150 362
1708160 362
1708170 359
1708180 356
1708190 356
1708200 352
1708210 349
1708220 346
1708230 346
1708240 344
1708250 340
1708260 340
1708270 339
1708280 345
1708290 345
1708300 350
1708310 354
1708320 354
1708330 357
1708340 360
1708350 360
1708360 364
1708370 366
1708380 368
1708390 368
1708400 371
1708410 375
1708420 375
1708430 377
1708440 376
1708450 376
1708460 377
1708470 379
1708480 379
1708490 382
1708500 382
1708510 382
1708520 383
1708530 382
1708540 382
1708550 383
1708560 386
1708570 389
1708580 389
1708590 391
1708600 394
1708610 394
1708620 396
1708630 397
1708640 397
1708650 397
1708660 397
1708670 397
1708680 395
1708690 394
1708700 394
1708710 392
1708720 390
1708730 388
1708740 388
1708750 385
1708760 383
1708770 383
1708780 381
1708790 379
1708800 379
1708810 376
1708820 371
1708830 371
1708840 367
1708850 361
1708860 361
1708870 358
1708880 353
1708890 350
1708900 350
1708910 348
1708920 346
1708930 346
1708940 344
1708950 341
1708960 341
1708970 339
1708980 338
1708990 338
1709000 335
1709010 333
1709020 333
1709030 331
1709040 330
1709050 329
1709060 329
1709070 328
1709080 330
1709090 330
1709100 335
1709110 338
1709120 338
1709130 340
1709140 342
1709150 342
1709160 345
1709170 349
1709180 349
1709190 351
1709200 353
1709210 354
1709220 354
1709230 354
1709240 353
1709250 353
1709260 354
1709270 352
1709280 352
1709290 349
1709300 346
1709310 346
1709320 343
1709330 340
1709340 340
1709350 338
1709360 336
1709370 336
1709380 334
1709390 331
1709400 325
1709410 325
1709420 324
1709430 325
1709440 325
1709450 327
1709460 327
1709470 327
1709480 327
1709490 326
1709500 326
1709510 324
1709520 323
1709530 323
1709540 323
1709550 321
1709560 320
1709570 320
1709580 321
1709590 324
1709600 324
1709610 325
1709620 328
1709630 328
1709640 331
1709650 330
1709660 330
1709670 327
1709680 325
1709690 325
1709700 325
1709710 321
1709720 316
1709730 316
1709740 314
1709750 313
1709760 313
1709770 312
1709780 312
1709790 312
1709800 312
1709810 312
1709820 312
1709830 311
1709840 313
1709850 313
1709860 313
1709870 319
1709880 320
1709890 320
1709900 320
1709910 318
1709920 318
1709930 317
1709940 318
1709950 318
1709960 321
1709970 322
1709980 322
1709990 330
1710000 332
1710010 332
1710020 332
1710030 330
1710040 328
1710050 328
1710060 325
1710070 323
1710080 323
1710090 321
1710100 320
1710110 320
1710120 320
1710130 322
1710140 321
1710150 324
1710160 329
1710170 329
1710180 332
1710190 336
1710200 336
1710210 341
1710220 347
1710230 351
1710240 351
1710250 356
1710260 360
1710270 360
1710280 363
1710290 364
1710300 364
1710310 365
1710320 367
1710330 367
1710340 368
1710350 367
1710360 367
1710370 365
1710380 362
1710390 359
1710400 359
1710410 355
1710420 352
1710430 352
1710440 347
1710450 343
1710460 343
1710470 339
1710480 338
1710490 338
1710500 335
1710510 334
1710520 334
1710530 333
1710540 332
1710550 326
1710560 326
1710570 330
1710580 333
1710590 333
1710600 330
1710610 327
1710620 327
1710630 331
1710640 335
1710650 335
1710660 336
1710670 338
1710680 338
1710690 339
1710700 342
1710710 345
1710720 345
1710730 348
1710740 351
1710750 351
1710760 354
1710770 358
1710780 358
1710790 361
1710800 365
1710810 365
1710820 367
1710830 369
1710840 369
1710850 370
1710860 371
1710870 373
1710880 373
1710890 374
1710900 375
1710910 375
1710920 375
1710930 374
1710940 374
1710950 372
1710960 370
1710970 370
1710980 368
1710990 368
1711000 368
1711010 367
1711020 367
1711030 367
1711040 367
1711050 366
1711060 365
1711070 365
1711080 363
1711090 360
1711100 360
1711110 357
1711120 354
1711130 354
1711140 356
1711150 357
1711160 357
1711170 357
1711180 358
1711190 358
1711200 357
1711210 357
1711220 355
1711230 355
1711240 351
1711250 348
1711260 348
1711270 344
1711280 342
1711290 342
1711300 339
1711310 337
1711320 337
1711330 336
1711340 334
1711350 334
1711360 333
1711370 332
1711380 332
1711390 332
1711400 332
1711410 332
1711420 332
1711430 332
1711440 332
1711450 332
1711460 332
1711470 331
1711480 331
1711490 329
1711500 328
1711510 328
1711520 326
1711530 327
1711540 328
1711550 328
1711560 328
1711570 328
1711580 328
1711590 329
1711600 329
1711610 329
1711620 330
1711630 329
1711640 329
1711650 329
1711660 328
1711670 328
1711680 326
1711690 325
1711700 324
1711710 324
1711720 324
1711730 324
1711740 324
1711750 323
1711760 321
1711770 321
1711780 318
1711790 316
1711800 316
1711810 315
1711820 313
1711830 313
1711840 310
1711850 309
1711860 309
1711870 309
1711880 308
1711890 308
1711900 308
1711910 307
1711920 307
1711930 307
1711940 306
1711950 306
1711960 306
1711970 306
1711980 306
1711990 306
1712000 305
1712010 305
1712020 305
1712030 304
1712040 305
1712050 305
1712060 305
1712070 305
1712080 305
1712090 305
1712100 305
1712110 305
1712120 305
1712130 306
1712140 305
1712150 305
1712160 305
1712170 305
1712180 305
1712190 305
1712200 305
1712210 305
1712220 305
1712230 305
1712240 305
1712250 305
1712260 304
1712270 304
1712280 304
1712290 304
1712300 304
1712310 304
1712320 305
1712330 304
1712340 304
1712350 306
1712360 306
1712370 306
1712380 306
1712390 305
1712400 305
1712410 305
1712420 305
1712430 306
1712440 306
1712450 305
1712460 305
1712470 305
1712480 305
1712490 305
1712500 305
1712510 304
1712520 304
1712530 304
1712540 304
1712550 304
1712560 304
1712570 304
1712580 304
1712590 303
1712600 303
1712610 303
1712620 303
1712630 303
1712640 304
1712650 303
1712660 303
1712670 303
1712680 303
1712690 303
1712700 303
1712710 303
1712720 303
1712730 303
1712740 303
1712750 302
1712760 302
1712770 302
1712780 302
1712790 302
1712800 302
1712810 302
1712820 302
1712830 302
1712840 302
1712850 302
1712860 302
1712870 302
1712880 302
1712890 302
1712900 303
1712910 304
1712920 304
1712930 306
1712940 305
1712950 305
1712960 304
1712970 306
1712980 306
1712990 306
1713000 305
1713010 305
1713020 304
1713030 304
1713040 304
1713050 304
1713060 304
1713070 304
1713080 304
1713090 304
1713100 304
1713110 304
1713120 304
1713130 303
1713140 303
1713150 303
1713160 302
1713170 302
1713180 303
1713190 302
1713200 302
1713210 302
1713220 302
1713230 301
1713240 301
1713250 301
1713260 301
1713270 301
1713280 301
1713290 301
1713300 301
1713310 302
1713320 302
1713330 302
1713340 302
1713350 302
1713360 301
1713370 301
1713380 301
1713390 300
1713400 300
1713410 300
1713420 300
1713430 300
1713440 298
1713450 297
1713460 297
1713470 301
1713480 301
1713490 301
1713500 301
1713510 301
1713520 301
1713530 301
1713540 301
1713550 301
1713560 301
1713570 301
1713580 302
1713590 302
1713600 301
1713610 301
1713620 301
1713630 301
1713640 302
1713650 302
1713660 302
1713670 302
1713680 302
1713690 302
1713700 302
1713710 301
1713720 301
1713730 303
1713740 303
1713750 303
1713760 303
1713770 303
1713780 303
1713790 303
1713800 303
1713810 303
1713820 303
1713830 304
1713840 304
1713850 304
1713860 304
1713870 304
1713880 304
1713890 304
1713900 304
1713910 304
1713920 304
1713930 304
1713940 304
1713950 304
1713960 304
1713970 304
1713980 304
1713990 304
1714000 304
1714010 304
1714020 305
1714030 305
1714040 305
1714050 305
1714060 305
1714070 305
1714080 306
1714090 306
1714100 306
1714110 306
1714120 306
1714130 306
1714140 306
1714150 306
1714160 306
1714170 307
1714180 307
1714190 307
1714200 307
1714210 307
1714220 307
1714230 307
1714240 307
1714250 308
1714260 308
1714270 308
1714280 308
1714290 308
1714300 308
1714310 308
1714320 308
1714330 310
1714340 310
1714350 310
1714360 311
1714370 312
1714380 314
1714390 314
1714400 317
1714410 320
1714420 320
1714430 323
1714440 326
1714450 326
1714460 331
1714470 334
1714480 334
1714490 339
1714500 344
1714510 344
1714520 348
1714530 353
1714540 358
1714550 358
1714560 362
1714570 364
1714580 364
1714590 366
1714600 371
1714610 371
1714620 377
1714630 383
1714640 383
1714650 385
1714660 384
1714670 384
1714680 382
1714690 380
1714700 378
1714710 378
1714720 377
1714730 375
1714740 375
1714750 374
1714760 374
1714770 374
1714780 375
1714790 378
1714800 378
1714810 381
1714820 383
1714830 383
1714840 381
1714850 379
1714860 382
1714870 382
1714880 386
1714890 389
1714900 389
1714910 393
1714920 397
1714930 397
1714940 397
1714950 395
1714960 395
1714970 391
1714980 386
1714990 386
1715000 383
1715010 380
1715020 382
1715030 382
1715040 384
1715050 381
1715060 381
1715070 379
1715080 376
1715090 376
1715100 372
1715110 369
1715120 369
1715130 370
1715140 372
1715150 372
1715160 375
1715170 379
1715180 379
1715190 384
1715200 389
1715210 391
1715220 391
1715230 393
1715240 393
1715250 393
1715260 394
1715270 397
1715280 397
1715290 401
1715300 404
1715310 404
1715320 407
1715330 412
1715340 412
1715350 415
1715360 418
1715370 418
1715380 418
1715390 418
1715400 417
1715410 417
1715420 416
1715430 415
1715440 415
1715450 413
1715460 411
1715470 411
1715480 407
1715490 403
1715500 403
1715510 399
1715520 397
1715530 395
1715540 395
1715550 393
1715560 391
1715570 391
1715580 390
1715590 390
1715600 390
1715610 388
1715620 387
1715630 387
1715640 380
1715650 379
1715660 379
1715670 378
1715680 380
1715690 384
1715700 384
1715710 388
1715720 391
1715730 391
1715740 392
1715750 387
1715760 387
1715770 384
1715780 382
1715790 382
1715800 378
1715810 376
1715820 376
1715830 375
1715840 374
1715850 373
1715860 373
1715870 373
1715880 373
1715890 373
1715900 376
1715910 378
1715920 378
1715930 378
1715940 379
1715950 379
1715960 380
1715970 381
1715980 381
1715990 380
1716000 377
1716010 377
1716020 376
1716030 377
1716040 382
1716050 382
1716060 382
1716070 382
1716080 382
1716090 382
1716100 381
1716110 381
1716120 380
1716130 379
1716140 379
1716150 374
1716160 378
1716170 378
1716180 379
1716190 378
1716200 380
1716210 380
1716220 384
1716230 386
1716240 386
1716250 386
1716260 384
1716270 384
1716280 380
1716290 377
1716300 377
1716310 383
1716320 382
1716330 382
1716340 383
1716350 385
1716360 389
1716370 389
1716380 389
1716390 387
1716400 387
1716410 389
1716420 387
1716430 387
1716440 385
1716450 386
1716460 386
1716470 383
1716480 376
1716490 376
1716500 375
1716510 382
1716520 386
1716530 386
1716540 377
1716550 389
1716560 389
1716570 396
1716580 400
1716590 400
1716600 403
1716610 405
1716620 405
1716630 407
1716640 409
1716650 409
1716660 412
1716670 414
1716680 416
1716690 416
1716700 419
1716710 423
1716720 423
1716730 423
1716740 424
1716750 424
1716760 425
1716770 427
1716780 427
1716790 428
1716800 429
1716810 429
1716820 429
1716830 429
1716840 429
1716850 429
1716860 428
1716870 426
1716880 426
1716890 425
1716900 424
1716910 424
1716920 424
1716930 424
1716940 424
1716950 423
1716960 422
1716970 422
1716980 423
1716990 422
1717000 422
1717010 422
1717020 415
1717030 417
1717040 417
1717050 421
1717060 420
1717070 420
1717080 422
1717090 421
1717100 421
1717110 412
1717120 411
1717130 411
1717140 416
1717150 423
1717160 423
1717170 432
1717180 440
1717190 444
1717200 444
1717210 447
1717220 449
1717230 449
1717240 449
1717250 449
1717260 449
1717270 447
1717280 449
1717290 449
1717300 449
1717310 455
1717320 455
1717330 455
1717340 456
1717350 455
1717360 455
1717370 457
1717380 461
1717390 461
1717400 465
1717410 471
1717420 471
1717430 475
1717440 479
1717450 479
1717460 483
1717470 486
1717480 486
1717490 489
1717500 492
1717510 498
1717520 498
1717530 501
1717540 502
1717550 502
1717560 504
1717570 506
1717580 506
1717590 508
1717600 509
1717610 509
1717620 511
1717630 512
1717640 512
1717650 515
1717660 517
1717670 517
1717680 518
1717690 519
1717700 520
1717710 520
1717720 522
1717730 525
1717740 525
1717750 528
1717760 531
1717770 531
1717780 534
1717790 538
1717800 538
1717810 540
1717820 543
1717830 543
1717840 547
1717850 550
1717860 552
1717870 552
1717880 553
1717890 551
1717900 551
1717910 548
1717920 544
1717930 544
1717940 541
1717950 537
1717960 537
1717970 535
1717980 534
1717990 534
1718000 532
1718010 531
1718020 528
1718030 528
1718040 522
1718050 517
1718060 517
1718070 514
1718080 509
1718090 509
1718100 504
1718110 500
1718120 500
1718130 496
1718140 491
1718150 491
1718160 487
1718170 483
1718180 479
1718190 479
1718200 473
1718210 464
1718220 464
1718230 467
1718240 475
1718250 475
1718260 478
1718270 478
1718280 478
1718290 483
1718300 486
1718310 486
1718320 488
1718330 490
1718340 493
1718350 493
1718360 495
1718370 498
1718380 498
1718390 499
1718400 500
1718410 500
1718420 501
1718430 501
1718440 501
1718450 502
1718460 504
1718470 504
1718480 506
1718490 508
1718500 508
1718510 508
1718520 504
1718530 500
1718540 500
1718550 495
1718560 491
1718570 491
1718580 487
1718590 484
1718600 484
1718610 480
1718620 476
1718630 476
1718640 471
1718650 465
1718660 465
1718670 472
1718680 475
1718690 480
1718700 480
1718710 484
1718720 487
1718730 487
1718740 490
1718750 494
1718760 494
1718770 497
1718780 503
1718790 503
1718800 509
1718810 516
1718820 516
1718830 522
1718840 521
1718850 515
1718860 515
1718870 508
1718880 501
1718890 501
1718900 495
1718910 489
1718920 489
1718930 485
1718940 481
1718950 481
1718960 475
1718970 470
1718980 470
1718990 464
1719000 457
1719010 457
1719020 457
1719030 462
1719040 463
1719050 463
1719060 465
1719070 466
1719080 466
1719090 467
1719100 469
1719110 469
1719120 470
1719130 472
1719140 472
1719150 475
1719160 476
1719170 474
1719180 474
1719190 471
1719200 467
1719210 467
1719220 464
1719230 461
1719240 461
1719250 458
1719260 454
1719270 454
1719280 450
1719290 448
1719300 448
1719310 444
1719320 440
1719330 430
1719340 430
1719350 429
1719360 429
1719370 429
1719380 430
1719390 431
1719400 431
1719410 431
1719420 432
1719430 432
1719440 432
1719450 432
1719460 432
1719470 433
1719480 433
1719490 433
1719500 433
1719510 434
1719520 434
1719530 434
1719540 434
1719550 434
1719560 434
1719570 435
1719580 437
1719590 437
1719600 439
1719610 441
1719620 441
1719630 445
1719640 447
1719650 447
1719660 449
1719670 446
1719680 449
1719690 449
1719700 453
1719710 456
1719720 456
1719730 456
1719740 459
1719750 459
1719760 458
1719770 458
1719780 458
1719790 458
1719800 458
1719810 458
1719820 455
1719830 452
1719840 449
1719850 449
1719860 446
1719870 447
1719880 447
1719890 447
1719900 452
1719910 452
1719920 456
1719930 459
1719940 459
1719950 463
1719960 467
1719970 467
1719980 471
1719990 474
