1700000 334
1700010 333
1700020 332
1700030 332
1700040 331
1700050 331
1700060 331
1700070 331
1700080 331
1700090 331
1700100 331
1700110 331
1700120 331
1700130 331
1700140 331
1700150 331
1700160 331
1700170 331
1700180 329
1700190 329
1700200 328
1700210 329
1700220 329
1700230 329
1700240 329
1700250 329
1700260 329
1700270 328
1700280 328
1700290 329
1700300 329
1700310 329
1700320 329
1700330 329
1700340 329
1700350 329
1700360 326
1700370 328
1700380 328
1700390 328
1700400 328
1700410 328
1700420 328
1700430 328
1700440 328
1700450 328
1700460 328
1700470 328
1700480 328
1700490 328
1700500 328
1700510 328
1700520 328
1700530 328
1700540 328
1700550 328
1700560 328
1700570 328
1700580 328
1700590 328
1700600 328
1700610 329
1700620 328
1700630 328
1700640 328
1700650 328
1700660 328
1700670 328
1700680 328
1700690 328
1700700 328
1700710 328
1700720 328
1700730 328
1700740 329
1700750 327
1700760 327
1700770 327
1700780 327
1700790 327
1700800 327
1700810 327
1700820 327
1700830 327
1700840 327
1700850 327
1700860 327
1700870 327
1700880 327
1700890 327
1700900 327
1700910 327
1700920 327
1700930 327
1700940 327
1700950 327
1700960 327
1700970 327
1700980 327
1700990 327
1701000 327
1701010 327
1701020 327
1701030 327
1701040 326
1701050 326
1701060 327
1701070 326
1701080 326
1701090 326
1701100 326
1701110 326
1701120 326
1701130 326
1701140 326
1701150 326
1701160 326
1701170 326
1701180 326
1701190 326
1701200 326
1701210 326
1701220 325
1701230 325
1701240 325
1701250 325
1701260 325
1701270 325
1701280 325
1701290 325
1701300 325
1701310 325
1701320 325
1701330 325
1701340 325
1701350 325
1701360 325
1701370 325
1701380 325
1701390 325
1701400 325
1701410 324
1701420 324
1701430 324
1701440 324
1701450 324
1701460 324
1701470 324
1701480 324
1701490 324
1701500 324
1701510 324
1701520 324
1701530 324
1701540 324
1701550 324
1701560 324
1701570 324
1701580 324
1701590 324
1701600 324
1701610 324
1701620 324
1701630 324
1701640 324
1701650 324
1701660 324
1701670 324
1701680 324
1701690 324
1701700 323
1701710 323
1701720 323
1701730 323
1701740 323
1701750 323
1701760 323
1701770 323
1701780 323
1701790 323
1701800 323
1701810 323
1701820 323
1701830 323
1701840 322
1701850 322
1701860 323
1701870 322
1701880 322
1701890 323
1701900 323
1701910 323
1701920 323
1701930 323
1701940 323
1701950 322
1701960 322
1701970 322
1701980 322
1701990 322
1702000 322
1702010 322
1702020 322
1702030 322
1702040 322
1702050 322
1702060 322
1702070 322
1702080 323
1702090 324
1702100 324
1702110 325
1702120 325
1702130 325
1702140 325
1702150 324
1702160 323
1702170 323
1702180 323
1702190 324
1702200 324
1702210 325
1702220 325
1702230 325
1702240 326
1702250 327
1702260 327
1702270 327
1702280 328
1702290 328
1702300 329
1702310 330
1702320 331
1702330 331
1702340 332
1702350 332
1702360 332
1702370 331
1702380 330
1702390 330
1702400 329
1702410 329
1702420 329
1702430 328
1702440 327
1702450 327
1702460 327
1702470 327
1702480 327
1702490 327
1702500 328
1702510 329
1702520 329
1702530 329
1702540 330
1702550 330
1702560 330
1702570 331
1702580 331
1702590 331
1702600 331
1702610 331
1702620 331
1702630 331
1702640 331
1702650 331
1702660 331
1702670 331
1702680 331
1702690 331
1702700 331
1702710 331
1702720 331
1702730 331
1702740 331
1702750 330
1702760 330
1702770 330
1702780 330
1702790 330
1702800 330
1702810 331
1702820 332
1702830 332
1702840 332
1702850 333
1702860 334
1702870 334
1702880 335
1702890 336
1702900 336
1702910 336
1702920 338
1702930 338
1702940 339
1702950 340
1702960 340
1702970 341
1702980 343
1702990 345
1703000 345
1703010 347
1703020 351
1703030 351
1703040 352
1703050 354
1703060 354
1703070 357
1703080 359
1703090 359
1703100 360
1703110 360
1703120 360
1703130 363
1703140 366
1703150 366
1703160 366
1703170 366
1703180 366
1703190 366
1703200 367
1703210 367
1703220 367
1703230 368
1703240 369
1703250 369
1703260 370
1703270 371
1703280 371
1703290 372
1703300 373
1703310 373
1703320 374
1703330 375
1703340 376
1703350 376
1703360 376
1703370 376
1703380 376
1703390 375
1703400 375
1703410 375
1703420 374
1703430 373
1703440 373
1703450 369
1703460 365
1703470 365
1703480 364
1703490 370
1703500 373
1703510 373
1703520 375
1703530 380
1703540 380
1703550 383
1703560 386
1703570 386
1703580 387
1703590 388
1703600 388
1703610 391
1703620 394
1703630 394
1703640 396
1703650 397
1703660 397
1703670 398
1703680 400
1703690 401
1703700 401
1703710 403
1703720 403
1703730 403
1703740 403
1703750 402
1703760 402
1703770 400
1703780 397
1703790 397
1703800 394
1703810 389
1703820 389
1703830 387
1703840 382
1703850 379
1703860 379
1703870 381
1703880 380
1703890 380
1703900 375
1703910 374
1703920 374
1703930 375
1703940 378
1703950 378
1703960 380
1703970 383
1703980 383
1703990 386
1704000 389
1704010 395
1704020 395
1704030 400
1704040 404
1704050 404
1704060 407
1704070 410
1704080 410
1704090 413
1704100 417
1704110 417
1704120 420
1704130 422
1704140 422
1704150 425
1704160 425
1704170 425
1704180 425
1704190 424
1704200 417
1704210 417
1704220 411
1704230 408
1704240 408
1704250 403
1704260 401
1704270 401
1704280 399
1704290 398
1704300 398
1704310 397
1704320 396
1704330 396
1704340 396
1704350 398
1704360 397
1704370 397
1704380 397
1704390 398
1704400 398
1704410 403
1704420 408
1704430 408
1704440 411
1704450 415
1704460 415
1704470 418
1704480 421
1704490 421
1704500 424
1704510 424
1704520 426
1704530 426
1704540 425
1704550 422
1704560 422
1704570 418
1704580 414
1704590 414
1704600 408
1704610 403
1704620 403
1704630 399
1704640 393
1704650 393
1704660 390
1704670 388
1704680 389
1704690 389
1704700 393
1704710 391
1704720 391
1704730 397
1704740 395
1704750 395
1704760 396
1704770 393
1704780 393
1704790 384
1704800 378
1704810 378
1704820 379
1704830 386
1704840 395
1704850 395
1704860 395
1704870 398
1704880 398
1704890 399
1704900 400
1704910 400
1704920 401
1704930 401
1704940 401
1704950 400
1704960 399
1704970 399
1704980 399
1704990 399
1705000 399
1705010 399
1705020 396
1705030 395
1705040 395
1705050 394
1705060 392
1705070 392
1705080 389
1705090 384
1705100 384
1705110 378
1705120 376
1705130 376
1705140 373
1705150 368
1705160 368
1705170 360
1705180 357
1705190 358
1705200 358
1705210 360
1705220 362
1705230 362
1705240 364
1705250 366
1705260 366
1705270 368
1705280 370
1705290 370
1705300 373
1705310 374
1705320 374
1705330 375
1705340 374
1705350 373
1705360 373
1705370 369
1705380 365
1705390 365
1705400 360
1705410 355
1705420 355
1705430 354
1705440 355
1705450 355
1705460 355
1705470 357
1705480 357
1705490 360
1705500 363
1705510 365
1705520 365
1705530 367
1705540 368
1705550 368
1705560 368
1705570 368
1705580 368
1705590 369
1705600 367
1705610 367
1705620 365
1705630 365
1705640 365
1705650 360
1705660 357
1705670 357
1705680 354
1705690 352
1705700 350
1705710 350
1705720 348
1705730 345
1705740 345
1705750 343
1705760 342
1705770 342
1705780 341
1705790 341
1705800 341
1705810 341
1705820 342
1705830 342
1705840 345
1705850 348
1705860 349
1705870 349
1705880 352
1705890 354
1705900 354
1705910 356
1705920 358
1705930 358
1705940 360
1705950 361
1705960 361
1705970 362
1705980 364
1705990 364
1706000 365
1706010 366
1706020 367
1706030 367
1706040 369
1706050 370
1706060 370
1706070 371
1706080 372
1706090 372
1706100 370
1706110 366
1706120 366
1706130 362
1706140 361
1706150 361
1706160 359
1706170 357
1706180 357
1706190 354
1706200 351
1706210 349
1706220 349
1706230 348
1706240 347
1706250 347
1706260 347
1706270 347
1706280 347
1706290 348
1706300 348
1706310 348
1706320 349
1706330 351
1706340 351
1706350 352
1706360 354
1706370 355
1706380 355
1706390 357
1706400 358
1706410 358
1706420 360
1706430 361
1706440 361
1706450 363
1706460 366
1706470 366
1706480 369
1706490 371
1706500 371
1706510 373
1706520 374
1706530 376
1706540 376
1706550 377
1706560 380
1706570 380
1706580 381
1706590 383
1706600 383
1706610 384
1706620 385
1706630 385
1706640 386
1706650 388
1706660 388
1706670 389
1706680 392
1706690 395
1706700 395
1706710 399
1706720 402
1706730 402
1706740 405
1706750 408
1706760 408
1706770 409
1706780 410
1706790 410
1706800 410
1706810 409
1706820 409
1706830 405
1706840 401
1706850 401
1706860 398
1706870 394
1706880 390
1706890 390
1706900 386
1706910 382
1706920 382
1706930 383
1706940 383
1706950 383
1706960 383
1706970 381
1706980 381
1706990 377
1707000 376
1707010 376
1707020 376
1707030 376
1707040 374
1707050 374
1707060 373
1707070 372
1707080 372
1707090 370
1707100 366
1707110 366
1707120 361
1707130 354
1707140 354
1707150 352
1707160 352
1707170 352
1707180 352
1707190 353
1707200 356
1707210 356
1707220 360
1707230 363
1707240 363
1707250 366
1707260 369
1707270 369
1707280 373
1707290 376
1707300 376
1707310 379
1707320 383
1707330 383
1707340 388
1707350 390
1707360 392
1707370 392
1707380 395
1707390 396
1707400 396
1707410 394
1707420 391
1707430 391
1707440 387
1707450 385
1707460 385
1707470 382
1707480 378
1707490 378
1707500 376
1707510 373
1707520 373
1707530 369
1707540 364
1707550 368
1707560 368
1707570 369
1707580 375
1707590 375
1707600 382
1707610 387
1707620 387
1707630 389
1707640 392
1707650 392
1707660 395
1707670 398
1707680 398
1707690 400
1707700 402
1707710 401
1707720 401
1707730 400
1707740 398
1707750 398
1707760 396
1707770 393
1707780 393
1707790 389
1707800 386
1707810 386
1707820 386
1707830 385
1707840 385
1707850 384
1707860 385
1707870 386
1707880 386
1707890 387
1707900 386
1707910 386
1707920 384
1707930 381
1707940 381
1707950 378
1707960 374
1707970 374
1707980 369
1707990 365
1708000 365
1708010 361
1708020 358
1708030 354
1708040 354
1708050 350
1708060 350
1708070 350
1708080 352
1708090 354
1708100 354
1708110 356
1708120 356
1708130 356
1708140 358
1708150 358
1708160 358
1708170 357
1708180 357
1708190 357
1708200 355
1708210 353
1708220 352
1708230 352
1708240 353
1708250 354
1708260 354
1708270 354
1708280 352
1708290 352
1708300 350
1708310 348
1708320 348
1708330 347
1708340 347
1708350 347
1708360 348
1708370 347
1708380 345
1708390 345
1708400 344
1708410 345
1708420 345
1708430 345
1708440 346
1708450 346
1708460 347
1708470 346
1708480 346
1708490 343
1708500 342
1708510 342
1708520 341
1708530 340
1708540 338
1708550 338
1708560 337
1708570 337
1708580 337
1708590 338
1708600 338
1708610 338
1708620 337
1708630 337
1708640 337
1708650 336
1708660 336
1708670 336
1708680 336
1708690 336
1708700 336
1708710 335
1708720 335
1708730 336
1708740 336
1708750 335
1708760 336
1708770 336
1708780 336
1708790 336
1708800 336
1708810 334
1708820 334
1708830 334
1708840 334
1708850 334
1708860 334
1708870 335
1708880 335
1708890 336
1708900 336
1708910 336
1708920 337
1708930 337
1708940 339
1708950 339
1708960 339
1708970 339
1708980 337
1708990 337
1709000 337
1709010 336
1709020 336
1709030 336
1709040 337
1709050 338
1709060 338
1709070 339
1709080 340
1709090 340
1709100 341
1709110 342
1709120 342
1709130 343
1709140 344
1709150 344
1709160 344
1709170 345
1709180 345
1709190 345
1709200 345
1709210 345
1709220 345
1709230 345
1709240 345
1709250 345
1709260 347
1709270 349
1709280 349
1709290 349
1709300 350
1709310 350
1709320 351
1709330 352
1709340 352
1709350 353
1709360 353
1709370 353
1709380 354
1709390 355
1709400 356
1709410 356
1709420 356
1709430 356
1709440 356
1709450 356
1709460 356
1709470 356
1709480 356
1709490 356
1709500 356
1709510 355
1709520 353
1709530 353
1709540 351
1709550 347
1709560 344
1709570 344
1709580 342
1709590 340
1709600 340
1709610 339
1709620 337
1709630 337
1709640 335
1709650 333
1709660 333
1709670 331
1709680 329
1709690 329
1709700 326
1709710 326
1709720 326
1709730 326
1709740 326
1709750 326
1709760 326
1709770 326
1709780 326
1709790 326
1709800 326
1709810 328
1709820 328
1709830 330
1709840 333
1709850 333
1709860 336
1709870 339
1709880 342
1709890 342
1709900 345
1709910 348
1709920 348
1709930 350
1709940 352
1709950 352
1709960 353
1709970 355
1709980 355
1709990 357
1710000 357
1710010 357
1710020 357
1710030 356
1710040 356
1710050 357
1710060 359
1710070 361
1710080 361
1710090 362
1710100 362
1710110 362
1710120 363
1710130 364
1710140 364
1710150 366
1710160 368
1710170 368
1710180 371
1710190 373
1710200 373
1710210 375
1710220 379
1710230 382
1710240 382
1710250 381
1710260 381
1710270 381
1710280 381
1710290 381
1710300 381
1710310 382
1710320 384
1710330 384
1710340 386
1710350 389
1710360 389
1710370 391
1710380 393
1710390 395
1710400 395
1710410 398
1710420 401
1710430 401
1710440 402
1710450 404
1710460 404
1710470 404
1710480 403
1710490 403
1710500 400
1710510 397
1710520 397
1710530 394
1710540 394
1710550 394
1710560 391
1710570 390
1710580 390
1710590 390
1710600 390
1710610 389
1710620 389
1710630 388
1710640 387
1710650 387
1710660 386
1710670 386
1710680 386
1710690 386
1710700 385
1710710 385
1710720 385
1710730 385
1710740 385
1710750 385
1710760 386
1710770 386
1710780 386
1710790 385
1710800 385
1710810 385
1710820 384
1710830 384
1710840 384
1710850 382
1710860 380
1710870 380
1710880 376
1710890 374
1710900 370
1710910 370
1710920 365
1710930 360
1710940 360
1710950 357
1710960 355
1710970 355
1710980 355
1710990 351
1711000 351
1711010 347
1711020 343
1711030 343
1711040 339
1711050 335
1711060 333
1711070 333
1711080 333
1711090 332
1711100 332
1711110 333
1711120 333
1711130 333
1711140 336
1711150 340
1711160 340
1711170 343
1711180 344
1711190 344
1711200 346
1711210 348
1711220 348
1711230 350
1711240 352
1711250 354
1711260 354
1711270 357
1711280 359
1711290 359
1711300 360
1711310 361
1711320 361
1711330 363
1711340 364
1711350 364
1711360 365
1711370 365
1711380 365
1711390 363
1711400 359
1711410 355
1711420 355
1711430 351
1711440 347
1711450 347
1711460 343
1711470 340
1711480 340
1711490 338
1711500 336
1711510 336
1711520 334
1711530 335
1711540 335
1711550 336
1711560 339
1711570 342
1711580 342
1711590 345
1711600 348
1711610 348
1711620 351
1711630 354
1711640 354
1711650 357
1711660 361
1711670 361
1711680 365
1711690 368
1711700 368
1711710 372
1711720 376
1711730 378
1711740 378
1711750 380
1711760 382
1711770 382
1711780 380
1711790 377
1711800 377
1711810 374
1711820 372
1711830 372
1711840 369
1711850 365
1711860 365
1711870 360
1711880 354
1711890 354
1711900 353
1711910 357
1711920 359
1711930 359
1711940 361
1711950 363
1711960 363
1711970 368
1711980 371
1711990 371
1712000 374
1712010 378
1712020 378
1712030 382
1712040 384
1712050 384
1712060 387
1712070 390
1712080 392
1712090 392
1712100 394
1712110 395
1712120 395
1712130 395
1712140 395
1712150 395
1712160 392
1712170 388
1712180 388
1712190 386
1712200 384
1712210 384
1712220 383
1712230 382
1712240 381
1712250 381
1712260 378
1712270 374
1712280 374
1712290 370
1712300 367
1712310 367
1712320 365
1712330 362
1712340 362
1712350 353
1712360 349
1712370 349
1712380 351
1712390 355
1712400 359
1712410 359
1712420 361
1712430 363
1712440 363
1712450 364
1712460 362
1712470 362
1712480 357
1712490 354
1712500 354
1712510 355
1712520 357
1712530 357
1712540 359
1712550 361
1712560 361
1712570 363
1712580 366
1712590 368
1712600 368
1712610 369
1712620 371
1712630 371
1712640 375
1712650 378
1712660 378
1712670 378
1712680 377
1712690 377
1712700 376
1712710 374
1712720 374
1712730 372
1712740 365
1712750 360
1712760 360
1712770 360
1712780 362
1712790 362
1712800 365
1712810 365
1712820 365
1712830 366
1712840 367
1712850 367
1712860 369
1712870 371
1712880 371
1712890 373
1712900 375
1712910 376
1712920 376
1712930 377
1712940 378
1712950 376
1712960 376
1712970 376
1712980 376
1712990 376
1713000 373
1713010 373
1713020 368
1713030 364
1713040 364
1713050 360
1713060 357
1713070 357
1713080 351
1713090 349
1713100 348
1713110 348
1713120 345
1713130 343
1713140 343
1713150 339
1713160 336
1713170 336
1713180 332
1713190 328
1713200 328
1713210 323
1713220 321
1713230 321
1713240 319
1713250 318
1713260 316
1713270 316
1713280 314
1713290 313
1713300 313
1713310 312
1713320 311
1713330 311
1713340 309
1713350 308
1713360 308
1713370 307
1713380 307
1713390 307
1713400 307
1713410 307
1713420 307
1713430 307
1713440 307
1713450 308
1713460 308
1713470 308
1713480 309
1713490 309
1713500 309
1713510 308
1713520 308
1713530 308
1713540 309
1713550 309
1713560 311
1713570 312
1713580 313
1713590 313
1713600 313
1713610 314
1713620 314
1713630 314
1713640 314
1713650 314
1713660 314
1713670 313
1713680 313
1713690 312
1713700 315
1713710 315
1713720 316
1713730 318
1713740 318
1713750 319
1713760 320
1713770 321
1713780 321
1713790 319
1713800 319
1713810 319
1713820 319
1713830 321
1713840 321
1713850 323
1713860 324
1713870 324
1713880 325
1713890 326
1713900 326
1713910 328
1713920 328
1713930 328
1713940 328
1713950 328
1713960 328
1713970 328
1713980 327
1713990 327
1714000 327
1714010 326
1714020 326
1714030 326
1714040 325
1714050 325
1714060 325
1714070 325
1714080 325
1714090 324
1714100 324
1714110 324
1714120 324
1714130 324
1714140 323
1714150 323
1714160 323
1714170 322
1714180 322
1714190 322
1714200 321
1714210 320
1714220 320
1714230 319
1714240 318
1714250 317
1714260 317
1714270 317
1714280 316
1714290 316
1714300 315
1714310 314
1714320 314
1714330 314
1714340 313
1714350 313
1714360 313
1714370 313
1714380 313
1714390 313
1714400 312
1714410 312
1714420 312
1714430 311
1714440 310
1714450 310
1714460 310
1714470 309
1714480 309
1714490 309
1714500 308
1714510 308
1714520 306
1714530 306
1714540 306
1714550 305
1714560 303
1714570 303
1714580 302
1714590 302
1714600 300
1714610 300
1714620 299
1714630 298
1714640 298
1714650 297
1714660 296
1714670 296
1714680 296
1714690 295
1714700 295
1714710 295
1714720 295
1714730 295
1714740 295
1714750 295
1714760 295
1714770 295
1714780 295
1714790 295
1714800 295
1714810 295
1714820 295
1714830 295
1714840 295
1714850 295
1714860 295
1714870 294
1714880 294
1714890 294
1714900 294
1714910 294
1714920 294
1714930 294
1714940 294
1714950 294
1714960 294
1714970 294
1714980 294
1714990 294
1715000 294
1715010 294
1715020 294
1715030 294
1715040 294
1715050 294
1715060 294
1715070 293
1715080 293
1715090 290
1715100 293
1715110 294
1715120 294
1715130 294
1715140 293
1715150 293
1715160 294
1715170 294
1715180 294
1715190 295
1715200 295
1715210 295
1715220 295
1715230 295
1715240 295
1715250 295
1715260 295
1715270 295
1715280 295
1715290 295
1715300 296
1715310 296
1715320 296
1715330 297
1715340 297
1715350 298
1715360 298
1715370 298
1715380 298
1715390 298
1715400 298
1715410 298
1715420 299
1715430 299
1715440 299
1715450 299
1715460 300
1715470 300
1715480 300
1715490 300
1715500 300
1715510 300
1715520 301
1715530 301
1715540 302
1715550 302
1715560 302
1715570 302
1715580 302
1715590 302
1715600 303
1715610 304
1715620 304
1715630 304
1715640 305
1715650 305
1715660 305
1715670 306
1715680 306
1715690 306
1715700 306
1715710 307
1715720 307
1715730 307
1715740 307
1715750 307
1715760 308
1715770 308
1715780 308
1715790 308
1715800 308
1715810 307
1715820 307
1715830 307
1715840 307
1715850 307
1715860 306
1715870 306
1715880 306
1715890 306
1715900 306
1715910 306
1715920 306
1715930 307
1715940 307
1715950 307
1715960 308
1715970 309
1715980 309
1715990 310
1716000 311
1716010 311
1716020 312
1716030 314
1716040 314
1716050 314
1716060 315
1716070 315
1716080 316
1716090 316
1716100 317
1716110 317
1716120 318
1716130 320
1716140 320
1716150 321
1716160 323
1716170 323
1716180 325
1716190 327
1716200 327
1716210 329
1716220 331
1716230 331
1716240 333
1716250 335
1716260 335
1716270 337
1716280 339
1716290 340
1716300 340
1716310 341
1716320 341
1716330 341
1716340 340
1716350 338
1716360 338
1716370 335
1716380 328
1716390 328
1716400 331
1716410 333
1716420 333
1716430 334
1716440 330
1716450 328
1716460 328
1716470 331
1716480 330
1716490 330
1716500 328
1716510 330
1716520 330
1716530 334
1716540 336
1716550 336
1716560 338
1716570 339
1716580 339
1716590 340
1716600 341
1716610 342
1716620 342
1716630 342
1716640 342
1716650 342
1716660 343
1716670 344
1716680 344
1716690 345
1716700 344
1716710 344
1716720 347
1716730 349
1716740 349
1716750 353
1716760 355
1716770 358
1716780 358
1716790 361
1716800 363
1716810 363
1716820 366
1716830 368
1716840 368
1716850 370
1716860 373
1716870 373
1716880 377
1716890 381
1716900 381
1716910 381
1716920 382
1716930 382
1716940 382
1716950 382
1716960 382
1716970 382
1716980 382
1716990 382
1717000 382
1717010 382
1717020 382
1717030 382
1717040 383
1717050 384
1717060 384
1717070 385
1717080 386
1717090 386
1717100 387
1717110 388
1717120 390
1717130 390
1717140 391
1717150 393
1717160 393
1717170 394
1717180 396
1717190 396
1717200 397
1717210 399
1717220 399
1717230 400
1717240 402
1717250 402
1717260 403
1717270 405
1717280 406
1717290 406
1717300 408
1717310 409
1717320 409
1717330 412
1717340 414
1717350 414
1717360 416
1717370 418
1717380 418
1717390 420
1717400 422
1717410 422
1717420 425
1717430 427
1717440 431
1717450 431
1717460 433
1717470 437
1717480 437
1717490 441
1717500 445
1717510 445
1717520 449
1717530 451
1717540 451
1717550 451
1717560 446
1717570 446
1717580 441
1717590 441
1717600 441
1717610 437
1717620 433
1717630 430
1717640 430
1717650 430
1717660 430
1717670 430
1717680 431
1717690 433
1717700 433
1717710 436
1717720 439
1717730 439
1717740 443
1717750 447
1717760 447
1717770 451
1717780 455
1717790 460
1717800 460
1717810 465
1717820 470
1717830 470
1717840 475
1717850 479
1717860 479
1717870 481
1717880 480
1717890 480
1717900 481
1717910 481
1717920 481
1717930 481
1717940 479
1717950 476
1717960 476
1717970 475
1717980 476
1717990 476
1718000 476
1718010 475
1718020 475
1718030 475
1718040 476
1718050 476
1718060 477
1718070 479
1718080 479
1718090 481
1718100 484
1718110 484
1718120 487
1718130 491
1718140 493
1718150 493
1718160 497
1718170 498
1718180 498
1718190 498
1718200 492
1718210 492
1718220 487
1718230 481
1718240 481
1718250 476
1718260 471
1718270 471
1718280 466
1718290 461
1718300 455
1718310 455
1718320 449
1718330 444
1718340 444
1718350 441
1718360 437
1718370 437
1718380 433
1718390 431
1718400 431
1718410 429
1718420 422
1718430 422
1718440 418
1718450 416
1718460 412
1718470 412
1718480 409
1718490 405
1718500 407
1718510 404
1718520 401
1718530 401
1718540 398
1718550 396
1718560 396
1718570 392
1718580 387
1718590 387
1718600 382
1718610 381
1718620 378
1718630 378
1718640 376
1718650 371
1718660 371
1718670 365
1718680 359
1718690 359
1718700 355
1718710 354
1718720 354
1718730 354
1718740 353
1718750 353
1718760 354
1718770 354
1718780 354
1718790 354
1718800 361
1718810 368
1718820 368
1718830 377
1718840 387
1718850 387
1718860 399
1718870 404
1718880 404
1718890 403
1718900 400
1718910 400
1718920 398
1718930 396
1718940 396
1718950 394
1718960 394
1718970 394
1718980 394
1718990 394
1719000 391
1719010 391
1719020 394
1719030 397
1719040 397
1719050 399
1719060 401
1719070 401
1719080 405
1719090 409
1719100 409
1719110 411
1719120 414
1719130 416
1719140 416
1719150 419
1719160 423
1719170 423
1719180 426
1719190 429
1719200 429
1719210 432
1719220 435
1719230 435
1719240 438
1719250 442
1719260 442
1719270 445
1719280 450
1719290 454
1719300 454
1719310 457
1719320 460
1719330 460
1719340 464
1719350 468
1719360 468
1719370 471
1719380 477
1719390 477
1719400 483
1719410 489
1719420 489
1719430 496
1719440 502
1719450 502
1719460 506
1719470 507
1719480 504
1719490 504
1719500 499
1719510 494
1719520 494
1719530 489
1719540 485
1719550 485
1719560 481
1719570 477
1719580 477
1719590 474
1719600 469
1719610 469
1719620 462
1719630 453
1719640 445
1719650 445
1719660 435
1719670 429
1719680 429
1719690 439
1719700 446
1719710 446
1719720 447
1719730 451
1719740 451
1719750 456
1719760 456
1719770 456
1719780 460
1719790 466
1719800 470
1719810 470
1719820 474
1719830 476
1719840 476
1719850 478
1719860 480
1719870 480
1719880 481
1719890 484
1719900 484
1719910 488
1719920 491
1719930 491
1719940 495
1719950 498
1719960 501
1719970 501
1719980 504
1719990 506
