1700000 395
1700010 395
1700020 393
1700030 391
1700040 391
1700050 389
1700060 388
1700070 388
1700080 386
1700090 384
1700100 383
1700110 383
1700120 381
1700130 378
1700140 378
1700150 377
1700160 376
1700170 376
1700180 376
1700190 379
1700200 379
1700210 383
1700220 386
1700230 386
1700240 389
1700250 392
1700260 392
1700270 394
1700280 397
1700290 399
1700300 399
1700310 402
1700320 403
1700330 403
1700340 405
1700350 405
1700360 405
1700370 406
1700380 407
1700390 407
1700400 407
1700410 407
1700420 407
1700430 406
1700440 404
1700450 403
1700460 403
1700470 402
1700480 402
1700490 402
1700500 401
1700510 399
1700520 399
1700530 399
1700540 398
1700550 398
1700560 397
1700570 396
1700580 396
1700590 395
1700600 394
1700610 394
1700620 394
1700630 393
1700640 393
1700650 393
1700660 392
1700670 392
1700680 392
1700690 391
1700700 390
1700710 390
1700720 390
1700730 389
1700740 389
1700750 388
1700760 388
1700770 388
1700780 388
1700790 387
1700800 386
1700810 386
1700820 385
1700830 384
1700840 384
1700850 383
1700860 382
1700870 382
1700880 381
1700890 380
1700900 380
1700910 379
1700920 378
1700930 378
1700940 378
1700950 378
1700960 378
1700970 378
1700980 378
1700990 378
1701000 378
1701010 377
1701020 377
1701030 377
1701040 377
1701050 377
1701060 377
1701070 377
1701080 376
1701090 376
1701100 376
1701110 375
1701120 375
1701130 375
1701140 374
1701150 373
1701160 373
1701170 373
1701180 372
1701190 372
1701200 371
1701210 369
1701220 369
1701230 368
1701240 366
1701250 366
1701260 362
1701270 358
1701280 358
1701290 358
1701300 361
1701310 362
1701320 362
1701330 363
1701340 363
1701350 363
1701360 363
1701370 363
1701380 363
1701390 363
1701400 362
1701410 362
1701420 361
1701430 360
1701440 360
1701450 359
1701460 358
1701470 358
1701480 358
1701490 357
1701500 356
1701510 356
1701520 355
1701530 355
1701540 355
1701550 354
1701560 354
1701570 354
1701580 353
1701590 352
1701600 352
1701610 352
1701620 351
1701630 351
1701640 351
1701650 350
1701660 350
1701670 350
1701680 348
1701690 348
1701700 348
1701710 346
1701720 346
1701730 346
1701740 346
1701750 346
1701760 346
1701770 346
1701780 347
1701790 347
1701800 347
1701810 347
1701820 346
1701830 346
1701840 346
1701850 346
1701860 346
1701870 346
1701880 346
1701890 346
1701900 346
1701910 346
1701920 346
1701930 346
1701940 346
1701950 346
1701960 345
1701970 345
1701980 344
1701990 344
1702000 344
1702010 344
1702020 344
1702030 344
1702040 344
1702050 344
1702060 344
1702070 344
1702080 344
1702090 344
1702100 344
1702110 344
1702120 344
1702130 345
1702140 345
1702150 345
1702160 345
1702170 345
1702180 345
1702190 345
1702200 345
1702210 345
1702220 345
1702230 344
1702240 344
1702250 344
1702260 343
1702270 343
1702280 343
1702290 343
1702300 343
1702310 343
1702320 341
1702330 340
1702340 340
1702350 338
1702360 337
1702370 337
1702380 336
1702390 336
1702400 336
1702410 336
1702420 336
1702430 336
1702440 342
1702450 345
1702460 345
1702470 347
1702480 349
1702490 352
1702500 352
1702510 353
1702520 354
1702530 354
1702540 355
1702550 355
1702560 355
1702570 356
1702580 356
1702590 356
1702600 356
1702610 356
1702620 356
1702630 356
1702640 356
1702650 355
1702660 355
1702670 356
1702680 355
1702690 355
1702700 355
1702710 355
1702720 355
1702730 355
1702740 355
1702750 355
1702760 354
1702770 354
1702780 354
1702790 353
1702800 353
1702810 352
1702820 352
1702830 352
1702840 352
1702850 352
1702860 352
1702870 352
1702880 351
1702890 352
1702900 352
1702910 352
1702920 353
1702930 353
1702940 353
1702950 352
1702960 352
1702970 352
1702980 352
1702990 352
1703000 352
1703010 352
1703020 351
1703030 351
1703040 351
1703050 351
1703060 352
1703070 352
1703080 352
1703090 352
1703100 352
1703110 353
1703120 353
1703130 353
1703140 353
1703150 352
1703160 352
1703170 352
1703180 353
1703190 353
1703200 353
1703210 353
1703220 353
1703230 353
1703240 353
1703250 353
1703260 353
1703270 353
1703280 353
1703290 353
1703300 353
1703310 353
1703320 353
1703330 353
1703340 353
1703350 353
1703360 353
1703370 352
1703380 352
1703390 352
1703400 352
1703410 351
1703420 351
1703430 351
1703440 351
1703450 351
1703460 351
1703470 351
1703480 351
1703490 352
1703500 352
1703510 352
1703520 352
1703530 352
1703540 352
1703550 352
1703560 352
1703570 352
1703580 352
1703590 352
1703600 352
1703610 352
1703620 352
1703630 351
1703640 351
1703650 351
1703660 351
1703670 351
1703680 351
1703690 351
1703700 350
1703710 350
1703720 350
1703730 350
1703740 350
1703750 349
1703760 348
1703770 348
1703780 348
1703790 347
1703800 347
1703810 347
1703820 347
1703830 346
1703840 346
1703850 345
1703860 344
1703870 344
1703880 342
1703890 341
1703900 341
1703910 340
1703920 338
1703930 338
1703940 337
1703950 335
1703960 335
1703970 333
1703980 332
1703990 332
1704000 331
1704010 330
1704020 329
1704030 329
1704040 329
1704050 328
1704060 328
1704070 327
1704080 327
1704090 327
1704100 327
1704110 326
1704120 326
1704130 326
1704140 326
1704150 326
1704160 326
1704170 326
1704180 326
1704190 326
1704200 325
1704210 325
1704220 325
1704230 325
1704240 325
1704250 325
1704260 325
1704270 325
1704280 325
1704290 325
1704300 325
1704310 325
1704320 325
1704330 326
1704340 325
1704350 325
1704360 325
1704370 325
1704380 325
1704390 324
1704400 324
1704410 324
1704420 324
1704430 324
1704440 324
1704450 324
1704460 324
1704470 324
1704480 324
1704490 323
1704500 323
1704510 324
1704520 322
1704530 322
1704540 322
1704550 322
1704560 322
1704570 322
1704580 322
1704590 322
1704600 322
1704610 321
1704620 321
1704630 321
1704640 321
1704650 321
1704660 321
1704670 320
1704680 320
1704690 319
1704700 319
1704710 319
1704720 319
1704730 319
1704740 318
1704750 318
1704760 318
1704770 318
1704780 318
1704790 318
1704800 318
1704810 319
1704820 319
1704830 319
1704840 319
1704850 318
1704860 318
1704870 318
1704880 317
1704890 317
1704900 316
1704910 315
1704920 315
1704930 315
1704940 315
1704950 315
1704960 315
1704970 314
1704980 314
1704990 314
1705000 314
1705010 314
1705020 314
1705030 314
1705040 314
1705050 314
1705060 313
1705070 313
1705080 313
1705090 312
1705100 312
1705110 312
1705120 312
1705130 312
1705140 312
1705150 312
1705160 313
1705170 313
1705180 312
1705190 312
1705200 312
1705210 312
1705220 312
1705230 312
1705240 312
1705250 312
1705260 312
1705270 312
1705280 311
1705290 311
1705300 311
1705310 311
1705320 311
1705330 311
1705340 311
1705350 311
1705360 311
1705370 311
1705380 311
1705390 311
1705400 311
1705410 311
1705420 311
1705430 311
1705440 311
1705450 311
1705460 311
1705470 311
1705480 311
1705490 311
1705500 310
1705510 310
1705520 310
1705530 310
1705540 310
1705550 310
1705560 310
1705570 310
1705580 310
1705590 310
1705600 310
1705610 311
1705620 311
1705630 310
1705640 310
1705650 310
1705660 310
1705670 309
1705680 309
1705690 309
1705700 309
1705710 309
1705720 309
1705730 308
1705740 309
1705750 309
1705760 308
1705770 308
1705780 308
1705790 308
1705800 308
1705810 308
1705820 308
1705830 308
1705840 308
1705850 308
1705860 308
1705870 308
1705880 308
1705890 308
1705900 308
1705910 308
1705920 308
1705930 308
1705940 308
1705950 308
1705960 308
1705970 308
1705980 307
1705990 307
1706000 307
1706010 307
1706020 308
1706030 308
1706040 308
1706050 307
1706060 307
1706070 307
1706080 307
1706090 307
1706100 307
1706110 307
1706120 307
1706130 307
1706140 307
1706150 307
1706160 307
1706170 307
1706180 307
1706190 307
1706200 307
1706210 307
1706220 307
1706230 307
1706240 307
1706250 307
1706260 307
1706270 307
1706280 307
1706290 307
1706300 307
1706310 307
1706320 307
1706330 307
1706340 307
1706350 307
1706360 307
1706370 307
1706380 307
1706390 307
1706400 307
1706410 307
1706420 307
1706430 307
1706440 307
1706450 307
1706460 307
1706470 307
1706480 307
1706490 307
1706500 306
1706510 306
1706520 306
1706530 306
1706540 306
1706550 306
1706560 306
1706570 306
1706580 306
1706590 306
1706600 306
1706610 306
1706620 306
1706630 306
1706640 306
1706650 306
1706660 306
1706670 306
1706680 306
1706690 306
1706700 306
1706710 306
1706720 306
1706730 306
1706740 306
1706750 306
1706760 306
1706770 306
1706780 306
1706790 306
1706800 306
1706810 306
1706820 305
1706830 305
1706840 305
1706850 306
1706860 306
1706870 305
1706880 305
1706890 305
1706900 305
1706910 305
1706920 305
1706930 305
1706940 305
1706950 305
1706960 305
1706970 305
1706980 305
1706990 305
1707000 305
1707010 305
1707020 305
1707030 305
1707040 305
1707050 305
1707060 305
1707070 305
1707080 305
1707090 305
1707100 305
1707110 305
1707120 305
1707130 305
1707140 305
1707150 305
1707160 305
1707170 305
1707180 305
1707190 305
1707200 303
1707210 303
1707220 303
1707230 304
1707240 305
1707250 305
1707260 305
1707270 305
1707280 305
1707290 305
1707300 305
1707310 305
1707320 305
1707330 305
1707340 305
1707350 305
1707360 304
1707370 304
1707380 304
1707390 304
1707400 304
1707410 304
1707420 304
1707430 304
1707440 304
1707450 304
1707460 304
1707470 304
1707480 304
1707490 304
1707500 304
1707510 304
1707520 304
1707530 304
1707540 304
1707550 304
1707560 304
1707570 304
1707580 304
1707590 304
1707600 304
1707610 304
1707620 304
1707630 304
1707640 304
1707650 304
1707660 304
1707670 304
1707680 304
1707690 304
1707700 304
1707710 304
1707720 304
1707730 304
1707740 304
1707750 304
1707760 304
1707770 304
1707780 304
1707790 304
1707800 304
1707810 304
1707820 304
1707830 304
1707840 304
1707850 304
1707860 304
1707870 304
1707880 304
1707890 303
1707900 302
1707910 301
1707920 301
1707930 301
1707940 303
1707950 303
1707960 303
1707970 305
1707980 305
1707990 312
1708000 319
1708010 319
1708020 323
1708030 322
1708040 322
1708050 320
1708060 323
1708070 330
1708080 330
1708090 330
1708100 335
1708110 335
1708120 336
1708130 342
1708140 342
1708150 346
1708160 348
1708170 348
1708180 350
1708190 351
1708200 351
1708210 350
1708220 355
1708230 355
1708240 358
1708250 359
1708260 360
1708270 360
1708280 361
1708290 362
1708300 362
1708310 360
1708320 361
1708330 361
1708340 361
1708350 364
1708360 364
1708370 368
1708380 373
1708390 373
1708400 377
1708410 381
1708420 384
1708430 384
1708440 387
1708450 388
1708460 388
1708470 388
1708480 386
1708490 386
1708500 384
1708510 382
1708520 382
1708530 379
1708540 377
1708550 377
1708560 373
1708570 376
1708580 376
1708590 376
1708600 375
1708610 374
1708620 374
1708630 373
1708640 370
1708650 370
1708660 367
1708670 364
1708680 364
1708690 363
1708700 362
1708710 362
1708720 362
1708730 361
1708740 361
1708750 364
1708760 365
1708770 367
1708780 367
1708790 370
1708800 373
1708810 373
1708820 374
1708830 375
1708840 375
1708850 378
1708860 378
1708870 378
1708880 377
1708890 376
1708900 376
1708910 374
1708920 373
1708930 376
1708940 376
1708950 378
1708960 373
1708970 373
1708980 370
1708990 368
1709000 368
1709010 363
1709020 361
1709030 361
1709040 358
1709050 355
1709060 355
1709070 355
1709080 353
1709090 354
1709100 354
1709110 352
1709120 349
1709130 349
1709140 345
1709150 341
1709160 341
1709170 338
1709180 334
1709190 334
1709200 328
1709210 325
1709220 325
1709230 328
1709240 331
1709250 331
1709260 332
1709270 331
1709280 326
1709290 326
1709300 327
1709310 329
1709320 329
1709330 332
1709340 333
1709350 333
1709360 336
1709370 337
1709380 337
1709390 340
1709400 342
1709410 342
1709420 348
1709430 354
1709440 359
1709450 359
1709460 363
1709470 366
1709480 366
1709490 370
1709500 374
1709510 374
1709520 377
1709530 376
1709540 376
1709550 372
1709560 367
1709570 367
1709580 361
1709590 354
1709600 351
1709610 351
1709620 348
1709630 346
1709640 346
1709650 343
1709660 342
1709670 342
1709680 338
1709690 336
1709700 336
1709710 344
1709720 345
1709730 345
1709740 347
1709750 349
1709760 349
1709770 347
1709780 348
1709790 351
1709800 351
1709810 355
1709820 359
1709830 359
1709840 363
1709850 368
1709860 367
1709870 373
1709880 378
1709890 378
1709900 381
1709910 384
1709920 384
1709930 384
1709940 387
1709950 389
1709960 389
1709970 391
1709980 393
1709990 393
1710000 393
1710010 392
1710020 392
1710030 390
1710040 389
1710050 389
1710060 389
1710070 388
1710080 388
1710090 389
1710100 389
1710110 388
1710120 388
1710130 389
1710140 389
1710150 389
1710160 389
1710170 390
1710180 390
1710190 391
1710200 392
1710210 392
1710220 390
1710230 387
1710240 387
1710250 384
1710260 381
1710270 381
1710280 376
1710290 375
1710300 372
1710310 372
1710320 369
1710330 367
1710340 367
1710350 364
1710360 362
1710370 362
1710380 359
1710390 356
1710400 356
1710410 352
1710420 348
1710430 348
1710440 345
1710450 345
1710460 344
1710470 344
1710480 345
1710490 345
1710500 345
1710510 345
1710520 344
1710530 344
1710540 344
1710550 344
1710560 344
1710570 344
1710580 344
1710590 344
1710600 343
1710610 341
1710620 337
1710630 337
1710640 335
1710650 333
1710660 333
1710670 332
1710680 331
1710690 331
1710700 330
1710710 330
1710720 330
1710730 330
1710740 330
1710750 330
1710760 330
1710770 330
1710780 330
1710790 334
1710800 341
1710810 345
1710820 345
1710830 349
1710840 353
1710850 353
1710860 357
1710870 360
1710880 360
1710890 364
1710900 366
1710910 366
1710920 369
1710930 371
1710940 371
1710950 374
1710960 377
1710970 379
1710980 379
1710990 382
1711000 385
1711010 385
1711020 388
1711030 390
1711040 390
1711050 393
1711060 393
1711070 393
1711080 394
1711090 392
1711100 392
1711110 390
1711120 387
1711130 382
1711140 382
1711150 378
1711160 375
1711170 375
1711180 372
1711190 369
1711200 369
1711210 367
1711220 368
1711230 368
1711240 368
1711250 367
1711260 367
1711270 367
1711280 367
1711290 366
1711300 366
1711310 366
1711320 367
1711330 367
1711340 367
1711350 367
1711360 367
1711370 364
1711380 362
1711390 362
1711400 360
1711410 358
1711420 358
1711430 355
1711440 353
1711450 353
1711460 351
1711470 348
1711480 346
1711490 346
1711500 344
1711510 342
1711520 342
1711530 340
1711540 338
1711550 338
1711560 336
1711570 336
1711580 336
1711590 337
1711600 338
1711610 338
1711620 338
1711630 337
1711640 335
1711650 335
1711660 333
1711670 330
1711680 330
1711690 328
1711700 325
1711710 325
1711720 321
1711730 316
1711740 316
1711750 315
1711760 315
1711770 315
1711780 315
1711790 315
1711800 315
1711810 315
1711820 315
1711830 316
1711840 316
1711850 316
1711860 317
1711870 317
1711880 318
1711890 318
1711900 318
1711910 321
1711920 321
1711930 321
1711940 322
1711950 322
1711960 322
1711970 323
1711980 324
1711990 325
1712000 325
1712010 325
1712020 326
1712030 326
1712040 327
1712050 327
1712060 327
1712070 328
1712080 329
1712090 329
1712100 330
1712110 331
1712120 331
1712130 332
1712140 331
1712150 330
1712160 330
1712170 327
1712180 325
1712190 325
1712200 322
1712210 319
1712220 319
1712230 317
1712240 315
1712250 315
1712260 314
1712270 314
1712280 314
1712290 315
1712300 316
1712310 319
1712320 319
1712330 321
1712340 324
1712350 324
1712360 326
1712370 328
1712380 328
1712390 329
1712400 331
1712410 331
1712420 331
1712430 331
1712440 331
1712450 329
1712460 329
1712470 329
1712480 329
1712490 330
1712500 331
1712510 331
1712520 330
1712530 332
1712540 332
1712550 332
1712560 333
1712570 333
1712580 334
1712590 333
1712600 333
1712610 333
1712620 334
1712630 334
1712640 334
1712650 334
1712660 335
1712670 335
1712680 335
1712690 335
1712700 335
1712710 336
1712720 336
1712730 336
1712740 335
1712750 335
1712760 335
1712770 335
1712780 335
1712790 335
1712800 335
1712810 335
1712820 335
1712830 335
1712840 335
1712850 334
1712860 334
1712870 332
1712880 330
1712890 330
1712900 327
1712910 322
1712920 324
1712930 321
1712940 317
1712950 317
1712960 312
1712970 310
1712980 310
1712990 309
1713000 309
1713010 310
1713020 310
1713030 311
1713040 312
1713050 312
1713060 313
1713070 314
1713080 314
1713090 315
1713100 317
1713110 317
1713120 320
1713130 323
1713140 323
1713150 323
1713160 324
1713170 325
1713180 325
1713190 327
1713200 327
1713210 327
1713220 328
1713230 334
1713240 334
1713250 337
1713260 341
1713270 341
1713280 343
1713290 345
1713300 345
1713310 347
1713320 348
1713330 349
1713340 349
1713350 351
1713360 352
1713370 352
1713380 353
1713390 353
1713400 353
1713410 353
1713420 352
1713430 352
1713440 351
1713450 351
1713460 351
1713470 350
1713480 349
1713490 349
1713500 349
1713510 346
1713520 344
1713530 344
1713540 343
1713550 342
1713560 342
1713570 341
1713580 339
1713590 339
1713600 336
1713610 335
1713620 335
1713630 334
1713640 332
1713650 332
1713660 330
1713670 329
1713680 329
1713690 329
1713700 329
1713710 328
1713720 328
1713730 324
1713740 319
1713750 319
1713760 320
1713770 318
1713780 318
1713790 317
1713800 316
1713810 316
1713820 316
1713830 316
1713840 316
1713850 316
1713860 317
1713870 318
1713880 318
1713890 321
1713900 322
1713910 322
1713920 322
1713930 322
1713940 322
1713950 323
1713960 322
1713970 322
1713980 321
1713990 320
1714000 320
1714010 320
1714020 319
1714030 317
1714040 317
1714050 316
1714060 314
1714070 314
1714080 310
1714090 311
1714100 311
1714110 311
1714120 311
1714130 311
1714140 311
1714150 311
1714160 311
1714170 316
1714180 319
1714190 322
1714200 322
1714210 325
1714220 329
1714230 329
1714240 332
1714250 336
1714260 336
1714270 339
1714280 342
1714290 342
1714300 344
1714310 347
1714320 347
1714330 350
1714340 351
1714350 353
1714360 353
1714370 354
1714380 355
1714390 355
1714400 355
1714410 355
1714420 355
1714430 356
1714440 355
1714450 355
1714460 354
1714470 359
1714480 359
1714490 361
1714500 363
1714510 363
1714520 365
1714530 366
1714540 367
1714550 367
1714560 368
1714570 369
1714580 369
1714590 366
1714600 360
1714610 360
1714620 357
1714630 354
1714640 354
1714650 352
1714660 350
1714670 350
1714680 343
1714690 339
1714700 346
1714710 346
1714720 353
1714730 352
1714740 352
1714750 351
1714760 352
1714770 352
1714780 353
1714790 356
1714800 356
1714810 358
1714820 360
1714830 360
1714840 364
1714850 365
1714860 368
1714870 368
1714880 371
1714890 376
1714900 376
1714910 380
1714920 383
1714930 383
1714940 385
1714950 389
1714960 389
1714970 392
1714980 392
1714990 392
1715000 391
1715010 390
1715020 390
1715030 386
1715040 383
1715050 379
1715060 379
1715070 376
1715080 373
1715090 373
1715100 371
1715110 369
1715120 369
1715130 368
1715140 366
1715150 366
1715160 362
1715170 360
1715180 360
1715190 360
1715200 361
1715210 362
1715220 362
1715230 363
1715240 364
1715250 364
1715260 366
1715270 366
1715280 366
1715290 367
1715300 367
1715310 367
1715320 367
1715330 367
1715340 367
1715350 366
1715360 366
1715370 366
1715380 366
1715390 366
1715400 367
1715410 367
1715420 367
1715430 368
1715440 368
1715450 368
1715460 365
1715470 365
1715480 361
1715490 357
1715500 357
1715510 354
1715520 351
1715530 351
1715540 348
1715550 344
1715560 341
1715570 341
1715580 334
1715590 328
1715600 328
1715610 324
1715620 318
1715630 318
1715640 317
1715650 319
1715660 319
1715670 322
1715680 327
1715690 327
1715700 333
1715710 335
1715720 337
1715730 337
1715740 339
1715750 340
1715760 340
1715770 341
1715780 342
1715790 343
1715800 344
1715810 346
1715820 346
1715830 347
1715840 348
1715850 348
1715860 348
1715870 346
1715880 345
1715890 345
1715900 345
1715910 344
1715920 344
1715930 343
1715940 343
1715950 343
1715960 342
1715970 341
1715980 341
1715990 337
1716000 340
1716010 340
1716020 338
1716030 338
1716040 338
1716050 337
1716060 336
1716070 336
1716080 336
1716090 335
1716100 334
1716110 334
1716120 333
1716130 331
1716140 331
1716150 330
1716160 328
1716170 328
1716180 322
1716190 318
1716200 318
1716210 315
1716220 316
1716230 317
1716240 317
1716250 319
1716260 318
1716270 318
1716280 321
1716290 318
1716300 318
1716310 313
1716320 315
1716330 315
1716340 322
1716350 323
1716360 323
1716370 324
1716380 325
1716390 326
1716400 326
1716410 326
1716420 326
1716430 326
1716440 325
1716450 324
1716460 324
1716470 324
1716480 323
1716490 323
1716500 322
1716510 321
1716520 321
1716530 321
1716540 320
1716550 319
1716560 319
1716570 319
1716580 318
1716590 318
1716600 318
1716610 318
1716620 318
1716630 317
1716640 316
1716650 316
1716660 315
1716670 314
1716680 314
1716690 313
1716700 311
1716710 311
1716720 309
1716730 308
1716740 305
1716750 305
1716760 302
1716770 298
1716780 298
1716790 298
1716800 298
1716810 298
1716820 298
1716830 296
1716840 296
1716850 296
1716860 295
1716870 295
1716880 294
1716890 294
1716900 294
1716910 294
1716920 293
1716930 293
1716940 293
1716950 292
1716960 292
1716970 292
1716980 291
1716990 291
1717000 291
1717010 291
1717020 290
1717030 290
1717040 290
1717050 290
1717060 289
1717070 289
1717080 289
1717090 289
1717100 289
1717110 289
1717120 289
1717130 289
1717140 289
1717150 289
1717160 289
1717170 289
1717180 289
1717190 289
1717200 289
1717210 289
1717220 289
1717230 289
1717240 289
1717250 289
1717260 289
1717270 288
1717280 288
1717290 288
1717300 288
1717310 288
1717320 288
1717330 288
1717340 288
1717350 288
1717360 288
1717370 288
1717380 288
1717390 288
1717400 288
1717410 288
1717420 288
1717430 288
1717440 289
1717450 289
1717460 289
1717470 288
1717480 288
1717490 289
1717500 289
1717510 289
1717520 287
1717530 285
1717540 285
1717550 285
1717560 288
1717570 288
1717580 288
1717590 288
1717600 288
1717610 288
1717620 288
1717630 288
1717640 288
1717650 288
1717660 288
1717670 288
1717680 288
1717690 288
1717700 288
1717710 288
1717720 288
1717730 288
1717740 288
1717750 288
1717760 288
1717770 288
1717780 288
1717790 288
1717800 288
1717810 288
1717820 288
1717830 288
1717840 288
1717850 288
1717860 288
1717870 288
1717880 287
1717890 287
1717900 287
1717910 287
1717920 287
1717930 287
1717940 287
1717950 287
1717960 287
1717970 288
1717980 288
1717990 288
1718000 288
1718010 288
1718020 288
1718030 288
1718040 288
1718050 288
1718060 288
1718070 288
1718080 288
1718090 288
1718100 287
1718110 287
1718120 287
1718130 287
1718140 287
1718150 287
1718160 287
1718170 287
1718180 287
1718190 287
1718200 288
1718210 288
1718220 287
1718230 287
1718240 287
1718250 287
1718260 287
1718270 288
1718280 288
1718290 288
1718300 288
1718310 288
1718320 289
1718330 289
1718340 289
1718350 290
1718360 290
1718370 290
1718380 290
1718390 290
1718400 290
1718410 291
1718420 291
1718430 291
1718440 291
1718450 291
1718460 291
1718470 291
1718480 291
1718490 291
1718500 291
1718510 292
1718520 292
1718530 292
1718540 292
1718550 292
1718560 292
1718570 292
1718580 292
1718590 292
1718600 292
1718610 292
1718620 293
1718630 293
1718640 293
1718650 294
1718660 294
1718670 294
1718680 293
1718690 293
1718700 293
1718710 293
1718720 293
1718730 293
1718740 294
1718750 294
1718760 294
1718770 294
1718780 295
1718790 295
1718800 295
1718810 296
1718820 296
1718830 297
1718840 298
1718850 298
1718860 298
1718870 300
1718880 300
1718890 301
1718900 303
1718910 303
1718920 305
1718930 306
1718940 306
1718950 306
1718960 307
1718970 308
1718980 308
1718990 309
1719000 310
1719010 310
1719020 310
1719030 310
1719040 310
1719050 311
1719060 311
1719070 311
1719080 312
1719090 312
1719100 313
1719110 313
1719120 315
1719130 316
1719140 316
1719150 318
1719160 321
1719170 321
1719180 325
1719190 328
1719200 328
1719210 331
1719220 333
1719230 333
1719240 336
1719250 337
1719260 337
1719270 337
1719280 333
1719290 328
1719300 328
1719310 323
1719320 320
1719330 320
1719340 317
1719350 313
1719360 313
1719370 308
1719380 307
1719390 307
1719400 305
1719410 303
1719420 303
1719430 304
1719440 304
1719450 304
1719460 304
1719470 303
1719480 303
1719490 303
1719500 302
1719510 302
1719520 302
1719530 302
1719540 302
1719550 302
1719560 302
1719570 303
1719580 303
1719590 303
1719600 301
1719610 302
1719620 302
1719630 302
1719640 303
1719650 303
1719660 304
1719670 308
1719680 308
1719690 312
1719700 314
1719710 314
1719720 317
1719730 321
1719740 321
1719750 322
1719760 325
1719770 325
1719780 328
1719790 331
1719800 334
1719810 334
1719820 337
1719830 338
1719840 338
1719850 337
1719860 336
1719870 336
1719880 334
1719890 331
1719900 331
1719910 329
1719920 327
1719930 327
1719940 329
1719950 330
1719960 331
1719970 331
1719980 336
1719990 339
