1700000 411
1700010 411
1700020 411
1700030 412
1700040 412
1700050 412
1700060 413
1700070 413
1700080 413
1700090 414
1700100 414
1700110 414
1700120 414
1700130 413
1700140 413
1700150 413
1700160 413
1700170 413
1700180 412
1700190 411
1700200 411
1700210 409
1700220 406
1700230 404
1700240 404
1700250 402
1700260 400
1700270 400
1700280 399
1700290 398
1700300 398
1700310 396
1700320 393
1700330 393
1700340 393
1700350 392
1700360 392
1700370 392
1700380 392
1700390 392
1700400 392
1700410 392
1700420 393
1700430 393
1700440 392
1700450 392
1700460 392
1700470 392
1700480 392
1700490 392
1700500 392
1700510 392
1700520 392
1700530 392
1700540 391
1700550 391
1700560 391
1700570 391
1700580 390
1700590 390
1700600 390
1700610 389
1700620 389
1700630 389
1700640 388
1700650 388
1700660 388
1700670 386
1700680 386
1700690 386
1700700 386
1700710 386
1700720 386
1700730 385
1700740 384
1700750 384
1700760 384
1700770 383
1700780 383
1700790 383
1700800 382
1700810 382
1700820 382
1700830 382
1700840 382
1700850 381
1700860 381
1700870 381
1700880 381
1700890 381
1700900 381
1700910 381
1700920 381
1700930 381
1700940 381
1700950 381
1700960 381
1700970 381
1700980 381
1700990 380
1701000 380
1701010 380
1701020 381
1701030 381
1701040 381
1701050 381
1701060 381
1701070 381
1701080 381
1701090 381
1701100 381
1701110 381
1701120 381
1701130 381
1701140 381
1701150 381
1701160 381
1701170 381
1701180 381
1701190 381
1701200 381
1701210 381
1701220 381
1701230 381
1701240 381
1701250 381
1701260 381
1701270 381
1701280 380
1701290 380
1701300 380
1701310 380
1701320 380
1701330 380
1701340 380
1701350 380
1701360 379
1701370 379
1701380 379
1701390 379
1701400 379
1701410 379
1701420 379
1701430 379
1701440 379
1701450 379
1701460 379
1701470 379
1701480 379
1701490 379
1701500 380
1701510 380
1701520 380
1701530 380
1701540 380
1701550 380
1701560 379
1701570 379
1701580 379
1701590 379
1701600 379
1701610 379
1701620 379
1701630 379
1701640 379
1701650 379
1701660 379
1701670 379
1701680 379
1701690 379
1701700 379
1701710 379
1701720 379
1701730 379
1701740 379
1701750 379
1701760 378
1701770 378
1701780 378
1701790 378
1701800 378
1701810 378
1701820 377
1701830 377
1701840 377
1701850 377
1701860 377
1701870 377
1701880 377
1701890 377
1701900 377
1701910 377
1701920 377
1701930 377
1701940 377
1701950 377
1701960 377
1701970 377
1701980 377
1701990 377
1702000 377
1702010 377
1702020 377
1702030 377
1702040 377
1702050 377
1702060 377
1702070 376
1702080 375
1702090 375
1702100 374
1702110 373
1702120 373
1702130 371
1702140 369
1702150 369
1702160 367
1702170 366
1702180 366
1702190 364
1702200 364
1702210 364
1702220 362
1702230 362
1702240 361
1702250 361
1702260 361
1702270 361
1702280 361
1702290 361
1702300 360
1702310 360
1702320 360
1702330 359
1702340 359
1702350 359
1702360 359
1702370 359
1702380 358
1702390 358
1702400 358
1702410 357
1702420 356
1702430 354
1702440 354
1702450 353
1702460 352
1702470 352
1702480 353
1702490 353
1702500 353
1702510 354
1702520 354
1702530 354
1702540 354
1702550 354
1702560 354
1702570 355
1702580 355
1702590 354
1702600 354
1702610 353
1702620 353
1702630 353
1702640 352
1702650 352
1702660 352
1702670 352
1702680 351
1702690 351
1702700 350
1702710 350
1702720 350
1702730 350
1702740 349
1702750 349
1702760 349
1702770 349
1702780 349
1702790 349
1702800 348
1702810 348
1702820 348
1702830 348
1702840 348
1702850 348
1702860 348
1702870 347
1702880 347
1702890 347
1702900 347
1702910 347
1702920 346
1702930 346
1702940 345
1702950 345
1702960 344
1702970 344
1702980 344
1702990 343
1703000 342
1703010 342
1703020 341
1703030 341
1703040 341
1703050 341
1703060 341
1703070 341
1703080 341
1703090 341
1703100 341
1703110 341
1703120 341
1703130 340
1703140 340
1703150 340
1703160 340
1703170 340
1703180 340
1703190 339
1703200 339
1703210 339
1703220 339
1703230 339
1703240 339
1703250 338
1703260 338
1703270 338
1703280 338
1703290 337
1703300 337
1703310 336
1703320 336
1703330 336
1703340 335
1703350 336
1703360 336
1703370 335
1703380 335
1703390 335
1703400 334
1703410 334
1703420 333
1703430 333
1703440 333
1703450 332
1703460 332
1703470 332
1703480 332
1703490 332
1703500 331
1703510 331
1703520 331
1703530 331
1703540 330
1703550 330
1703560 330
1703570 330
1703580 330
1703590 330
1703600 329
1703610 329
1703620 329
1703630 328
1703640 327
1703650 327
1703660 327
1703670 327
1703680 327
1703690 327
1703700 326
1703710 326
1703720 326
1703730 326
1703740 326
1703750 325
1703760 325
1703770 325
1703780 325
1703790 325
1703800 325
1703810 325
1703820 324
1703830 324
1703840 324
1703850 324
1703860 324
1703870 324
1703880 324
1703890 324
1703900 324
1703910 324
1703920 324
1703930 324
1703940 324
1703950 323
1703960 325
1703970 325
1703980 326
1703990 323
1704000 323
1704010 323
1704020 322
1704030 322
1704040 322
1704050 322
1704060 322
1704070 322
1704080 322
1704090 322
1704100 321
1704110 321
1704120 321
1704130 321
1704140 321
1704150 321
1704160 321
1704170 321
1704180 321
1704190 321
1704200 321
1704210 320
1704220 320
1704230 320
1704240 320
1704250 320
1704260 319
1704270 320
1704280 321
1704290 321
1704300 321
1704310 321
1704320 321
1704330 321
1704340 320
1704350 320
1704360 320
1704370 320
1704380 320
1704390 320
1704400 320
1704410 320
1704420 319
1704430 319
1704440 318
1704450 318
1704460 318
1704470 317
1704480 317
1704490 316
1704500 314
1704510 314
1704520 314
1704530 313
1704540 313
1704550 313
1704560 313
1704570 313
1704580 313
1704590 313
1704600 313
1704610 313
1704620 313
1704630 313
1704640 313
1704650 313
1704660 312
1704670 312
1704680 312
1704690 312
1704700 312
1704710 312
1704720 312
1704730 312
1704740 312
1704750 311
1704760 311
1704770 311
1704780 311
1704790 311
1704800 311
1704810 311
1704820 311
1704830 311
1704840 311
1704850 311
1704860 311
1704870 311
1704880 311
1704890 311
1704900 311
1704910 311
1704920 311
1704930 311
1704940 311
1704950 311
1704960 311
1704970 311
1704980 311
1704990 311
1705000 311
1705010 311
1705020 311
1705030 311
1705040 311
1705050 311
1705060 309
1705070 310
1705080 310
1705090 310
1705100 310
1705110 310
1705120 310
1705130 310
1705140 310
1705150 310
1705160 310
1705170 310
1705180 310
1705190 310
1705200 310
1705210 310
1705220 310
1705230 309
1705240 309
1705250 309
1705260 309
1705270 309
1705280 309
1705290 309
1705300 309
1705310 309
1705320 309
1705330 309
1705340 309
1705350 309
1705360 310
1705370 310
1705380 310
1705390 310
1705400 310
1705410 309
1705420 309
1705430 309
1705440 309
1705450 309
1705460 309
1705470 309
1705480 309
1705490 309
1705500 309
1705510 309
1705520 309
1705530 309
1705540 309
1705550 309
1705560 309
1705570 309
1705580 309
1705590 309
1705600 309
1705610 309
1705620 309
1705630 309
1705640 309
1705650 309
1705660 309
1705670 308
1705680 306
1705690 306
1705700 308
1705710 309
1705720 309
1705730 309
1705740 308
1705750 308
1705760 309
1705770 318
1705780 318
1705790 323
1705800 329
1705810 338
1705820 338
1705830 343
1705840 349
1705850 349
1705860 353
1705870 357
1705880 357
1705890 362
1705900 366
1705910 366
1705920 368
1705930 367
1705940 367
1705950 363
1705960 358
1705970 354
1705980 354
1705990 350
1706000 346
1706010 346
1706020 342
1706030 337
1706040 337
1706050 334
1706060 330
1706070 330
1706080 326
1706090 320
1706100 320
1706110 316
1706120 314
1706130 313
1706140 313
1706150 317
1706160 317
1706170 317
1706180 321
1706190 323
1706200 323
1706210 325
1706220 332
1706230 332
1706240 339
1706250 342
1706260 342
1706270 343
1706280 345
1706290 345
1706300 350
1706310 355
1706320 359
1706330 359
1706340 362
1706350 364
1706360 364
1706370 367
1706380 368
1706390 368
1706400 369
1706410 367
1706420 367
1706430 364
1706440 360
1706450 360
1706460 356
1706470 349
1706480 341
1706490 341
1706500 337
1706510 335
1706520 335
1706530 333
1706540 331
1706550 331
1706560 326
1706570 324
1706580 324
1706590 323
1706600 323
1706610 323
1706620 322
1706630 320
1706640 318
1706650 318
1706660 316
1706670 313
1706680 313
1706690 312
1706700 311
1706710 311
1706720 310
1706730 309
1706740 309
1706750 312
1706760 318
1706770 318
1706780 320
1706790 322
1706800 322
1706810 327
1706820 326
1706830 332
1706840 332
1706850 334
1706860 339
1706870 339
1706880 342
1706890 344
1706900 344
1706910 346
1706920 349
1706930 349
1706940 350
1706950 351
1706960 351
1706970 351
1706980 352
1706990 352
1707000 352
1707010 354
1707020 356
1707030 356
1707040 359
1707050 360
1707060 360
1707070 361
1707080 361
1707090 361
1707100 362
1707110 361
1707120 361
1707130 361
1707140 361
1707150 357
1707160 357
1707170 353
1707180 350
1707190 350
1707200 357
1707210 365
1707220 365
1707230 366
1707240 368
1707250 366
1707260 366
1707270 366
1707280 366
1707290 367
1707300 362
1707310 362
1707320 363
1707330 366
1707340 373
1707350 373
1707360 379
1707370 381
1707380 381
1707390 383
1707400 384
1707410 384
1707420 385
1707430 377
1707440 377
1707450 370
1707460 367
1707470 367
1707480 370
1707490 366
1707500 362
1707510 362
1707520 352
1707530 347
1707540 347
1707550 344
1707560 341
1707570 341
1707580 351
1707590 359
1707600 359
1707610 365
1707620 369
1707630 369
1707640 372
1707650 377
1707660 382
1707670 382
1707680 387
1707690 390
1707700 390
1707710 389
1707720 385
1707730 385
1707740 383
1707750 378
1707760 378
1707770 374
1707780 368
1707790 368
1707800 362
1707810 360
1707820 360
1707830 359
1707840 358
1707850 362
1707860 362
1707870 363
1707880 367
1707890 367
1707900 372
1707910 372
1707920 372
1707930 372
1707940 376
1707950 376
1707960 381
1707970 384
1707980 384
1707990 385
1708000 388
1708010 391
1708020 391
1708030 394
1708040 396
1708050 396
1708060 399
1708070 399
1708080 399
1708090 397
1708100 392
1708110 392
1708120 387
1708130 382
1708140 382
1708150 378
1708160 376
1708170 373
1708180 373
1708190 371
1708200 368
1708210 368
1708220 368
1708230 369
1708240 369
1708250 369
1708260 371
1708270 371
1708280 372
1708290 375
1708300 375
1708310 377
1708320 381
1708330 383
1708340 383
1708350 385
1708360 385
1708370 385
1708380 386
1708390 385
1708400 385
1708410 384
1708420 384
1708430 384
1708440 383
1708450 383
1708460 383
1708470 383
1708480 382
1708490 382
1708500 381
1708510 381
1708520 380
1708530 380
1708540 379
1708550 378
1708560 378
1708570 377
1708580 378
1708590 378
1708600 376
1708610 372
1708620 372
1708630 372
1708640 372
1708650 372
1708660 372
1708670 370
1708680 366
1708690 366
1708700 362
1708710 359
1708720 359
1708730 355
1708740 353
1708750 353
1708760 350
1708770 350
1708780 350
1708790 352
1708800 354
1708810 354
1708820 356
1708830 356
1708840 356
1708850 356
1708860 360
1708870 364
1708880 364
1708890 368
1708900 370
1708910 370
1708920 372
1708930 374
1708940 374
1708950 377
1708960 379
1708970 379
1708980 381
1708990 383
1709000 383
1709010 384
1709020 385
1709030 384
1709040 384
1709050 384
1709060 383
1709070 383
1709080 380
1709090 378
1709100 378
1709110 377
1709120 376
1709130 376
1709140 374
1709150 372
1709160 372
1709170 369
1709180 366
1709190 364
1709200 364
1709210 362
1709220 360
1709230 360
1709240 359
1709250 361
1709260 361
1709270 364
1709280 368
1709290 368
1709300 373
1709310 376
1709320 376
1709330 380
1709340 381
1709350 386
1709360 386
1709370 387
1709380 389
1709390 389
1709400 391
1709410 394
1709420 394
1709430 396
1709440 398
1709450 398
1709460 401
1709470 401
1709480 401
1709490 400
1709500 400
1709510 400
1709520 400
1709530 400
1709540 401
1709550 401
1709560 401
1709570 401
1709580 401
1709590 403
1709600 404
1709610 404
1709620 405
1709630 406
1709640 406
1709650 407
1709660 407
1709670 407
1709680 406
1709690 405
1709700 404
1709710 404
1709720 399
1709730 399
1709740 399
1709750 397
1709760 393
1709770 393
1709780 389
1709790 385
1709800 385
1709810 381
1709820 377
1709830 377
1709840 373
1709850 370
1709860 366
1709870 366
1709880 364
1709890 364
1709900 364
1709910 366
1709920 368
1709930 368
1709940 369
1709950 370
1709960 370
1709970 371
1709980 373
1709990 373
1710000 373
1710010 373
1710020 373
1710030 373
1710040 373
1710050 373
1710060 373
1710070 371
1710080 370
1710090 370
1710100 367
1710110 364
1710120 364
1710130 361
1710140 358
1710150 358
1710160 356
1710170 353
1710180 353
1710190 349
1710200 347
1710210 345
1710220 345
1710230 344
1710240 342
1710250 342
1710260 341
1710270 341
1710280 341
1710290 342
1710300 343
1710310 343
1710320 346
1710330 347
1710340 347
1710350 349
1710360 351
1710370 352
1710380 352
1710390 353
1710400 355
1710410 355
1710420 356
1710430 356
1710440 356
1710450 356
1710460 356
1710470 356
1710480 357
1710490 356
1710500 356
1710510 354
1710520 354
1710530 353
1710540 353
1710550 352
1710560 351
1710570 351
1710580 350
1710590 349
1710600 349
1710610 348
1710620 346
1710630 346
1710640 345
1710650 344
1710660 344
1710670 343
1710680 341
1710690 341
1710700 341
1710710 339
1710720 341
1710730 341
1710740 342
1710750 345
1710760 345
1710770 346
1710780 349
1710790 349
1710800 349
1710810 350
1710820 350
1710830 352
1710840 353
1710850 353
1710860 355
1710870 356
1710880 358
1710890 358
1710900 360
1710910 362
1710920 362
1710930 363
1710940 365
1710950 365
1710960 367
1710970 367
1710980 367
1710990 366
1711000 364
1711010 364
1711020 362
1711030 360
1711040 358
1711050 358
1711060 356
1711070 355
1711080 355
1711090 354
1711100 352
1711110 352
1711120 351
1711130 350
1711140 350
1711150 349
1711160 348
1711170 348
1711180 346
1711190 344
1711200 344
1711210 342
1711220 340
1711230 338
1711240 338
1711250 336
1711260 334
1711270 334
1711280 334
1711290 333
1711300 333
1711310 333
1711320 333
1711330 333
1711340 333
1711350 337
1711360 337
1711370 340
1711380 343
1711390 346
1711400 346
1711410 350
1711420 353
1711430 353
1711440 354
1711450 354
1711460 354
1711470 354
1711480 355
1711490 355
1711500 357
1711510 359
1711520 359
1711530 362
1711540 362
1711550 362
1711560 362
1711570 361
1711580 357
1711590 357
1711600 355
1711610 353
1711620 353
1711630 352
1711640 350
1711650 350
1711660 346
1711670 338
1711680 338
1711690 337
1711700 339
1711710 339
1711720 343
1711730 345
1711740 346
1711750 346
1711760 347
1711770 347
1711780 347
1711790 348
1711800 347
1711810 347
1711820 347
1711830 346
1711840 346
1711850 344
1711860 341
1711870 341
1711880 337
1711890 334
1711900 331
1711910 331
1711920 328
1711930 325
1711940 325
1711950 323
1711960 322
1711970 322
1711980 322
1711990 322
1712000 322
1712010 322
1712020 325
1712030 325
1712040 325
1712050 326
1712060 327
1712070 327
1712080 327
1712090 328
1712100 328
1712110 328
1712120 329
1712130 329
1712140 329
1712150 329
1712160 329
1712170 328
1712180 327
1712190 327
1712200 327
1712210 326
1712220 326
1712230 327
1712240 327
1712250 327
1712260 327
1712270 326
1712280 326
1712290 326
1712300 326
1712310 326
1712320 326
1712330 325
1712340 324
1712350 324
1712360 324
1712370 324
1712380 324
1712390 324
1712400 324
1712410 324
1712420 324
1712430 324
1712440 324
1712450 324
1712460 323
1712470 321
1712480 321
1712490 320
1712500 318
1712510 318
1712520 317
1712530 315
1712540 315
1712550 313
1712560 315
1712570 321
1712580 321
1712590 324
1712600 324
1712610 324
1712620 323
1712630 323
1712640 323
1712650 322
1712660 322
1712670 322
1712680 322
1712690 323
1712700 323
1712710 324
1712720 323
1712730 323
1712740 323
1712750 322
1712760 322
1712770 322
1712780 321
1712790 320
1712800 320
1712810 319
1712820 317
1712830 317
1712840 315
1712850 314
1712860 314
1712870 312
1712880 311
1712890 311
1712900 311
1712910 311
1712920 312
1712930 312
1712940 312
1712950 311
1712960 311
1712970 310
1712980 309
1712990 309
1713000 308
1713010 307
1713020 307
1713030 306
1713040 305
1713050 305
1713060 305
1713070 305
1713080 305
1713090 305
1713100 305
1713110 305
1713120 305
1713130 305
1713140 305
1713150 305
1713160 305
1713170 305
1713180 305
1713190 306
1713200 308
1713210 308
1713220 309
1713230 310
1713240 310
1713250 310
1713260 310
1713270 310
1713280 310
1713290 311
1713300 311
1713310 311
1713320 312
1713330 312
1713340 312
1713350 313
1713360 314
1713370 314
1713380 315
1713390 316
1713400 316
1713410 316
1713420 316
1713430 317
1713440 317
1713450 317
1713460 317
1713470 317
1713480 318
1713490 318
1713500 318
1713510 318
1713520 319
1713530 319
1713540 321
1713550 321
1713560 321
1713570 321
1713580 320
1713590 318
1713600 318
1713610 317
1713620 316
1713630 316
1713640 315
1713650 314
1713660 314
1713670 313
1713680 311
1713690 311
1713700 310
1713710 309
1713720 309
1713730 307
1713740 306
1713750 306
1713760 306
1713770 306
1713780 306
1713790 306
1713800 306
1713810 307
1713820 307
1713830 306
1713840 307
1713850 307
1713860 309
1713870 314
1713880 314
1713890 318
1713900 318
1713910 318
1713920 323
1713930 329
1713940 332
1713950 332
1713960 335
1713970 338
1713980 338
1713990 341
1714000 344
1714010 344
1714020 347
1714030 351
1714040 351
1714050 354
1714060 357
1714070 357
1714080 360
1714090 363
1714100 365
1714110 365
1714120 367
1714130 369
1714140 369
1714150 370
1714160 372
1714170 372
1714180 374
1714190 376
1714200 376
1714210 379
1714220 382
1714230 382
1714240 382
1714250 380
1714260 375
1714270 375
1714280 372
1714290 370
1714300 370
1714310 368
1714320 368
1714330 368
1714340 370
1714350 372
1714360 372
1714370 375
1714380 379
1714390 379
1714400 380
1714410 382
1714420 382
1714430 382
1714440 382
1714450 383
1714460 383
1714470 386
1714480 386
1714490 386
1714500 386
1714510 384
1714520 384
1714530 377
1714540 374
1714550 374
1714560 372
1714570 371
1714580 371
1714590 368
1714600 363
1714610 359
1714620 359
1714630 356
1714640 352
1714650 352
1714660 345
1714670 342
1714680 342
1714690 345
1714700 343
1714710 343
1714720 338
1714730 336
1714740 336
1714750 341
1714760 343
1714770 341
1714780 341
1714790 339
1714800 336
1714810 336
1714820 334
1714830 331
1714840 331
1714850 323
1714860 320
1714870 320
1714880 317
1714890 314
1714900 314
1714910 314
1714920 317
1714930 317
1714940 322
1714950 324
1714960 324
1714970 324
1714980 325
1714990 328
1715000 328
1715010 330
1715020 330
1715030 330
1715040 330
1715050 329
1715060 329
1715070 330
1715080 331
1715090 331
1715100 335
1715110 338
1715120 340
1715130 340
1715140 342
1715150 344
1715160 344
1715170 345
1715180 346
1715190 346
1715200 347
1715210 347
1715220 347
1715230 347
1715240 346
1715250 346
1715260 345
1715270 343
1715280 341
1715290 341
1715300 340
1715310 341
1715320 341
1715330 341
1715340 341
1715350 341
1715360 341
1715370 341
1715380 341
1715390 340
1715400 339
1715410 339
1715420 337
1715430 335
1715440 335
1715450 332
1715460 330
1715470 324
1715480 324
1715490 319
1715500 314
1715510 314
1715520 311
1715530 311
1715540 311
1715550 313
1715560 318
1715570 318
1715580 325
1715590 326
1715600 326
1715610 329
1715620 331
1715630 332
1715640 332
1715650 333
1715660 333
1715670 333
1715680 333
1715690 332
1715700 332
1715710 331
1715720 330
1715730 330
1715740 327
1715750 324
1715760 324
1715770 321
1715780 318
1715790 315
1715800 315
1715810 308
1715820 305
1715830 305
1715840 305
1715850 304
1715860 304
1715870 304
1715880 304
1715890 304
1715900 306
1715910 305
1715920 305
1715930 304
1715940 305
1715950 306
1715960 306
1715970 306
1715980 305
1715990 305
1716000 305
1716010 303
1716020 303
1716030 302
1716040 301
1716050 301
1716060 300
1716070 299
1716080 299
1716090 298
1716100 298
1716110 298
1716120 297
1716130 296
1716140 295
1716150 295
1716160 294
1716170 293
1716180 293
1716190 293
1716200 292
1716210 292
1716220 291
1716230 291
1716240 291
1716250 291
1716260 291
1716270 291
1716280 290
1716290 290
1716300 290
1716310 290
1716320 290
1716330 290
1716340 290
1716350 290
1716360 290
1716370 290
1716380 290
1716390 290
1716400 290
1716410 290
1716420 290
1716430 290
1716440 290
1716450 290
1716460 290
1716470 290
1716480 290
1716490 290
1716500 290
1716510 290
1716520 290
1716530 290
1716540 290
1716550 290
1716560 290
1716570 290
1716580 290
1716590 290
1716600 290
1716610 290
1716620 290
1716630 290
1716640 290
1716650 290
1716660 290
1716670 290
1716680 290
1716690 290
1716700 290
1716710 290
1716720 290
1716730 290
1716740 290
1716750 290
1716760 290
1716770 290
1716780 290
1716790 290
1716800 290
1716810 290
1716820 290
1716830 290
1716840 290
1716850 290
1716860 289
1716870 289
1716880 289
1716890 289
1716900 289
1716910 289
1716920 289
1716930 289
1716940 289
1716950 289
1716960 289
1716970 289
1716980 289
1716990 289
1717000 289
1717010 289
1717020 289
1717030 289
1717040 289
1717050 289
1717060 289
1717070 289
1717080 289
1717090 289
1717100 289
1717110 289
1717120 289
1717130 289
1717140 289
1717150 289
1717160 289
1717170 289
1717180 289
1717190 289
1717200 289
1717210 289
1717220 289
1717230 289
1717240 289
1717250 285
1717260 285
1717270 289
1717280 290
1717290 290
1717300 289
1717310 289
1717320 289
1717330 289
1717340 289
1717350 289
1717360 289
1717370 289
1717380 289
1717390 289
1717400 289
1717410 289
1717420 289
1717430 289
1717440 289
1717450 289
1717460 289
1717470 289
1717480 289
1717490 289
1717500 289
1717510 289
1717520 289
1717530 289
1717540 289
1717550 289
1717560 289
1717570 289
1717580 289
1717590 289
1717600 289
1717610 289
1717620 289
1717630 289
1717640 289
1717650 289
1717660 289
1717670 289
1717680 289
1717690 290
1717700 289
1717710 289
1717720 290
1717730 290
1717740 290
1717750 290
1717760 290
1717770 290
1717780 290
1717790 290
1717800 290
1717810 290
1717820 290
1717830 290
1717840 290
1717850 290
1717860 290
1717870 290
1717880 290
1717890 290
1717900 290
1717910 290
1717920 290
1717930 290
1717940 291
1717950 291
1717960 291
1717970 291
1717980 291
1717990 291
1718000 291
1718010 291
1718020 291
1718030 291
1718040 291
1718050 292
1718060 292
1718070 292
1718080 292
1718090 292
1718100 292
1718110 292
1718120 292
1718130 293
1718140 293
1718150 293
1718160 293
1718170 293
1718180 293
1718190 293
1718200 293
1718210 293
1718220 293
1718230 294
1718240 294
1718250 294
1718260 294
1718270 294
1718280 294
1718290 294
1718300 294
1718310 294
1718320 294
1718330 294
1718340 294
1718350 294
1718360 293
1718370 293
1718380 293
1718390 294
1718400 294
1718410 294
1718420 294
1718430 294
1718440 294
1718450 295
1718460 296
1718470 296
1718480 297
1718490 298
1718500 301
1718510 301
1718520 301
1718530 304
1718540 304
1718550 307
1718560 309
1718570 309
1718580 312
1718590 315
1718600 315
1718610 317
1718620 320
1718630 320
1718640 321
1718650 324
1718660 325
1718670 325
1718680 324
1718690 321
1718700 321
1718710 318
1718720 316
1718730 316
1718740 315
1718750 314
1718760 314
1718770 313
1718780 312
1718790 312
1718800 313
1718810 310
1718820 310
1718830 309
1718840 307
1718850 305
1718860 305
1718870 304
1718880 305
1718890 305
1718900 305
1718910 305
1718920 305
1718930 306
1718940 307
1718950 307
1718960 307
1718970 307
1718980 307
1718990 307
1719000 309
1719010 308
1719020 308
1719030 310
1719040 314
1719050 314
1719060 316
1719070 315
1719080 315
1719090 316
1719100 318
1719110 318
1719120 324
1719130 326
1719140 326
1719150 329
1719160 333
1719170 336
1719180 336
1719190 338
1719200 340
1719210 340
1719220 342
1719230 344
1719240 344
1719250 347
1719260 349
1719270 349
1719280 352
1719290 356
1719300 356
1719310 361
1719320 365
1719330 365
1719340 369
1719350 372
1719360 372
1719370 372
1719380 369
1719390 365
1719400 365
1719410 361
1719420 359
1719430 359
1719440 355
1719450 355
1719460 355
1719470 353
1719480 347
1719490 347
1719500 343
1719510 342
1719520 340
1719530 340
1719540 338
1719550 336
1719560 336
1719570 332
1719580 329
1719590 329
1719600 326
1719610 324
1719620 324
1719630 322
1719640 321
1719650 321
1719660 321
1719670 319
1719680 313
1719690 313
1719700 310
1719710 310
1719720 310
1719730 310
1719740 310
1719750 310
1719760 311
1719770 311
1719780 311
1719790 311
1719800 315
1719810 315
1719820 321
1719830 325
1719840 325
1719850 326
1719860 326
1719870 326
1719880 326
1719890 326
1719900 326
1719910 326
1719920 326
1719930 327
1719940 327
1719950 327
1719960 327
1719970 327
1719980 327
1719990 326
