1700000 384
1700010 384
1700020 382
1700030 381
1700040 381
1700050 381
1700060 381
1700070 381
1700080 380
1700090 380
1700100 383
1700110 383
1700120 387
1700130 390
1700140 390
1700150 393
1700160 397
1700170 397
1700180 401
1700190 403
1700200 403
1700210 407
1700220 409
1700230 409
1700240 412
1700250 414
1700260 416
1700270 416
1700280 418
1700290 420
1700300 420
1700310 419
1700320 419
1700330 419
1700340 420
1700350 420
1700360 420
1700370 418
1700380 417
1700390 417
1700400 415
1700410 413
1700420 411
1700430 411
1700440 408
1700450 406
1700460 406
1700470 403
1700480 401
1700490 401
1700500 400
1700510 398
1700520 398
1700530 397
1700540 395
1700550 395
1700560 394
1700570 393
1700580 393
1700590 392
1700600 390
1700610 389
1700620 389
1700630 388
1700640 387
1700650 387
1700660 387
1700670 385
1700680 385
1700690 384
1700700 381
1700710 381
1700720 383
1700730 383
1700740 383
1700750 383
1700760 383
1700770 382
1700780 382
1700790 382
1700800 381
1700810 381
1700820 381
1700830 380
1700840 380
1700850 379
1700860 378
1700870 378
1700880 378
1700890 377
1700900 377
1700910 377
1700920 377
1700930 377
1700940 377
1700950 376
1700960 376
1700970 376
1700980 376
1700990 375
1701000 375
1701010 375
1701020 374
1701030 374
1701040 373
1701050 371
1701060 371
1701070 370
1701080 368
1701090 368
1701100 367
1701110 366
1701120 363
1701130 363
1701140 361
1701150 362
1701160 362
1701170 361
1701180 361
1701190 361
1701200 360
1701210 361
1701220 361
1701230 360
1701240 359
1701250 359
1701260 359
1701270 358
1701280 356
1701290 356
1701300 355
1701310 355
1701320 355
1701330 354
1701340 354
1701350 354
1701360 353
1701370 355
1701380 355
1701390 356
1701400 355
1701410 355
1701420 353
1701430 354
1701440 355
1701450 355
1701460 352
1701470 351
1701480 351
1701490 350
1701500 350
1701510 350
1701520 350
1701530 350
1701540 350
1701550 350
1701560 349
1701570 349
1701580 351
1701590 356
1701600 356
1701610 359
1701620 360
1701630 363
1701640 363
1701650 364
1701660 366
1701670 366
1701680 366
1701690 367
1701700 367
1701710 366
1701720 363
1701730 363
1701740 360
1701750 358
1701760 358
1701770 355
1701780 352
1701790 348
1701800 348
1701810 352
1701820 354
1701830 354
1701840 355
1701850 357
1701860 357
1701870 359
1701880 361
1701890 361
1701900 362
1701910 363
1701920 363
1701930 363
1701940 363
1701950 363
1701960 363
1701970 362
1701980 360
1701990 360
1702000 356
1702010 352
1702020 352
1702030 348
1702040 348
1702050 348
1702060 345
1702070 346
1702080 346
1702090 347
1702100 349
1702110 349
1702120 351
1702130 352
1702140 353
1702150 353
1702160 354
1702170 354
1702180 354
1702190 353
1702200 351
1702210 351
1702220 351
1702230 352
1702240 352
1702250 349
1702260 351
1702270 351
1702280 355
1702290 353
1702300 352
1702310 352
1702320 352
1702330 352
1702340 352
1702350 352
1702360 353
1702370 353
1702380 353
1702390 354
1702400 354
1702410 354
1702420 354
1702430 354
1702440 354
1702450 354
1702460 355
1702470 354
1702480 355
1702490 356
1702500 356
1702510 356
1702520 356
1702530 356
1702540 356
1702550 356
1702560 356
1702570 356
1702580 356
1702590 356
1702600 356
1702610 356
1702620 356
1702630 356
1702640 356
1702650 356
1702660 356
1702670 356
1702680 355
1702690 355
1702700 355
1702710 355
1702720 355
1702730 355
1702740 355
1702750 355
1702760 355
1702770 355
1702780 355
1702790 355
1702800 355
1702810 355
1702820 355
1702830 355
1702840 355
1702850 355
1702860 355
1702870 355
1702880 355
1702890 355
1702900 355
1702910 355
1702920 355
1702930 354
1702940 354
1702950 354
1702960 354
1702970 354
1702980 354
1702990 354
1703000 354
1703010 354
1703020 354
1703030 354
1703040 354
1703050 354
1703060 354
1703070 354
1703080 354
1703090 354
1703100 354
1703110 354
1703120 354
1703130 354
1703140 354
1703150 354
1703160 354
1703170 354
1703180 354
1703190 354
1703200 354
1703210 354
1703220 354
1703230 354
1703240 354
1703250 354
1703260 354
1703270 354
1703280 354
1703290 354
1703300 353
1703310 353
1703320 353
1703330 353
1703340 353
1703350 353
1703360 353
1703370 353
1703380 352
1703390 352
1703400 352
1703410 351
1703420 351
1703430 351
1703440 350
1703450 350
1703460 349
1703470 348
1703480 348
1703490 348
1703500 346
1703510 346
1703520 346
1703530 346
1703540 345
1703550 345
1703560 344
1703570 343
1703580 343
1703590 342
1703600 342
1703610 342
1703620 341
1703630 340
1703640 339
1703650 339
1703660 339
1703670 339
1703680 339
1703690 338
1703700 338
1703710 338
1703720 337
1703730 337
1703740 337
1703750 336
1703760 335
1703770 335
1703780 335
1703790 334
1703800 334
1703810 333
1703820 332
1703830 332
1703840 332
1703850 331
1703860 330
1703870 330
1703880 330
1703890 329
1703900 329
1703910 329
1703920 328
1703930 328
1703940 328
1703950 328
1703960 328
1703970 327
1703980 327
1703990 327
1704000 327
1704010 326
1704020 326
1704030 326
1704040 326
1704050 326
1704060 326
1704070 325
1704080 325
1704090 325
1704100 325
1704110 325
1704120 325
1704130 325
1704140 325
1704150 325
1704160 325
1704170 324
1704180 324
1704190 324
1704200 325
1704210 324
1704220 324
1704230 324
1704240 324
1704250 324
1704260 323
1704270 323
1704280 323
1704290 323
1704300 323
1704310 323
1704320 323
1704330 323
1704340 323
1704350 323
1704360 323
1704370 323
1704380 323
1704390 323
1704400 323
1704410 323
1704420 323
1704430 322
1704440 322
1704450 322
1704460 322
1704470 322
1704480 322
1704490 323
1704500 322
1704510 322
1704520 322
1704530 322
1704540 322
1704550 322
1704560 322
1704570 322
1704580 322
1704590 322
1704600 322
1704610 322
1704620 322
1704630 322
1704640 322
1704650 322
1704660 321
1704670 321
1704680 321
1704690 321
1704700 321
1704710 321
1704720 320
1704730 320
1704740 319
1704750 318
1704760 318
1704770 316
1704780 314
1704790 314
1704800 313
1704810 313
1704820 313
1704830 312
1704840 312
1704850 312
1704860 312
1704870 312
1704880 312
1704890 312
1704900 311
1704910 311
1704920 311
1704930 311
1704940 311
1704950 311
1704960 311
1704970 311
1704980 311
1704990 311
1705000 311
1705010 311
1705020 311
1705030 311
1705040 311
1705050 311
1705060 311
1705070 311
1705080 311
1705090 311
1705100 311
1705110 311
1705120 311
1705130 311
1705140 311
1705150 311
1705160 311
1705170 311
1705180 311
1705190 311
1705200 311
1705210 311
1705220 311
1705230 311
1705240 311
1705250 311
1705260 311
1705270 311
1705280 311
1705290 311
1705300 311
1705310 310
1705320 310
1705330 310
1705340 310
1705350 310
1705360 310
1705370 310
1705380 310
1705390 310
1705400 310
1705410 310
1705420 310
1705430 310
1705440 310
1705450 310
1705460 310
1705470 310
1705480 310
1705490 310
1705500 310
1705510 310
1705520 310
1705530 310
1705540 310
1705550 310
1705560 310
1705570 309
1705580 309
1705590 309
1705600 309
1705610 309
1705620 309
1705630 309
1705640 309
1705650 309
1705660 309
1705670 309
1705680 309
1705690 309
1705700 308
1705710 308
1705720 308
1705730 308
1705740 308
1705750 308
1705760 308
1705770 308
1705780 308
1705790 308
1705800 308
1705810 308
1705820 308
1705830 308
1705840 308
1705850 308
1705860 308
1705870 308
1705880 308
1705890 308
1705900 308
1705910 308
1705920 308
1705930 307
1705940 307
1705950 308
1705960 308
1705970 308
1705980 307
1705990 308
1706000 308
1706010 307
1706020 307
1706030 307
1706040 307
1706050 306
1706060 305
1706070 305
1706080 305
1706090 305
1706100 305
1706110 305
1706120 305
1706130 305
1706140 306
1706150 306
1706160 305
1706170 305
1706180 305
1706190 305
1706200 305
1706210 305
1706220 304
1706230 304
1706240 304
1706250 305
1706260 305
1706270 304
1706280 304
1706290 304
1706300 304
1706310 304
1706320 304
1706330 304
1706340 304
1706350 304
1706360 304
1706370 304
1706380 304
1706390 304
1706400 304
1706410 304
1706420 304
1706430 304
1706440 304
1706450 304
1706460 305
1706470 305
1706480 305
1706490 306
1706500 306
1706510 306
1706520 306
1706530 306
1706540 306
1706550 306
1706560 306
1706570 306
1706580 306
1706590 306
1706600 306
1706610 306
1706620 306
1706630 306
1706640 306
1706650 306
1706660 306
1706670 306
1706680 306
1706690 306
1706700 306
1706710 306
1706720 306
1706730 306
1706740 306
1706750 306
1706760 306
1706770 306
1706780 306
1706790 306
1706800 306
1706810 306
1706820 306
1706830 306
1706840 306
1706850 306
1706860 306
1706870 306
1706880 306
1706890 306
1706900 306
1706910 305
1706920 305
1706930 305
1706940 305
1706950 306
1706960 306
1706970 305
1706980 305
1706990 305
1707000 305
1707010 305
1707020 305
1707030 305
1707040 306
1707050 305
1707060 305
1707070 305
1707080 305
1707090 305
1707100 305
1707110 306
1707120 306
1707130 306
1707140 306
1707150 306
1707160 306
1707170 306
1707180 306
1707190 306
1707200 306
1707210 306
1707220 306
1707230 306
1707240 306
1707250 306
1707260 306
1707270 306
1707280 306
1707290 306
1707300 306
1707310 306
1707320 306
1707330 305
1707340 305
1707350 305
1707360 305
1707370 304
1707380 304
1707390 305
1707400 305
1707410 305
1707420 305
1707430 304
1707440 304
1707450 304
1707460 303
1707470 303
1707480 302
1707490 302
1707500 302
1707510 302
1707520 302
1707530 302
1707540 302
1707550 302
1707560 302
1707570 302
1707580 302
1707590 303
1707600 303
1707610 304
1707620 304
1707630 304
1707640 304
1707650 304
1707660 304
1707670 306
1707680 309
1707690 309
1707700 310
1707710 314
1707720 321
1707730 321
1707740 320
1707750 318
1707760 318
1707770 316
1707780 314
1707790 314
1707800 309
1707810 307
1707820 307
1707830 309
1707840 313
1707850 313
1707860 318
1707870 323
1707880 325
1707890 325
1707900 332
1707910 329
1707920 329
1707930 326
1707940 320
1707950 320
1707960 324
1707970 329
1707980 329
1707990 335
1708000 339
1708010 339
1708020 342
1708030 346
1708040 346
1708050 348
1708060 351
1708070 355
1708080 355
1708090 357
1708100 361
1708110 361
1708120 365
1708130 367
1708140 367
1708150 370
1708160 374
1708170 374
1708180 377
1708190 380
1708200 380
1708210 384
1708220 388
1708230 391
1708240 391
1708250 394
1708260 397
1708270 397
1708280 401
1708290 403
1708300 403
1708310 405
1708320 407
1708330 407
1708340 405
1708350 403
1708360 403
1708370 402
1708380 401
1708390 401
1708400 401
1708410 401
1708420 401
1708430 401
1708440 401
1708450 400
1708460 400
1708470 398
1708480 395
1708490 395
1708500 392
1708510 390
1708520 390
1708530 388
1708540 387
1708550 387
1708560 385
1708570 382
1708580 380
1708590 380
1708600 378
1708610 376
1708620 376
1708630 374
1708640 373
1708650 373
1708660 370
1708670 369
1708680 369
1708690 366
1708700 365
1708710 365
1708720 365
1708730 366
1708740 368
1708750 368
1708760 370
1708770 372
1708780 372
1708790 374
1708800 378
1708810 378
1708820 379
1708830 379
1708840 379
1708850 379
1708860 379
1708870 379
1708880 382
1708890 382
1708900 382
1708910 382
1708920 381
1708930 383
1708940 383
1708950 387
1708960 387
1708970 387
1708980 386
1708990 381
1709000 381
1709010 375
1709020 370
1709030 370
1709040 364
1709050 356
1709060 356
1709070 353
1709080 353
1709090 347
1709100 347
1709110 349
1709120 356
1709130 356
1709140 360
1709150 358
1709160 358
1709170 353
1709180 349
1709190 349
1709200 345
1709210 339
1709220 339
1709230 339
1709240 344
1709250 342
1709260 342
1709270 338
1709280 344
1709290 344
1709300 349
1709310 355
1709320 355
1709330 357
1709340 354
1709350 354
1709360 350
1709370 345
1709380 345
1709390 339
1709400 338
1709410 342
1709420 342
1709430 346
1709440 353
1709450 353
1709460 353
1709470 360
1709480 360
1709490 363
1709500 368
1709510 368
1709520 364
1709530 360
1709540 360
1709550 354
1709560 346
1709570 346
1709580 349
1709590 352
1709600 354
1709610 354
1709620 356
1709630 359
1709640 359
1709650 361
1709660 363
1709670 363
1709680 365
1709690 367
1709700 367
1709710 369
1709720 372
1709730 372
1709740 374
1709750 374
1709760 376
1709770 376
1709780 378
1709790 380
1709800 380
1709810 383
1709820 387
1709830 387
1709840 391
1709850 393
1709860 393
1709870 396
1709880 398
1709890 398
1709900 397
1709910 394
1709920 391
1709930 391
1709940 389
1709950 387
1709960 387
1709970 383
1709980 380
1709990 380
1710000 378
1710010 375
1710020 375
1710030 372
1710040 370
1710050 370
1710060 369
1710070 368
1710080 368
1710090 366
1710100 366
1710110 366
1710120 366
1710130 367
1710140 367
1710150 367
1710160 367
1710170 367
1710180 367
1710190 368
1710200 369
1710210 369
1710220 371
1710230 372
1710240 372
1710250 374
1710260 376
1710270 377
1710280 377
1710290 376
1710300 376
1710310 376
1710320 375
1710330 374
1710340 374
1710350 372
1710360 370
1710370 370
1710380 368
1710390 366
1710400 366
1710410 364
1710420 363
1710430 360
1710440 360
1710450 357
1710460 356
1710470 356
1710480 353
1710490 350
1710500 350
1710510 348
1710520 346
1710530 346
1710540 343
1710550 340
1710560 340
1710570 338
1710580 336
1710590 334
1710600 334
1710610 333
1710620 333
1710630 333
1710640 333
1710650 333
1710660 333
1710670 333
1710680 333
1710690 333
1710700 334
1710710 338
1710720 338
1710730 346
1710740 350
1710750 350
1710760 354
1710770 357
1710780 361
1710790 361
1710800 364
1710810 366
1710820 366
1710830 369
1710840 372
1710850 372
1710860 375
1710870 377
1710880 377
1710890 380
1710900 383
1710910 383
1710920 387
1710930 389
1710940 392
1710950 392
1710960 394
1710970 396
1710980 396
1710990 397
1711000 394
1711010 394
1711020 390
1711030 387
1711040 387
1711050 384
1711060 381
1711070 381
1711080 378
1711090 376
1711100 373
1711110 373
1711120 370
1711130 370
1711140 370
1711150 370
1711160 370
1711170 370
1711180 370
1711190 367
1711200 367
1711210 364
1711220 360
1711230 360
1711240 355
1711250 351
1711260 351
1711270 348
1711280 344
1711290 338
1711300 338
1711310 337
1711320 337
1711330 337
1711340 338
1711350 341
1711360 341
1711370 342
1711380 341
1711390 341
1711400 339
1711410 337
1711420 337
1711430 335
1711440 333
1711450 330
1711460 330
1711470 328
1711480 327
1711490 327
1711500 325
1711510 324
1711520 324
1711530 323
1711540 321
1711550 321
1711560 320
1711570 319
1711580 319
1711590 319
1711600 319
1711610 319
1711620 319
1711630 318
1711640 318
1711650 318
1711660 318
1711670 319
1711680 319
1711690 319
1711700 319
1711710 319
1711720 318
1711730 318
1711740 318
1711750 318
1711760 317
1711770 317
1711780 317
1711790 316
1711800 315
1711810 315
1711820 315
1711830 314
1711840 314
1711850 314
1711860 314
1711870 314
1711880 313
1711890 312
1711900 312
1711910 313
1711920 312
1711930 312
1711940 313
1711950 313
1711960 313
1711970 313
1711980 314
1711990 314
1712000 314
1712010 315
1712020 315
1712030 315
1712040 316
1712050 316
1712060 316
1712070 316
1712080 315
1712090 315
1712100 315
1712110 315
1712120 315
1712130 315
1712140 315
1712150 314
1712160 314
1712170 314
1712180 314
1712190 314
1712200 314
1712210 313
1712220 313
1712230 313
1712240 312
1712250 312
1712260 312
1712270 312
1712280 312
1712290 312
1712300 312
1712310 313
1712320 313
1712330 314
1712340 317
1712350 317
1712360 319
1712370 320
1712380 320
1712390 321
1712400 322
1712410 322
1712420 322
1712430 321
1712440 321
1712450 320
1712460 319
1712470 318
1712480 318
1712490 317
1712500 316
1712510 316
1712520 317
1712530 317
1712540 317
1712550 318
1712560 318
1712570 318
1712580 318
1712590 319
1712600 319
1712610 320
1712620 321
1712630 321
1712640 321
1712650 321
1712660 321
1712670 321
1712680 321
1712690 321
1712700 321
1712710 321
1712720 321
1712730 321
1712740 321
1712750 321
1712760 321
1712770 321
1712780 321
1712790 321
1712800 321
1712810 321
1712820 320
1712830 320
1712840 320
1712850 319
1712860 319
1712870 318
1712880 318
1712890 318
1712900 316
1712910 315
1712920 315
1712930 313
1712940 311
1712950 311
1712960 309
1712970 308
1712980 308
1712990 308
1713000 309
1713010 311
1713020 311
1713030 314
1713040 316
1713050 316
1713060 319
1713070 323
1713080 323
1713090 326
1713100 330
1713110 330
1713120 332
1713130 334
1713140 337
1713150 337
1713160 340
1713170 341
1713180 341
1713190 342
1713200 343
1713210 343
1713220 344
1713230 345
1713240 345
1713250 346
1713260 346
1713270 346
1713280 347
1713290 347
1713300 347
1713310 347
1713320 347
1713330 345
1713340 345
1713350 344
1713360 343
1713370 343
1713380 341
1713390 340
1713400 340
1713410 339
1713420 338
1713430 338
1713440 337
1713450 337
1713460 337
1713470 338
1713480 340
1713490 341
1713500 341
1713510 343
1713520 344
1713530 344
1713540 345
1713550 346
1713560 346
1713570 347
1713580 347
1713590 347
1713600 346
1713610 344
1713620 344
1713630 343
1713640 342
1713650 341
1713660 341
1713670 340
1713680 339
1713690 339
1713700 339
1713710 338
1713720 338
1713730 338
1713740 337
1713750 337
1713760 336
1713770 335
1713780 335
1713790 334
1713800 331
1713810 331
1713820 328
1713830 325
1713840 324
1713850 324
1713860 321
1713870 318
1713880 318
1713890 316
1713900 313
1713910 313
1713920 312
1713930 312
1713940 312
1713950 312
1713960 310
1713970 310
1713980 310
1713990 310
1714000 309
1714010 309
1714020 309
1714030 310
1714040 310
1714050 310
1714060 310
1714070 310
1714080 311
1714090 312
1714100 312
1714110 313
1714120 313
1714130 313
1714140 316
1714150 319
1714160 322
1714170 322
1714180 325
1714190 327
1714200 327
1714210 326
1714220 329
1714230 329
1714240 331
1714250 332
1714260 332
1714270 334
1714280 333
1714290 333
1714300 338
1714310 344
1714320 344
1714330 345
1714340 346
1714350 349
1714360 349
1714370 353
1714380 354
1714390 354
1714400 357
1714410 359
1714420 359
1714430 362
1714440 366
1714450 366
1714460 368
1714470 371
1714480 371
1714490 373
1714500 375
1714510 376
1714520 376
1714530 377
1714540 375
1714550 375
1714560 374
1714570 371
1714580 371
1714590 367
1714600 364
1714610 364
1714620 360
1714630 357
1714640 357
1714650 354
1714660 350
1714670 347
1714680 347
1714690 342
1714700 332
1714710 332
1714720 327
1714730 334
1714740 334
1714750 337
1714760 341
1714770 341
1714780 345
1714790 348
1714800 348
1714810 351
1714820 355
1714830 359
1714840 359
1714850 361
1714860 363
1714870 363
1714880 366
1714890 370
1714900 370
1714910 373
1714920 374
1714930 374
1714940 376
1714950 375
1714960 375
1714970 373
1714980 371
1714990 371
1715000 373
1715010 374
1715020 376
1715030 376
1715040 378
1715050 380
1715060 380
1715070 378
1715080 376
1715090 376
1715100 374
1715110 370
1715120 370
1715130 366
1715140 362
1715150 362
1715160 359
1715170 359
1715180 355
1715190 355
1715200 352
1715210 342
1715220 342
1715230 333
1715240 335
1715250 335
1715260 337
1715270 339
1715280 339
1715290 340
1715300 344
1715310 344
1715320 349
1715330 352
1715340 352
1715350 352
1715360 352
1715370 353
1715380 353
1715390 354
1715400 354
1715410 354
1715420 356
1715430 358
1715440 358
1715450 358
1715460 357
1715470 357
1715480 355
1715490 352
1715500 352
1715510 350
1715520 348
1715530 347
1715540 347
1715550 345
1715560 338
1715570 338
1715580 331
1715590 326
1715600 326
1715610 324
1715620 322
1715630 322
1715640 320
1715650 318
1715660 318
1715670 315
1715680 315
1715690 315
1715700 315
1715710 317
1715720 319
1715730 319
1715740 321
1715750 326
1715760 326
1715770 330
1715780 334
1715790 334
1715800 335
1715810 336
1715820 336
1715830 338
1715840 339
1715850 340
1715860 340
1715870 342
1715880 343
1715890 343
1715900 344
1715910 345
1715920 345
1715930 346
1715940 348
1715950 348
1715960 348
1715970 347
1715980 347
1715990 346
1716000 345
1716010 345
1716020 345
1716030 345
1716040 345
1716050 345
1716060 346
1716070 346
1716080 346
1716090 346
1716100 346
1716110 346
1716120 345
1716130 343
1716140 343
1716150 341
1716160 339
1716170 339
1716180 337
1716190 336
1716200 336
1716210 336
1716220 335
1716230 335
1716240 335
1716250 335
1716260 334
1716270 334
1716280 334
1716290 333
1716300 333
1716310 333
1716320 332
1716330 332
1716340 331
1716350 329
1716360 328
1716370 328
1716380 322
1716390 315
1716400 315
1716410 313
1716420 311
1716430 311
1716440 312
1716450 310
1716460 310
1716470 307
1716480 306
1716490 306
1716500 309
1716510 308
1716520 308
1716530 306
1716540 310
1716550 312
1716560 312
1716570 311
1716580 312
1716590 312
1716600 312
1716610 311
1716620 311
1716630 309
1716640 305
1716650 305
1716660 304
1716670 302
1716680 302
1716690 301
1716700 302
1716710 302
1716720 302
1716730 304
1716740 307
1716750 307
1716760 302
1716770 302
1716780 302
1716790 300
1716800 296
1716810 296
1716820 294
1716830 292
1716840 292
1716850 292
1716860 291
1716870 290
1716880 290
1716890 290
1716900 290
1716910 290
1716920 290
1716930 290
1716940 290
1716950 290
1716960 290
1716970 290
1716980 290
1716990 290
1717000 290
1717010 290
1717020 289
1717030 289
1717040 289
1717050 289
1717060 289
1717070 289
1717080 289
1717090 289
1717100 289
1717110 289
1717120 289
1717130 289
1717140 289
1717150 289
1717160 289
1717170 289
1717180 289
1717190 289
1717200 289
1717210 288
1717220 288
1717230 288
1717240 288
1717250 288
1717260 288
1717270 288
1717280 288
1717290 288
1717300 288
1717310 288
1717320 288
1717330 288
1717340 288
1717350 288
1717360 288
1717370 286
1717380 285
1717390 285
1717400 288
1717410 289
1717420 289
1717430 289
1717440 289
1717450 289
1717460 289
1717470 289
1717480 289
1717490 289
1717500 288
1717510 288
1717520 288
1717530 288
1717540 288
1717550 288
1717560 288
1717570 288
1717580 288
1717590 288
1717600 288
1717610 288
1717620 288
1717630 288
1717640 288
1717650 288
1717660 288
1717670 288
1717680 288
1717690 288
1717700 288
1717710 288
1717720 288
1717730 288
1717740 288
1717750 288
1717760 288
1717770 288
1717780 288
1717790 288
1717800 288
1717810 288
1717820 288
1717830 288
1717840 288
1717850 288
1717860 288
1717870 288
1717880 288
1717890 288
1717900 288
1717910 288
1717920 288
1717930 288
1717940 288
1717950 288
1717960 288
1717970 288
1717980 288
1717990 288
1718000 288
1718010 288
1718020 288
1718030 287
1718040 287
1718050 287
1718060 287
1718070 287
1718080 287
1718090 287
1718100 287
1718110 288
1718120 288
1718130 288
1718140 288
1718150 288
1718160 287
1718170 287
1718180 287
1718190 287
1718200 288
1718210 288
1718220 288
1718230 288
1718240 288
1718250 288
1718260 289
1718270 289
1718280 289
1718290 289
1718300 290
1718310 290
1718320 290
1718330 290
1718340 290
1718350 290
1718360 290
1718370 290
1718380 291
1718390 291
1718400 291
1718410 291
1718420 292
1718430 292
1718440 292
1718450 292
1718460 292
1718470 292
1718480 292
1718490 292
1718500 292
1718510 293
1718520 293
1718530 293
1718540 293
1718550 293
1718560 293
1718570 293
1718580 293
1718590 294
1718600 294
1718610 294
1718620 294
1718630 294
1718640 294
1718650 295
1718660 295
1718670 295
1718680 295
1718690 295
1718700 295
1718710 296
1718720 296
1718730 296
1718740 298
1718750 298
1718760 298
1718770 298
1718780 300
1718790 300
1718800 304
1718810 306
1718820 306
1718830 308
1718840 312
1718850 312
1718860 314
1718870 317
1718880 317
1718890 318
1718900 320
1718910 322
1718920 322
1718930 325
1718940 329
1718950 329
1718960 329
1718970 330
1718980 330
1718990 331
1719000 332
1719010 332
1719020 333
1719030 334
1719040 334
1719050 336
1719060 337
1719070 338
1719080 338
1719090 340
1719100 341
1719110 341
1719120 342
1719130 343
1719140 343
1719150 341
1719160 341
1719170 341
1719180 342
1719190 343
1719200 343
1719210 341
1719220 342
1719230 342
1719240 343
1719250 344
1719260 344
1719270 344
1719280 344
1719290 342
1719300 342
1719310 340
1719320 338
1719330 338
1719340 335
1719350 333
1719360 333
1719370 330
1719380 327
1719390 327
1719400 324
1719410 322
1719420 320
1719430 320
1719440 318
1719450 316
1719460 316
1719470 312
1719480 311
1719490 311
1719500 310
1719510 308
1719520 308
1719530 308
1719540 307
1719550 307
1719560 306
1719570 305
1719580 304
1719590 304
1719600 304
1719610 304
1719620 304
1719630 304
1719640 304
1719650 304
1719660 304
1719670 304
1719680 304
1719690 305
1719700 306
1719710 306
1719720 305
1719730 305
1719740 305
1719750 305
1719760 305
1719770 305
1719780 305
1719790 303
1719800 307
1719810 307
1719820 308
1719830 308
1719840 308
1719850 309
1719860 310
1719870 310
1719880 311
1719890 313
1719900 313
1719910 314
1719920 315
1719930 317
1719940 317
1719950 318
1719960 321
1719970 321
1719980 323
1719990 326
