1700000 391
1700010 391
1700020 391
1700030 391
1700040 391
1700050 391
1700060 390
1700070 390
1700080 391
1700090 390
1700100 390
1700110 390
1700120 389
1700130 389
1700140 388
1700150 387
1700160 386
1700170 386
1700180 385
1700190 384
1700200 384
1700210 383
1700220 382
1700230 382
1700240 381
1700250 380
1700260 380
1700270 379
1700280 378
1700290 378
1700300 377
1700310 376
1700320 375
1700330 375
1700340 373
1700350 372
1700360 372
1700370 371
1700380 368
1700390 368
1700400 365
1700410 365
1700420 365
1700430 366
1700440 369
1700450 369
1700460 371
1700470 375
1700480 375
1700490 378
1700500 381
1700510 383
1700520 383
1700530 384
1700540 385
1700550 385
1700560 382
1700570 379
1700580 379
1700590 373
1700600 375
1700610 375
1700620 378
1700630 380
1700640 380
1700650 383
1700660 385
1700670 385
1700680 385
1700690 385
1700700 385
1700710 385
1700720 385
1700730 384
1700740 384
1700750 383
1700760 382
1700770 382
1700780 383
1700790 384
1700800 384
1700810 384
1700820 385
1700830 385
1700840 385
1700850 386
1700860 387
1700870 387
1700880 386
1700890 386
1700900 386
1700910 386
1700920 386
1700930 386
1700940 386
1700950 385
1700960 385
1700970 384
1700980 383
1700990 383
1701000 381
1701010 380
1701020 379
1701030 379
1701040 377
1701050 376
1701060 376
1701070 375
1701080 374
1701090 374
1701100 373
1701110 372
1701120 372
1701130 371
1701140 370
1701150 370
1701160 369
1701170 369
1701180 368
1701190 368
1701200 368
1701210 367
1701220 367
1701230 367
1701240 367
1701250 367
1701260 366
1701270 366
1701280 366
1701290 366
1701300 365
1701310 365
1701320 365
1701330 365
1701340 364
1701350 364
1701360 364
1701370 364
1701380 364
1701390 364
1701400 364
1701410 364
1701420 363
1701430 363
1701440 363
1701450 363
1701460 363
1701470 363
1701480 362
1701490 362
1701500 362
1701510 362
1701520 362
1701530 362
1701540 362
1701550 362
1701560 362
1701570 362
1701580 362
1701590 362
1701600 362
1701610 362
1701620 362
1701630 362
1701640 362
1701650 362
1701660 362
1701670 362
1701680 362
1701690 362
1701700 362
1701710 362
1701720 362
1701730 362
1701740 361
1701750 362
1701760 362
1701770 361
1701780 361
1701790 361
1701800 361
1701810 361
1701820 361
1701830 361
1701840 361
1701850 361
1701860 361
1701870 361
1701880 360
1701890 360
1701900 360
1701910 360
1701920 360
1701930 360
1701940 360
1701950 360
1701960 359
1701970 359
1701980 359
1701990 359
1702000 359
1702010 359
1702020 359
1702030 358
1702040 358
1702050 358
1702060 358
1702070 358
1702080 358
1702090 357
1702100 357
1702110 357
1702120 357
1702130 357
1702140 357
1702150 357
1702160 357
1702170 357
1702180 356
1702190 356
1702200 355
1702210 355
1702220 355
1702230 354
1702240 354
1702250 354
1702260 354
1702270 354
1702280 354
1702290 354
1702300 354
1702310 354
1702320 353
1702330 353
1702340 353
1702350 352
1702360 351
1702370 351
1702380 351
1702390 350
1702400 350
1702410 349
1702420 348
1702430 348
1702440 347
1702450 346
1702460 346
1702470 345
1702480 343
1702490 343
1702500 341
1702510 339
1702520 339
1702530 336
1702540 333
1702550 332
1702560 332
1702570 331
1702580 331
1702590 331
1702600 330
1702610 330
1702620 330
1702630 330
1702640 330
1702650 330
1702660 329
1702670 329
1702680 329
1702690 329
1702700 330
1702710 330
1702720 330
1702730 329
1702740 329
1702750 329
1702760 329
1702770 329
1702780 329
1702790 328
1702800 328
1702810 328
1702820 328
1702830 328
1702840 328
1702850 328
1702860 327
1702870 327
1702880 327
1702890 328
1702900 327
1702910 327
1702920 327
1702930 327
1702940 327
1702950 327
1702960 326
1702970 326
1702980 326
1702990 327
1703000 327
1703010 328
1703020 328
1703030 328
1703040 328
1703050 330
1703060 332
1703070 332
1703080 333
1703090 335
1703100 335
1703110 337
1703120 338
1703130 338
1703140 339
1703150 339
1703160 339
1703170 339
1703180 339
1703190 339
1703200 340
1703210 341
1703220 342
1703230 342
1703240 342
1703250 342
1703260 342
1703270 342
1703280 342
1703290 342
1703300 342
1703310 343
1703320 343
1703330 343
1703340 342
1703350 342
1703360 341
1703370 338
1703380 334
1703390 334
1703400 332
1703410 337
1703420 337
1703430 339
1703440 343
1703450 343
1703460 345
1703470 346
1703480 346
1703490 347
1703500 346
1703510 346
1703520 346
1703530 345
1703540 344
1703550 344
1703560 346
1703570 346
1703580 346
1703590 346
1703600 346
1703610 346
1703620 344
1703630 341
1703640 341
1703650 337
1703660 339
1703670 339
1703680 341
1703690 342
1703700 342
1703710 343
1703720 343
1703730 342
1703740 342
1703750 341
1703760 338
1703770 338
1703780 337
1703790 336
1703800 336
1703810 335
1703820 335
1703830 335
1703840 334
1703850 333
1703860 333
1703870 332
1703880 332
1703890 331
1703900 331
1703910 328
1703920 326
1703930 326
1703940 325
1703950 325
1703960 325
1703970 324
1703980 324
1703990 324
1704000 324
1704010 324
1704020 324
1704030 323
1704040 323
1704050 323
1704060 323
1704070 323
1704080 322
1704090 322
1704100 322
1704110 322
1704120 322
1704130 322
1704140 322
1704150 322
1704160 322
1704170 322
1704180 322
1704190 322
1704200 322
1704210 322
1704220 322
1704230 322
1704240 321
1704250 321
1704260 321
1704270 320
1704280 320
1704290 321
1704300 321
1704310 321
1704320 321
1704330 319
1704340 319
1704350 319
1704360 318
1704370 318
1704380 319
1704390 319
1704400 320
1704410 320
1704420 320
1704430 320
1704440 320
1704450 320
1704460 320
1704470 320
1704480 320
1704490 320
1704500 320
1704510 320
1704520 320
1704530 320
1704540 321
1704550 320
1704560 320
1704570 320
1704580 320
1704590 320
1704600 320
1704610 323
1704620 326
1704630 326
1704640 326
1704650 326
1704660 326
1704670 324
1704680 321
1704690 321
1704700 319
1704710 319
1704720 319
1704730 320
1704740 320
1704750 320
1704760 320
1704770 319
1704780 319
1704790 319
1704800 319
1704810 321
1704820 321
1704830 321
1704840 322
1704850 322
1704860 321
1704870 321
1704880 321
1704890 321
1704900 321
1704910 321
1704920 321
1704930 320
1704940 321
1704950 321
1704960 321
1704970 321
1704980 321
1704990 320
1705000 320
1705010 320
1705020 318
1705030 318
1705040 318
1705050 318
1705060 319
1705070 319
1705080 319
1705090 319
1705100 319
1705110 319
1705120 318
1705130 318
1705140 318
1705150 318
1705160 318
1705170 318
1705180 318
1705190 318
1705200 318
1705210 318
1705220 318
1705230 318
1705240 318
1705250 318
1705260 318
1705270 318
1705280 317
1705290 317
1705300 317
1705310 317
1705320 316
1705330 316
1705340 315
1705350 314
1705360 314
1705370 314
1705380 314
1705390 314
1705400 313
1705410 313
1705420 312
1705430 312
1705440 312
1705450 312
1705460 312
1705470 312
1705480 312
1705490 312
1705500 312
1705510 312
1705520 312
1705530 312
1705540 311
1705550 311
1705560 311
1705570 311
1705580 311
1705590 311
1705600 311
1705610 311
1705620 311
1705630 311
1705640 311
1705650 311
1705660 311
1705670 311
1705680 311
1705690 311
1705700 311
1705710 311
1705720 311
1705730 311
1705740 311
1705750 311
1705760 311
1705770 311
1705780 311
1705790 310
1705800 310
1705810 310
1705820 311
1705830 310
1705840 310
1705850 310
1705860 309
1705870 309
1705880 309
1705890 309
1705900 309
1705910 309
1705920 309
1705930 309
1705940 309
1705950 309
1705960 309
1705970 309
1705980 309
1705990 308
1706000 308
1706010 308
1706020 308
1706030 308
1706040 308
1706050 308
1706060 308
1706070 308
1706080 308
1706090 308
1706100 308
1706110 308
1706120 308
1706130 308
1706140 308
1706150 307
1706160 307
1706170 308
1706180 308
1706190 308
1706200 308
1706210 308
1706220 308
1706230 308
1706240 308
1706250 308
1706260 308
1706270 307
1706280 307
1706290 307
1706300 307
1706310 307
1706320 307
1706330 307
1706340 307
1706350 307
1706360 307
1706370 307
1706380 307
1706390 307
1706400 307
1706410 307
1706420 307
1706430 307
1706440 307
1706450 307
1706460 307
1706470 307
1706480 307
1706490 307
1706500 307
1706510 307
1706520 307
1706530 307
1706540 307
1706550 307
1706560 307
1706570 307
1706580 307
1706590 307
1706600 307
1706610 307
1706620 307
1706630 307
1706640 307
1706650 307
1706660 307
1706670 307
1706680 307
1706690 307
1706700 307
1706710 307
1706720 307
1706730 307
1706740 307
1706750 307
1706760 307
1706770 306
1706780 306
1706790 306
1706800 306
1706810 306
1706820 306
1706830 306
1706840 306
1706850 306
1706860 306
1706870 306
1706880 306
1706890 306
1706900 306
1706910 306
1706920 306
1706930 306
1706940 306
1706950 306
1706960 306
1706970 306
1706980 304
1706990 304
1707000 304
1707010 306
1707020 306
1707030 306
1707040 306
1707050 306
1707060 306
1707070 306
1707080 306
1707090 306
1707100 306
1707110 306
1707120 306
1707130 306
1707140 306
1707150 306
1707160 306
1707170 306
1707180 306
1707190 306
1707200 306
1707210 306
1707220 306
1707230 306
1707240 306
1707250 305
1707260 305
1707270 305
1707280 305
1707290 305
1707300 305
1707310 305
1707320 305
1707330 305
1707340 305
1707350 305
1707360 305
1707370 305
1707380 305
1707390 305
1707400 305
1707410 305
1707420 305
1707430 305
1707440 305
1707450 305
1707460 305
1707470 305
1707480 304
1707490 304
1707500 304
1707510 304
1707520 304
1707530 304
1707540 304
1707550 304
1707560 304
1707570 304
1707580 304
1707590 304
1707600 304
1707610 304
1707620 304
1707630 304
1707640 304
1707650 304
1707660 304
1707670 304
1707680 304
1707690 304
1707700 304
1707710 304
1707720 304
1707730 304
1707740 304
1707750 304
1707760 304
1707770 304
1707780 304
1707790 304
1707800 304
1707810 304
1707820 304
1707830 304
1707840 304
1707850 304
1707860 304
1707870 304
1707880 304
1707890 304
1707900 304
1707910 304
1707920 304
1707930 304
1707940 304
1707950 304
1707960 304
1707970 304
1707980 304
1707990 304
1708000 304
1708010 304
1708020 304
1708030 304
1708040 304
1708050 303
1708060 303
1708070 303
1708080 303
1708090 303
1708100 303
1708110 303
1708120 303
1708130 303
1708140 303
1708150 303
1708160 304
1708170 304
1708180 303
1708190 303
1708200 303
1708210 303
1708220 303
1708230 303
1708240 303
1708250 303
1708260 303
1708270 302
1708280 302
1708290 302
1708300 302
1708310 302
1708320 302
1708330 302
1708340 302
1708350 302
1708360 302
1708370 302
1708380 302
1708390 302
1708400 302
1708410 302
1708420 302
1708430 302
1708440 302
1708450 302
1708460 302
1708470 302
1708480 302
1708490 302
1708500 302
1708510 302
1708520 302
1708530 302
1708540 300
1708550 300
1708560 300
1708570 303
1708580 303
1708590 303
1708600 304
1708610 304
1708620 306
1708630 308
1708640 310
1708650 310
1708660 312
1708670 314
1708680 314
1708690 314
1708700 313
1708710 313
1708720 314
1708730 313
1708740 313
1708750 315
1708760 316
1708770 316
1708780 316
1708790 316
1708800 316
1708810 316
1708820 316
1708830 316
1708840 316
1708850 316
1708860 314
1708870 314
1708880 313
1708890 313
1708900 313
1708910 314
1708920 315
1708930 315
1708940 315
1708950 315
1708960 315
1708970 315
1708980 314
1708990 313
1709000 313
1709010 313
1709020 312
1709030 312
1709040 312
1709050 310
1709060 310
1709070 310
1709080 309
1709090 309
1709100 309
1709110 308
1709120 308
1709130 308
1709140 307
1709150 306
1709160 306
1709170 306
1709180 306
1709190 306
1709200 306
1709210 306
1709220 306
1709230 306
1709240 306
1709250 306
1709260 306
1709270 306
1709280 306
1709290 306
1709300 306
1709310 306
1709320 306
1709330 306
1709340 306
1709350 306
1709360 306
1709370 306
1709380 306
1709390 306
1709400 306
1709410 306
1709420 306
1709430 306
1709440 306
1709450 306
1709460 306
1709470 306
1709480 307
1709490 308
1709500 308
1709510 308
1709520 309
1709530 311
1709540 311
1709550 313
1709560 317
1709570 317
1709580 318
1709590 320
1709600 320
1709610 322
1709620 324
1709630 324
1709640 328
1709650 332
1709660 336
1709670 336
1709680 339
1709690 343
1709700 340
1709710 344
1709720 345
1709730 345
1709740 346
1709750 347
1709760 347
1709770 348
1709780 349
1709790 349
1709800 350
1709810 348
1709820 348
1709830 346
1709840 343
1709850 341
1709860 341
1709870 338
1709880 335
1709890 335
1709900 331
1709910 327
1709920 327
1709930 326
1709940 322
1709950 322
1709960 319
1709970 318
1709980 318
1709990 318
1710000 319
1710010 322
1710020 322
1710030 324
1710040 326
1710050 326
1710060 327
1710070 328
1710080 328
1710090 332
1710100 337
1710110 337
1710120 340
1710130 345
1710140 345
1710150 349
1710160 353
1710170 356
1710180 356
1710190 358
1710200 362
1710210 362
1710220 367
1710230 370
1710240 370
1710250 372
1710260 375
1710270 375
1710280 378
1710290 379
1710300 379
1710310 381
1710320 383
1710330 383
1710340 385
1710350 387
1710360 388
1710370 388
1710380 389
1710390 388
1710400 388
1710410 385
1710420 382
1710430 382
1710440 380
1710450 377
1710460 377
1710470 374
1710480 372
1710490 372
1710500 369
1710510 366
1710520 364
1710530 364
1710540 361
1710550 359
1710560 359
1710570 357
1710580 356
1710590 356
1710600 354
1710610 353
1710620 353
1710630 351
1710640 350
1710650 350
1710660 349
1710670 348
1710680 347
1710690 347
1710700 346
1710710 345
1710720 345
1710730 344
1710740 343
1710750 343
1710760 343
1710770 342
1710780 342
1710790 341
1710800 340
1710810 340
1710820 340
1710830 339
1710840 339
1710850 338
1710860 338
1710870 337
1710880 337
1710890 335
1710900 335
1710910 335
1710920 331
1710930 330
1710940 330
1710950 330
1710960 329
1710970 329
1710980 329
1710990 328
1711000 328
1711010 328
1711020 327
1711030 326
1711040 326
1711050 326
1711060 325
1711070 325
1711080 325
1711090 324
1711100 324
1711110 324
1711120 324
1711130 324
1711140 327
1711150 332
1711160 332
1711170 335
1711180 331
1711190 327
1711200 327
1711210 324
1711220 324
1711230 324
1711240 324
1711250 323
1711260 323
1711270 322
1711280 322
1711290 322
1711300 321
1711310 321
1711320 321
1711330 321
1711340 321
1711350 321
1711360 320
1711370 320
1711380 320
1711390 320
1711400 320
1711410 319
1711420 319
1711430 319
1711440 319
1711450 319
1711460 319
1711470 319
1711480 319
1711490 319
1711500 320
1711510 320
1711520 319
1711530 319
1711540 320
1711550 320
1711560 320
1711570 321
1711580 321
1711590 321
1711600 322
1711610 322
1711620 323
1711630 326
1711640 326
1711650 328
1711660 332
1711670 332
1711680 336
1711690 338
1711700 341
1711710 341
1711720 343
1711730 345
1711740 345
1711750 347
1711760 349
1711770 349
1711780 352
1711790 354
1711800 354
1711810 356
1711820 358
1711830 358
1711840 360
1711850 362
1711860 362
1711870 363
1711880 364
1711890 365
1711900 365
1711910 366
1711920 366
1711930 366
1711940 368
1711950 367
1711960 367
1711970 367
1711980 365
1711990 365
1712000 363
1712010 361
1712020 361
1712030 358
1712040 357
1712050 356
1712060 356
1712070 355
1712080 354
1712090 354
1712100 353
1712110 350
1712120 350
1712130 347
1712140 345
1712150 345
1712160 341
1712170 338
1712180 338
1712190 334
1712200 331
1712210 328
1712220 328
1712230 326
1712240 325
1712250 325
1712260 324
1712270 322
1712280 322
1712290 321
1712300 321
1712310 321
1712320 321
1712330 321
1712340 321
1712350 321
1712360 322
1712370 322
1712380 323
1712390 325
1712400 326
1712410 326
1712420 330
1712430 332
1712440 332
1712450 333
1712460 335
1712470 335
1712480 337
1712490 338
1712500 338
1712510 340
1712520 343
1712530 343
1712540 347
1712550 351
1712560 352
1712570 352
1712580 354
1712590 355
1712600 355
1712610 355
1712620 354
1712630 354
1712640 352
1712650 350
1712660 350
1712670 348
1712680 346
1712690 346
1712700 344
1712710 342
1712720 341
1712730 341
1712740 339
1712750 337
1712760 337
1712770 336
1712780 332
1712790 332
1712800 331
1712810 331
1712820 331
1712830 331
1712840 330
1712850 330
1712860 328
1712870 327
1712880 327
1712890 325
1712900 323
1712910 320
1712920 320
1712930 319
1712940 319
1712950 319
1712960 316
1712970 315
1712980 315
1712990 315
1713000 314
1713010 314
1713020 314
1713030 314
1713040 314
1713050 314
1713060 315
1713070 315
1713080 315
1713090 316
1713100 316
1713110 316
1713120 317
1713130 317
1713140 317
1713150 319
1713160 321
1713170 321
1713180 321
1713190 323
1713200 323
1713210 324
1713220 325
1713230 327
1713240 327
1713250 330
1713260 333
1713270 333
1713280 336
1713290 338
1713300 338
1713310 341
1713320 345
1713330 345
1713340 347
1713350 350
1713360 350
1713370 351
1713380 352
1713390 352
1713400 354
1713410 355
1713420 355
1713430 355
1713440 354
1713450 353
1713460 353
1713470 351
1713480 350
1713490 350
1713500 349
1713510 347
1713520 347
1713530 345
1713540 344
1713550 344
1713560 343
1713570 343
1713580 344
1713590 344
1713600 344
1713610 345
1713620 345
1713630 347
1713640 349
1713650 349
1713660 350
1713670 351
1713680 351
1713690 352
1713700 352
1713710 352
1713720 352
1713730 352
1713740 351
1713750 351
1713760 351
1713770 350
1713780 350
1713790 350
1713800 349
1713810 349
1713820 348
1713830 347
1713840 347
1713850 346
1713860 344
1713870 344
1713880 342
1713890 340
1713900 340
1713910 338
1713920 335
1713930 333
1713940 333
1713950 329
1713960 325
1713970 325
1713980 321
1713990 320
1714000 320
1714010 318
1714020 317
1714030 317
1714040 316
1714050 315
1714060 315
1714070 315
1714080 314
1714090 314
1714100 314
1714110 314
1714120 315
1714130 315
1714140 318
1714150 320
1714160 320
1714170 321
1714180 323
1714190 323
1714200 323
1714210 324
1714220 324
1714230 324
1714240 324
1714250 324
1714260 324
1714270 324
1714280 323
1714290 323
1714300 323
1714310 322
1714320 322
1714330 321
1714340 321
1714350 321
1714360 320
1714370 320
1714380 320
1714390 320
1714400 320
1714410 320
1714420 320
1714430 321
1714440 322
1714450 322
1714460 323
1714470 324
1714480 324
1714490 325
1714500 326
1714510 326
1714520 326
1714530 327
1714540 327
1714550 328
1714560 328
1714570 328
1714580 329
1714590 329
1714600 329
1714610 329
1714620 333
1714630 336
1714640 336
1714650 338
1714660 340
1714670 340
1714680 342
1714690 344
1714700 344
1714710 346
1714720 349
1714730 349
1714740 351
1714750 352
1714760 353
1714770 353
1714780 354
1714790 354
1714800 354
1714810 351
1714820 354
1714830 354
1714840 356
1714850 356
1714860 356
1714870 354
1714880 359
1714890 359
1714900 359
1714910 361
1714920 361
1714930 362
1714940 364
1714950 368
1714960 368
1714970 371
1714980 373
1714990 373
1715000 377
1715010 381
1715020 381
1715030 383
1715040 385
1715050 385
1715060 388
1715070 389
1715080 389
1715090 391
1715100 392
1715110 393
1715120 393
1715130 393
1715140 392
1715150 392
1715160 390
1715170 389
1715180 389
1715190 388
1715200 387
1715210 387
1715220 387
1715230 386
1715240 386
1715250 386
1715260 387
1715270 387
1715280 387
1715290 386
1715300 383
1715310 383
1715320 380
1715330 376
1715340 376
1715350 372
1715360 367
1715370 367
1715380 361
1715390 356
1715400 356
1715410 350
1715420 345
1715430 345
1715440 348
1715450 356
1715460 362
1715470 362
1715480 367
1715490 372
1715500 372
1715510 372
1715520 371
1715530 371
1715540 372
1715550 377
1715560 377
1715570 374
1715580 370
1715590 370
1715600 369
1715610 366
1715620 366
1715630 366
1715640 366
1715650 372
1715660 372
1715670 374
1715680 374
1715690 374
1715700 375
1715710 375
1715720 375
1715730 376
1715740 377
1715750 377
1715760 377
1715770 375
1715780 374
1715790 374
1715800 373
1715810 372
1715820 372
1715830 372
1715840 370
1715850 370
1715860 367
1715870 367
1715880 367
1715890 366
1715900 364
1715910 364
1715920 361
1715930 360
1715940 360
1715950 357
1715960 358
1715970 356
1715980 356
1715990 355
1716000 353
1716010 353
1716020 349
1716030 348
1716040 348
1716050 351
1716060 353
1716070 353
1716080 355
1716090 355
1716100 355
1716110 355
1716120 354
1716130 353
1716140 353
1716150 352
1716160 350
1716170 350
1716180 349
1716190 347
1716200 347
1716210 345
1716220 342
1716230 342
1716240 346
1716250 347
1716260 347
1716270 347
1716280 347
1716290 346
1716300 346
1716310 344
1716320 343
1716330 343
1716340 342
1716350 341
1716360 341
1716370 341
1716380 340
1716390 340
1716400 341
1716410 341
1716420 341
1716430 341
1716440 342
1716450 342
1716460 343
1716470 343
1716480 344
1716490 344
1716500 344
1716510 344
1716520 344
1716530 343
1716540 342
1716550 342
1716560 340
1716570 338
1716580 338
1716590 336
1716600 334
1716610 334
1716620 333
1716630 332
1716640 330
1716650 330
1716660 329
1716670 328
1716680 328
1716690 327
1716700 326
1716710 326
1716720 324
1716730 323
1716740 323
1716750 322
1716760 321
1716770 321
1716780 320
1716790 319
1716800 317
1716810 317
1716820 316
1716830 314
1716840 314
1716850 313
1716860 313
1716870 313
1716880 312
1716890 311
1716900 311
1716910 310
1716920 309
1716930 309
1716940 303
1716950 298
1716960 298
1716970 295
1716980 295
1716990 295
1717000 295
1717010 294
1717020 295
1717030 295
1717040 295
1717050 295
1717060 295
1717070 296
1717080 296
1717090 296
1717100 296
1717110 297
1717120 297
1717130 297
1717140 298
1717150 298
1717160 298
1717170 298
1717180 297
1717190 297
1717200 296
1717210 297
1717220 297
1717230 298
1717240 300
1717250 300
1717260 299
1717270 298
1717280 298
1717290 299
1717300 299
1717310 298
1717320 298
1717330 296
1717340 294
1717350 294
1717360 293
1717370 292
1717380 292
1717390 291
1717400 290
1717410 290
1717420 289
1717430 289
1717440 289
1717450 288
1717460 288
1717470 288
1717480 288
1717490 288
1717500 288
1717510 288
1717520 288
1717530 288
1717540 288
1717550 288
1717560 288
1717570 288
1717580 288
1717590 288
1717600 288
1717610 288
1717620 288
1717630 288
1717640 288
1717650 288
1717660 288
1717670 288
1717680 287
1717690 287
1717700 287
1717710 287
1717720 287
1717730 287
1717740 287
1717750 287
1717760 287
1717770 287
1717780 287
1717790 287
1717800 287
1717810 287
1717820 287
1717830 287
1717840 287
1717850 287
1717860 287
1717870 287
1717880 287
1717890 287
1717900 287
1717910 287
1717920 287
1717930 287
1717940 287
1717950 287
1717960 287
1717970 287
1717980 287
1717990 287
1718000 287
1718010 284
1718020 284
1718030 285
1718040 288
1718050 288
1718060 288
1718070 288
1718080 288
1718090 288
1718100 288
1718110 288
1718120 288
1718130 287
1718140 287
1718150 287
1718160 287
1718170 287
1718180 287
1718190 287
1718200 287
1718210 287
1718220 287
1718230 287
1718240 287
1718250 287
1718260 287
1718270 287
1718280 287
1718290 287
1718300 287
1718310 287
1718320 287
1718330 287
1718340 287
1718350 287
1718360 288
1718370 288
1718380 287
1718390 287
1718400 287
1718410 287
1718420 287
1718430 287
1718440 287
1718450 287
1718460 287
1718470 287
1718480 287
1718490 287
1718500 287
1718510 287
1718520 287
1718530 287
1718540 287
1718550 288
1718560 288
1718570 288
1718580 289
1718590 289
1718600 290
1718610 292
1718620 292
1718630 293
1718640 293
1718650 293
1718660 293
1718670 293
1718680 293
1718690 293
1718700 293
1718710 293
1718720 293
1718730 294
1718740 294
1718750 294
1718760 294
1718770 294
1718780 294
1718790 294
1718800 294
1718810 294
1718820 295
1718830 295
1718840 295
1718850 295
1718860 295
1718870 295
1718880 295
1718890 295
1718900 295
1718910 295
1718920 295
1718930 295
1718940 295
1718950 295
1718960 295
1718970 295
1718980 296
1718990 296
1719000 296
1719010 296
1719020 296
1719030 296
1719040 296
1719050 296
1719060 296
1719070 296
1719080 296
1719090 295
1719100 295
1719110 296
1719120 297
1719130 297
1719140 297
1719150 297
1719160 297
1719170 297
1719180 297
1719190 297
1719200 297
1719210 298
1719220 298
1719230 298
1719240 298
1719250 298
1719260 298
1719270 299
1719280 302
1719290 302
1719300 309
1719310 312
1719320 312
1719330 315
1719340 315
1719350 312
1719360 312
1719370 309
1719380 308
1719390 308
1719400 309
1719410 309
1719420 309
1719430 310
1719440 310
1719450 310
1719460 310
1719470 310
1719480 310
1719490 311
1719500 311
1719510 311
1719520 311
1719530 312
1719540 312
1719550 312
1719560 313
1719570 313
1719580 313
1719590 316
1719600 316
1719610 316
1719620 318
1719630 321
1719640 321
1719650 323
1719660 319
1719670 319
1719680 319
1719690 319
1719700 320
1719710 320
1719720 321
1719730 323
1719740 323
1719750 323
1719760 328
1719770 328
1719780 332
1719790 335
1719800 335
1719810 338
1719820 340
1719830 340
1719840 341
1719850 344
1719860 346
1719870 346
1719880 347
1719890 348
1719900 348
1719910 348
1719920 342
1719930 342
1719940 337
1719950 344
1719960 344
1719970 344
1719980 346
1719990 346
