1700000 345
1700010 345
1700020 345
1700030 345
1700040 345
1700050 345
1700060 345
1700070 345
1700080 345
1700090 345
1700100 345
1700110 345
1700120 345
1700130 345
1700140 345
1700150 345
1700160 345
1700170 345
1700180 345
1700190 345
1700200 345
1700210 345
1700220 345
1700230 345
1700240 345
1700250 345
1700260 345
1700270 345
1700280 345
1700290 345
1700300 344
1700310 344
1700320 344
1700330 344
1700340 344
1700350 344
1700360 344
1700370 344
1700380 344
1700390 344
1700400 343
1700410 343
1700420 343
1700430 343
1700440 343
1700450 343
1700460 343
1700470 343
1700480 343
1700490 343
1700500 343
1700510 343
1700520 343
1700530 343
1700540 343
1700550 343
1700560 343
1700570 343
1700580 343
1700590 343
1700600 342
1700610 342
1700620 342
1700630 342
1700640 342
1700650 342
1700660 342
1700670 342
1700680 342
1700690 342
1700700 342
1700710 342
1700720 342
1700730 342
1700740 342
1700750 342
1700760 342
1700770 342
1700780 342
1700790 342
1700800 342
1700810 341
1700820 341
1700830 341
1700840 341
1700850 341
1700860 341
1700870 340
1700880 339
1700890 339
1700900 338
1700910 337
1700920 337
1700930 337
1700940 337
1700950 337
1700960 337
1700970 337
1700980 337
1700990 337
1701000 337
1701010 337
1701020 337
1701030 337
1701040 337
1701050 337
1701060 337
1701070 337
1701080 337
1701090 337
1701100 337
1701110 337
1701120 337
1701130 337
1701140 337
1701150 337
1701160 337
1701170 338
1701180 338
1701190 338
1701200 338
1701210 338
1701220 338
1701230 338
1701240 338
1701250 338
1701260 338
1701270 338
1701280 338
1701290 338
1701300 338
1701310 338
1701320 338
1701330 338
1701340 338
1701350 338
1701360 338
1701370 338
1701380 338
1701390 338
1701400 338
1701410 337
1701420 336
1701430 336
1701440 336
1701450 335
1701460 335
1701470 335
1701480 335
1701490 331
1701500 331
1701510 334
1701520 334
1701530 334
1701540 333
1701550 333
1701560 333
1701570 334
1701580 334
1701590 333
1701600 333
1701610 333
1701620 333
1701630 333
1701640 333
1701650 333
1701660 333
1701670 333
1701680 333
1701690 333
1701700 333
1701710 333
1701720 333
1701730 333
1701740 333
1701750 333
1701760 333
1701770 333
1701780 333
1701790 333
1701800 333
1701810 333
1701820 333
1701830 333
1701840 333
1701850 333
1701860 333
1701870 334
1701880 334
1701890 333
1701900 334
1701910 334
1701920 333
1701930 334
1701940 334
1701950 334
1701960 336
1701970 336
1701980 337
1701990 339
1702000 340
1702010 340
1702020 342
1702030 344
1702040 344
1702050 346
1702060 349
1702070 349
1702080 351
1702090 353
1702100 353
1702110 354
1702120 356
1702130 356
1702140 360
1702150 363
1702160 366
1702170 366
1702180 368
1702190 373
1702200 373
1702210 375
1702220 379
1702230 379
1702240 383
1702250 388
1702260 388
1702270 391
1702280 395
1702290 395
1702300 396
1702310 396
1702320 396
1702330 396
1702340 395
1702350 392
1702360 392
1702370 390
1702380 387
1702390 387
1702400 383
1702410 383
1702420 383
1702430 380
1702440 380
1702450 380
1702460 379
1702470 379
1702480 379
1702490 378
1702500 376
1702510 374
1702520 374
1702530 371
1702540 368
1702550 368
1702560 366
1702570 364
1702580 364
1702590 363
1702600 363
1702610 363
1702620 362
1702630 360
1702640 360
1702650 359
1702660 358
1702670 356
1702680 356
1702690 354
1702700 351
1702710 351
1702720 348
1702730 346
1702740 346
1702750 345
1702760 343
1702770 343
1702780 341
1702790 339
1702800 339
1702810 336
1702820 333
1702830 333
1702840 332
1702850 332
1702860 333
1702870 333
1702880 333
1702890 335
1702900 335
1702910 336
1702920 338
1702930 338
1702940 342
1702950 345
1702960 345
1702970 348
1702980 351
1702990 351
1703000 353
1703010 355
1703020 358
1703030 358
1703040 360
1703050 362
1703060 362
1703070 364
1703080 367
1703090 367
1703100 369
1703110 371
1703120 371
1703130 372
1703140 372
1703150 372
1703160 372
1703170 372
1703180 372
1703190 372
1703200 372
1703210 373
1703220 373
1703230 374
1703240 376
1703250 376
1703260 379
1703270 380
1703280 380
1703290 381
1703300 382
1703310 382
1703320 382
1703330 381
1703340 381
1703350 379
1703360 374
1703370 367
1703380 367
1703390 366
1703400 364
1703410 364
1703420 361
1703430 358
1703440 358
1703450 357
1703460 356
1703470 356
1703480 357
1703490 357
1703500 357
1703510 356
1703520 355
1703530 355
1703540 353
1703550 352
1703560 351
1703570 351
1703580 350
1703590 348
1703600 348
1703610 346
1703620 345
1703630 345
1703640 344
1703650 342
1703660 342
1703670 339
1703680 334
1703690 334
1703700 334
1703710 334
1703720 335
1703730 335
1703740 336
1703750 340
1703760 340
1703770 343
1703780 347
1703790 347
1703800 350
1703810 353
1703820 353
1703830 356
1703840 358
1703850 358
1703860 361
1703870 363
1703880 364
1703890 364
1703900 368
1703910 371
1703920 371
1703930 373
1703940 374
1703950 374
1703960 377
1703970 379
1703980 379
1703990 381
1704000 383
1704010 383
1704020 384
1704030 386
1704040 386
1704050 388
1704060 390
1704070 393
1704080 393
1704090 393
1704100 395
1704110 395
1704120 397
1704130 399
1704140 399
1704150 401
1704160 401
1704170 401
1704180 401
1704190 398
1704200 398
1704210 396
1704220 394
1704230 393
1704240 393
1704250 393
1704260 392
1704270 392
1704280 392
1704290 392
1704300 392
1704310 391
1704320 391
1704330 391
1704340 390
1704350 391
1704360 391
1704370 389
1704380 387
1704390 387
1704400 383
1704410 382
1704420 380
1704430 380
1704440 379
1704450 378
1704460 378
1704470 377
1704480 376
1704490 376
1704500 375
1704510 374
1704520 374
1704530 373
1704540 371
1704550 371
1704560 370
1704570 369
1704580 369
1704590 369
1704600 369
1704610 370
1704620 370
1704630 370
1704640 372
1704650 372
1704660 373
1704670 376
1704680 376
1704690 378
1704700 379
1704710 379
1704720 381
1704730 382
1704740 382
1704750 384
1704760 385
1704770 386
1704780 386
1704790 386
1704800 385
1704810 385
1704820 384
1704830 384
1704840 384
1704850 383
1704860 381
1704870 381
1704880 378
1704890 375
1704900 375
1704910 373
1704920 371
1704930 369
1704940 369
1704950 368
1704960 367
1704970 367
1704980 367
1704990 366
1705000 366
1705010 363
1705020 361
1705030 361
1705040 360
1705050 358
1705060 358
1705070 357
1705080 356
1705090 356
1705100 357
1705110 358
1705120 360
1705130 360
1705140 361
1705150 363
1705160 363
1705170 364
1705180 365
1705190 365
1705200 366
1705210 368
1705220 368
1705230 370
1705240 371
1705250 371
1705260 373
1705270 375
1705280 377
1705290 377
1705300 379
1705310 380
1705320 380
1705330 381
1705340 383
1705350 383
1705360 386
1705370 390
1705380 391
1705390 392
1705400 393
1705410 393
1705420 392
1705430 390
1705440 387
1705450 387
1705460 385
1705470 384
1705480 384
1705490 384
1705500 383
1705510 383
1705520 383
1705530 382
1705540 382
1705550 380
1705560 376
1705570 376
1705580 373
1705590 369
1705600 369
1705610 368
1705620 365
1705630 362
1705640 362
1705650 360
1705660 357
1705670 357
1705680 355
1705690 352
1705700 352
1705710 348
1705720 345
1705730 345
1705740 343
1705750 341
1705760 341
1705770 342
1705780 345
1705790 345
1705800 345
1705810 345
1705820 344
1705830 344
1705840 343
1705850 344
1705860 344
1705870 346
1705880 347
1705890 347
1705900 351
1705910 352
1705920 352
1705930 352
1705940 353
1705950 353
1705960 353
1705970 353
1705980 352
1705990 352
1706000 351
1706010 350
1706020 350
1706030 350
1706040 349
1706050 349
1706060 349
1706070 349
1706080 349
1706090 348
1706100 346
1706110 346
1706120 344
1706130 341
1706140 340
1706150 340
1706160 338
1706170 336
1706180 336
1706190 334
1706200 332
1706210 332
1706220 330
1706230 329
1706240 329
1706250 328
1706260 328
1706270 328
1706280 327
1706290 325
1706300 325
1706310 323
1706320 324
1706330 329
1706340 329
1706350 333
1706360 337
1706370 337
1706380 339
1706390 340
1706400 340
1706410 340
1706420 341
1706430 341
1706440 341
1706450 341
1706460 341
1706470 334
1706480 335
1706490 334
1706500 334
1706510 333
1706520 332
1706530 332
1706540 330
1706550 329
1706560 329
1706570 329
1706580 328
1706590 328
1706600 328
1706610 327
1706620 327
1706630 327
1706640 326
1706650 326
1706660 324
1706670 324
1706680 323
1706690 323
1706700 323
1706710 321
1706720 321
1706730 320
1706740 319
1706750 319
1706760 318
1706770 318
1706780 318
1706790 317
1706800 317
1706810 317
1706820 318
1706830 318
1706840 319
1706850 319
1706860 320
1706870 321
1706880 321
1706890 321
1706900 321
1706910 321
1706920 319
1706930 319
1706940 319
1706950 318
1706960 317
1706970 317
1706980 316
1706990 315
1707000 314
1707010 314
1707020 314
1707030 313
1707040 313
1707050 313
1707060 313
1707070 313
1707080 312
1707090 312
1707100 312
1707110 311
1707120 311
1707130 311
1707140 310
1707150 312
1707160 312
1707170 313
1707180 314
1707190 316
1707200 316
1707210 318
1707220 320
1707230 320
1707240 321
1707250 322
1707260 322
1707270 323
1707280 325
1707290 325
1707300 326
1707310 328
1707320 328
1707330 329
1707340 331
1707350 333
1707360 333
1707370 334
1707380 334
1707390 334
1707400 335
1707410 335
1707420 335
1707430 333
1707440 330
1707450 330
1707460 327
1707470 327
1707480 327
1707490 326
1707500 324
1707510 324
1707520 323
1707530 322
1707540 321
1707550 321
1707560 321
1707570 320
1707580 320
1707590 321
1707600 321
1707610 321
1707620 322
1707630 324
1707640 324
1707650 326
1707660 328
1707670 328
1707680 330
1707690 332
1707700 332
1707710 332
1707720 332
1707730 331
1707740 331
1707750 330
1707760 330
1707770 330
1707780 330
1707790 330
1707800 330
1707810 331
1707820 332
1707830 332
1707840 334
1707850 334
1707860 334
1707870 334
1707880 333
1707890 333
1707900 333
1707910 332
1707920 331
1707930 331
1707940 330
1707950 329
1707960 329
1707970 327
1707980 322
1707990 322
1708000 326
1708010 329
1708020 329
1708030 331
1708040 332
1708050 333
1708060 333
1708070 334
1708080 335
1708090 335
1708100 335
1708110 335
1708120 335
1708130 335
1708140 335
1708150 335
1708160 334
1708170 334
1708180 334
1708190 334
1708200 335
1708210 335
1708220 335
1708230 336
1708240 336
1708250 336
1708260 336
1708270 336
1708280 336
1708290 337
1708300 336
1708310 336
1708320 336
1708330 336
1708340 336
1708350 336
1708360 336
1708370 336
1708380 336
1708390 334
1708400 331
1708410 331
1708420 329
1708430 326
1708440 326
1708450 324
1708460 322
1708470 322
1708480 319
1708490 317
1708500 317
1708510 316
1708520 315
1708530 315
1708540 314
1708550 312
1708560 310
1708570 310
1708580 309
1708590 308
1708600 308
1708610 308
1708620 308
1708630 308
1708640 309
1708650 308
1708660 308
1708670 310
1708680 312
1708690 312
1708700 312
1708710 313
1708720 313
1708730 315
1708740 316
1708750 317
1708760 317
1708770 318
1708780 318
1708790 318
1708800 319
1708810 319
1708820 319
1708830 319
1708840 319
1708850 319
1708860 319
1708870 318
1708880 318
1708890 318
1708900 320
1708910 321
1708920 321
1708930 322
1708940 322
1708950 322
1708960 323
1708970 323
1708980 323
1708990 325
1709000 327
1709010 327
1709020 328
1709030 329
1709040 329
1709050 329
1709060 329
1709070 329
1709080 329
1709090 329
1709100 329
1709110 329
1709120 329
1709130 329
1709140 329
1709150 329
1709160 329
1709170 329
1709180 329
1709190 329
1709200 329
1709210 329
1709220 330
1709230 330
1709240 329
1709250 329
1709260 330
1709270 330
1709280 330
1709290 330
1709300 330
1709310 330
1709320 330
1709330 330
1709340 330
1709350 329
1709360 329
1709370 330
1709380 329
1709390 329
1709400 329
1709410 329
1709420 329
1709430 329
1709440 329
1709450 328
1709460 328
1709470 329
1709480 329
1709490 329
1709500 329
1709510 329
1709520 329
1709530 328
1709540 328
1709550 328
1709560 328
1709570 328
1709580 328
1709590 327
1709600 327
1709610 326
1709620 326
1709630 326
1709640 325
1709650 325
1709660 324
1709670 324
1709680 324
1709690 323
1709700 322
1709710 322
1709720 322
1709730 322
1709740 322
1709750 321
1709760 321
1709770 321
1709780 320
1709790 319
1709800 318
1709810 318
1709820 317
1709830 314
1709840 314
1709850 313
1709860 312
1709870 312
1709880 312
1709890 311
1709900 311
1709910 311
1709920 311
1709930 311
1709940 311
1709950 311
1709960 313
1709970 313
1709980 317
1709990 320
1710000 320
1710010 323
1710020 324
1710030 324
1710040 324
1710050 324
1710060 324
1710070 323
1710080 322
1710090 322
1710100 321
1710110 320
1710120 319
1710130 319
1710140 317
1710150 317
1710160 317
1710170 316
1710180 316
1710190 316
1710200 316
1710210 320
1710220 320
1710230 321
1710240 323
1710250 323
1710260 325
1710270 327
1710280 327
1710290 328
1710300 328
1710310 328
1710320 328
1710330 328
1710340 328
1710350 328
1710360 329
1710370 328
1710380 328
1710390 328
1710400 328
1710410 328
1710420 328
1710430 328
1710440 328
1710450 328
1710460 328
1710470 328
1710480 328
1710490 328
1710500 328
1710510 328
1710520 328
1710530 328
1710540 328
1710550 328
1710560 328
1710570 328
1710580 328
1710590 328
1710600 328
1710610 328
1710620 328
1710630 328
1710640 328
1710650 328
1710660 328
1710670 328
1710680 327
1710690 327
1710700 327
1710710 327
1710720 328
1710730 328
1710740 327
1710750 327
1710760 327
1710770 327
1710780 327
1710790 327
1710800 327
1710810 327
1710820 327
1710830 327
1710840 327
1710850 327
1710860 327
1710870 327
1710880 327
1710890 327
1710900 326
1710910 326
1710920 326
1710930 326
1710940 326
1710950 326
1710960 326
1710970 325
1710980 325
1710990 325
1711000 325
1711010 325
1711020 325
1711030 325
1711040 325
1711050 325
1711060 325
1711070 325
1711080 325
1711090 325
1711100 324
1711110 324
1711120 324
1711130 324
1711140 324
1711150 324
1711160 323
1711170 323
1711180 323
1711190 323
1711200 323
1711210 323
1711220 323
1711230 323
1711240 323
1711250 323
1711260 323
1711270 323
1711280 323
1711290 322
1711300 322
1711310 322
1711320 323
1711330 323
1711340 323
1711350 323
1711360 323
1711370 323
1711380 323
1711390 323
1711400 323
1711410 323
1711420 323
1711430 323
1711440 323
1711450 323
1711460 323
1711470 323
1711480 323
1711490 323
1711500 323
1711510 323
1711520 323
1711530 323
1711540 322
1711550 322
1711560 322
1711570 322
1711580 321
1711590 321
1711600 320
1711610 319
1711620 319
1711630 318
1711640 317
1711650 317
1711660 316
1711670 315
1711680 314
1711690 314
1711700 314
1711710 313
1711720 313
1711730 312
1711740 311
1711750 311
1711760 310
1711770 309
1711780 309
1711790 308
1711800 306
1711810 306
1711820 304
1711830 303
1711840 303
1711850 302
1711860 302
1711870 302
1711880 302
1711890 302
1711900 302
1711910 302
1711920 302
1711930 301
1711940 301
1711950 301
1711960 300
1711970 300
1711980 302
1711990 304
1712000 304
1712010 305
1712020 307
1712030 308
1712040 308
1712050 309
1712060 311
1712070 311
1712080 312
1712090 313
1712100 313
1712110 314
1712120 315
1712130 315
1712140 316
1712150 316
1712160 316
1712170 317
1712180 318
1712190 318
1712200 319
1712210 319
1712220 320
1712230 320
1712240 320
1712250 320
1712260 320
1712270 320
1712280 320
1712290 320
1712300 319
1712310 319
1712320 319
1712330 318
1712340 317
1712350 317
1712360 316
1712370 315
1712380 314
1712390 314
1712400 313
1712410 312
1712420 312
1712430 311
1712440 309
1712450 309
1712460 309
1712470 308
1712480 308
1712490 307
1712500 305
1712510 305
1712520 303
1712530 302
1712540 302
1712550 302
1712560 303
1712570 303
1712580 303
1712590 303
1712600 304
1712610 304
1712620 305
1712630 307
1712640 307
1712650 309
1712660 311
1712670 311
1712680 313
1712690 314
1712700 314
1712710 316
1712720 317
1712730 318
1712740 318
1712750 319
1712760 320
1712770 320
1712780 320
1712790 320
1712800 320
1712810 321
1712820 321
1712830 321
1712840 321
1712850 321
1712860 321
1712870 322
1712880 322
1712890 322
1712900 322
1712910 322
1712920 323
1712930 323
1712940 323
1712950 323
1712960 323
1712970 324
1712980 324
1712990 324
1713000 324
1713010 325
1713020 325
1713030 325
1713040 325
1713050 325
1713060 325
1713070 325
1713080 325
1713090 325
1713100 326
1713110 326
1713120 326
1713130 327
1713140 327
1713150 327
1713160 327
1713170 327
1713180 327
1713190 327
1713200 326
1713210 326
1713220 326
1713230 326
1713240 326
1713250 326
1713260 325
1713270 323
1713280 323
1713290 321
1713300 317
1713310 317
1713320 313
1713330 309
1713340 309
1713350 304
1713360 304
1713370 304
1713380 304
1713390 304
1713400 304
1713410 304
1713420 304
1713430 304
1713440 304
1713450 307
1713460 312
1713470 312
1713480 316
1713490 320
1713500 320
1713510 323
1713520 326
1713530 326
1713540 331
1713550 334
1713560 334
1713570 339
1713580 341
1713590 342
1713600 342
1713610 338
1713620 333
1713630 333
1713640 328
1713650 323
1713660 323
1713670 319
1713680 314
1713690 314
1713700 312
1713710 312
1713720 312
1713730 311
1713740 311
1713750 311
1713760 311
1713770 312
1713780 315
1713790 315
1713800 316
1713810 322
1713820 322
1713830 327
1713840 330
1713850 330
1713860 329
1713870 336
1713880 336
1713890 338
1713900 337
1713910 337
1713920 337
1713930 341
1713940 338
1713950 338
1713960 344
1713970 345
1713980 345
1713990 344
1714000 342
1714010 342
1714020 340
1714030 341
1714040 341
1714050 340
1714060 339
1714070 339
1714080 338
1714090 337
1714100 337
1714110 336
1714120 335
1714130 333
1714140 333
1714150 330
1714160 329
1714170 329
1714180 329
1714190 330
1714200 330
1714210 334
1714220 335
1714230 335
1714240 341
1714250 341
1714260 341
1714270 346
1714280 351
1714290 355
1714300 355
1714310 358
1714320 362
1714330 362
1714340 364
1714350 366
1714360 366
1714370 369
1714380 371
1714390 371
1714400 374
1714410 376
1714420 376
1714430 378
1714440 380
1714450 380
1714460 383
1714470 385
1714480 387
1714490 387
1714500 388
1714510 390
1714520 390
1714530 391
1714540 392
1714550 392
1714560 392
1714570 391
1714580 391
1714590 391
1714600 390
1714610 390
1714620 390
1714630 388
1714640 386
1714650 386
1714660 384
1714670 381
1714680 381
1714690 378
1714700 376
1714710 376
1714720 373
1714730 370
1714740 370
1714750 367
1714760 362
1714770 362
1714780 356
1714790 349
1714800 349
1714810 348
1714820 348
1714830 347
1714840 347
1714850 346
1714860 345
1714870 348
1714880 347
1714890 345
1714900 345
1714910 345
1714920 347
1714930 347
1714940 349
1714950 349
1714960 349
1714970 352
1714980 357
1714990 359
1715000 359
1715010 361
1715020 365
1715030 365
1715040 368
1715050 371
1715060 371
1715070 375
1715080 377
1715090 377
1715100 380
1715110 384
1715120 384
1715130 387
1715140 390
1715150 392
1715160 392
1715170 394
1715180 396
1715190 396
1715200 398
1715210 401
1715220 401
1715230 404
1715240 407
1715250 407
1715260 411
1715270 413
1715280 413
1715290 414
1715300 416
1715310 416
1715320 418
1715330 421
1715340 423
1715350 423
1715360 425
1715370 428
1715380 428
1715390 430
1715400 432
1715410 432
1715420 435
1715430 437
1715440 437
1715450 439
1715460 442
1715470 442
1715480 444
1715490 446
1715500 448
1715510 448
1715520 450
1715530 452
1715540 452
1715550 454
1715560 455
1715570 455
1715580 458
1715590 456
1715600 456
1715610 456
1715620 463
1715630 463
1715640 464
1715650 466
1715660 466
1715670 468
1715680 470
1715690 473
1715700 473
1715710 475
1715720 476
1715730 476
1715740 478
1715750 479
1715760 479
1715770 481
1715780 484
1715790 484
1715800 486
1715810 488
1715820 488
1715830 491
1715840 494
1715850 496
1715860 496
1715870 497
1715880 498
1715890 498
1715900 499
1715910 500
1715920 500
1715930 501
1715940 503
1715950 503
1715960 504
1715970 504
1715980 504
1715990 504
1716000 504
1716010 504
1716020 504
1716030 503
1716040 503
1716050 503
1716060 502
1716070 502
1716080 502
1716090 501
1716100 500
1716110 500
1716120 499
1716130 499
1716140 499
1716150 497
1716160 497
1716170 497
1716180 496
1716190 495
1716200 495
1716210 495
1716220 494
1716230 493
1716240 493
1716250 493
1716260 492
1716270 492
1716280 489
1716290 488
1716300 488
1716310 485
1716320 483
1716330 483
1716340 480
1716350 477
1716360 477
1716370 474
1716380 472
1716390 470
1716400 470
1716410 466
1716420 463
1716430 463
1716440 459
1716450 455
1716460 455
1716470 451
1716480 447
1716490 447
1716500 441
1716510 435
1716520 435
1716530 432
1716540 430
1716550 427
1716560 427
1716570 422
1716580 425
1716590 425
1716600 425
1716610 424
1716620 424
1716630 421
1716640 417
1716650 417
1716660 415
1716670 412
1716680 412
1716690 409
1716700 407
1716710 405
1716720 405
1716730 403
1716740 400
1716750 400
1716760 398
1716770 395
1716780 395
1716790 392
1716800 390
1716810 390
1716820 385
1716830 379
1716840 379
1716850 372
1716860 375
1716870 375
1716880 376
1716890 374
1716900 372
1716910 372
1716920 371
1716930 367
1716940 367
1716950 360
1716960 358
1716970 358
1716980 354
1716990 354
1717000 354
1717010 355
1717020 354
1717030 354
1717040 353
1717050 353
1717060 353
1717070 353
1717080 353
1717090 350
1717100 350
1717110 351
1717120 356
1717130 356
1717140 363
1717150 367
1717160 367
1717170 368
1717180 371
1717190 371
1717200 373
1717210 375
1717220 375
1717230 376
1717240 376
1717250 376
1717260 376
1717270 375
1717280 374
1717290 374
1717300 370
1717310 371
1717320 371
1717330 367
1717340 365
1717350 365
1717360 362
1717370 368
1717380 368
1717390 373
1717400 378
1717410 384
1717420 384
1717430 389
1717440 392
1717450 392
1717460 396
1717470 400
1717480 400
1717490 404
1717500 408
1717510 408
1717520 412
1717530 415
1717540 415
1717550 418
1717560 421
1717570 421
1717580 425
1717590 426
1717600 428
1717610 428
1717620 429
1717630 430
1717640 430
1717650 430
1717660 429
1717670 429
1717680 428
1717690 426
1717700 426
1717710 423
1717720 420
1717730 420
1717740 416
1717750 415
1717760 413
1717770 413
1717780 412
1717790 411
1717800 411
1717810 410
1717820 409
1717830 409
1717840 408
1717850 407
1717860 407
1717870 407
1717880 407
1717890 407
1717900 407
1717910 405
1717920 405
1717930 401
1717940 398
1717950 395
1717960 395
1717970 392
1717980 389
1717990 389
1718000 386
1718010 383
1718020 383
1718030 380
1718040 378
1718050 378
1718060 376
1718070 374
1718080 374
1718090 371
1718100 367
1718110 363
1718120 363
1718130 360
1718140 356
1718150 356
1718160 352
1718170 348
1718180 348
1718190 343
1718200 339
1718210 339
1718220 335
1718230 332
1718240 332
1718250 328
1718260 328
1718270 327
1718280 327
1718290 321
1718300 320
1718310 320
1718320 322
1718330 322
1718340 322
1718350 323
1718360 324
1718370 324
1718380 325
1718390 326
1718400 326
1718410 326
1718420 329
1718430 329
1718440 334
1718450 337
1718460 342
1718470 342
1718480 346
1718490 349
1718500 349
1718510 351
1718520 353
1718530 353
1718540 356
1718550 360
1718560 360
1718570 363
1718580 365
1718590 365
1718600 368
1718610 372
1718620 374
1718630 374
1718640 376
1718650 376
1718660 376
1718670 373
1718680 370
1718690 370
1718700 366
1718710 360
1718720 360
1718730 363
1718740 364
1718750 364
1718760 364
1718770 367
1718780 367
1718790 370
1718800 372
1718810 374
1718820 374
1718830 374
1718840 373
1718850 373
1718860 374
1718870 373
1718880 373
1718890 371
1718900 366
1718910 366
1718920 362
1718930 358
1718940 358
1718950 355
1718960 352
1718970 348
1718980 348
1718990 345
1719000 340
1719010 340
1719020 336
1719030 330
1719040 330
1719050 325
1719060 320
1719070 320
1719080 311
1719090 307
1719100 307
1719110 307
1719120 307
1719130 307
1719140 307
1719150 307
1719160 308
1719170 308
1719180 309
1719190 310
1719200 310
1719210 314
1719220 318
1719230 318
1719240 320
1719250 324
1719260 324
1719270 326
1719280 328
1719290 328
1719300 326
1719310 324
1719320 321
1719330 321
1719340 318
1719350 317
1719360 317
1719370 316
1719380 315
1719390 315
1719400 314
1719410 314
1719420 314
1719430 315
1719440 316
1719450 316
1719460 315
1719470 316
1719480 316
1719490 319
1719500 322
1719510 326
1719520 326
1719530 330
1719540 333
1719550 333
1719560 336
1719570 338
1719580 338
1719590 344
1719600 347
1719610 347
1719620 350
1719630 354
1719640 354
1719650 356
1719660 358
1719670 357
1719680 357
1719690 352
1719700 357
1719710 357
1719720 363
1719730 368
1719740 368
1719750 370
1719760 371
1719770 371
1719780 371
1719790 373
1719800 373
1719810 374
1719820 376
1719830 377
1719840 377
1719850 379
1719860 382
1719870 382
1719880 383
1719890 384
1719900 384
1719910 385
1719920 385
1719930 385
1719940 385
1719950 386
1719960 386
1719970 390
1719980 392
1719990 392
