1700000 367
1700010 367
1700020 367
1700030 365
1700040 364
1700050 364
1700060 361
1700070 359
1700080 359
1700090 357
1700100 354
1700110 354
1700120 353
1700130 353
1700140 353
1700150 353
1700160 353
1700170 353
1700180 353
1700190 353
1700200 353
1700210 353
1700220 352
1700230 353
1700240 353
1700250 354
1700260 355
1700270 355
1700280 356
1700290 356
1700300 357
1700310 357
1700320 358
1700330 359
1700340 359
1700350 360
1700360 360
1700370 360
1700380 361
1700390 362
1700400 362
1700410 363
1700420 363
1700430 363
1700440 363
1700450 363
1700460 363
1700470 363
1700480 362
1700490 363
1700500 363
1700510 364
1700520 364
1700530 364
1700540 365
1700550 365
1700560 365
1700570 365
1700580 365
1700590 365
1700600 364
1700610 364
1700620 364
1700630 364
1700640 364
1700650 364
1700660 364
1700670 363
1700680 362
1700690 362
1700700 361
1700710 359
1700720 359
1700730 357
1700740 355
1700750 355
1700760 352
1700770 349
1700780 349
1700790 346
1700800 345
1700810 345
1700820 345
1700830 345
1700840 345
1700850 345
1700860 345
1700870 351
1700880 351
1700890 355
1700900 359
1700910 359
1700920 363
1700930 365
1700940 367
1700950 370
1700960 372
1700970 372
1700980 374
1700990 373
1701000 370
1701010 370
1701020 366
1701030 363
1701040 363
1701050 361
1701060 357
1701070 357
1701080 357
1701090 355
1701100 355
1701110 352
1701120 352
1701130 352
1701140 352
1701150 352
1701160 352
1701170 352
1701180 353
1701190 355
1701200 355
1701210 358
1701220 362
1701230 362
1701240 363
1701250 365
1701260 365
1701270 366
1701280 368
1701290 368
1701300 370
1701310 371
1701320 371
1701330 373
1701340 374
1701350 376
1701360 376
1701370 378
1701380 380
1701390 380
1701400 383
1701410 385
1701420 385
1701430 387
1701440 389
1701450 389
1701460 390
1701470 391
1701480 391
1701490 392
1701500 393
1701510 393
1701520 394
1701530 396
1701540 399
1701550 399
1701560 400
1701570 402
1701580 402
1701590 404
1701600 406
1701610 406
1701620 406
1701630 405
1701640 405
1701650 405
1701660 401
1701670 401
1701680 398
1701690 394
1701700 392
1701710 392
1701720 389
1701730 387
1701740 387
1701750 386
1701760 384
1701770 384
1701780 383
1701790 382
1701800 382
1701810 381
1701820 381
1701830 381
1701840 382
1701850 383
1701860 383
1701870 384
1701880 383
1701890 382
1701900 382
1701910 380
1701920 378
1701930 378
1701940 378
1701950 377
1701960 377
1701970 377
1701980 376
1701990 376
1702000 376
1702010 374
1702020 374
1702030 373
1702040 371
1702050 368
1702060 368
1702070 362
1702080 360
1702090 360
1702100 359
1702110 357
1702120 357
1702130 354
1702140 351
1702150 351
1702160 347
1702170 345
1702180 345
1702190 344
1702200 344
1702210 344
1702220 344
1702230 344
1702240 344
1702250 344
1702260 346
1702270 347
1702280 347
1702290 349
1702300 352
1702310 352
1702320 354
1702330 357
1702340 357
1702350 359
1702360 361
1702370 361
1702380 364
1702390 366
1702400 368
1702410 368
1702420 369
1702430 369
1702440 369
1702450 368
1702460 366
1702470 366
1702480 365
1702490 363
1702500 363
1702510 360
1702520 357
1702530 357
1702540 354
1702550 350
1702560 350
1702570 350
1702580 350
1702590 353
1702600 353
1702610 357
1702620 360
1702630 360
1702640 364
1702650 367
1702660 367
1702670 370
1702680 371
1702690 371
1702700 377
1702710 379
1702720 379
1702730 380
1702740 383
1702750 385
1702760 385
1702770 387
1702780 390
1702790 390
1702800 392
1702810 394
1702820 394
1702830 393
1702840 393
1702850 393
1702860 393
1702870 393
1702880 393
1702890 393
1702900 393
1702910 393
1702920 392
1702930 391
1702940 390
1702950 390
1702960 390
1702970 389
1702980 389
1702990 389
1703000 387
1703010 387
1703020 385
1703030 381
1703040 381
1703050 376
1703060 374
1703070 374
1703080 374
1703090 374
1703100 375
1703110 375
1703120 374
1703130 374
1703140 374
1703150 373
1703160 373
1703170 373
1703180 372
1703190 370
1703200 370
1703210 366
1703220 361
1703230 361
1703240 363
1703250 362
1703260 362
1703270 358
1703280 356
1703290 352
1703300 352
1703310 353
1703320 357
1703330 357
1703340 361
1703350 363
1703360 363
1703370 366
1703380 368
1703390 368
1703400 370
1703410 373
1703420 373
1703430 374
1703440 375
1703450 376
1703460 376
1703470 377
1703480 378
1703490 378
1703500 380
1703510 380
1703520 380
1703530 381
1703540 382
1703550 382
1703560 382
1703570 380
1703580 380
1703590 378
1703600 376
1703610 376
1703620 374
1703630 372
1703640 370
1703650 370
1703660 369
1703670 368
1703680 368
1703690 367
1703700 367
1703710 367
1703720 367
1703730 367
1703740 367
1703750 367
1703760 367
1703770 367
1703780 367
1703790 366
1703800 366
1703810 366
1703820 365
1703830 365
1703840 365
1703850 366
1703860 366
1703870 366
1703880 364
1703890 363
1703900 363
1703910 360
1703920 358
1703930 358
1703940 355
1703950 353
1703960 353
1703970 352
1703980 350
1703990 348
1704000 348
1704010 346
1704020 343
1704030 343
1704040 341
1704050 340
1704060 340
1704070 338
1704080 336
1704090 336
1704100 333
1704110 331
1704120 331
1704130 329
1704140 328
1704150 327
1704160 327
1704170 327
1704180 327
1704190 327
1704200 327
1704210 327
1704220 327
1704230 328
1704240 327
1704250 327
1704260 328
1704270 329
1704280 329
1704290 330
1704300 330
1704310 330
1704320 331
1704330 331
1704340 332
1704350 332
1704360 332
1704370 334
1704380 334
1704390 336
1704400 337
1704410 337
1704420 339
1704430 340
1704440 340
1704450 340
1704460 340
1704470 340
1704480 340
1704490 340
1704500 340
1704510 340
1704520 341
1704530 342
1704540 342
1704550 342
1704560 343
1704570 343
1704580 344
1704590 343
1704600 343
1704610 343
1704620 343
1704630 343
1704640 343
1704650 343
1704660 343
1704670 343
1704680 343
1704690 342
1704700 342
1704710 342
1704720 341
1704730 341
1704740 340
1704750 337
1704760 337
1704770 334
1704780 332
1704790 332
1704800 330
1704810 330
1704820 330
1704830 331
1704840 333
1704850 334
1704860 334
1704870 337
1704880 339
1704890 339
1704900 341
1704910 343
1704920 343
1704930 345
1704940 346
1704950 346
1704960 347
1704970 347
1704980 347
1704990 347
1705000 347
1705010 347
1705020 348
1705030 348
1705040 348
1705050 348
1705060 347
1705070 347
1705080 347
1705090 346
1705100 346
1705110 346
1705120 345
1705130 345
1705140 345
1705150 345
1705160 344
1705170 344
1705180 344
1705190 344
1705200 343
1705210 343
1705220 343
1705230 342
1705240 342
1705250 341
1705260 340
1705270 340
1705280 339
1705290 338
1705300 338
1705310 337
1705320 336
1705330 336
1705340 335
1705350 334
1705360 333
1705370 333
1705380 332
1705390 330
1705400 330
1705410 329
1705420 328
1705430 328
1705440 326
1705450 325
1705460 325
1705470 324
1705480 323
1705490 323
1705500 322
1705510 321
1705520 321
1705530 321
1705540 322
1705550 321
1705560 321
1705570 321
1705580 321
1705590 321
1705600 321
1705610 322
1705620 322
1705630 323
1705640 324
1705650 324
1705660 326
1705670 327
1705680 327
1705690 328
1705700 329
1705710 331
1705720 331
1705730 333
1705740 334
1705750 334
1705760 336
1705770 337
1705780 337
1705790 340
1705800 342
1705810 342
1705820 343
1705830 344
1705840 344
1705850 344
1705860 343
1705870 343
1705880 342
1705890 341
1705900 339
1705910 339
1705920 338
1705930 337
1705940 337
1705950 337
1705960 337
1705970 337
1705980 337
1705990 337
1706000 337
1706010 339
1706020 341
1706030 341
1706040 343
1706050 345
1706060 346
1706070 346
1706080 348
1706090 349
1706100 349
1706110 350
1706120 351
1706130 351
1706140 353
1706150 355
1706160 355
1706170 357
1706180 359
1706190 359
1706200 361
1706210 364
1706220 364
1706230 366
1706240 369
1706250 371
1706260 371
1706270 374
1706280 377
1706290 377
1706300 379
1706310 381
1706320 381
1706330 382
1706340 383
1706350 383
1706360 384
1706370 383
1706380 383
1706390 382
1706400 380
1706410 380
1706420 380
1706430 379
1706440 373
1706450 373
1706460 370
1706470 368
1706480 368
1706490 364
1706500 360
1706510 360
1706520 359
1706530 357
1706540 357
1706550 355
1706560 354
1706570 354
1706580 351
1706590 348
1706600 343
1706610 343
1706620 341
1706630 340
1706640 340
1706650 338
1706660 336
1706670 336
1706680 334
1706690 333
1706700 333
1706710 333
1706720 333
1706730 333
1706740 332
1706750 330
1706760 330
1706770 330
1706780 330
1706790 331
1706800 331
1706810 332
1706820 333
1706830 333
1706840 334
1706850 336
1706860 336
1706870 338
1706880 340
1706890 340
1706900 342
1706910 344
1706920 344
1706930 347
1706940 350
1706950 353
1706960 353
1706970 357
1706980 360
1706990 360
1707000 363
1707010 366
1707020 366
1707030 369
1707040 371
1707050 371
1707060 373
1707070 373
1707080 373
1707090 372
1707100 371
1707110 369
1707120 369
1707130 366
1707140 363
1707150 363
1707160 359
1707170 357
1707180 357
1707190 356
1707200 353
1707210 353
1707220 352
1707230 350
1707240 350
1707250 349
1707260 348
1707270 348
1707280 347
1707290 345
1707300 342
1707310 342
1707320 341
1707330 340
1707340 340
1707350 339
1707360 338
1707370 338
1707380 336
1707390 335
1707400 335
1707410 333
1707420 331
1707430 331
1707440 329
1707450 327
1707460 325
1707470 325
1707480 323
1707490 321
1707500 321
1707510 320
1707520 319
1707530 319
1707540 318
1707550 317
1707560 317
1707570 316
1707580 316
1707590 316
1707600 316
1707610 316
1707620 316
1707630 319
1707640 320
1707650 321
1707660 321
1707670 324
1707680 327
1707690 327
1707700 331
1707710 334
1707720 334
1707730 335
1707740 337
1707750 337
1707760 338
1707770 341
1707780 341
1707790 344
1707800 347
1707810 351
1707820 351
1707830 351
1707840 350
1707850 350
1707860 351
1707870 351
1707880 351
1707890 351
1707900 351
1707910 351
1707920 351
1707930 352
1707940 352
1707950 351
1707960 352
1707970 352
1707980 353
1707990 354
1708000 355
1708010 355
1708020 356
1708030 357
1708040 357
1708050 358
1708060 359
1708070 359
1708080 360
1708090 362
1708100 362
1708110 363
1708120 365
1708130 365
1708140 367
1708150 368
1708160 369
1708170 369
1708180 371
1708190 371
1708200 371
1708210 371
1708220 371
1708230 371
1708240 371
1708250 370
1708260 370
1708270 367
1708280 365
1708290 365
1708300 363
1708310 362
1708320 362
1708330 360
1708340 359
1708350 356
1708360 356
1708370 357
1708380 356
1708390 356
1708400 354
1708410 352
1708420 352
1708430 348
1708440 346
1708450 346
1708460 344
1708470 344
1708480 344
1708490 340
1708500 338
1708510 338
1708520 338
1708530 340
1708540 339
1708550 339
1708560 339
1708570 344
1708580 344
1708590 345
1708600 345
1708610 345
1708620 343
1708630 346
1708640 346
1708650 350
1708660 350
1708670 350
1708680 351
1708690 353
1708700 353
1708710 353
1708720 354
1708730 355
1708740 355
1708750 356
1708760 357
1708770 357
1708780 358
1708790 359
1708800 359
1708810 360
1708820 362
1708830 362
1708840 363
1708850 363
1708860 364
1708870 364
1708880 365
1708890 365
1708900 365
1708910 365
1708920 365
1708930 365
1708940 365
1708950 364
1708960 364
1708970 364
1708980 363
1708990 363
1709000 363
1709010 362
1709020 362
1709030 361
1709040 359
1709050 358
1709060 358
1709070 356
1709080 354
1709090 354
1709100 352
1709110 349
1709120 349
1709130 345
1709140 342
1709150 342
1709160 339
1709170 338
1709180 338
1709190 337
1709200 335
1709210 334
1709220 334
1709230 332
1709240 331
1709250 331
1709260 328
1709270 327
1709280 327
1709290 327
1709300 327
1709310 327
1709320 329
1709330 331
1709340 331
1709350 332
1709360 335
1709370 335
1709380 337
1709390 342
1709400 345
1709410 345
1709420 348
1709430 352
1709440 352
1709450 354
1709460 356
1709470 356
1709480 361
1709490 365
1709500 365
1709510 367
1709520 369
1709530 369
1709540 370
1709550 372
1709560 374
1709570 374
1709580 375
1709590 376
1709600 376
1709610 378
1709620 379
1709630 379
1709640 379
1709650 380
1709660 380
1709670 380
1709680 381
1709690 381
1709700 381
1709710 382
1709720 382
1709730 383
1709740 384
1709750 386
1709760 386
1709770 387
1709780 389
1709790 389
1709800 389
1709810 390
1709820 390
1709830 390
1709840 388
1709850 388
1709860 386
1709870 384
1709880 384
1709890 382
1709900 380
1709910 380
1709920 380
1709930 379
1709940 378
1709950 378
1709960 377
1709970 376
1709980 376
1709990 375
1710000 371
1710010 371
1710020 370
1710030 369
1710040 369
1710050 368
1710060 366
1710070 366
1710080 365
1710090 364
1710100 363
1710110 363
1710120 360
1710130 358
1710140 358
1710150 357
1710160 357
1710170 357
1710180 357
1710190 356
1710200 356
1710210 356
1710220 353
1710230 353
1710240 349
1710250 348
1710260 345
1710270 345
1710280 342
1710290 340
1710300 340
1710310 339
1710320 336
1710330 336
1710340 333
1710350 331
1710360 331
1710370 328
1710380 325
1710390 325
1710400 323
1710410 321
1710420 321
1710430 321
1710440 321
1710450 321
1710460 321
1710470 321
1710480 323
1710490 323
1710500 325
1710510 327
1710520 327
1710530 330
1710540 333
1710550 333
1710560 336
1710570 338
1710580 338
1710590 339
1710600 340
1710610 341
1710620 341
1710630 342
1710640 343
1710650 343
1710660 344
1710670 345
1710680 345
1710690 345
1710700 345
1710710 345
1710720 346
1710730 346
1710740 346
1710750 345
1710760 345
1710770 345
1710780 345
1710790 346
1710800 346
1710810 346
1710820 348
1710830 349
1710840 349
1710850 349
1710860 349
1710870 349
1710880 348
1710890 348
1710900 348
1710910 347
1710920 346
1710930 346
1710940 344
1710950 341
1710960 339
1710970 339
1710980 337
1710990 334
1711000 334
1711010 331
1711020 328
1711030 328
1711040 325
1711050 323
1711060 323
1711070 321
1711080 318
1711090 318
1711100 316
1711110 313
1711120 313
1711130 311
1711140 310
1711150 308
1711160 308
1711170 308
1711180 308
1711190 308
1711200 308
1711210 307
1711220 307
1711230 308
1711240 311
1711250 311
1711260 312
1711270 315
1711280 315
1711290 319
1711300 322
1711310 323
1711320 323
1711330 326
1711340 327
1711350 327
1711360 331
1711370 335
1711380 335
1711390 338
1711400 339
1711410 339
1711420 342
1711430 346
1711440 346
1711450 350
1711460 353
1711470 353
1711480 354
1711490 355
1711500 357
1711510 357
1711520 359
1711530 361
1711540 361
1711550 362
1711560 363
1711570 363
1711580 363
1711590 364
1711600 364
1711610 365
1711620 366
1711630 366
1711640 366
1711650 365
1711660 364
1711670 364
1711680 363
1711690 361
1711700 361
1711710 360
1711720 358
1711730 358
1711740 355
1711750 352
1711760 352
1711770 350
1711780 348
1711790 348
1711800 348
1711810 347
1711820 347
1711830 347
1711840 346
1711850 345
1711860 345
1711870 344
1711880 343
1711890 343
1711900 342
1711910 341
1711920 341
1711930 340
1711940 339
1711950 339
1711960 337
1711970 336
1711980 336
1711990 335
1712000 335
1712010 333
1712020 333
1712030 329
1712040 326
1712050 326
1712060 325
1712070 322
1712080 322
1712090 320
1712100 318
1712110 318
1712120 315
1712130 315
1712140 315
1712150 315
1712160 315
1712170 315
1712180 315
1712190 315
1712200 318
1712210 318
1712220 319
1712230 320
1712240 320
1712250 321
1712260 321
1712270 321
1712280 321
1712290 321
1712300 321
1712310 321
1712320 322
1712330 322
1712340 322
1712350 322
1712360 322
1712370 322
1712380 323
1712390 323
1712400 323
1712410 323
1712420 324
1712430 324
1712440 324
1712450 325
1712460 325
1712470 325
1712480 326
1712490 326
1712500 326
1712510 327
1712520 327
1712530 329
1712540 327
1712550 328
1712560 328
1712570 329
1712580 334
1712590 334
1712600 331
1712610 336
1712620 336
1712630 340
1712640 342
1712650 342
1712660 343
1712670 344
1712680 344
1712690 349
1712700 353
1712710 356
1712720 356
1712730 356
1712740 359
1712750 359
1712760 361
1712770 366
1712780 366
1712790 368
1712800 371
1712810 371
1712820 373
1712830 374
1712840 374
1712850 376
1712860 377
1712870 377
1712880 378
1712890 378
1712900 377
1712910 377
1712920 376
1712930 373
1712940 373
1712950 370
1712960 367
1712970 367
1712980 364
1712990 362
1713000 362
1713010 361
1713020 361
1713030 361
1713040 360
1713050 359
1713060 358
1713070 358
1713080 356
1713090 354
1713100 354
1713110 353
1713120 353
1713130 353
1713140 353
1713150 353
1713160 353
1713170 354
1713180 354
1713190 354
1713200 354
1713210 354
1713220 354
1713230 353
1713240 353
1713250 353
1713260 353
1713270 352
1713280 351
1713290 351
1713300 350
1713310 348
1713320 348
1713330 347
1713340 346
1713350 346
1713360 344
1713370 340
1713380 340
1713390 337
1713400 333
1713410 330
1713420 330
1713430 327
1713440 325
1713450 325
1713460 323
1713470 321
1713480 321
1713490 320
1713500 318
1713510 318
1713520 316
1713530 315
1713540 315
1713550 314
1713560 314
1713570 314
1713580 314
1713590 313
1713600 314
1713610 314
1713620 314
1713630 314
1713640 314
1713650 314
1713660 314
1713670 314
1713680 314
1713690 317
1713700 317
1713710 322
1713720 324
1713730 324
1713740 327
1713750 329
1713760 330
1713770 330
1713780 332
1713790 333
1713800 333
1713810 334
1713820 337
1713830 337
1713840 339
1713850 342
1713860 342
1713870 345
1713880 347
1713890 347
1713900 348
1713910 349
1713920 349
1713930 350
1713940 350
1713950 350
1713960 350
1713970 350
1713980 350
1713990 350
1714000 350
1714010 351
1714020 351
1714030 351
1714040 350
1714050 350
1714060 348
1714070 350
1714080 350
1714090 351
1714100 353
1714110 355
1714120 355
1714130 356
1714140 356
1714150 356
1714160 358
1714170 360
1714180 360
1714190 362
1714200 364
1714210 364
1714220 368
1714230 371
1714240 371
1714250 375
1714260 380
1714270 380
1714280 384
1714290 385
1714300 384
1714310 384
1714320 382
1714330 380
1714340 380
1714350 379
1714360 377
1714370 377
1714380 373
1714390 367
1714400 367
1714410 362
1714420 361
1714430 361
1714440 354
1714450 348
1714460 342
1714470 342
1714480 341
1714490 341
1714500 341
1714510 345
1714520 351
1714530 351
1714540 356
1714550 359
1714560 359
1714570 364
1714580 367
1714590 367
1714600 370
1714610 372
1714620 375
1714630 375
1714640 376
1714650 378
1714660 378
1714670 380
1714680 382
1714690 382
1714700 383
1714710 385
1714720 385
1714730 386
1714740 388
1714750 388
1714760 390
1714770 392
1714780 392
1714790 394
1714800 396
1714810 398
1714820 398
1714830 400
1714840 401
1714850 401
1714860 402
1714870 402
1714880 402
1714890 403
1714900 402
1714910 402
1714920 400
1714930 398
1714940 398
1714950 396
1714960 393
1714970 388
1714980 388
1714990 394
1715000 401
1715010 401
1715020 404
1715030 408
1715040 408
1715050 411
1715060 412
1715070 412
1715080 414
1715090 416
1715100 416
1715110 421
1715120 427
1715130 427
1715140 434
1715150 437
1715160 437
1715170 437
1715180 439
1715190 442
1715200 442
1715210 443
1715220 447
1715230 447
1715240 450
1715250 454
1715260 454
1715270 458
1715280 462
1715290 462
1715300 466
1715310 469
1715320 472
1715330 472
1715340 474
1715350 477
1715360 477
1715370 480
1715380 483
1715390 483
1715400 486
1715410 488
1715420 488
1715430 490
1715440 490
1715450 490
1715460 490
1715470 491
1715480 491
1715490 490
1715500 490
1715510 489
1715520 489
1715530 489
1715540 489
1715550 489
1715560 490
1715570 489
1715580 489
1715590 489
1715600 489
1715610 489
1715620 488
1715630 488
1715640 488
1715650 486
1715660 484
1715670 480
1715680 480
1715690 478
1715700 474
1715710 474
1715720 468
1715730 462
1715740 462
1715750 461
1715760 465
1715770 465
1715780 466
1715790 467
1715800 467
1715810 467
1715820 469
1715830 469
1715840 470
1715850 470
1715860 468
1715870 468
1715880 474
1715890 479
1715900 479
1715910 483
1715920 487
1715930 487
1715940 491
1715950 495
1715960 495
1715970 498
1715980 501
1715990 501
1716000 504
1716010 506
1716020 508
1716030 508
1716040 510
1716050 512
1716060 512
1716070 514
1716080 516
1716090 516
1716100 518
1716110 519
1716120 519
1716130 522
1716140 526
1716150 526
1716160 527
1716170 528
1716180 528
1716190 530
1716200 532
1716210 533
1716220 533
1716230 532
1716240 530
1716250 530
1716260 526
1716270 521
1716280 521
1716290 519
1716300 518
1716310 518
1716320 518
1716330 518
1716340 518
1716350 518
1716360 518
1716370 519
1716380 519
1716390 519
1716400 520
1716410 520
1716420 523
1716430 526
1716440 526
1716450 530
1716460 533
1716470 533
1716480 536
1716490 539
1716500 539
1716510 542
1716520 544
1716530 544
1716540 545
1716550 546
1716560 547
1716570 547
1716580 549
1716590 551
1716600 551
1716610 553
1716620 555
1716630 555
1716640 556
1716650 558
1716660 558
1716670 560
1716680 561
1716690 561
1716700 564
1716710 565
1716720 566
1716730 566
1716740 567
1716750 567
1716760 567
1716770 568
1716780 569
1716790 569
1716800 570
1716810 569
1716820 569
1716830 567
1716840 565
1716850 565
1716860 561
1716870 558
1716880 558
1716890 553
1716900 549
1716910 547
1716920 547
1716930 545
1716940 543
1716950 543
1716960 542
1716970 538
1716980 538
1716990 536
1717000 534
1717010 534
1717020 531
1717030 528
1717040 528
1717050 525
1717060 521
1717070 517
1717080 517
1717090 514
1717100 510
1717110 510
1717120 507
1717130 504
1717140 504
1717150 501
1717160 499
1717170 499
1717180 496
1717190 493
1717200 493
1717210 489
1717220 487
1717230 487
1717240 485
1717250 483
1717260 479
1717270 479
1717280 474
1717290 466
1717300 466
1717310 458
1717320 452
1717330 452
1717340 460
1717350 464
1717360 464
1717370 464
1717380 466
1717390 466
1717400 470
1717410 473
1717420 476
1717430 476
1717440 480
1717450 484
1717460 484
1717470 486
1717480 486
1717490 486
1717500 483
1717510 481
1717520 481
1717530 479
1717540 477
1717550 477
1717560 472
1717570 479
1717580 479
1717590 485
1717600 491
1717610 496
1717620 496
1717630 502
1717640 508
1717650 508
1717660 514
1717670 515
1717680 515
1717690 516
1717700 519
1717710 519
1717720 522
1717730 525
1717740 525
1717750 528
1717760 531
1717770 534
1717780 534
1717790 536
1717800 538
1717810 538
1717820 540
1717830 543
1717840 543
1717850 546
1717860 549
1717870 549
1717880 552
1717890 556
1717900 556
1717910 560
1717920 564
1717930 564
1717940 568
1717950 571
1717960 572
1717970 572
1717980 577
1717990 578
1718000 578
1718010 580
1718020 583
1718030 583
1718040 585
1718050 583
1718060 583
1718070 580
1718080 578
1718090 578
1718100 574
1718110 570
1718120 566
1718130 566
1718140 563
1718150 560
1718160 560
1718170 557
1718180 555
1718190 555
1718200 554
1718210 552
1718220 552
1718230 550
1718240 548
1718250 548
1718260 546
1718270 545
1718280 545
1718290 543
1718300 539
1718310 533
1718320 533
1718330 527
1718340 522
1718350 522
1718360 517
1718370 512
1718380 512
1718390 507
1718400 501
1718410 501
1718420 496
1718430 491
1718440 491
1718450 486
1718460 482
1718470 477
1718480 477
1718490 473
1718500 467
1718510 467
1718520 462
1718530 457
1718540 457
1718550 451
1718560 445
1718570 445
1718580 437
1718590 432
1718600 432
1718610 424
1718620 417
1718630 417
1718640 409
1718650 403
1718660 398
1718670 398
1718680 394
1718690 392
1718700 392
1718710 387
1718720 384
1718730 384
1718740 383
1718750 380
1718760 380
1718770 377
1718780 371
1718790 371
1718800 369
1718810 364
1718820 364
1718830 364
1718840 362
1718850 360
1718860 360
1718870 358
1718880 357
1718890 357
1718900 355
1718910 354
1718920 354
1718930 353
1718940 352
1718950 352
1718960 351
1718970 350
1718980 350
1718990 348
1719000 345
1719010 341
1719020 341
1719030 339
1719040 338
1719050 338
1719060 338
1719070 339
1719080 339
1719090 340
1719100 342
1719110 342
1719120 343
1719130 345
1719140 345
1719150 347
1719160 349
1719170 350
1719180 350
1719190 352
1719200 357
1719210 357
1719220 357
1719230 358
1719240 358
1719250 361
1719260 362
1719270 362
1719280 364
1719290 366
1719300 366
1719310 370
1719320 376
1719330 376
1719340 382
1719350 387
1719360 391
1719370 391
1719380 394
1719390 398
1719400 398
1719410 399
1719420 403
1719430 403
1719440 409
1719450 414
1719460 414
1719470 421
1719480 428
1719490 428
1719500 435
1719510 441
1719520 446
1719530 446
1719540 452
1719550 454
1719560 454
1719570 457
1719580 461
1719590 461
1719600 465
1719610 470
1719620 470
1719630 475
1719640 479
1719650 479
1719660 484
1719670 489
1719680 489
1719690 495
1719700 499
1719710 504
1719720 504
1719730 508
1719740 511
1719750 511
1719760 513
1719770 515
1719780 515
1719790 515
1719800 516
1719810 515
1719820 517
1719830 517
1719840 517
1719850 519
1719860 520
1719870 522
1719880 522
1719890 522
1719900 522
1719910 522
1719920 521
1719930 520
1719940 520
1719950 518
1719960 517
1719970 517
1719980 516
1719990 516
