1700000 347
1700010 347
1700020 351
1700030 354
1700040 354
1700050 357
1700060 360
1700070 360
1700080 364
1700090 367
1700100 367
1700110 371
1700120 375
1700130 375
1700140 377
1700150 380
1700160 382
1700170 382
1700180 385
1700190 386
1700200 386
1700210 388
1700220 390
1700230 390
1700240 391
1700250 393
1700260 393
1700270 395
1700280 397
1700290 397
1700300 399
1700310 402
1700320 402
1700330 403
1700340 406
1700350 408
1700360 408
1700370 411
1700380 413
1700390 413
1700400 414
1700410 414
1700420 414
1700430 413
1700440 410
1700450 410
1700460 407
1700470 405
1700480 405
1700490 402
1700500 400
1700510 399
1700520 399
1700530 397
1700540 396
1700550 396
1700560 395
1700570 393
1700580 393
1700590 392
1700600 392
1700610 392
1700620 391
1700630 390
1700640 390
1700650 389
1700660 389
1700670 389
1700680 387
1700690 386
1700700 386
1700710 386
1700720 386
1700730 386
1700740 386
1700750 386
1700760 385
1700770 385
1700780 384
1700790 384
1700800 384
1700810 384
1700820 384
1700830 384
1700840 383
1700850 382
1700860 381
1700870 381
1700880 380
1700890 379
1700900 379
1700910 379
1700920 379
1700930 379
1700940 378
1700950 378
1700960 378
1700970 377
1700980 377
1700990 377
1701000 376
1701010 375
1701020 375
1701030 374
1701040 372
1701050 370
1701060 370
1701070 366
1701080 359
1701090 359
1701100 354
1701110 350
1701120 350
1701130 347
1701140 345
1701150 345
1701160 341
1701170 344
1701180 344
1701190 342
1701200 341
1701210 339
1701220 339
1701230 338
1701240 337
1701250 337
1701260 336
1701270 334
1701280 334
1701290 336
1701300 335
1701310 335
1701320 335
1701330 335
1701340 335
1701350 335
1701360 336
1701370 336
1701380 339
1701390 342
1701400 344
1701410 344
1701420 345
1701430 345
1701440 345
1701450 345
1701460 346
1701470 346
1701480 347
1701490 346
1701500 346
1701510 347
1701520 351
1701530 351
1701540 356
1701550 358
1701560 358
1701570 363
1701580 367
1701590 370
1701600 370
1701610 374
1701620 377
1701630 377
1701640 380
1701650 383
1701660 383
1701670 383
1701680 380
1701690 380
1701700 376
1701710 371
1701720 371
1701730 366
1701740 361
1701750 359
1701760 359
1701770 357
1701780 353
1701790 353
1701800 349
1701810 349
1701820 349
1701830 347
1701840 347
1701850 347
1701860 346
1701870 343
1701880 343
1701890 341
1701900 339
1701910 339
1701920 338
1701930 337
1701940 337
1701950 337
1701960 337
1701970 338
1701980 338
1701990 341
1702000 344
1702010 344
1702020 350
1702030 354
1702040 354
1702050 357
1702060 359
1702070 359
1702080 362
1702090 363
1702100 365
1702110 365
1702120 369
1702130 372
1702140 372
1702150 374
1702160 377
1702170 377
1702180 379
1702190 380
1702200 380
1702210 379
1702220 379
1702230 379
1702240 379
1702250 379
1702260 379
1702270 378
1702280 380
1702290 381
1702300 381
1702310 382
1702320 384
1702330 384
1702340 387
1702350 390
1702360 390
1702370 393
1702380 396
1702390 396
1702400 399
1702410 402
1702420 402
1702430 406
1702440 408
1702450 411
1702460 411
1702470 411
1702480 412
1702490 412
1702500 412
1702510 411
1702520 411
1702530 410
1702540 405
1702550 405
1702560 402
1702570 401
1702580 401
1702590 399
1702600 398
1702610 398
1702620 397
1702630 396
1702640 395
1702650 395
1702660 395
1702670 394
1702680 394
1702690 393
1702700 391
1702710 391
1702720 390
1702730 388
1702740 388
1702750 386
1702760 384
1702770 384
1702780 383
1702790 382
1702800 382
1702810 382
1702820 382
1702830 383
1702840 383
1702850 385
1702860 387
1702870 390
1702880 390
1702890 389
1702900 389
1702910 390
1702920 390
1702930 390
1702940 389
1702950 389
1702960 389
1702970 389
1702980 389
1702990 389
1703000 389
1703010 388
1703020 388
1703030 388
1703040 388
1703050 388
1703060 388
1703070 387
1703080 387
1703090 387
1703100 386
1703110 385
1703120 385
1703130 385
1703140 384
1703150 384
1703160 384
1703170 385
1703180 385
1703190 385
1703200 385
1703210 384
1703220 384
1703230 383
1703240 384
1703250 384
1703260 385
1703270 387
1703280 387
1703290 390
1703300 391
1703310 391
1703320 392
1703330 392
1703340 395
1703350 395
1703360 397
1703370 398
1703380 398
1703390 399
1703400 399
1703410 399
1703420 400
1703430 400
1703440 400
1703450 400
1703460 400
1703470 400
1703480 400
1703490 400
1703500 400
1703510 400
1703520 401
1703530 403
1703540 403
1703550 404
1703560 403
1703570 403
1703580 401
1703590 397
1703600 397
1703610 394
1703620 390
1703630 390
1703640 389
1703650 388
1703660 388
1703670 387
1703680 383
1703690 380
1703700 380
1703710 377
1703720 374
1703730 374
1703740 373
1703750 372
1703760 372
1703770 372
1703780 371
1703790 371
1703800 370
1703810 368
1703820 368
1703830 366
1703840 364
1703850 362
1703860 362
1703870 361
1703880 359
1703890 359
1703900 358
1703910 357
1703920 357
1703930 357
1703940 357
1703950 357
1703960 357
1703970 357
1703980 357
1703990 357
1704000 357
1704010 357
1704020 358
1704030 358
1704040 358
1704050 358
1704060 358
1704070 358
1704080 358
1704090 358
1704100 356
1704110 356
1704120 351
1704130 348
1704140 348
1704150 355
1704160 355
1704170 355
1704180 354
1704190 353
1704200 353
1704210 351
1704220 351
1704230 350
1704240 350
1704250 349
1704260 347
1704270 347
1704280 345
1704290 342
1704300 342
1704310 338
1704320 334
1704330 334
1704340 335
1704350 335
1704360 335
1704370 335
1704380 336
1704390 336
1704400 336
1704410 337
1704420 338
1704430 338
1704440 340
1704450 342
1704460 342
1704470 344
1704480 347
1704490 347
1704500 348
1704510 350
1704520 350
1704530 353
1704540 355
1704550 355
1704560 357
1704570 360
1704580 362
1704590 362
1704600 365
1704610 368
1704620 368
1704630 371
1704640 374
1704650 374
1704660 377
1704670 378
1704680 378
1704690 379
1704700 379
1704710 379
1704720 377
1704730 374
1704740 371
1704750 371
1704760 369
1704770 366
1704780 366
1704790 363
1704800 360
1704810 360
1704820 357
1704830 360
1704840 360
1704850 361
1704860 361
1704870 361
1704880 359
1704890 354
1704900 354
1704910 352
1704920 353
1704930 353
1704940 353
1704950 354
1704960 354
1704970 354
1704980 356
1704990 358
1705000 358
1705010 359
1705020 361
1705030 361
1705040 362
1705050 360
1705060 360
1705070 365
1705080 367
1705090 369
1705100 369
1705110 370
1705120 372
1705130 372
1705140 373
1705150 374
1705160 374
1705170 375
1705180 378
1705190 378
1705200 380
1705210 381
1705220 381
1705230 383
1705240 384
1705250 384
1705260 384
1705270 384
1705280 383
1705290 383
1705300 382
1705310 382
1705320 382
1705330 381
1705340 380
1705350 380
1705360 378
1705370 377
1705380 377
1705390 375
1705400 373
1705410 373
1705420 371
1705430 370
1705440 368
1705450 368
1705460 366
1705470 364
1705480 364
1705490 362
1705500 360
1705510 360
1705520 359
1705530 357
1705540 357
1705550 356
1705560 355
1705570 355
1705580 354
1705590 351
1705600 351
1705610 349
1705620 351
1705630 350
1705640 350
1705650 350
1705660 351
1705670 351
1705680 352
1705690 351
1705700 351
1705710 351
1705720 350
1705730 350
1705740 349
1705750 348
1705760 348
1705770 346
1705780 345
1705790 343
1705800 343
1705810 342
1705820 340
1705830 340
1705840 337
1705850 335
1705860 335
1705870 333
1705880 330
1705890 330
1705900 329
1705910 329
1705920 329
1705930 329
1705940 329
1705950 329
1705960 329
1705970 329
1705980 330
1705990 330
1706000 333
1706010 336
1706020 336
1706030 339
1706040 341
1706050 341
1706060 343
1706070 344
1706080 344
1706090 347
1706100 350
1706110 350
1706120 351
1706130 352
1706140 354
1706150 354
1706160 356
1706170 358
1706180 358
1706190 361
1706200 363
1706210 363
1706220 364
1706230 366
1706240 366
1706250 368
1706260 370
1706270 370
1706280 373
1706290 377
1706300 377
1706310 378
1706320 380
1706330 381
1706340 381
1706350 382
1706360 383
1706370 383
1706380 382
1706390 380
1706400 380
1706410 378
1706420 378
1706430 378
1706440 377
1706450 377
1706460 377
1706470 376
1706480 376
1706490 377
1706500 377
1706510 377
1706520 378
1706530 381
1706540 382
1706550 384
1706560 384
1706570 387
1706580 390
1706590 390
1706600 390
1706610 389
1706620 389
1706630 388
1706640 387
1706650 387
1706660 387
1706670 386
1706680 385
1706690 385
1706700 384
1706710 382
1706720 382
1706730 380
1706740 379
1706750 379
1706760 376
1706770 374
1706780 374
1706790 372
1706800 370
1706810 370
1706820 368
1706830 365
1706840 360
1706850 360
1706860 356
1706870 353
1706880 353
1706890 351
1706900 351
1706910 351
1706920 350
1706930 349
1706940 349
1706950 349
1706960 348
1706970 348
1706980 348
1706990 347
1707000 347
1707010 346
1707020 346
1707030 345
1707040 345
1707050 345
1707060 344
1707070 344
1707080 343
1707090 343
1707100 343
1707110 342
1707120 341
1707130 341
1707140 340
1707150 336
1707160 336
1707170 332
1707180 330
1707190 330
1707200 329
1707210 329
1707220 329
1707230 329
1707240 329
1707250 329
1707260 329
1707270 329
1707280 328
1707290 328
1707300 329
1707310 330
1707320 330
1707330 332
1707340 333
1707350 333
1707360 334
1707370 336
1707380 335
1707390 335
1707400 336
1707410 340
1707420 340
1707430 342
1707440 343
1707450 343
1707460 345
1707470 346
1707480 346
1707490 347
1707500 349
1707510 349
1707520 350
1707530 350
1707540 350
1707550 348
1707560 346
1707570 343
1707580 343
1707590 341
1707600 339
1707610 339
1707620 341
1707630 338
1707640 338
1707650 338
1707660 337
1707670 337
1707680 336
1707690 335
1707700 335
1707710 335
1707720 336
1707730 339
1707740 339
1707750 340
1707760 341
1707770 341
1707780 341
1707790 341
1707800 341
1707810 340
1707820 344
1707830 344
1707840 347
1707850 349
1707860 349
1707870 350
1707880 350
1707890 350
1707900 349
1707910 349
1707920 349
1707930 349
1707940 349
1707950 349
1707960 349
1707970 349
1707980 350
1707990 350
1708000 349
1708010 352
1708020 352
1708030 355
1708040 357
1708050 357
1708060 358
1708070 360
1708080 363
1708090 363
1708100 366
1708110 368
1708120 368
1708130 369
1708140 369
1708150 369
1708160 370
1708170 369
1708180 369
1708190 370
1708200 369
1708210 369
1708220 365
1708230 360
1708240 360
1708250 356
1708260 353
1708270 352
1708280 352
1708290 349
1708300 343
1708310 343
1708320 339
1708330 334
1708340 334
1708350 334
1708360 333
1708370 333
1708380 332
1708390 326
1708400 326
1708410 328
1708420 333
1708430 335
1708440 335
1708450 338
1708460 339
1708470 339
1708480 340
1708490 341
1708500 341
1708510 341
1708520 341
1708530 341
1708540 341
1708550 340
1708560 340
1708570 339
1708580 337
1708590 337
1708600 333
1708610 330
1708620 328
1708630 328
1708640 327
1708650 326
1708660 326
1708670 322
1708680 326
1708690 326
1708700 327
1708710 328
1708720 328
1708730 330
1708740 332
1708750 332
1708760 332
1708770 330
1708780 333
1708790 333
1708800 337
1708810 342
1708820 342
1708830 346
1708840 350
1708850 350
1708860 354
1708870 357
1708880 357
1708890 360
1708900 362
1708910 362
1708920 365
1708930 366
1708940 366
1708950 368
1708960 368
1708970 369
1708980 369
1708990 369
1709000 369
1709010 369
1709020 369
1709030 369
1709040 369
1709050 368
1709060 368
1709070 368
1709080 367
1709090 367
1709100 367
1709110 367
1709120 368
1709130 368
1709140 368
1709150 368
1709160 369
1709170 369
1709180 369
1709190 369
1709200 369
1709210 369
1709220 369
1709230 369
1709240 370
1709250 370
1709260 370
1709270 371
1709280 373
1709290 373
1709300 374
1709310 376
1709320 377
1709330 377
1709340 378
1709350 378
1709360 378
1709370 379
1709380 379
1709390 379
1709400 377
1709410 374
1709420 374
1709430 372
1709440 369
1709450 369
1709460 364
1709470 361
1709480 360
1709490 360
1709500 358
1709510 356
1709520 356
1709530 356
1709540 355
1709550 355
1709560 356
1709570 358
1709580 358
1709590 358
1709600 358
1709610 358
1709620 357
1709630 357
1709640 357
1709650 357
1709660 357
1709670 358
1709680 358
1709690 358
1709700 359
1709710 359
1709720 359
1709730 359
1709740 359
1709750 359
1709760 359
1709770 359
1709780 358
1709790 358
1709800 358
1709810 357
1709820 357
1709830 356
1709840 356
1709850 355
1709860 354
1709870 354
1709880 353
1709890 352
1709900 352
1709910 350
1709920 348
1709930 348
1709940 346
1709950 343
1709960 343
1709970 340
1709980 337
1709990 337
1710000 334
1710010 332
1710020 330
1710030 330
1710040 327
1710050 324
1710060 324
1710070 322
1710080 322
1710090 322
1710100 322
1710110 322
1710120 322
1710130 322
1710140 325
1710150 325
1710160 326
1710170 327
1710180 327
1710190 329
1710200 331
1710210 334
1710220 334
1710230 336
1710240 339
1710250 339
1710260 342
1710270 344
1710280 344
1710290 347
1710300 348
1710310 348
1710320 349
1710330 351
1710340 351
1710350 352
1710360 352
1710370 353
1710380 353
1710390 353
1710400 354
1710410 354
1710420 355
1710430 356
1710440 356
1710450 356
1710460 356
1710470 356
1710480 357
1710490 357
1710500 357
1710510 358
1710520 359
1710530 359
1710540 360
1710550 361
1710560 362
1710570 362
1710580 363
1710590 364
1710600 364
1710610 365
1710620 365
1710630 365
1710640 364
1710650 365
1710660 365
1710670 363
1710680 362
1710690 362
1710700 360
1710710 358
1710720 356
1710730 356
1710740 354
1710750 354
1710760 354
1710770 353
1710780 352
1710790 352
1710800 351
1710810 350
1710820 350
1710830 349
1710840 347
1710850 347
1710860 345
1710870 343
1710880 343
1710890 343
1710900 342
1710910 340
1710920 340
1710930 339
1710940 338
1710950 338
1710960 337
1710970 337
1710980 337
1710990 336
1711000 335
1711010 335
1711020 334
1711030 334
1711040 334
1711050 333
1711060 334
1711070 334
1711080 334
1711090 334
1711100 334
1711110 334
1711120 334
1711130 334
1711140 334
1711150 334
1711160 333
1711170 333
1711180 332
1711190 331
1711200 331
1711210 330
1711220 328
1711230 328
1711240 327
1711250 326
1711260 324
1711270 324
1711280 323
1711290 322
1711300 322
1711310 321
1711320 315
1711330 315
1711340 315
1711350 315
1711360 315
1711370 315
1711380 314
1711390 314
1711400 315
1711410 315
1711420 317
1711430 317
1711440 318
1711450 318
1711460 318
1711470 319
1711480 320
1711490 320
1711500 322
1711510 323
1711520 323
1711530 325
1711540 326
1711550 326
1711560 327
1711570 328
1711580 328
1711590 329
1711600 329
1711610 331
1711620 331
1711630 335
1711640 341
1711650 341
1711660 345
1711670 347
1711680 347
1711690 348
1711700 349
1711710 349
1711720 353
1711730 354
1711740 354
1711750 356
1711760 357
1711770 357
1711780 357
1711790 358
1711800 359
1711810 359
1711820 359
1711830 359
1711840 359
1711850 359
1711860 360
1711870 360
1711880 359
1711890 359
1711900 359
1711910 359
1711920 358
1711930 358
1711940 359
1711950 358
1711960 358
1711970 358
1711980 358
1711990 359
1712000 359
1712010 360
1712020 360
1712030 360
1712040 362
1712050 363
1712060 363
1712070 363
1712080 363
1712090 363
1712100 362
1712110 359
1712120 355
1712130 355
1712140 352
1712150 350
1712160 350
1712170 349
1712180 349
1712190 349
1712200 353
1712210 356
1712220 356
1712230 357
1712240 358
1712250 358
1712260 360
1712270 361
1712280 361
1712290 362
1712300 363
1712310 364
1712320 364
1712330 365
1712340 366
1712350 366
1712360 366
1712370 367
1712380 367
1712390 367
1712400 367
1712410 367
1712420 367
1712430 367
1712440 367
1712450 367
1712460 360
1712470 359
1712480 359
1712490 355
1712500 353
1712510 353
1712520 351
1712530 350
1712540 350
1712550 348
1712560 346
1712570 346
1712580 345
1712590 344
1712600 344
1712610 343
1712620 343
1712630 343
1712640 344
1712650 346
1712660 349
1712670 349
1712680 351
1712690 354
1712700 354
1712710 357
1712720 359
1712730 359
1712740 363
1712750 364
1712760 364
1712770 368
1712780 370
1712790 370
1712800 372
1712810 374
1712820 374
1712830 376
1712840 378
1712850 380
1712860 380
1712870 382
1712880 384
1712890 384
1712900 385
1712910 387
1712920 387
1712930 389
1712940 391
1712950 391
1712960 393
1712970 392
1712980 392
1712990 392
1713000 391
1713010 389
1713020 389
1713030 388
1713040 386
1713050 386
1713060 385
1713070 383
1713080 383
1713090 382
1713100 380
1713110 380
1713120 376
1713130 371
1713140 371
1713150 367
1713160 364
1713170 364
1713180 362
1713190 359
1713200 354
1713210 354
1713220 351
1713230 350
1713240 350
1713250 348
1713260 345
1713270 345
1713280 342
1713290 340
1713300 340
1713310 339
1713320 336
1713330 336
1713340 333
1713350 332
1713360 332
1713370 332
1713380 333
1713390 334
1713400 334
1713410 335
1713420 337
1713430 337
1713440 339
1713450 342
1713460 342
1713470 345
1713480 349
1713490 349
1713500 350
1713510 351
1713520 351
1713530 352
1713540 353
1713550 355
1713560 355
1713570 358
1713580 362
1713590 362
1713600 363
1713610 364
1713620 364
1713630 367
1713640 370
1713650 370
1713660 372
1713670 371
1713680 371
1713690 369
1713700 367
1713710 364
1713720 364
1713730 361
1713740 358
1713750 358
1713760 356
1713770 354
1713780 354
1713790 353
1713800 351
1713810 351
1713820 350
1713830 350
1713840 350
1713850 350
1713860 350
1713870 350
1713880 350
1713890 350
1713900 349
1713910 349
1713920 347
1713930 347
1713940 347
1713950 346
1713960 345
1713970 345
1713980 344
1713990 343
1714000 343
1714010 340
1714020 338
1714030 338
1714040 336
1714050 334
1714060 331
1714070 331
1714080 329
1714090 328
1714100 328
1714110 326
1714120 326
1714130 326
1714140 326
1714150 325
1714160 325
1714170 325
1714180 325
1714190 325
1714200 325
1714210 326
1714220 326
1714230 325
1714240 325
1714250 328
1714260 328
1714270 329
1714280 330
1714290 330
1714300 332
1714310 333
1714320 333
1714330 336
1714340 337
1714350 337
1714360 339
1714370 340
1714380 340
1714390 342
1714400 344
1714410 343
1714420 343
1714430 343
1714440 342
1714450 342
1714460 341
1714470 340
1714480 340
1714490 340
1714500 340
1714510 340
1714520 341
1714530 342
1714540 342
1714550 344
1714560 346
1714570 346
1714580 348
1714590 350
1714600 351
1714610 351
1714620 353
1714630 355
1714640 355
1714650 356
1714660 357
1714670 357
1714680 358
1714690 359
1714700 359
1714710 360
1714720 361
1714730 361
1714740 362
1714750 361
1714760 363
1714770 363
1714780 363
1714790 365
1714800 365
1714810 366
1714820 367
1714830 367
1714840 368
1714850 370
1714860 370
1714870 373
1714880 374
1714890 374
1714900 377
1714910 381
1714920 381
1714930 386
1714940 389
1714950 391
1714960 391
1714970 392
1714980 392
1714990 392
1715000 394
1715010 394
1715020 394
1715030 394
1715040 391
1715050 391
1715060 386
1715070 381
1715080 381
1715090 377
1715100 373
1715110 371
1715120 371
1715130 371
1715140 372
1715150 372
1715160 372
1715170 372
1715180 372
1715190 371
1715200 373
1715210 373
1715220 378
1715230 381
1715240 381
1715250 385
1715260 389
1715270 389
1715280 393
1715290 396
1715300 401
1715310 401
1715320 404
1715330 406
1715340 406
1715350 407
1715360 409
1715370 409
1715380 411
1715390 412
1715400 412
1715410 413
1715420 414
1715430 414
1715440 413
1715450 410
1715460 411
1715470 411
1715480 416
1715490 421
1715500 421
1715510 423
1715520 426
1715530 426
1715540 428
1715550 430
1715560 430
1715570 432
1715580 434
1715590 434
1715600 437
1715610 437
1715620 437
1715630 437
1715640 438
1715650 440
1715660 440
1715670 442
1715680 442
1715690 442
1715700 442
1715710 442
1715720 442
1715730 443
1715740 444
1715750 444
1715760 445
1715770 446
1715780 445
1715790 447
1715800 446
1715810 446
1715820 447
1715830 448
1715840 448
1715850 448
1715860 449
1715870 450
1715880 450
1715890 452
1715900 454
1715910 454
1715920 457
1715930 462
1715940 462
1715950 466
1715960 468
1715970 468
1715980 474
1715990 478
1716000 481
1716010 481
1716020 483
1716030 486
1716040 486
1716050 488
1716060 489
1716070 489
1716080 490
1716090 492
1716100 492
1716110 493
1716120 495
1716130 495
1716140 497
1716150 499
1716160 499
1716170 500
1716180 502
1716190 503
1716200 503
1716210 504
1716220 506
1716230 506
1716240 506
1716250 506
1716260 506
1716270 507
1716280 508
1716290 508
1716300 510
1716310 511
1716320 511
1716330 512
1716340 512
1716350 511
1716360 511
1716370 510
1716380 508
1716390 508
1716400 507
1716410 509
1716420 509
1716430 513
1716440 517
1716450 517
1716460 519
1716470 521
1716480 521
1716490 524
1716500 526
1716510 526
1716520 528
1716530 528
1716540 526
1716550 526
1716560 524
1716570 522
1716580 522
1716590 519
1716600 516
1716610 516
1716620 513
1716630 515
1716640 515
1716650 510
1716660 509
1716670 509
1716680 517
1716690 522
1716700 527
1716710 527
1716720 532
1716730 536
1716740 536
1716750 537
1716760 537
1716770 537
1716780 540
1716790 541
1716800 541
1716810 543
1716820 544
1716830 544
1716840 545
1716850 548
1716860 548
1716870 548
1716880 551
1716890 555
1716900 555
1716910 556
1716920 558
1716930 558
1716940 560
1716950 563
1716960 563
1716970 565
1716980 568
1716990 568
1717000 570
1717010 572
1717020 572
1717030 575
1717040 578
1717050 582
1717060 582
1717070 580
1717080 583
1717090 583
1717100 585
1717110 585
1717120 585
1717130 586
1717140 586
1717150 586
1717160 587
1717170 588
1717180 588
1717190 584
1717200 580
1717210 580
1717220 577
1717230 575
1717240 573
1717250 573
1717260 568
1717270 569
1717280 569
1717290 567
1717300 569
1717310 569
1717320 569
1717330 569
1717340 569
1717350 569
1717360 568
1717370 568
1717380 568
1717390 567
1717400 567
1717410 567
1717420 565
1717430 563
1717440 563
1717450 559
1717460 553
1717470 553
1717480 548
1717490 544
1717500 544
1717510 540
1717520 536
1717530 536
1717540 533
1717550 530
1717560 530
1717570 527
1717580 524
1717590 519
1717600 519
1717610 515
1717620 511
1717630 511
1717640 505
1717650 499
1717660 499
1717670 493
1717680 494
1717690 494
1717700 497
1717710 498
1717720 498
1717730 498
1717740 498
1717750 498
1717760 498
1717770 497
1717780 497
1717790 497
1717800 497
1717810 498
1717820 498
1717830 498
1717840 499
1717850 499
1717860 500
1717870 501
1717880 501
1717890 502
1717900 503
1717910 503
1717920 503
1717930 503
1717940 504
1717950 504
1717960 503
1717970 502
1717980 502
1717990 501
1718000 499
1718010 499
1718020 496
1718030 494
1718040 494
1718050 487
1718060 482
1718070 482
1718080 476
1718090 472
1718100 467
1718110 467
1718120 462
1718130 457
1718140 457
1718150 452
1718160 447
1718170 447
1718180 442
1718190 438
1718200 438
1718210 433
1718220 428
1718230 428
1718240 421
1718250 417
1718260 417
1718270 421
1718280 427
1718290 432
1718300 432
1718310 437
1718320 443
1718330 443
1718340 448
1718350 453
1718360 453
1718370 457
1718380 460
1718390 460
1718400 460
1718410 454
1718420 454
1718430 448
1718440 440
1718450 440
1718460 433
1718470 428
1718480 422
1718490 422
1718500 421
1718510 426
1718520 426
1718530 431
1718540 434
1718550 434
1718560 439
1718570 444
1718580 444
1718590 448
1718600 454
1718610 454
1718620 459
1718630 464
1718640 468
1718650 468
1718660 471
1718670 475
1718680 475
1718690 479
1718700 481
1718710 481
1718720 483
1718730 486
1718740 486
1718750 489
1718760 492
1718770 492
1718780 494
1718790 496
1718800 496
1718810 498
1718820 501
1718830 503
1718840 503
1718850 504
1718860 505
1718870 505
1718880 507
1718890 509
1718900 509
1718910 511
1718920 513
1718930 513
1718940 516
1718950 516
1718960 516
1718970 518
1718980 521
1718990 525
1719000 525
1719010 530
1719020 533
1719030 533
1719040 535
1719050 539
1719060 539
1719070 543
1719080 543
1719090 543
1719100 545
1719110 546
1719120 546
1719130 546
1719140 546
1719150 546
1719160 545
1719170 544
1719180 542
1719190 542
1719200 541
1719210 539
1719220 539
1719230 537
1719240 535
1719250 535
1719260 533
1719270 531
1719280 531
1719290 527
1719300 525
1719310 525
1719320 522
1719330 517
1719340 512
1719350 512
1719360 507
1719370 502
1719380 502
1719390 498
1719400 494
1719410 494
1719420 491
1719430 485
1719440 485
1719450 479
1719460 474
1719470 474
1719480 469
1719490 463
1719500 463
1719510 457
1719520 450
1719530 446
1719540 446
1719550 444
1719560 446
1719570 446
1719580 447
1719590 449
1719600 449
1719610 449
1719620 449
1719630 449
1719640 449
1719650 448
1719660 448
1719670 448
1719680 446
1719690 445
1719700 445
1719710 444
1719720 443
1719730 443
1719740 441
1719750 439
1719760 439
1719770 437
1719780 435
1719790 435
1719800 432
1719810 430
1719820 430
1719830 427
1719840 423
1719850 423
1719860 418
1719870 411
1719880 405
1719890 405
1719900 400
1719910 393
1719920 393
1719930 392
1719940 396
1719950 396
1719960 397
1719970 394
1719980 394
1719990 400
