1760000 298
1760010 298
1760020 297
1760030 296
1760040 296
1760050 295
1760060 294
1760070 293
1760080 293
1760090 292
1760100 291
1760110 291
1760120 289
1760130 287
1760140 287
1760150 284
1760160 282
1760170 282
1760180 279
1760190 277
1760200 277
1760210 275
1760220 274
1760230 274
1760240 273
1760250 272
1760260 272
1760270 272
1760280 271
1760290 270
1760300 270
1760310 269
1760320 269
1760330 269
1760340 269
1760350 268
1760360 268
1760370 268
1760380 267
1760390 267
1760400 267
1760410 266
1760420 266
1760430 266
1760440 266
1760450 265
1760460 265
1760470 265
1760480 264
1760490 264
1760500 264
1760510 264
1760520 264
1760530 264
1760540 263
1760550 263
1760560 263
1760570 263
1760580 263
1760590 263
1760600 263
1760610 263
1760620 263
1760630 262
1760640 262
1760650 262
1760660 262
1760670 261
1760680 261
1760690 261
1760700 261
1760710 261
1760720 261
1760730 260
1760740 260
1760750 260
1760760 259
1760770 260
1760780 260
1760790 260
1760800 262
1760810 262
1760820 263
1760830 260
1760840 260
1760850 261
1760860 262
1760870 262
1760880 261
1760890 260
1760900 260
1760910 259
1760920 258
1760930 258
1760940 257
1760950 256
1760960 255
1760970 255
1760980 255
1760990 254
1761000 254
1761010 254
1761020 254
1761030 254
1761040 253
1761050 252
1761060 252
1761070 252
1761080 252
1761090 252
1761100 252
1761110 252
1761120 251
1761130 251
1761140 251
1761150 251
1761160 251
1761170 250
1761180 251
1761190 251
1761200 250
1761210 250
1761220 250
1761230 250
1761240 250
1761250 250
1761260 250
1761270 249
1761280 249
1761290 249
1761300 249
1761310 249
1761320 249
1761330 249
1761340 249
1761350 249
1761360 249
1761370 249
1761380 249
1761390 248
1761400 248
1761410 248
1761420 245
1761430 248
1761440 248
1761450 248
1761460 248
1761470 248
1761480 248
1761490 248
1761500 248
1761510 248
1761520 248
1761530 248
1761540 248
1761550 248
1761560 248
1761570 248
1761580 248
1761590 248
1761600 248
1761610 248
1761620 248
1761630 248
1761640 248
1761650 248
1761660 248
1761670 248
1761680 248
1761690 248
1761700 248
1761710 248
1761720 248
1761730 248
1761740 248
1761750 248
1761760 248
1761770 248
1761780 248
1761790 248
1761800 248
1761810 248
1761820 248
1761830 248
1761840 248
1761850 248
1761860 248
1761870 248
1761880 248
1761890 248
1761900 248
1761910 248
1761920 248
1761930 248
1761940 247
1761950 247
1761960 248
1761970 248
1761980 248
1761990 248
1762000 249
1762010 249
1762020 249
1762030 249
1762040 249
1762050 249
1762060 249
1762070 249
1762080 249
1762090 249
1762100 248
1762110 248
1762120 249
1762130 249
1762140 249
1762150 249
1762160 249
1762170 249
1762180 249
1762190 249
1762200 249
1762210 249
1762220 250
1762230 249
1762240 249
1762250 249
1762260 250
1762270 250
1762280 250
1762290 250
1762300 250
1762310 250
1762320 250
1762330 250
1762340 250
1762350 250
1762360 250
1762370 250
1762380 250
1762390 250
1762400 250
1762410 250
1762420 251
1762430 251
1762440 251
1762450 251
1762460 251
1762470 251
1762480 252
1762490 252
1762500 252
1762510 252
1762520 252
1762530 252
1762540 253
1762550 253
1762560 253
1762570 253
1762580 254
1762590 254
1762600 254
1762610 255
1762620 255
1762630 256
1762640 257
1762650 257
1762660 258
1762670 259
1762680 259
1762690 260
1762700 262
1762710 264
1762720 264
1762730 266
1762740 267
1762750 267
1762760 269
1762770 272
1762780 272
1762790 273
1762800 272
1762810 272
1762820 270
1762830 269
1762840 269
1762850 267
1762860 265
1762870 265
1762880 263
1762890 261
1762900 260
1762910 260
1762920 259
1762930 259
1762940 259
1762950 258
1762960 257
1762970 257
1762980 258
1762990 259
1763000 259
1763010 260
1763020 261
1763030 261
1763040 262
1763050 264
1763060 266
1763070 266
1763080 268
1763090 270
1763100 270
1763110 272
1763120 274
1763130 274
1763140 276
1763150 278
1763160 278
1763170 280
1763180 284
1763190 284
1763200 287
1763210 290
1763220 290
1763230 292
1763240 295
1763250 296
1763260 296
1763270 298
1763280 300
1763290 300
1763300 302
1763310 304
1763320 304
1763330 306
1763340 307
1763350 307
1763360 308
1763370 309
1763380 309
1763390 310
1763400 311
1763410 311
1763420 311
1763430 311
1763440 312
1763450 312
1763460 312
1763470 313
1763480 313
1763490 313
1763500 314
1763510 314
1763520 315
1763530 315
1763540 315
1763550 316
1763560 316
1763570 316
1763580 316
1763590 317
1763600 317
1763610 317
1763620 318
1763630 318
1763640 318
1763650 319
1763660 319
1763670 319
1763680 322
1763690 327
1763700 327
1763710 331
1763720 335
1763730 335
1763740 339
1763750 340
1763760 340
1763770 343
1763780 345
1763790 347
1763800 347
1763810 348
1763820 350
1763830 350
1763840 349
1763850 348
1763860 348
1763870 347
1763880 345
1763890 345
1763900 342
1763910 341
1763920 341
1763930 338
1763940 335
1763950 332
1763960 332
1763970 329
1763980 328
1763990 328
1764000 326
1764010 325
1764020 325
1764030 324
1764040 322
1764050 322
1764060 320
1764070 318
1764080 318
1764090 316
1764100 314
1764110 314
1764120 313
1764130 313
1764140 312
1764150 312
1764160 312
1764170 312
1764180 312
1764190 314
1764200 315
1764210 315
1764220 316
1764230 316
1764240 316
1764250 314
1764260 311
1764270 311
1764280 306
1764290 303
1764300 298
1764310 298
1764320 295
1764330 292
1764340 292
1764350 289
1764360 286
1764370 286
1764380 282
1764390 278
1764400 278
1764410 274
1764420 271
1764430 271
1764440 267
1764450 262
1764460 262
1764470 259
1764480 256
1764490 252
1764500 252
1764510 251
1764520 251
1764530 251
1764540 250
1764550 250
1764560 250
1764570 249
1764580 248
1764590 248
1764600 249
1764610 249
1764620 249
1764630 249
1764640 249
1764650 249
1764660 249
1764670 249
1764680 249
1764690 249
1764700 249
1764710 249
1764720 249
1764730 249
1764740 249
1764750 249
1764760 249
1764770 249
1764780 249
1764790 249
1764800 249
1764810 249
1764820 249
1764830 249
1764840 249
1764850 249
1764860 249
1764870 249
1764880 249
1764890 249
1764900 249
1764910 249
1764920 249
1764930 249
1764940 249
1764950 249
1764960 249
1764970 249
1764980 250
1764990 250
1765000 250
1765010 250
1765020 250
1765030 251
1765040 251
1765050 251
1765060 251
1765070 251
1765080 252
1765090 252
1765100 252
1765110 251
1765120 251
1765130 251
1765140 251
1765150 251
1765160 251
1765170 251
1765180 251
1765190 251
1765200 251
1765210 251
1765220 251
1765230 251
1765240 252
1765250 252
1765260 252
1765270 252
1765280 252
1765290 252
1765300 252
1765310 252
1765320 252
1765330 252
1765340 252
1765350 252
1765360 252
1765370 253
1765380 253
1765390 253
1765400 253
1765410 254
1765420 254
1765430 254
1765440 255
1765450 255
1765460 256
1765470 256
1765480 256
1765490 257
1765500 257
1765510 257
1765520 258
1765530 259
1765540 260
1765550 260
1765560 262
1765570 263
1765580 263
1765590 264
1765600 265
1765610 265
1765620 266
1765630 268
1765640 268
1765650 269
1765660 270
1765670 270
1765680 272
1765690 273
1765700 273
1765710 275
1765720 276
1765730 277
1765740 277
1765750 277
1765760 278
1765770 278
1765780 279
1765790 280
1765800 280
1765810 281
1765820 282
1765830 282
1765840 282
1765850 283
1765860 283
1765870 284
1765880 285
1765890 286
1765900 286
1765910 287
1765920 288
1765930 288
1765940 289
1765950 290
1765960 290
1765970 291
1765980 292
1765990 292
1766000 294
1766010 295
1766020 295
1766030 296
1766040 298
1766050 298
1766060 299
1766070 300
1766080 302
1766090 302
1766100 303
1766110 305
1766120 305
1766130 306
1766140 308
1766150 308
1766160 308
1766170 309
1766180 309
1766190 310
1766200 309
1766210 309
1766220 307
1766230 306
1766240 305
1766250 307
1766260 305
1766270 305
1766280 305
1766290 303
1766300 302
1766310 302
1766320 300
1766330 298
1766340 298
1766350 297
1766360 295
1766370 295
1766380 295
1766390 295
1766400 295
1766410 294
1766420 292
1766430 292
1766440 292
1766450 292
1766460 292
1766470 292
1766480 291
1766490 290
1766500 290
1766510 290
1766520 290
1766530 290
1766540 289
1766550 289
1766560 289
1766570 289
1766580 290
1766590 293
1766600 293
1766610 296
1766620 297
1766630 297
1766640 298
1766650 299
1766660 299
1766670 300
1766680 300
1766690 300
1766700 301
1766710 301
1766720 301
1766730 302
1766740 303
1766750 303
1766760 303
1766770 303
1766780 304
1766790 304
1766800 301
1766810 300
1766820 300
1766830 301
1766840 302
1766850 302
1766860 305
1766870 306
1766880 306
1766890 307
1766900 308
1766910 308
1766920 309
1766930 311
1766940 311
1766950 313
1766960 313
1766970 315
1766980 315
1766990 316
1767000 317
1767010 317
1767020 318
1767030 319
1767040 319
1767050 320
1767060 319
1767070 319
1767080 320
1767090 320
1767100 320
1767110 320
1767120 320
1767130 320
1767140 320
1767150 320
1767160 321
1767170 321
1767180 321
1767190 320
1767200 320
1767210 320
1767220 321
1767230 321
1767240 321
1767250 321
1767260 321
1767270 321
1767280 321
1767290 321
1767300 321
1767310 320
1767320 319
1767330 319
1767340 317
1767350 316
1767360 316
1767370 312
1767380 304
1767390 304
1767400 302
1767410 301
1767420 301
1767430 296
1767440 299
1767450 299
1767460 302
1767470 305
1767480 310
1767490 310
1767500 314
1767510 316
1767520 316
1767530 316
1767540 314
1767550 314
1767560 313
1767570 313
1767580 313
1767590 311
1767600 310
1767610 310
1767620 310
1767630 310
1767640 310
1767650 309
1767660 309
1767670 305
1767680 305
1767690 302
1767700 299
1767710 299
1767720 297
1767730 295
1767740 295
1767750 291
1767760 289
1767770 289
1767780 287
1767790 285
1767800 285
1767810 284
1767820 283
1767830 282
1767840 282
1767850 281
1767860 280
1767870 280
1767880 277
1767890 274
1767900 274
1767910 271
1767920 269
1767930 269
1767940 267
1767950 264
1767960 264
1767970 262
1767980 260
1767990 260
1768000 258
1768010 258
1768020 257
1768030 257
1768040 257
1768050 256
1768060 256
1768070 255
1768080 254
1768090 254
1768100 253
1768110 252
1768120 252
1768130 251
1768140 249
1768150 249
1768160 249
1768170 248
1768180 248
1768190 248
1768200 247
1768210 246
1768220 246
1768230 246
1768240 245
1768250 245
1768260 245
1768270 244
1768280 244
1768290 244
1768300 244
1768310 244
1768320 243
1768330 243
1768340 243
1768350 243
1768360 243
1768370 243
1768380 243
1768390 243
1768400 243
1768410 243
1768420 243
1768430 243
1768440 243
1768450 244
1768460 244
1768470 244
1768480 244
1768490 241
1768500 241
1768510 243
1768520 244
1768530 244
1768540 244
1768550 244
1768560 244
1768570 244
1768580 244
1768590 244
1768600 244
1768610 244
1768620 244
1768630 244
1768640 244
1768650 244
1768660 244
1768670 244
1768680 244
1768690 244
1768700 244
1768710 244
1768720 244
1768730 244
1768740 244
1768750 244
1768760 244
1768770 244
1768780 244
1768790 244
1768800 244
1768810 244
1768820 244
1768830 244
1768840 244
1768850 244
1768860 244
1768870 245
1768880 245
1768890 245
1768900 245
1768910 245
1768920 245
1768930 245
1768940 245
1768950 245
1768960 245
1768970 245
1768980 245
1768990 245
1769000 245
1769010 245
1769020 245
1769030 245
1769040 245
1769050 246
1769060 246
1769070 246
1769080 246
1769090 246
1769100 246
1769110 246
1769120 246
1769130 246
1769140 246
1769150 247
1769160 247
1769170 247
1769180 247
1769190 247
1769200 247
1769210 247
1769220 247
1769230 247
1769240 247
1769250 247
1769260 248
1769270 248
1769280 248
1769290 248
1769300 248
1769310 248
1769320 248
1769330 248
1769340 249
1769350 249
1769360 249
1769370 249
1769380 249
1769390 249
1769400 249
1769410 250
1769420 250
1769430 250
1769440 250
1769450 250
1769460 250
1769470 250
1769480 250
1769490 250
1769500 251
1769510 251
1769520 251
1769530 251
1769540 251
1769550 251
1769560 251
1769570 252
1769580 252
1769590 252
1769600 252
1769610 252
1769620 252
1769630 253
1769640 253
1769650 253
1769660 254
1769670 255
1769680 255
1769690 254
1769700 253
1769710 253
1769720 253
1769730 253
1769740 253
1769750 254
1769760 254
1769770 255
1769780 255
1769790 255
1769800 255
1769810 255
1769820 255
1769830 255
1769840 255
1769850 255
1769860 254
1769870 254
1769880 253
1769890 254
1769900 254
1769910 254
1769920 255
1769930 255
1769940 255
1769950 255
1769960 256
1769970 256
1769980 257
1769990 258
1770000 258
1770010 258
1770020 259
1770030 259
1770040 258
1770050 258
1770060 258
1770070 259
1770080 259
1770090 259
1770100 259
1770110 259
1770120 260
1770130 260
1770140 260
1770150 260
1770160 260
1770170 260
1770180 260
1770190 260
1770200 260
1770210 260
1770220 260
1770230 261
1770240 261
1770250 261
1770260 261
1770270 261
1770280 261
1770290 261
1770300 261
1770310 261
1770320 261
1770330 261
1770340 261
1770350 261
1770360 261
1770370 262
1770380 262
1770390 262
1770400 262
1770410 262
1770420 262
1770430 262
1770440 262
1770450 262
1770460 262
1770470 262
1770480 262
1770490 263
1770500 263
1770510 263
1770520 263
1770530 263
1770540 263
1770550 263
1770560 264
1770570 264
1770580 264
1770590 263
1770600 263
1770610 263
1770620 263
1770630 263
1770640 264
1770650 264
1770660 266
1770670 266
1770680 267
1770690 267
1770700 267
1770710 268
1770720 269
1770730 269
1770740 270
1770750 270
1770760 270
1770770 271
1770780 272
1770790 272
1770800 273
1770810 273
1770820 273
1770830 274
1770840 275
1770850 276
1770860 276
1770870 276
1770880 277
1770890 277
1770900 277
1770910 277
1770920 277
1770930 278
1770940 279
1770950 279
1770960 279
1770970 279
1770980 279
1770990 279
1771000 280
1771010 280
1771020 280
1771030 280
1771040 278
1771050 278
1771060 277
1771070 276
1771080 276
1771090 276
1771100 277
1771110 277
1771120 277
1771130 277
1771140 277
1771150 276
1771160 278
1771170 278
1771180 280
1771190 282
1771200 283
1771210 283
1771220 284
1771230 287
1771240 287
1771250 290
1771260 291
1771270 291
1771280 292
1771290 293
1771300 293
1771310 294
1771320 297
1771330 297
1771340 298
1771350 299
1771360 300
1771370 300
1771380 301
1771390 304
1771400 304
1771410 306
1771420 307
1771430 307
1771440 308
1771450 309
1771460 309
1771470 310
1771480 311
1771490 311
1771500 313
1771510 314
1771520 314
1771530 315
1771540 316
1771550 319
1771560 319
1771570 321
1771580 323
1771590 323
1771600 324
1771610 327
1771620 327
1771630 329
1771640 330
1771650 330
1771660 333
1771670 336
1771680 336
1771690 338
1771700 339
1771710 340
1771720 340
1771730 342
1771740 344
1771750 344
1771760 345
1771770 347
1771780 347
1771790 347
1771800 349
1771810 349
1771820 350
1771830 351
1771840 351
1771850 352
1771860 352
1771870 352
1771880 353
1771890 354
1771900 354
1771910 354
1771920 355
1771930 356
1771940 356
1771950 357
1771960 358
1771970 358
1771980 359
1771990 361
1772000 361
1772010 362
1772020 364
1772030 364
1772040 365
1772050 366
1772060 368
1772070 368
1772080 370
1772090 371
1772100 371
1772110 372
1772120 374
1772130 374
1772140 376
1772150 377
1772160 377
1772170 378
1772180 379
1772190 379
1772200 380
1772210 382
1772220 382
1772230 383
1772240 384
1772250 385
1772260 385
1772270 386
1772280 387
1772290 387
1772300 387
1772310 387
1772320 387
1772330 388
1772340 389
1772350 389
1772360 390
1772370 393
1772380 393
1772390 397
1772400 402
1772410 402
1772420 406
1772430 407
1772440 409
1772450 409
1772460 410
1772470 411
1772480 411
1772490 413
1772500 414
1772510 414
1772520 415
1772530 416
1772540 416
1772550 417
1772560 418
1772570 418
1772580 419
1772590 420
1772600 420
1772610 420
1772620 420
1772630 421
1772640 421
1772650 421
1772660 421
1772670 421
1772680 420
1772690 420
1772700 420
1772710 420
1772720 419
1772730 419
1772740 418
1772750 416
1772760 416
1772770 415
1772780 413
1772790 414
1772800 414
1772810 414
1772820 416
1772830 416
1772840 416
1772850 416
1772860 416
1772870 415
1772880 414
1772890 414
1772900 412
1772910 410
1772920 410
1772930 407
1772940 405
1772950 404
1772960 404
1772970 405
1772980 406
1772990 406
1773000 407
1773010 407
1773020 407
1773030 406
1773040 404
1773050 404
1773060 400
1773070 396
1773080 396
1773090 391
1773100 386
1773110 386
1773120 384
1773130 383
1773140 382
1773150 382
1773160 381
1773170 381
1773180 381
1773190 381
1773200 381
1773210 381
1773220 380
1773230 379
1773240 379
1773250 377
1773260 376
1773270 376
1773280 374
1773290 373
1773300 372
1773310 372
1773320 371
1773330 368
1773340 368
1773350 365
1773360 363
1773370 363
1773380 362
1773390 358
1773400 358
1773410 355
1773420 355
1773430 355
1773440 353
1773450 352
1773460 352
1773470 351
1773480 347
1773490 347
1773500 347
1773510 345
1773520 344
1773530 344
1773540 341
1773550 340
1773560 340
1773570 340
1773580 339
1773590 339
1773600 336
1773610 331
1773620 331
1773630 329
1773640 329
1773650 329
1773660 329
1773670 328
1773680 328
1773690 328
1773700 327
1773710 326
1773720 326
1773730 326
1773740 325
1773750 325
1773760 325
1773770 324
1773780 324
1773790 323
1773800 322
1773810 322
1773820 322
1773830 321
1773840 319
1773850 319
1773860 318
1773870 316
1773880 316
1773890 315
1773900 314
1773910 314
1773920 313
1773930 311
1773940 311
1773950 310
1773960 308
1773970 308
1773980 307
1773990 305
1774000 304
1774010 304
1774020 304
1774030 303
1774040 303
1774050 301
1774060 300
1774070 300
1774080 299
1774090 298
1774100 298
1774110 297
1774120 296
1774130 296
1774140 295
1774150 293
1774160 293
1774170 292
1774180 291
1774190 290
1774200 290
1774210 289
1774220 288
1774230 288
1774240 286
1774250 284
1774260 284
1774270 285
1774280 284
1774290 284
1774300 284
1774310 283
1774320 283
1774330 283
1774340 283
1774350 283
1774360 282
1774370 281
1774380 281
1774390 281
1774400 280
1774410 279
1774420 279
1774430 278
1774440 277
1774450 277
1774460 277
1774470 276
1774480 276
1774490 275
1774500 275
1774510 275
1774520 275
1774530 274
1774540 275
1774550 275
1774560 274
1774570 274
1774580 274
1774590 274
1774600 274
1774610 274
1774620 274
1774630 274
1774640 274
1774650 274
1774660 274
1774670 274
1774680 273
1774690 272
1774700 272
1774710 272
1774720 271
1774730 271
1774740 271
1774750 270
1774760 269
1774770 269
1774780 268
1774790 267
1774800 267
1774810 266
1774820 266
1774830 266
1774840 266
1774850 265
1774860 265
1774870 264
1774880 263
1774890 263
1774900 263
1774910 262
1774920 261
1774930 261
1774940 260
1774950 259
1774960 259
1774970 258
1774980 258
1774990 258
1775000 258
1775010 257
1775020 257
1775030 256
1775040 256
1775050 256
1775060 255
1775070 255
1775080 255
1775090 255
1775100 253
1775110 253
1775120 253
1775130 252
1775140 252
1775150 252
1775160 252
1775170 251
1775180 251
1775190 251
1775200 251
1775210 251
1775220 251
1775230 251
1775240 251
1775250 251
1775260 251
1775270 250
1775280 250
1775290 250
1775300 250
1775310 250
1775320 250
1775330 250
1775340 250
1775350 250
1775360 250
1775370 250
1775380 250
1775390 250
1775400 250
1775410 250
1775420 250
1775430 250
1775440 250
1775450 250
1775460 250
1775470 250
1775480 250
1775490 250
1775500 250
1775510 250
1775520 250
1775530 250
1775540 251
1775550 251
1775560 251
1775570 251
1775580 251
1775590 251
1775600 251
1775610 251
1775620 251
1775630 251
1775640 251
1775650 251
1775660 251
1775670 252
1775680 254
1775690 254
1775700 254
1775710 255
1775720 255
1775730 255
1775740 255
1775750 255
1775760 255
1775770 255
1775780 255
1775790 255
1775800 255
1775810 255
1775820 255
1775830 255
1775840 255
1775850 255
1775860 254
1775870 254
1775880 254
1775890 254
1775900 254
1775910 254
1775920 254
1775930 254
1775940 254
1775950 253
1775960 253
1775970 253
1775980 253
1775990 252
1776000 252
1776010 252
1776020 252
1776030 252
1776040 252
1776050 252
1776060 252
1776070 252
1776080 252
1776090 252
1776100 252
1776110 251
1776120 252
1776130 252
1776140 252
1776150 252
1776160 252
1776170 252
1776180 252
1776190 252
1776200 252
1776210 251
1776220 251
1776230 251
1776240 250
1776250 250
1776260 250
1776270 250
1776280 250
1776290 250
1776300 250
1776310 250
1776320 250
1776330 250
1776340 250
1776350 250
1776360 250
1776370 250
1776380 250
1776390 250
1776400 250
1776410 250
1776420 250
1776430 250
1776440 250
1776450 250
1776460 250
1776470 250
1776480 250
1776490 250
1776500 250
1776510 250
1776520 250
1776530 250
1776540 250
1776550 250
1776560 250
1776570 251
1776580 251
1776590 251
1776600 251
1776610 251
1776620 251
1776630 251
1776640 251
1776650 251
1776660 251
1776670 251
1776680 251
1776690 251
1776700 251
1776710 251
1776720 250
1776730 251
1776740 251
1776750 251
1776760 251
1776770 251
1776780 251
1776790 251
1776800 251
1776810 252
1776820 252
1776830 252
1776840 252
1776850 252
1776860 252
1776870 252
1776880 252
1776890 252
1776900 252
1776910 253
1776920 253
1776930 253
1776940 253
1776950 253
1776960 253
1776970 254
1776980 254
1776990 254
1777000 254
1777010 254
1777020 254
1777030 254
1777040 255
1777050 255
1777060 255
1777070 255
1777080 255
1777090 255
1777100 255
1777110 256
1777120 256
1777130 256
1777140 256
1777150 256
1777160 256
1777170 256
1777180 256
1777190 256
1777200 256
1777210 256
1777220 256
1777230 256
1777240 256
1777250 256
1777260 256
1777270 256
1777280 256
1777290 256
1777300 256
1777310 256
1777320 256
1777330 257
1777340 257
1777350 257
1777360 257
1777370 257
1777380 257
1777390 258
1777400 258
1777410 258
1777420 259
1777430 259
1777440 259
1777450 259
1777460 260
1777470 260
1777480 260
1777490 261
1777500 260
1777510 260
1777520 261
1777530 263
1777540 263
1777550 263
1777560 264
1777570 264
1777580 263
1777590 264
1777600 264
1777610 265
1777620 265
1777630 265
1777640 265
1777650 265
1777660 265
1777670 266
1777680 266
1777690 266
1777700 267
1777710 269
1777720 270
1777730 270
1777740 272
1777750 272
1777760 272
1777770 272
1777780 271
1777790 271
1777800 270
1777810 268
1777820 268
1777830 267
1777840 266
1777850 266
1777860 266
1777870 265
1777880 265
1777890 265
1777900 263
1777910 263
1777920 263
1777930 263
1777940 263
1777950 263
1777960 263
1777970 263
1777980 263
1777990 263
1778000 263
1778010 263
1778020 264
1778030 266
1778040 266
1778050 268
1778060 271
1778070 275
1778080 275
1778090 278
1778100 278
1778110 278
1778120 281
1778130 282
1778140 282
1778150 284
1778160 286
1778170 286
1778180 288
1778190 288
1778200 288
1778210 289
1778220 291
1778230 291
1778240 293
1778250 294
1778260 295
1778270 295
1778280 297
1778290 298
1778300 298
1778310 299
1778320 300
1778330 300
1778340 300
1778350 301
1778360 301
1778370 302
1778380 304
1778390 304
1778400 305
1778410 306
1778420 307
1778430 307
1778440 308
1778450 309
1778460 309
1778470 310
1778480 312
1778490 312
1778500 312
1778510 313
1778520 313
1778530 314
1778540 314
1778550 314
1778560 313
1778570 312
1778580 312
1778590 309
1778600 307
1778610 307
1778620 307
1778630 306
1778640 306
1778650 306
1778660 305
1778670 305
1778680 304
1778690 303
1778700 302
1778710 302
1778720 301
1778730 301
1778740 301
1778750 301
1778760 301
1778770 301
1778780 301
1778790 301
1778800 301
1778810 301
1778820 302
1778830 303
1778840 303
1778850 303
1778860 304
1778870 304
1778880 304
1778890 305
1778900 305
1778910 305
1778920 305
1778930 305
1778940 306
1778950 307
1778960 309
1778970 309
1778980 311
1778990 313
1779000 313
1779010 314
1779020 313
1779030 313
1779040 313
1779050 311
1779060 311
1779070 310
1779080 309
1779090 309
1779100 308
1779110 306
1779120 305
1779130 305
1779140 304
1779150 303
1779160 303
1779170 301
1779180 301
1779190 301
1779200 299
1779210 298
1779220 298
1779230 297
1779240 297
1779250 297
1779260 296
1779270 296
1779280 296
1779290 294
1779300 294
1779310 294
1779320 294
1779330 292
1779340 291
1779350 291
1779360 292
1779370 292
1779380 292
1779390 291
1779400 292
1779410 292
1779420 293
1779430 293
1779440 293
1779450 293
1779460 293
1779470 293
1779480 292
1779490 292
1779500 291
1779510 291
1779520 289
1779530 287
1779540 287
1779550 285
1779560 285
1779570 285
1779580 286
1779590 286
1779600 286
1779610 286
1779620 284
1779630 284
1779640 282
1779650 282
1779660 282
1779670 282
1779680 281
1779690 280
1779700 280
1779710 280
1779720 279
1779730 279
1779740 278
1779750 278
1779760 278
1779770 278
1779780 277
1779790 277
1779800 276
1779810 276
1779820 276
1779830 276
1779840 275
1779850 275
1779860 275
1779870 274
1779880 274
1779890 274
1779900 273
1779910 273
1779920 273
1779930 272
1779940 271
1779950 271
1779960 271
1779970 270
1779980 270
1779990 269
