1700000 368
1700010 367
1700020 367
1700030 364
1700040 362
1700050 362
1700060 359
1700070 358
1700080 358
1700090 355
1700100 353
1700110 352
1700120 352
1700130 350
1700140 348
1700150 348
1700160 347
1700170 345
1700180 345
1700190 344
1700200 341
1700210 341
1700220 341
1700230 340
1700240 340
1700250 340
1700260 340
1700270 340
1700280 339
1700290 339
1700300 339
1700310 339
1700320 339
1700330 339
1700340 339
1700350 338
1700360 338
1700370 338
1700380 338
1700390 338
1700400 338
1700410 339
1700420 339
1700430 339
1700440 340
1700450 341
1700460 341
1700470 342
1700480 343
1700490 345
1700500 345
1700510 345
1700520 346
1700530 346
1700540 349
1700550 350
1700560 350
1700570 351
1700580 353
1700590 353
1700600 355
1700610 357
1700620 357
1700630 357
1700640 361
1700650 363
1700660 363
1700670 365
1700680 367
1700690 367
1700700 367
1700710 369
1700720 369
1700730 367
1700740 367
1700750 367
1700760 371
1700770 376
1700780 376
1700790 382
1700800 386
1700810 386
1700820 389
1700830 391
1700840 394
1700850 394
1700860 395
1700870 396
1700880 396
1700890 396
1700900 396
1700910 396
1700920 395
1700930 395
1700940 395
1700950 393
1700960 390
1700970 390
1700980 385
1700990 383
1701000 377
1701010 377
1701020 374
1701030 371
1701040 371
1701050 370
1701060 368
1701070 368
1701080 366
1701090 364
1701100 364
1701110 358
1701120 355
1701130 355
1701140 352
1701150 349
1701160 349
1701170 349
1701180 347
1701190 346
1701200 346
1701210 344
1701220 344
1701230 344
1701240 343
1701250 344
1701260 344
1701270 344
1701280 341
1701290 341
1701300 346
1701310 348
1701320 348
1701330 346
1701340 346
1701350 346
1701360 351
1701370 354
1701380 357
1701390 357
1701400 361
1701410 366
1701420 366
1701430 370
1701440 373
1701450 373
1701460 377
1701470 379
1701480 379
1701490 381
1701500 382
1701510 382
1701520 383
1701530 384
1701540 385
1701550 385
1701560 385
1701570 386
1701580 386
1701590 387
1701600 388
1701610 388
1701620 389
1701630 390
1701640 390
1701650 386
1701660 384
1701670 384
1701680 381
1701690 379
1701700 379
1701710 378
1701720 375
1701730 372
1701740 372
1701750 370
1701760 367
1701770 367
1701780 364
1701790 362
1701800 362
1701810 359
1701820 359
1701830 359
1701840 358
1701850 357
1701860 357
1701870 355
1701880 353
1701890 352
1701900 352
1701910 350
1701920 348
1701930 348
1701940 346
1701950 345
1701960 345
1701970 343
1701980 342
1701990 342
1702000 340
1702010 339
1702020 339
1702030 342
1702040 345
1702050 345
1702060 348
1702070 352
1702080 357
1702090 357
1702100 361
1702110 364
1702120 364
1702130 366
1702140 368
1702150 368
1702160 370
1702170 372
1702180 372
1702190 374
1702200 375
1702210 375
1702220 375
1702230 374
1702240 374
1702250 372
1702260 368
1702270 362
1702280 362
1702290 354
1702300 349
1702310 349
1702320 347
1702330 345
1702340 345
1702350 342
1702360 341
1702370 341
1702380 339
1702390 338
1702400 338
1702410 336
1702420 335
1702430 333
1702440 333
1702450 333
1702460 330
1702470 330
1702480 330
1702490 330
1702500 330
1702510 330
1702520 330
1702530 330
1702540 330
1702550 330
1702560 330
1702570 331
1702580 332
1702590 332
1702600 332
1702610 333
1702620 334
1702630 334
1702640 334
1702650 336
1702660 336
1702670 339
1702680 342
1702690 342
1702700 345
1702710 346
1702720 346
1702730 348
1702740 349
1702750 349
1702760 350
1702770 352
1702780 353
1702790 353
1702800 353
1702810 353
1702820 353
1702830 356
1702840 358
1702850 358
1702860 361
1702870 364
1702880 364
1702890 366
1702900 368
1702910 368
1702920 371
1702930 373
1702940 373
1702950 375
1702960 378
1702970 379
1702980 379
1702990 379
1703000 380
1703010 380
1703020 379
1703030 378
1703040 378
1703050 376
1703060 373
1703070 373
1703080 373
1703090 372
1703100 372
1703110 371
1703120 369
1703130 369
1703140 367
1703150 364
1703160 364
1703170 364
1703180 363
1703190 363
1703200 363
1703210 361
1703220 358
1703230 358
1703240 354
1703250 352
1703260 352
1703270 352
1703280 347
1703290 347
1703300 343
1703310 340
1703320 339
1703330 339
1703340 340
1703350 342
1703360 342
1703370 342
1703380 343
1703390 343
1703400 344
1703410 345
1703420 345
1703430 346
1703440 348
1703450 348
1703460 350
1703470 351
1703480 351
1703490 352
1703500 352
1703510 353
1703520 353
1703530 350
1703540 347
1703550 347
1703560 343
1703570 345
1703580 345
1703590 350
1703600 352
1703610 352
1703620 353
1703630 354
1703640 354
1703650 355
1703660 355
1703670 355
1703680 355
1703690 355
1703700 354
1703710 354
1703720 352
1703730 350
1703740 350
1703750 348
1703760 347
1703770 347
1703780 346
1703790 346
1703800 346
1703810 346
1703820 345
1703830 345
1703840 345
1703850 344
1703860 343
1703870 343
1703880 343
1703890 343
1703900 343
1703910 343
1703920 343
1703930 343
1703940 342
1703950 340
1703960 340
1703970 338
1703980 335
1703990 335
1704000 331
1704010 330
1704020 327
1704030 327
1704040 326
1704050 325
1704060 325
1704070 323
1704080 323
1704090 323
1704100 322
1704110 322
1704120 322
1704130 322
1704140 322
1704150 322
1704160 322
1704170 323
1704180 323
1704190 324
1704200 324
1704210 325
1704220 325
1704230 325
1704240 324
1704250 324
1704260 324
1704270 325
1704280 325
1704290 325
1704300 326
1704310 326
1704320 327
1704330 327
1704340 327
1704350 327
1704360 327
1704370 327
1704380 329
1704390 330
1704400 331
1704410 331
1704420 332
1704430 333
1704440 333
1704450 334
1704460 334
1704470 334
1704480 334
1704490 333
1704500 333
1704510 332
1704520 332
1704530 332
1704540 332
1704550 332
1704560 332
1704570 332
1704580 331
1704590 331
1704600 331
1704610 332
1704620 333
1704630 333
1704640 333
1704650 333
1704660 333
1704670 333
1704680 334
1704690 334
1704700 334
1704710 334
1704720 334
1704730 335
1704740 335
1704750 335
1704760 335
1704770 336
1704780 336
1704790 336
1704800 337
1704810 337
1704820 337
1704830 337
1704840 337
1704850 337
1704860 336
1704870 336
1704880 336
1704890 336
1704900 336
1704910 334
1704920 334
1704930 334
1704940 333
1704950 333
1704960 332
1704970 331
1704980 331
1704990 331
1705000 329
1705010 329
1705020 327
1705030 326
1705040 326
1705050 325
1705060 325
1705070 325
1705080 324
1705090 323
1705100 322
1705110 322
1705120 322
1705130 322
1705140 322
1705150 322
1705160 321
1705170 321
1705180 320
1705190 320
1705200 320
1705210 320
1705220 320
1705230 320
1705240 320
1705250 321
1705260 321
1705270 322
1705280 323
1705290 323
1705300 323
1705310 323
1705320 323
1705330 323
1705340 324
1705350 325
1705360 325
1705370 325
1705380 325
1705390 325
1705400 325
1705410 324
1705420 324
1705430 323
1705440 322
1705450 321
1705460 321
1705470 320
1705480 320
1705490 320
1705500 319
1705510 321
1705520 321
1705530 322
1705540 323
1705550 323
1705560 325
1705570 327
1705580 327
1705590 329
1705600 330
1705610 330
1705620 332
1705630 333
1705640 335
1705650 335
1705660 337
1705670 339
1705680 339
1705690 340
1705700 342
1705710 342
1705720 343
1705730 344
1705740 344
1705750 346
1705760 347
1705770 347
1705780 348
1705790 349
1705800 349
1705810 349
1705820 349
1705830 348
1705840 348
1705850 346
1705860 345
1705870 345
1705880 344
1705890 343
1705900 343
1705910 343
1705920 344
1705930 344
1705940 345
1705950 346
1705960 346
1705970 348
1705980 349
1705990 350
1706000 350
1706010 350
1706020 351
1706030 351
1706040 351
1706050 352
1706060 352
1706070 352
1706080 352
1706090 352
1706100 351
1706110 347
1706120 347
1706130 345
1706140 342
1706150 342
1706160 339
1706170 337
1706180 337
1706190 337
1706200 336
1706210 334
1706220 334
1706230 333
1706240 330
1706250 330
1706260 328
1706270 325
1706280 325
1706290 323
1706300 323
1706310 323
1706320 323
1706330 323
1706340 324
1706350 324
1706360 326
1706370 329
1706380 329
1706390 332
1706400 335
1706410 335
1706420 338
1706430 341
1706440 341
1706450 342
1706460 343
1706470 343
1706480 344
1706490 346
1706500 346
1706510 348
1706520 349
1706530 351
1706540 351
1706550 352
1706560 353
1706570 353
1706580 354
1706590 354
1706600 354
1706610 354
1706620 354
1706630 354
1706640 353
1706650 352
1706660 352
1706670 352
1706680 352
1706690 351
1706700 351
1706710 350
1706720 349
1706730 349
1706740 347
1706750 345
1706760 345
1706770 342
1706780 340
1706790 340
1706800 337
1706810 335
1706820 335
1706830 333
1706840 331
1706850 331
1706860 329
1706870 328
1706880 326
1706890 326
1706900 325
1706910 323
1706920 323
1706930 321
1706940 319
1706950 319
1706960 318
1706970 317
1706980 317
1706990 316
1707000 316
1707010 316
1707020 315
1707030 316
1707040 316
1707050 317
1707060 318
1707070 320
1707080 320
1707090 323
1707100 325
1707110 325
1707120 328
1707130 330
1707140 330
1707150 332
1707160 334
1707170 334
1707180 335
1707190 337
1707200 337
1707210 339
1707220 340
1707230 342
1707240 342
1707250 344
1707260 346
1707270 346
1707280 348
1707290 350
1707300 350
1707310 351
1707320 352
1707330 352
1707340 352
1707350 351
1707360 351
1707370 351
1707380 351
1707390 351
1707400 350
1707410 348
1707420 346
1707430 346
1707440 344
1707450 343
1707460 343
1707470 342
1707480 341
1707490 341
1707500 340
1707510 339
1707520 339
1707530 336
1707540 335
1707550 335
1707560 334
1707570 333
1707580 332
1707590 332
1707600 330
1707610 329
1707620 329
1707630 328
1707640 327
1707650 327
1707660 326
1707670 326
1707680 326
1707690 326
1707700 326
1707710 326
1707720 326
1707730 326
1707740 326
1707750 327
1707760 328
1707770 329
1707780 329
1707790 330
1707800 332
1707810 332
1707820 334
1707830 336
1707840 336
1707850 338
1707860 341
1707870 341
1707880 343
1707890 345
1707900 345
1707910 348
1707920 351
1707930 353
1707940 353
1707950 356
1707960 359
1707970 359
1707980 361
1707990 362
1708000 362
1708010 362
1708020 362
1708030 362
1708040 360
1708050 360
1708060 360
1708070 358
1708080 356
1708090 356
1708100 355
1708110 354
1708120 354
1708130 354
1708140 354
1708150 349
1708160 349
1708170 345
1708180 343
1708190 343
1708200 342
1708210 343
1708220 343
1708230 344
1708240 345
1708250 345
1708260 345
1708270 345
1708280 345
1708290 345
1708300 346
1708310 346
1708320 346
1708330 346
1708340 347
1708350 347
1708360 348
1708370 349
1708380 349
1708390 350
1708400 351
1708410 351
1708420 353
1708430 354
1708440 354
1708450 356
1708460 357
1708470 357
1708480 357
1708490 358
1708500 357
1708510 357
1708520 357
1708530 357
1708540 357
1708550 356
1708560 354
1708570 354
1708580 352
1708590 351
1708600 351
1708610 349
1708620 347
1708630 347
1708640 346
1708650 345
1708660 344
1708670 344
1708680 344
1708690 343
1708700 343
1708710 342
1708720 340
1708730 340
1708740 338
1708750 336
1708760 336
1708770 334
1708780 331
1708790 331
1708800 329
1708810 326
1708820 323
1708830 323
1708840 322
1708850 321
1708860 321
1708870 320
1708880 320
1708890 320
1708900 319
1708910 318
1708920 318
1708930 317
1708940 316
1708950 316
1708960 315
1708970 314
1708980 314
1708990 314
1709000 314
1709010 314
1709020 314
1709030 314
1709040 315
1709050 315
1709060 315
1709070 317
1709080 317
1709090 318
1709100 319
1709110 319
1709120 321
1709130 323
1709140 323
1709150 326
1709160 329
1709170 329
1709180 332
1709190 335
1709200 338
1709210 338
1709220 340
1709230 341
1709240 341
1709250 341
1709260 340
1709270 340
1709280 340
1709290 340
1709300 340
1709310 340
1709320 340
1709330 340
1709340 340
1709350 339
1709360 339
1709370 339
1709380 339
1709390 338
1709400 338
1709410 338
1709420 338
1709430 338
1709440 337
1709450 337
1709460 337
1709470 336
1709480 335
1709490 335
1709500 335
1709510 332
1709520 332
1709530 330
1709540 327
1709550 324
1709560 324
1709570 325
1709580 325
1709590 325
1709600 325
1709610 325
1709620 325
1709630 326
1709640 327
1709650 327
1709660 328
1709670 329
1709680 329
1709690 330
1709700 331
1709710 332
1709720 332
1709730 332
1709740 331
1709750 331
1709760 330
1709770 329
1709780 329
1709790 327
1709800 326
1709810 326
1709820 324
1709830 322
1709840 322
1709850 320
1709860 317
1709870 317
1709880 314
1709890 312
1709900 308
1709910 308
1709920 307
1709930 307
1709940 307
1709950 308
1709960 308
1709970 308
1709980 308
1709990 307
1710000 307
1710010 306
1710020 306
1710030 306
1710040 306
1710050 306
1710060 306
1710070 306
1710080 306
1710090 306
1710100 306
1710110 306
1710120 306
1710130 306
1710140 307
1710150 308
1710160 308
1710170 309
1710180 309
1710190 309
1710200 308
1710210 309
1710220 309
1710230 309
1710240 308
1710250 309
1710260 309
1710270 310
1710280 310
1710290 310
1710300 310
1710310 311
1710320 311
1710330 312
1710340 312
1710350 312
1710360 314
1710370 314
1710380 314
1710390 313
1710400 312
1710410 312
1710420 310
1710430 310
1710440 309
1710450 309
1710460 310
1710470 311
1710480 311
1710490 310
1710500 309
1710510 309
1710520 311
1710530 313
1710540 313
1710550 313
1710560 314
1710570 314
1710580 314
1710590 314
1710600 314
1710610 314
1710620 315
1710630 314
1710640 314
1710650 315
1710660 315
1710670 315
1710680 314
1710690 314
1710700 314
1710710 314
1710720 314
1710730 314
1710740 313
1710750 313
1710760 313
1710770 313
1710780 312
1710790 312
1710800 312
1710810 312
1710820 311
1710830 311
1710840 311
1710850 311
1710860 311
1710870 311
1710880 311
1710890 311
1710900 311
1710910 311
1710920 311
1710930 310
1710940 309
1710950 309
1710960 307
1710970 307
1710980 306
1710990 306
1711000 305
1711010 305
1711020 305
1711030 304
1711040 304
1711050 304
1711060 304
1711070 304
1711080 304
1711090 304
1711100 304
1711110 304
1711120 305
1711130 305
1711140 305
1711150 305
1711160 306
1711170 306
1711180 306
1711190 307
1711200 308
1711210 308
1711220 309
1711230 310
1711240 310
1711250 310
1711260 310
1711270 310
1711280 310
1711290 310
1711300 310
1711310 309
1711320 308
1711330 308
1711340 308
1711350 307
1711360 307
1711370 307
1711380 306
1711390 306
1711400 306
1711410 305
1711420 304
1711430 304
1711440 304
1711450 303
1711460 303
1711470 303
1711480 303
1711490 302
1711500 302
1711510 302
1711520 302
1711530 302
1711540 302
1711550 302
1711560 302
1711570 302
1711580 302
1711590 302
1711600 302
1711610 302
1711620 302
1711630 302
1711640 302
1711650 302
1711660 302
1711670 302
1711680 302
1711690 302
1711700 303
1711710 303
1711720 303
1711730 303
1711740 304
1711750 304
1711760 304
1711770 304
1711780 304
1711790 304
1711800 304
1711810 304
1711820 304
1711830 304
1711840 304
1711850 304
1711860 303
1711870 303
1711880 303
1711890 303
1711900 302
1711910 302
1711920 302
1711930 302
1711940 302
1711950 302
1711960 302
1711970 302
1711980 302
1711990 302
1712000 302
1712010 302
1712020 302
1712030 301
1712040 301
1712050 301
1712060 301
1712070 301
1712080 302
1712090 302
1712100 302
1712110 302
1712120 302
1712130 302
1712140 302
1712150 301
1712160 301
1712170 301
1712180 301
1712190 301
1712200 301
1712210 301
1712220 301
1712230 301
1712240 301
1712250 301
1712260 301
1712270 301
1712280 301
1712290 301
1712300 301
1712310 301
1712320 301
1712330 301
1712340 301
1712350 301
1712360 300
1712370 299
1712380 301
1712390 301
1712400 303
1712410 303
1712420 303
1712430 303
1712440 303
1712450 303
1712460 302
1712470 302
1712480 302
1712490 302
1712500 302
1712510 302
1712520 302
1712530 302
1712540 302
1712550 302
1712560 304
1712570 305
1712580 305
1712590 307
1712600 310
1712610 310
1712620 312
1712630 314
1712640 314
1712650 316
1712660 317
1712670 317
1712680 318
1712690 319
1712700 319
1712710 319
1712720 318
1712730 318
1712740 318
1712750 318
1712760 318
1712770 318
1712780 318
1712790 319
1712800 319
1712810 321
1712820 322
1712830 322
1712840 324
1712850 327
1712860 327
1712870 333
1712880 336
1712890 336
1712900 339
1712910 339
1712920 340
1712930 340
1712940 340
1712950 340
1712960 340
1712970 340
1712980 341
1712990 341
1713000 343
1713010 344
1713020 344
1713030 345
1713040 346
1713050 346
1713060 347
1713070 347
1713080 347
1713090 347
1713100 346
1713110 345
1713120 345
1713130 345
1713140 342
1713150 342
1713160 338
1713170 334
1713180 334
1713190 338
1713200 342
1713210 342
1713220 343
1713230 346
1713240 346
1713250 347
1713260 349
1713270 351
1713280 351
1713290 352
1713300 352
1713310 352
1713320 351
1713330 349
1713340 349
1713350 347
1713360 346
1713370 346
1713380 345
1713390 344
1713400 344
1713410 344
1713420 345
1713430 345
1713440 345
1713450 345
1713460 345
1713470 345
1713480 345
1713490 345
1713500 345
1713510 345
1713520 346
1713530 346
1713540 346
1713550 347
1713560 347
1713570 347
1713580 348
1713590 348
1713600 349
1713610 349
1713620 350
1713630 350
1713640 353
1713650 354
1713660 354
1713670 356
1713680 356
1713690 356
1713700 357
1713710 357
1713720 357
1713730 357
1713740 356
1713750 356
1713760 355
1713770 353
1713780 353
1713790 353
1713800 352
1713810 352
1713820 352
1713830 352
1713840 351
1713850 351
1713860 350
1713870 349
1713880 349
1713890 347
1713900 345
1713910 345
1713920 342
1713930 338
1713940 338
1713950 334
1713960 331
1713970 331
1713980 329
1713990 327
1714000 325
1714010 325
1714020 323
1714030 321
1714040 321
1714050 320
1714060 319
1714070 319
1714080 318
1714090 317
1714100 317
1714110 316
1714120 317
1714130 317
1714140 316
1714150 316
1714160 316
1714170 316
1714180 318
1714190 319
1714200 319
1714210 321
1714220 323
1714230 323
1714240 325
1714250 326
1714260 326
1714270 328
1714280 332
1714290 332
1714300 334
1714310 335
1714320 335
1714330 338
1714340 343
1714350 345
1714360 345
1714370 348
1714380 350
1714390 350
1714400 352
1714410 354
1714420 354
1714430 357
1714440 359
1714450 359
1714460 361
1714470 363
1714480 363
1714490 365
1714500 367
1714510 369
1714520 369
1714530 371
1714540 373
1714550 373
1714560 374
1714570 376
1714580 376
1714590 377
1714600 377
1714610 377
1714620 378
1714630 376
1714640 376
1714650 375
1714660 375
1714670 375
1714680 374
1714690 373
1714700 371
1714710 371
1714720 369
1714730 367
1714740 367
1714750 365
1714760 364
1714770 364
1714780 362
1714790 360
1714800 360
1714810 358
1714820 356
1714830 356
1714840 353
1714850 350
1714860 350
1714870 347
1714880 344
1714890 339
1714900 339
1714910 336
1714920 333
1714930 333
1714940 330
1714950 329
1714960 329
1714970 327
1714980 326
1714990 326
1715000 326
1715010 328
1715020 328
1715030 329
1715040 331
1715050 333
1715060 333
1715070 337
1715080 340
1715090 340
1715100 343
1715110 344
1715120 344
1715130 346
1715140 347
1715150 347
1715160 349
1715170 351
1715180 351
1715190 352
1715200 353
1715210 353
1715220 352
1715230 352
1715240 350
1715250 350
1715260 349
1715270 347
1715280 347
1715290 345
1715300 343
1715310 343
1715320 340
1715330 338
1715340 338
1715350 336
1715360 334
1715370 334
1715380 333
1715390 332
1715400 330
1715410 330
1715420 330
1715430 332
1715440 332
1715450 336
1715460 339
1715470 339
1715480 344
1715490 347
1715500 347
1715510 349
1715520 350
1715530 350
1715540 353
1715550 355
1715560 355
1715570 356
1715580 357
1715590 358
1715600 358
1715610 360
1715620 361
1715630 361
1715640 362
1715650 363
1715660 363
1715670 363
1715680 363
1715690 363
1715700 362
1715710 360
1715720 360
1715730 356
1715740 354
1715750 353
1715760 353
1715770 351
1715780 350
1715790 350
1715800 351
1715810 351
1715820 351
1715830 350
1715840 350
1715850 350
1715860 350
1715870 352
1715880 352
1715890 355
1715900 357
1715910 357
1715920 358
1715930 362
1715940 365
1715950 365
1715960 368
1715970 371
1715980 371
1715990 375
1716000 379
1716010 379
1716020 382
1716030 384
1716040 384
1716050 387
1716060 390
1716070 390
1716080 394
1716090 397
1716100 397
1716110 400
1716120 402
1716130 404
1716140 404
1716150 406
1716160 408
1716170 408
1716180 412
1716190 415
1716200 415
1716210 417
1716220 419
1716230 419
1716240 418
1716250 417
1716260 417
1716270 415
1716280 412
1716290 409
1716300 409
1716310 406
1716320 405
1716330 405
1716340 401
1716350 400
1716360 400
1716370 405
1716380 407
1716390 407
1716400 408
1716410 410
1716420 410
1716430 413
1716440 415
1716450 415
1716460 416
1716470 418
1716480 420
1716490 420
1716500 422
1716510 423
1716520 423
1716530 423
1716540 422
1716550 422
1716560 422
1716570 431
1716580 431
1716590 436
1716600 440
1716610 440
1716620 443
1716630 447
1716640 452
1716650 452
1716660 456
1716670 460
1716680 460
1716690 464
1716700 467
1716710 467
1716720 470
1716730 472
1716740 472
1716750 475
1716760 476
1716770 476
1716780 476
1716790 477
1716800 477
1716810 478
1716820 479
1716830 481
1716840 481
1716850 482
1716860 484
1716870 484
1716880 485
1716890 487
1716900 487
1716910 488
1716920 489
1716930 489
1716940 491
1716950 493
1716960 493
1716970 495
1716980 496
1716990 496
1717000 498
1717010 500
1717020 501
1717030 501
1717040 502
1717050 503
1717060 503
1717070 504
1717080 504
1717090 504
1717100 505
1717110 505
1717120 505
1717130 505
1717140 505
1717150 505
1717160 505
1717170 505
1717180 504
1717190 504
1717200 504
1717210 503
1717220 503
1717230 502
1717240 502
1717250 502
1717260 501
1717270 501
1717280 501
1717290 500
1717300 497
1717310 497
1717320 493
1717330 488
1717340 488
1717350 483
1717360 478
1717370 473
1717380 473
1717390 468
1717400 465
1717410 465
1717420 462
1717430 459
1717440 459
1717450 455
1717460 451
1717470 451
1717480 448
1717490 445
1717500 445
1717510 441
1717520 438
1717530 435
1717540 435
1717550 428
1717560 430
1717570 430
1717580 434
1717590 438
1717600 438
1717610 440
1717620 443
1717630 443
1717640 444
1717650 445
1717660 445
1717670 445
1717680 445
1717690 445
1717700 443
1717710 440
1717720 441
1717730 441
1717740 439
1717750 436
1717760 436
1717770 434
1717780 430
1717790 430
1717800 425
1717810 419
1717820 419
1717830 422
1717840 430
1717850 430
1717860 437
1717870 443
1717880 443
1717890 449
1717900 454
1717910 460
1717920 460
1717930 463
1717940 466
1717950 466
1717960 468
1717970 470
1717980 470
1717990 472
1718000 473
1718010 473
1718020 474
1718030 475
1718040 475
1718050 475
1718060 475
1718070 474
1718080 474
1718090 473
1718100 471
1718110 471
1718120 471
1718130 470
1718140 470
1718150 469
1718160 468
1718170 468
1718180 468
1718190 468
1718200 464
1718210 464
1718220 465
1718230 465
1718240 464
1718250 462
1718260 461
1718270 461
1718280 459
1718290 456
1718300 456
1718310 454
1718320 453
1718330 453
1718340 451
1718350 451
1718360 451
1718370 451
1718380 454
1718390 454
1718400 455
1718410 455
1718420 452
1718430 452
1718440 447
1718450 453
1718460 453
1718470 457
1718480 459
1718490 459
1718500 460
1718510 461
1718520 461
1718530 462
1718540 463
1718550 463
1718560 464
1718570 465
1718580 465
1718590 466
1718600 466
1718610 467
1718620 467
1718630 467
1718640 467
1718650 467
1718660 467
1718670 467
1718680 467
1718690 467
1718700 467
1718710 467
1718720 466
1718730 466
1718740 466
1718750 466
1718760 466
1718770 466
1718780 467
1718790 467
1718800 467
1718810 467
1718820 467
1718830 467
1718840 467
1718850 467
1718860 467
1718870 467
1718880 467
1718890 467
1718900 467
1718910 466
1718920 466
1718930 466
1718940 466
1718950 465
1718960 464
1718970 464
1718980 463
1718990 462
1719000 462
1719010 461
1719020 459
1719030 459
1719040 459
1719050 458
1719060 458
1719070 457
1719080 456
1719090 456
1719100 455
1719110 454
1719120 454
1719130 452
1719140 450
1719150 449
1719160 449
1719170 448
1719180 447
1719190 447
1719200 446
1719210 444
1719220 444
1719230 439
1719240 436
1719250 436
1719260 433
1719270 434
1719280 434
1719290 437
1719300 438
1719310 439
1719320 439
1719330 439
1719340 439
1719350 439
1719360 439
1719370 440
1719380 440
1719390 439
1719400 440
1719410 440
1719420 437
1719430 437
1719440 437
1719450 437
1719460 437
1719470 437
1719480 436
1719490 435
1719500 434
1719510 434
1719520 434
1719530 434
1719540 434
1719550 434
1719560 434
1719570 434
1719580 434
1719590 434
1719600 434
1719610 435
1719620 435
1719630 435
1719640 434
1719650 434
1719660 434
1719670 434
1719680 433
1719690 432
1719700 432
1719710 431
1719720 430
1719730 430
1719740 431
1719750 430
1719760 430
1719770 430
1719780 430
1719790 430
1719800 430
1719810 430
1719820 430
1719830 429
1719840 430
1719850 430
1719860 430
1719870 429
1719880 429
1719890 429
1719900 427
1719910 425
1719920 425
1719930 425
1719940 424
1719950 424
1719960 423
1719970 423
1719980 423
1719990 422
