1760000 298
1760010 298
1760020 298
1760030 298
1760040 298
1760050 298
1760060 297
1760070 297
1760080 297
1760090 297
1760100 296
1760110 296
1760120 296
1760130 295
1760140 295
1760150 294
1760160 294
1760170 294
1760180 292
1760190 292
1760200 292
1760210 292
1760220 292
1760230 291
1760240 291
1760250 291
1760260 291
1760270 291
1760280 291
1760290 290
1760300 290
1760310 289
1760320 288
1760330 288
1760340 287
1760350 285
1760360 285
1760370 284
1760380 282
1760390 281
1760400 281
1760410 280
1760420 279
1760430 279
1760440 278
1760450 278
1760460 278
1760470 277
1760480 276
1760490 276
1760500 276
1760510 275
1760520 275
1760530 274
1760540 274
1760550 273
1760560 273
1760570 272
1760580 272
1760590 272
1760600 271
1760610 271
1760620 271
1760630 271
1760640 270
1760650 270
1760660 270
1760670 270
1760680 270
1760690 270
1760700 269
1760710 269
1760720 269
1760730 269
1760740 268
1760750 268
1760760 268
1760770 268
1760780 268
1760790 267
1760800 267
1760810 267
1760820 267
1760830 266
1760840 266
1760850 266
1760860 267
1760870 267
1760880 265
1760890 265
1760900 265
1760910 265
1760920 264
1760930 264
1760940 264
1760950 264
1760960 263
1760970 263
1760980 263
1760990 263
1761000 263
1761010 262
1761020 262
1761030 262
1761040 262
1761050 261
1761060 261
1761070 261
1761080 261
1761090 260
1761100 260
1761110 260
1761120 260
1761130 260
1761140 259
1761150 259
1761160 259
1761170 259
1761180 259
1761190 259
1761200 258
1761210 258
1761220 258
1761230 258
1761240 258
1761250 258
1761260 257
1761270 257
1761280 257
1761290 257
1761300 257
1761310 257
1761320 257
1761330 257
1761340 257
1761350 257
1761360 257
1761370 257
1761380 257
1761390 257
1761400 256
1761410 256
1761420 256
1761430 256
1761440 256
1761450 256
1761460 257
1761470 257
1761480 257
1761490 257
1761500 255
1761510 255
1761520 257
1761530 257
1761540 257
1761550 257
1761560 257
1761570 257
1761580 257
1761590 257
1761600 257
1761610 257
1761620 257
1761630 257
1761640 257
1761650 257
1761660 257
1761670 257
1761680 258
1761690 257
1761700 257
1761710 258
1761720 257
1761730 257
1761740 257
1761750 257
1761760 257
1761770 257
1761780 256
1761790 256
1761800 256
1761810 256
1761820 256
1761830 256
1761840 256
1761850 256
1761860 256
1761870 256
1761880 256
1761890 256
1761900 256
1761910 256
1761920 256
1761930 256
1761940 256
1761950 256
1761960 256
1761970 256
1761980 256
1761990 256
1762000 256
1762010 256
1762020 256
1762030 256
1762040 256
1762050 256
1762060 257
1762070 257
1762080 257
1762090 257
1762100 258
1762110 258
1762120 259
1762130 259
1762140 259
1762150 264
1762160 265
1762170 266
1762180 266
1762190 268
1762200 270
1762210 270
1762220 272
1762230 274
1762240 274
1762250 277
1762260 279
1762270 279
1762280 281
1762290 284
1762300 284
1762310 286
1762320 289
1762330 289
1762340 292
1762350 297
1762360 300
1762370 300
1762380 304
1762390 306
1762400 306
1762410 309
1762420 311
1762430 311
1762440 314
1762450 317
1762460 317
1762470 322
1762480 324
1762490 324
1762500 326
1762510 326
1762520 326
1762530 329
1762540 332
1762550 333
1762560 333
1762570 334
1762580 336
1762590 336
1762600 337
1762610 341
1762620 341
1762630 345
1762640 348
1762650 348
1762660 349
1762670 349
1762680 349
1762690 350
1762700 347
1762710 343
1762720 343
1762730 340
1762740 337
1762750 337
1762760 334
1762770 331
1762780 331
1762790 329
1762800 327
1762810 327
1762820 325
1762830 322
1762840 322
1762850 321
1762860 319
1762870 319
1762880 318
1762890 316
1762900 314
1762910 314
1762920 311
1762930 308
1762940 308
1762950 306
1762960 304
1762970 304
1762980 303
1762990 302
1763000 302
1763010 301
1763020 300
1763030 300
1763040 299
1763050 298
1763060 298
1763070 297
1763080 296
1763090 295
1763100 295
1763110 294
1763120 293
1763130 293
1763140 292
1763150 291
1763160 291
1763170 290
1763180 289
1763190 289
1763200 288
1763210 288
1763220 288
1763230 287
1763240 286
1763250 285
1763260 285
1763270 284
1763280 283
1763290 283
1763300 283
1763310 282
1763320 283
1763330 283
1763340 283
1763350 283
1763360 282
1763370 281
1763380 281
1763390 281
1763400 281
1763410 281
1763420 280
1763430 280
1763440 280
1763450 280
1763460 279
1763470 279
1763480 279
1763490 279
1763500 278
1763510 278
1763520 278
1763530 277
1763540 277
1763550 276
1763560 276
1763570 276
1763580 275
1763590 275
1763600 275
1763610 274
1763620 273
1763630 273
1763640 273
1763650 272
1763660 272
1763670 272
1763680 271
1763690 272
1763700 272
1763710 272
1763720 271
1763730 271
1763740 271
1763750 272
1763760 272
1763770 273
1763780 273
1763790 274
1763800 274
1763810 274
1763820 274
1763830 274
1763840 274
1763850 274
1763860 274
1763870 274
1763880 274
1763890 274
1763900 273
1763910 272
1763920 272
1763930 272
1763940 271
1763950 271
1763960 271
1763970 270
1763980 270
1763990 270
1764000 269
1764010 269
1764020 269
1764030 268
1764040 268
1764050 268
1764060 268
1764070 268
1764080 268
1764090 267
1764100 267
1764110 267
1764120 266
1764130 265
1764140 265
1764150 265
1764160 264
1764170 263
1764180 263
1764190 263
1764200 263
1764210 263
1764220 262
1764230 262
1764240 262
1764250 262
1764260 262
1764270 262
1764280 262
1764290 262
1764300 262
1764310 262
1764320 263
1764330 262
1764340 262
1764350 261
1764360 261
1764370 261
1764380 260
1764390 260
1764400 260
1764410 260
1764420 260
1764430 260
1764440 259
1764450 259
1764460 259
1764470 259
1764480 259
1764490 259
1764500 259
1764510 260
1764520 260
1764530 260
1764540 259
1764550 260
1764560 260
1764570 260
1764580 260
1764590 260
1764600 260
1764610 260
1764620 260
1764630 260
1764640 260
1764650 260
1764660 260
1764670 260
1764680 260
1764690 260
1764700 260
1764710 260
1764720 260
1764730 260
1764740 260
1764750 260
1764760 260
1764770 260
1764780 260
1764790 260
1764800 260
1764810 260
1764820 260
1764830 261
1764840 261
1764850 259
1764860 260
1764870 260
1764880 260
1764890 260
1764900 259
1764910 259
1764920 259
1764930 260
1764940 260
1764950 260
1764960 260
1764970 260
1764980 261
1764990 261
1765000 261
1765010 261
1765020 261
1765030 261
1765040 261
1765050 261
1765060 261
1765070 261
1765080 261
1765090 261
1765100 261
1765110 262
1765120 262
1765130 262
1765140 262
1765150 262
1765160 262
1765170 263
1765180 263
1765190 263
1765200 263
1765210 263
1765220 264
1765230 264
1765240 264
1765250 264
1765260 264
1765270 264
1765280 264
1765290 264
1765300 265
1765310 265
1765320 265
1765330 265
1765340 265
1765350 265
1765360 266
1765370 266
1765380 266
1765390 267
1765400 267
1765410 268
1765420 268
1765430 270
1765440 271
1765450 271
1765460 272
1765470 274
1765480 274
1765490 275
1765500 277
1765510 277
1765520 279
1765530 281
1765540 281
1765550 284
1765560 286
1765570 286
1765580 287
1765590 287
1765600 288
1765610 288
1765620 291
1765630 293
1765640 293
1765650 295
1765660 296
1765670 296
1765680 297
1765690 298
1765700 298
1765710 299
1765720 300
1765730 300
1765740 301
1765750 302
1765760 303
1765770 303
1765780 304
1765790 305
1765800 305
1765810 306
1765820 308
1765830 308
1765840 309
1765850 311
1765860 311
1765870 313
1765880 315
1765890 315
1765900 318
1765910 321
1765920 321
1765930 323
1765940 326
1765950 328
1765960 328
1765970 329
1765980 327
1765990 327
1766000 323
1766010 320
1766020 320
1766030 317
1766040 313
1766050 313
1766060 313
1766070 315
1766080 315
1766090 318
1766100 322
1766110 322
1766120 325
1766130 330
1766140 333
1766150 333
1766160 335
1766170 336
1766180 336
1766190 337
1766200 337
1766210 337
1766220 338
1766230 338
1766240 338
1766250 338
1766260 337
1766270 337
1766280 335
1766290 334
1766300 332
1766310 332
1766320 333
1766330 333
1766340 333
1766350 335
1766360 337
1766370 337
1766380 339
1766390 341
1766400 341
1766410 342
1766420 343
1766430 343
1766440 345
1766450 346
1766460 346
1766470 347
1766480 348
1766490 347
1766500 347
1766510 346
1766520 345
1766530 345
1766540 345
1766550 345
1766560 345
1766570 344
1766580 344
1766590 344
1766600 344
1766610 343
1766620 343
1766630 342
1766640 342
1766650 342
1766660 341
1766670 340
1766680 339
1766690 339
1766700 337
1766710 336
1766720 336
1766730 331
1766740 327
1766750 327
1766760 323
1766770 319
1766780 319
1766790 315
1766800 311
1766810 311
1766820 309
1766830 307
1766840 306
1766850 306
1766860 305
1766870 303
1766880 303
1766890 300
1766900 298
1766910 298
1766920 296
1766930 295
1766940 295
1766950 294
1766960 292
1766970 292
1766980 290
1766990 289
1767000 289
1767010 288
1767020 286
1767030 284
1767040 284
1767050 280
1767060 279
1767070 279
1767080 279
1767090 281
1767100 281
1767110 285
1767120 285
1767130 285
1767140 284
1767150 283
1767160 283
1767170 283
1767180 282
1767190 282
1767200 283
1767210 286
1767220 287
1767230 287
1767240 288
1767250 288
1767260 288
1767270 289
1767280 290
1767290 290
1767300 289
1767310 289
1767320 289
1767330 283
1767340 282
1767350 282
1767360 282
1767370 281
1767380 280
1767390 280
1767400 279
1767410 279
1767420 279
1767430 278
1767440 278
1767450 278
1767460 277
1767470 277
1767480 277
1767490 276
1767500 275
1767510 275
1767520 274
1767530 273
1767540 273
1767550 272
1767560 271
1767570 271
1767580 271
1767590 270
1767600 270
1767610 270
1767620 269
1767630 268
1767640 268
1767650 266
1767660 265
1767670 265
1767680 265
1767690 264
1767700 264
1767710 263
1767720 262
1767730 262
1767740 261
1767750 260
1767760 259
1767770 259
1767780 259
1767790 258
1767800 258
1767810 257
1767820 257
1767830 257
1767840 257
1767850 256
1767860 256
1767870 255
1767880 255
1767890 255
1767900 255
1767910 255
1767920 254
1767930 254
1767940 254
1767950 254
1767960 254
1767970 252
1767980 253
1767990 253
1768000 253
1768010 252
1768020 252
1768030 252
1768040 253
1768050 253
1768060 253
1768070 253
1768080 253
1768090 252
1768100 252
1768110 252
1768120 252
1768130 252
1768140 252
1768150 252
1768160 252
1768170 252
1768180 252
1768190 251
1768200 251
1768210 251
1768220 251
1768230 250
1768240 250
1768250 250
1768260 251
1768270 251
1768280 251
1768290 251
1768300 251
1768310 251
1768320 251
1768330 250
1768340 250
1768350 250
1768360 250
1768370 250
1768380 250
1768390 250
1768400 250
1768410 250
1768420 250
1768430 250
1768440 250
1768450 250
1768460 250
1768470 250
1768480 250
1768490 250
1768500 250
1768510 250
1768520 250
1768530 250
1768540 247
1768550 250
1768560 250
1768570 250
1768580 251
1768590 251
1768600 250
1768610 250
1768620 250
1768630 250
1768640 250
1768650 250
1768660 250
1768670 250
1768680 250
1768690 250
1768700 250
1768710 250
1768720 250
1768730 250
1768740 250
1768750 250
1768760 250
1768770 250
1768780 250
1768790 250
1768800 250
1768810 250
1768820 250
1768830 250
1768840 250
1768850 250
1768860 250
1768870 250
1768880 250
1768890 250
1768900 251
1768910 251
1768920 251
1768930 251
1768940 251
1768950 251
1768960 251
1768970 251
1768980 251
1768990 251
1769000 251
1769010 251
1769020 252
1769030 252
1769040 252
1769050 252
1769060 252
1769070 252
1769080 252
1769090 252
1769100 252
1769110 252
1769120 252
1769130 252
1769140 252
1769150 253
1769160 253
1769170 253
1769180 253
1769190 253
1769200 253
1769210 253
1769220 253
1769230 253
1769240 253
1769250 253
1769260 253
1769270 254
1769280 254
1769290 254
1769300 254
1769310 254
1769320 254
1769330 255
1769340 255
1769350 257
1769360 257
1769370 256
1769380 257
1769390 257
1769400 257
1769410 257
1769420 257
1769430 258
1769440 258
1769450 258
1769460 259
1769470 259
1769480 259
1769490 260
1769500 261
1769510 261
1769520 262
1769530 262
1769540 263
1769550 263
1769560 264
1769570 265
1769580 265
1769590 266
1769600 267
1769610 267
1769620 268
1769630 267
1769640 267
1769650 268
1769660 270
1769670 270
1769680 272
1769690 273
1769700 273
1769710 273
1769720 274
1769730 275
1769740 275
1769750 276
1769760 276
1769770 276
1769780 277
1769790 277
1769800 277
1769810 277
1769820 278
1769830 278
1769840 278
1769850 278
1769860 278
1769870 278
1769880 279
1769890 279
1769900 279
1769910 279
1769920 279
1769930 279
1769940 280
1769950 280
1769960 280
1769970 280
1769980 280
1769990 280
1770000 280
1770010 280
1770020 280
1770030 280
1770040 280
1770050 280
1770060 279
1770070 279
1770080 279
1770090 279
1770100 279
1770110 278
1770120 278
1770130 277
1770140 276
1770150 276
1770160 276
1770170 275
1770180 275
1770190 275
1770200 275
1770210 275
1770220 274
1770230 274
1770240 274
1770250 274
1770260 273
1770270 273
1770280 273
1770290 273
1770300 272
1770310 272
1770320 272
1770330 272
1770340 272
1770350 272
1770360 272
1770370 272
1770380 272
1770390 272
1770400 272
1770410 272
1770420 272
1770430 272
1770440 272
1770450 272
1770460 272
1770470 272
1770480 273
1770490 273
1770500 273
1770510 273
1770520 274
1770530 274
1770540 275
1770550 275
1770560 275
1770570 275
1770580 275
1770590 275
1770600 275
1770610 275
1770620 274
1770630 274
1770640 275
1770650 275
1770660 275
1770670 276
1770680 276
1770690 276
1770700 277
1770710 276
1770720 276
1770730 277
1770740 277
1770750 277
1770760 278
1770770 279
1770780 279
1770790 279
1770800 279
1770810 280
1770820 280
1770830 281
1770840 281
1770850 281
1770860 281
1770870 282
1770880 282
1770890 283
1770900 283
1770910 283
1770920 284
1770930 284
1770940 284
1770950 284
1770960 285
1770970 286
1770980 286
1770990 286
1771000 287
1771010 287
1771020 288
1771030 289
1771040 289
1771050 290
1771060 292
1771070 292
1771080 293
1771090 295
1771100 295
1771110 296
1771120 298
1771130 298
1771140 299
1771150 300
1771160 302
1771170 302
1771180 302
1771190 303
1771200 303
1771210 304
1771220 305
1771230 305
1771240 305
1771250 304
1771260 304
1771270 303
1771280 303
1771290 303
1771300 302
1771310 303
1771320 303
1771330 305
1771340 308
1771350 309
1771360 309
1771370 310
1771380 311
1771390 311
1771400 312
1771410 313
1771420 313
1771430 315
1771440 316
1771450 316
1771460 318
1771470 319
1771480 319
1771490 320
1771500 322
1771510 324
1771520 324
1771530 325
1771540 327
1771550 327
1771560 328
1771570 329
1771580 329
1771590 330
1771600 332
1771610 332
1771620 332
1771630 332
1771640 332
1771650 335
1771660 337
1771670 337
1771680 338
1771690 339
1771700 341
1771710 341
1771720 342
1771730 343
1771740 343
1771750 345
1771760 346
1771770 346
1771780 348
1771790 349
1771800 349
1771810 350
1771820 352
1771830 352
1771840 353
1771850 354
1771860 354
1771870 356
1771880 358
1771890 359
1771900 359
1771910 360
1771920 361
1771930 361
1771940 363
1771950 365
1771960 365
1771970 366
1771980 366
1771990 366
1772000 367
1772010 368
1772020 368
1772030 369
1772040 371
1772050 375
1772060 375
1772070 379
1772080 382
1772090 382
1772100 385
1772110 385
1772120 385
1772130 386
1772140 386
1772150 386
1772160 385
1772170 386
1772180 386
1772190 386
1772200 387
1772210 387
1772220 388
1772230 390
1772240 392
1772250 392
1772260 394
1772270 397
1772280 397
1772290 400
1772300 402
1772310 402
1772320 403
1772330 404
1772340 404
1772350 404
1772360 405
1772370 405
1772380 410
1772390 414
1772400 417
1772410 417
1772420 422
1772430 425
1772440 425
1772450 426
1772460 428
1772470 428
1772480 433
1772490 440
1772500 440
1772510 447
1772520 451
1772530 451
1772540 452
1772550 454
1772560 454
1772570 455
1772580 454
1772590 451
1772600 451
1772610 446
1772620 442
1772630 442
1772640 438
1772650 436
1772660 436
1772670 432
1772680 429
1772690 429
1772700 426
1772710 423
1772720 423
1772730 420
1772740 417
1772750 417
1772760 414
1772770 410
1772780 409
1772790 409
1772800 408
1772810 407
1772820 407
1772830 407
1772840 405
1772850 405
1772860 404
1772870 403
1772880 403
1772890 402
1772900 400
1772910 400
1772920 399
1772930 397
1772940 395
1772950 395
1772960 393
1772970 391
1772980 391
1772990 389
1773000 387
1773010 387
1773020 386
1773030 385
1773040 385
1773050 384
1773060 382
1773070 382
1773080 380
1773090 378
1773100 378
1773110 377
1773120 375
1773130 372
1773140 372
1773150 371
1773160 370
1773170 370
1773180 369
1773190 368
1773200 368
1773210 366
1773220 365
1773230 365
1773240 363
1773250 362
1773260 362
1773270 361
1773280 360
1773290 360
1773300 360
1773310 358
1773320 357
1773330 357
1773340 356
1773350 355
1773360 355
1773370 354
1773380 352
1773390 352
1773400 351
1773410 350
1773420 350
1773430 349
1773440 348
1773450 348
1773460 347
1773470 346
1773480 346
1773490 346
1773500 345
1773510 344
1773520 344
1773530 342
1773540 341
1773550 341
1773560 337
1773570 336
1773580 336
1773590 338
1773600 338
1773610 338
1773620 338
1773630 337
1773640 337
1773650 336
1773660 335
1773670 331
1773680 331
1773690 331
1773700 330
1773710 330
1773720 329
1773730 328
1773740 328
1773750 326
1773760 325
1773770 325
1773780 324
1773790 323
1773800 323
1773810 322
1773820 321
1773830 321
1773840 320
1773850 321
1773860 320
1773870 320
1773880 319
1773890 319
1773900 319
1773910 319
1773920 319
1773930 319
1773940 319
1773950 319
1773960 319
1773970 317
1773980 316
1773990 316
1774000 313
1774010 312
1774020 310
1774030 310
1774040 309
1774050 309
1774060 309
1774070 307
1774080 306
1774090 306
1774100 305
1774110 304
1774120 304
1774130 303
1774140 302
1774150 302
1774160 301
1774170 301
1774180 301
1774190 300
1774200 300
1774210 299
1774220 299
1774230 297
1774240 296
1774250 296
1774260 296
1774270 296
1774280 296
1774290 295
1774300 295
1774310 295
1774320 295
1774330 295
1774340 295
1774350 295
1774360 294
1774370 294
1774380 294
1774390 294
1774400 294
1774410 294
1774420 294
1774430 293
1774440 293
1774450 292
1774460 292
1774470 292
1774480 290
1774490 290
1774500 290
1774510 290
1774520 289
1774530 289
1774540 289
1774550 289
1774560 288
1774570 288
1774580 288
1774590 288
1774600 288
1774610 287
1774620 287
1774630 287
1774640 287
1774650 287
1774660 287
1774670 287
1774680 287
1774690 287
1774700 287
1774710 287
1774720 287
1774730 287
1774740 287
1774750 288
1774760 288
1774770 289
1774780 290
1774790 290
1774800 291
1774810 292
1774820 292
1774830 293
1774840 294
1774850 294
1774860 296
1774870 296
1774880 296
1774890 298
1774900 297
1774910 297
1774920 296
1774930 295
1774940 293
1774950 293
1774960 292
1774970 288
1774980 288
1774990 286
1775000 285
1775010 285
1775020 285
1775030 285
1775040 285
1775050 284
1775060 285
1775070 285
1775080 286
1775090 288
1775100 290
1775110 290
1775120 293
1775130 294
1775140 294
1775150 295
1775160 296
1775170 296
1775180 297
1775190 298
1775200 298
1775210 300
1775220 300
1775230 300
1775240 298
1775250 297
1775260 297
1775270 294
1775280 294
1775290 294
1775300 294
1775310 295
1775320 296
1775330 296
1775340 297
1775350 298
1775360 298
1775370 300
1775380 302
1775390 302
1775400 304
1775410 305
1775420 305
1775430 306
1775440 308
1775450 308
1775460 309
1775470 311
1775480 312
1775490 312
1775500 313
1775510 314
1775520 314
1775530 315
1775540 316
1775550 316
1775560 318
1775570 320
1775580 320
1775590 320
1775600 321
1775610 321
1775620 321
1775630 321
1775640 323
1775650 323
1775660 324
1775670 325
1775680 325
1775690 327
1775700 328
1775710 328
1775720 329
1775730 330
1775740 330
1775750 331
1775760 334
1775770 334
1775780 337
1775790 339
1775800 339
1775810 340
1775820 341
1775830 342
1775840 342
1775850 345
1775860 348
1775870 348
1775880 350
1775890 351
1775900 351
1775910 350
1775920 352
1775930 352
1775940 352
1775950 353
1775960 353
1775970 355
1775980 357
1775990 358
1776000 358
1776010 359
1776020 360
1776030 360
1776040 360
1776050 361
1776060 361
1776070 362
1776080 363
1776090 363
1776100 364
1776110 366
1776120 366
1776130 368
1776140 371
1776150 371
1776160 373
1776170 371
1776180 372
1776190 372
1776200 371
1776210 369
1776220 369
1776230 367
1776240 365
1776250 365
1776260 363
1776270 362
1776280 362
1776290 361
1776300 360
1776310 360
1776320 359
1776330 359
1776340 359
1776350 357
1776360 356
1776370 356
1776380 356
1776390 355
1776400 353
1776410 353
1776420 352
1776430 351
1776440 351
1776450 349
1776460 349
1776470 349
1776480 348
1776490 347
1776500 347
1776510 347
1776520 347
1776530 347
1776540 347
1776550 346
1776560 345
1776570 345
1776580 344
1776590 343
1776600 343
1776610 341
1776620 340
1776630 340
1776640 338
1776650 337
1776660 337
1776670 337
1776680 337
1776690 337
1776700 337
1776710 337
1776720 336
1776730 336
1776740 334
1776750 330
1776760 330
1776770 328
1776780 326
1776790 326
1776800 324
1776810 322
1776820 322
1776830 322
1776840 322
1776850 322
1776860 321
1776870 319
1776880 319
1776890 318
1776900 317
1776910 316
1776920 316
1776930 316
1776940 315
1776950 315
1776960 314
1776970 313
1776980 313
1776990 312
1777000 311
1777010 311
1777020 310
1777030 310
1777040 310
1777050 309
1777060 309
1777070 309
1777080 309
1777090 309
1777100 309
1777110 309
1777120 308
1777130 307
1777140 307
1777150 306
1777160 305
1777170 305
1777180 303
1777190 301
1777200 301
1777210 300
1777220 298
1777230 298
1777240 297
1777250 296
1777260 295
1777270 295
1777280 292
1777290 292
1777300 292
1777310 290
1777320 289
1777330 289
1777340 287
1777350 286
1777360 286
1777370 284
1777380 282
1777390 282
1777400 281
1777410 280
1777420 280
1777430 279
1777440 279
1777450 279
1777460 279
1777470 279
1777480 277
1777490 277
1777500 277
1777510 276
1777520 276
1777530 276
1777540 276
1777550 276
1777560 276
1777570 276
1777580 276
1777590 275
1777600 275
1777610 275
1777620 275
1777630 276
1777640 276
1777650 276
1777660 277
1777670 279
1777680 279
1777690 283
1777700 286
1777710 286
1777720 288
1777730 288
1777740 288
1777750 291
1777760 292
1777770 292
1777780 294
1777790 295
1777800 299
1777810 299
1777820 299
1777830 298
1777840 298
1777850 301
1777860 303
1777870 303
1777880 306
1777890 308
1777900 308
1777910 309
1777920 310
1777930 310
1777940 311
1777950 313
1777960 313
1777970 314
1777980 315
1777990 316
1778000 316
1778010 318
1778020 319
1778030 319
1778040 321
1778050 322
1778060 322
1778070 323
1778080 323
1778090 323
1778100 325
1778110 327
1778120 327
1778130 329
1778140 332
1778150 335
1778160 335
1778170 337
1778180 338
1778190 338
1778200 338
1778210 339
1778220 339
1778230 339
1778240 339
1778250 339
1778260 338
1778270 336
1778280 336
1778290 335
1778300 334
1778310 334
1778320 332
1778330 330
1778340 328
1778350 328
1778360 327
1778370 325
1778380 325
1778390 323
1778400 321
1778410 321
1778420 319
1778430 318
1778440 318
1778450 316
1778460 314
1778470 314
1778480 313
1778490 312
1778500 312
1778510 309
1778520 307
1778530 305
1778540 305
1778550 303
1778560 302
1778570 302
1778580 301
1778590 300
1778600 300
1778610 299
1778620 299
1778630 299
1778640 298
1778650 297
1778660 297
1778670 297
1778680 296
1778690 295
1778700 295
1778710 297
1778720 297
1778730 297
1778740 298
1778750 297
1778760 297
1778770 294
1778780 292
1778790 292
1778800 293
1778810 294
1778820 294
1778830 295
1778840 297
1778850 297
1778860 300
1778870 301
1778880 303
1778890 303
1778900 304
1778910 305
1778920 305
1778930 305
1778940 306
1778950 306
1778960 307
1778970 307
1778980 307
1778990 309
1779000 309
1779010 309
1779020 309
1779030 310
1779040 310
1779050 310
1779060 310
1779070 311
1779080 311
1779090 311
1779100 312
1779110 312
1779120 312
1779130 313
1779140 313
1779150 314
1779160 315
1779170 315
1779180 316
1779190 317
1779200 317
1779210 318
1779220 319
1779230 318
1779240 318
1779250 318
1779260 318
1779270 318
1779280 317
1779290 317
1779300 317
1779310 316
1779320 315
1779330 315
1779340 315
1779350 313
1779360 313
1779370 313
1779380 311
1779390 311
1779400 310
1779410 309
1779420 308
1779430 308
1779440 306
1779450 305
1779460 305
1779470 304
1779480 304
1779490 304
1779500 302
1779510 300
1779520 300
1779530 299
1779540 297
1779550 297
1779560 295
1779570 293
1779580 293
1779590 291
1779600 290
1779610 289
1779620 289
1779630 288
1779640 287
1779650 287
1779660 285
1779670 283
1779680 283
1779690 281
1779700 280
1779710 280
1779720 279
1779730 279
1779740 279
1779750 279
1779760 279
1779770 279
1779780 279
1779790 279
1779800 279
1779810 279
1779820 279
1779830 278
1779840 278
1779850 279
1779860 280
1779870 280
1779880 281
1779890 284
1779900 284
1779910 286
1779920 287
1779930 287
1779940 289
1779950 290
1779960 291
1779970 291
1779980 292
1779990 293
