1760000 306
1760010 308
1760020 311
1760030 311
1760040 313
1760050 315
1760060 315
1760070 317
1760080 318
1760090 318
1760100 318
1760110 317
1760120 317
1760130 317
1760140 317
1760150 316
1760160 316
1760170 316
1760180 316
1760190 316
1760200 316
1760210 315
1760220 315
1760230 314
1760240 314
1760250 314
1760260 314
1760270 313
1760280 313
1760290 313
1760300 312
1760310 312
1760320 312
1760330 311
1760340 310
1760350 310
1760360 308
1760370 306
1760380 306
1760390 305
1760400 303
1760410 303
1760420 301
1760430 300
1760440 300
1760450 299
1760460 297
1760470 297
1760480 296
1760490 294
1760500 293
1760510 293
1760520 292
1760530 291
1760540 291
1760550 289
1760560 288
1760570 288
1760580 288
1760590 287
1760600 287
1760610 286
1760620 285
1760630 285
1760640 284
1760650 283
1760660 282
1760670 282
1760680 282
1760690 281
1760700 281
1760710 280
1760720 280
1760730 280
1760740 279
1760750 279
1760760 279
1760770 278
1760780 278
1760790 278
1760800 277
1760810 277
1760820 277
1760830 276
1760840 275
1760850 274
1760860 274
1760870 274
1760880 273
1760890 273
1760900 272
1760910 272
1760920 272
1760930 271
1760940 270
1760950 270
1760960 269
1760970 269
1760980 269
1760990 268
1761000 268
1761010 268
1761020 267
1761030 267
1761040 266
1761050 266
1761060 266
1761070 266
1761080 266
1761090 266
1761100 266
1761110 266
1761120 265
1761130 265
1761140 265
1761150 266
1761160 266
1761170 266
1761180 266
1761190 266
1761200 265
1761210 265
1761220 266
1761230 266
1761240 266
1761250 266
1761260 266
1761270 266
1761280 266
1761290 265
1761300 265
1761310 266
1761320 265
1761330 265
1761340 265
1761350 264
1761360 264
1761370 264
1761380 264
1761390 264
1761400 264
1761410 263
1761420 263
1761430 263
1761440 263
1761450 263
1761460 263
1761470 262
1761480 262
1761490 262
1761500 262
1761510 262
1761520 262
1761530 262
1761540 261
1761550 261
1761560 261
1761570 261
1761580 261
1761590 261
1761600 261
1761610 261
1761620 261
1761630 261
1761640 261
1761650 261
1761660 261
1761670 261
1761680 261
1761690 261
1761700 261
1761710 261
1761720 261
1761730 261
1761740 261
1761750 260
1761760 259
1761770 260
1761780 260
1761790 261
1761800 262
1761810 262
1761820 262
1761830 263
1761840 263
1761850 262
1761860 262
1761870 262
1761880 262
1761890 261
1761900 261
1761910 261
1761920 261
1761930 261
1761940 261
1761950 261
1761960 261
1761970 261
1761980 261
1761990 261
1762000 261
1762010 261
1762020 261
1762030 261
1762040 261
1762050 260
1762060 260
1762070 260
1762080 261
1762090 261
1762100 261
1762110 261
1762120 261
1762130 261
1762140 261
1762150 261
1762160 261
1762170 262
1762180 262
1762190 262
1762200 262
1762210 262
1762220 262
1762230 262
1762240 263
1762250 263
1762260 263
1762270 263
1762280 263
1762290 263
1762300 263
1762310 264
1762320 264
1762330 264
1762340 264
1762350 264
1762360 264
1762370 265
1762380 265
1762390 265
1762400 265
1762410 265
1762420 266
1762430 266
1762440 266
1762450 267
1762460 268
1762470 268
1762480 268
1762490 269
1762500 269
1762510 269
1762520 270
1762530 271
1762540 271
1762550 272
1762560 273
1762570 273
1762580 274
1762590 276
1762600 276
1762610 277
1762620 280
1762630 280
1762640 284
1762650 286
1762660 287
1762670 287
1762680 287
1762690 287
1762700 287
1762710 287
1762720 288
1762730 288
1762740 289
1762750 287
1762760 287
1762770 285
1762780 286
1762790 286
1762800 291
1762810 292
1762820 292
1762830 294
1762840 295
1762850 295
1762860 295
1762870 294
1762880 294
1762890 294
1762900 294
1762910 296
1762920 296
1762930 298
1762940 302
1762950 302
1762960 304
1762970 308
1762980 308
1762990 311
1763000 313
1763010 313
1763020 320
1763030 324
1763040 327
1763050 327
1763060 330
1763070 333
1763080 333
1763090 337
1763100 340
1763110 340
1763120 343
1763130 346
1763140 346
1763150 350
1763160 354
1763170 354
1763180 355
1763190 356
1763200 355
1763210 355
1763220 353
1763230 351
1763240 351
1763250 348
1763260 345
1763270 345
1763280 341
1763290 338
1763300 338
1763310 336
1763320 333
1763330 333
1763340 331
1763350 330
1763360 330
1763370 329
1763380 328
1763390 328
1763400 328
1763410 327
1763420 325
1763430 325
1763440 323
1763450 318
1763460 318
1763470 317
1763480 315
1763490 315
1763500 315
1763510 314
1763520 314
1763530 312
1763540 312
1763550 312
1763560 311
1763570 311
1763580 310
1763590 310
1763600 310
1763610 311
1763620 311
1763630 310
1763640 311
1763650 311
1763660 312
1763670 312
1763680 312
1763690 312
1763700 312
1763710 312
1763720 312
1763730 312
1763740 313
1763750 313
1763760 313
1763770 314
1763780 314
1763790 315
1763800 315
1763810 315
1763820 315
1763830 316
1763840 316
1763850 316
1763860 316
1763870 316
1763880 317
1763890 317
1763900 317
1763910 318
1763920 317
1763930 317
1763940 317
1763950 318
1763960 318
1763970 318
1763980 318
1763990 318
1764000 318
1764010 318
1764020 317
1764030 317
1764040 317
1764050 316
1764060 316
1764070 315
1764080 314
1764090 314
1764100 313
1764110 312
1764120 311
1764130 311
1764140 311
1764150 310
1764160 310
1764170 309
1764180 309
1764190 309
1764200 308
1764210 307
1764220 307
1764230 307
1764240 306
1764250 306
1764260 305
1764270 304
1764280 304
1764290 303
1764300 302
1764310 301
1764320 301
1764330 301
1764340 300
1764350 300
1764360 299
1764370 297
1764380 297
1764390 295
1764400 294
1764410 294
1764420 294
1764430 294
1764440 294
1764450 293
1764460 293
1764470 292
1764480 292
1764490 290
1764500 290
1764510 290
1764520 289
1764530 288
1764540 288
1764550 287
1764560 285
1764570 285
1764580 281
1764590 278
1764600 278
1764610 277
1764620 277
1764630 277
1764640 277
1764650 276
1764660 275
1764670 275
1764680 275
1764690 275
1764700 275
1764710 275
1764720 277
1764730 277
1764740 277
1764750 277
1764760 277
1764770 276
1764780 277
1764790 277
1764800 276
1764810 276
1764820 276
1764830 276
1764840 276
1764850 275
1764860 275
1764870 275
1764880 275
1764890 275
1764900 275
1764910 275
1764920 275
1764930 275
1764940 275
1764950 275
1764960 275
1764970 277
1764980 277
1764990 277
1765000 279
1765010 281
1765020 281
1765030 282
1765040 283
1765050 283
1765060 283
1765070 282
1765080 282
1765090 281
1765100 278
1765110 278
1765120 276
1765130 274
1765140 274
1765150 273
1765160 272
1765170 272
1765180 271
1765190 271
1765200 270
1765210 270
1765220 269
1765230 269
1765240 269
1765250 268
1765260 268
1765270 268
1765280 268
1765290 268
1765300 268
1765310 268
1765320 268
1765330 268
1765340 267
1765350 267
1765360 267
1765370 267
1765380 267
1765390 267
1765400 267
1765410 266
1765420 266
1765430 266
1765440 267
1765450 267
1765460 267
1765470 267
1765480 267
1765490 267
1765500 268
1765510 268
1765520 268
1765530 268
1765540 268
1765550 268
1765560 268
1765570 268
1765580 268
1765590 268
1765600 268
1765610 269
1765620 269
1765630 269
1765640 269
1765650 269
1765660 269
1765670 269
1765680 269
1765690 269
1765700 270
1765710 270
1765720 270
1765730 271
1765740 271
1765750 271
1765760 272
1765770 272
1765780 272
1765790 273
1765800 273
1765810 273
1765820 273
1765830 274
1765840 274
1765850 275
1765860 275
1765870 275
1765880 276
1765890 276
1765900 276
1765910 277
1765920 278
1765930 278
1765940 278
1765950 279
1765960 279
1765970 279
1765980 280
1765990 280
1766000 280
1766010 282
1766020 281
1766030 281
1766040 282
1766050 282
1766060 282
1766070 283
1766080 284
1766090 284
1766100 284
1766110 285
1766120 286
1766130 286
1766140 287
1766150 288
1766160 288
1766170 290
1766180 291
1766190 291
1766200 293
1766210 294
1766220 294
1766230 295
1766240 296
1766250 296
1766260 297
1766270 298
1766280 299
1766290 299
1766300 300
1766310 302
1766320 302
1766330 303
1766340 305
1766350 305
1766360 307
1766370 308
1766380 308
1766390 309
1766400 310
1766410 310
1766420 311
1766430 312
1766440 312
1766450 314
1766460 316
1766470 317
1766480 317
1766490 318
1766500 320
1766510 320
1766520 321
1766530 322
1766540 322
1766550 323
1766560 325
1766570 325
1766580 326
1766590 327
1766600 327
1766610 328
1766620 328
1766630 328
1766640 329
1766650 329
1766660 330
1766670 330
1766680 330
1766690 329
1766700 329
1766710 329
1766720 328
1766730 328
1766740 327
1766750 325
1766760 325
1766770 322
1766780 319
1766790 319
1766800 315
1766810 313
1766820 311
1766830 311
1766840 307
1766850 304
1766860 304
1766870 299
1766880 292
1766890 292
1766900 293
1766910 295
1766920 295
1766930 296
1766940 298
1766950 298
1766960 300
1766970 302
1766980 302
1766990 303
1767000 306
1767010 307
1767020 307
1767030 306
1767040 305
1767050 305
1767060 303
1767070 300
1767080 300
1767090 296
1767100 293
1767110 293
1767120 289
1767130 286
1767140 286
1767150 283
1767160 279
1767170 279
1767180 276
1767190 274
1767200 273
1767210 273
1767220 272
1767230 272
1767240 272
1767250 272
1767260 270
1767270 270
1767280 272
1767290 273
1767300 273
1767310 273
1767320 272
1767330 272
1767340 272
1767350 272
1767360 272
1767370 271
1767380 270
1767390 270
1767400 270
1767410 270
1767420 268
1767430 268
1767440 267
1767450 266
1767460 266
1767470 266
1767480 265
1767490 265
1767500 265
1767510 264
1767520 264
1767530 264
1767540 264
1767550 264
1767560 264
1767570 263
1767580 263
1767590 263
1767600 262
1767610 262
1767620 262
1767630 261
1767640 261
1767650 261
1767660 260
1767670 260
1767680 260
1767690 260
1767700 259
1767710 259
1767720 259
1767730 259
1767740 258
1767750 258
1767760 258
1767770 258
1767780 258
1767790 258
1767800 258
1767810 258
1767820 257
1767830 257
1767840 257
1767850 257
1767860 257
1767870 257
1767880 257
1767890 257
1767900 257
1767910 256
1767920 256
1767930 256
1767940 256
1767950 256
1767960 256
1767970 256
1767980 256
1767990 256
1768000 256
1768010 256
1768020 255
1768030 255
1768040 255
1768050 255
1768060 255
1768070 255
1768080 255
1768090 255
1768100 255
1768110 255
1768120 254
1768130 254
1768140 254
1768150 254
1768160 254
1768170 254
1768180 254
1768190 254
1768200 254
1768210 254
1768220 254
1768230 254
1768240 254
1768250 254
1768260 254
1768270 254
1768280 254
1768290 254
1768300 253
1768310 253
1768320 253
1768330 253
1768340 253
1768350 253
1768360 253
1768370 253
1768380 253
1768390 253
1768400 253
1768410 253
1768420 253
1768430 253
1768440 253
1768450 253
1768460 253
1768470 254
1768480 254
1768490 254
1768500 253
1768510 253
1768520 253
1768530 253
1768540 253
1768550 253
1768560 253
1768570 253
1768580 253
1768590 253
1768600 253
1768610 252
1768620 253
1768630 253
1768640 253
1768650 253
1768660 253
1768670 253
1768680 253
1768690 253
1768700 253
1768710 253
1768720 253
1768730 253
1768740 253
1768750 253
1768760 253
1768770 253
1768780 253
1768790 253
1768800 253
1768810 252
1768820 253
1768830 253
1768840 253
1768850 253
1768860 253
1768870 253
1768880 253
1768890 253
1768900 253
1768910 253
1768920 253
1768930 253
1768940 253
1768950 253
1768960 253
1768970 254
1768980 254
1768990 253
1769000 253
1769010 253
1769020 253
1769030 254
1769040 254
1769050 254
1769060 254
1769070 254
1769080 254
1769090 254
1769100 254
1769110 254
1769120 255
1769130 255
1769140 255
1769150 255
1769160 255
1769170 255
1769180 256
1769190 256
1769200 257
1769210 257
1769220 257
1769230 258
1769240 258
1769250 258
1769260 258
1769270 258
1769280 259
1769290 259
1769300 259
1769310 259
1769320 259
1769330 259
1769340 260
1769350 260
1769360 260
1769370 260
1769380 260
1769390 260
1769400 260
1769410 261
1769420 261
1769430 261
1769440 261
1769450 261
1769460 261
1769470 261
1769480 261
1769490 261
1769500 262
1769510 262
1769520 262
1769530 262
1769540 262
1769550 263
1769560 263
1769570 263
1769580 263
1769590 263
1769600 263
1769610 263
1769620 263
1769630 263
1769640 264
1769650 264
1769660 266
1769670 266
1769680 266
1769690 267
1769700 268
1769710 268
1769720 269
1769730 269
1769740 269
1769750 269
1769760 270
1769770 270
1769780 270
1769790 270
1769800 270
1769810 270
1769820 270
1769830 270
1769840 270
1769850 270
1769860 270
1769870 270
1769880 270
1769890 270
1769900 270
1769910 270
1769920 270
1769930 270
1769940 270
1769950 270
1769960 270
1769970 270
1769980 270
1769990 270
1770000 270
1770010 270
1770020 270
1770030 270
1770040 270
1770050 270
1770060 270
1770070 270
1770080 271
1770090 271
1770100 271
1770110 271
1770120 271
1770130 271
1770140 271
1770150 272
1770160 272
1770170 272
1770180 272
1770190 272
1770200 272
1770210 273
1770220 273
1770230 273
1770240 273
1770250 273
1770260 274
1770270 274
1770280 274
1770290 274
1770300 274
1770310 275
1770320 275
1770330 275
1770340 276
1770350 276
1770360 276
1770370 276
1770380 276
1770390 277
1770400 277
1770410 277
1770420 278
1770430 278
1770440 278
1770450 279
1770460 279
1770470 280
1770480 280
1770490 280
1770500 280
1770510 280
1770520 281
1770530 282
1770540 282
1770550 282
1770560 283
1770570 283
1770580 283
1770590 283
1770600 283
1770610 284
1770620 284
1770630 284
1770640 284
1770650 285
1770660 286
1770670 286
1770680 287
1770690 288
1770700 288
1770710 289
1770720 291
1770730 291
1770740 292
1770750 293
1770760 293
1770770 295
1770780 296
1770790 296
1770800 298
1770810 299
1770820 300
1770830 300
1770840 301
1770850 303
1770860 303
1770870 304
1770880 305
1770890 305
1770900 305
1770910 305
1770920 305
1770930 306
1770940 308
1770950 308
1770960 310
1770970 313
1770980 313
1770990 315
1771000 317
1771010 319
1771020 319
1771030 320
1771040 322
1771050 322
1771060 324
1771070 326
1771080 326
1771090 326
1771100 329
1771110 329
1771120 330
1771130 330
1771140 330
1771150 331
1771160 333
1771170 334
1771180 334
1771190 336
1771200 337
1771210 337
1771220 338
1771230 339
1771240 339
1771250 341
1771260 343
1771270 343
1771280 345
1771290 347
1771300 347
1771310 348
1771320 350
1771330 350
1771340 351
1771350 352
1771360 354
1771370 354
1771380 355
1771390 356
1771400 356
1771410 357
1771420 358
1771430 358
1771440 359
1771450 361
1771460 361
1771470 363
1771480 364
1771490 364
1771500 365
1771510 367
1771520 367
1771530 369
1771540 370
1771550 371
1771560 371
1771570 372
1771580 374
1771590 374
1771600 376
1771610 377
1771620 377
1771630 379
1771640 380
1771650 380
1771660 381
1771670 383
1771680 383
1771690 384
1771700 385
1771710 385
1771720 385
1771730 386
1771740 388
1771750 388
1771760 390
1771770 391
1771780 391
1771790 393
1771800 394
1771810 394
1771820 396
1771830 398
1771840 398
1771850 400
1771860 404
1771870 404
1771880 408
1771890 411
1771900 414
1771910 414
1771920 415
1771930 418
1771940 418
1771950 421
1771960 424
1771970 424
1771980 427
1771990 429
1772000 429
1772010 431
1772020 434
1772030 434
1772040 435
1772050 437
1772060 437
1772070 440
1772080 441
1772090 444
1772100 444
1772110 446
1772120 448
1772130 448
1772140 450
1772150 453
1772160 453
1772170 455
1772180 457
1772190 457
1772200 458
1772210 460
1772220 460
1772230 461
1772240 462
1772250 462
1772260 463
1772270 465
1772280 466
1772290 466
1772300 468
1772310 469
1772320 469
1772330 471
1772340 473
1772350 473
1772360 476
1772370 480
1772380 480
1772390 483
1772400 486
1772410 486
1772420 488
1772430 493
1772440 499
1772450 499
1772460 506
1772470 512
1772480 512
1772490 518
1772500 525
1772510 525
1772520 528
1772530 532
1772540 532
1772550 536
1772560 539
1772570 539
1772580 542
1772590 545
1772600 545
1772610 546
1772620 547
1772630 548
1772640 548
1772650 549
1772660 549
1772670 549
1772680 550
1772690 550
1772700 550
1772710 550
1772720 550
1772730 550
1772740 550
1772750 550
1772760 550
1772770 549
1772780 549
1772790 549
1772800 548
1772810 547
1772820 546
1772830 546
1772840 546
1772850 545
1772860 545
1772870 545
1772880 546
1772890 546
1772900 547
1772910 548
1772920 548
1772930 548
1772940 548
1772950 548
1772960 548
1772970 548
1772980 547
1772990 547
1773000 547
1773010 547
1773020 548
1773030 548
1773040 549
1773050 549
1773060 549
1773070 550
1773080 550
1773090 551
1773100 551
1773110 551
1773120 552
1773130 552
1773140 552
1773150 552
1773160 552
1773170 552
1773180 552
1773190 552
1773200 551
1773210 551
1773220 551
1773230 551
1773240 551
1773250 550
1773260 550
1773270 550
1773280 549
1773290 549
1773300 549
1773310 548
1773320 548
1773330 548
1773340 547
1773350 546
1773360 545
1773370 545
1773380 544
1773390 542
1773400 542
1773410 541
1773420 535
1773430 535
1773440 527
1773450 522
1773460 522
1773470 517
1773480 513
1773490 513
1773500 511
1773510 507
1773520 507
1773530 503
1773540 500
1773550 496
1773560 496
1773570 494
1773580 490
1773590 490
1773600 488
1773610 487
1773620 487
1773630 484
1773640 482
1773650 482
1773660 480
1773670 478
1773680 478
1773690 477
1773700 476
1773710 474
1773720 474
1773730 473
1773740 471
1773750 471
1773760 470
1773770 467
1773780 467
1773790 468
1773800 465
1773810 465
1773820 462
1773830 460
1773840 460
1773850 457
1773860 456
1773870 456
1773880 455
1773890 453
1773900 451
1773910 451
1773920 449
1773930 446
1773940 446
1773950 447
1773960 446
1773970 446
1773980 445
1773990 443
1774000 443
1774010 438
1774020 440
1774030 440
1774040 438
1774050 437
1774060 437
1774070 436
1774080 435
1774090 433
1774100 433
1774110 431
1774120 430
1774130 430
1774140 428
1774150 426
1774160 426
1774170 424
1774180 422
1774190 422
1774200 421
1774210 420
1774220 420
1774230 419
1774240 418
1774250 420
1774260 420
1774270 419
1774280 417
1774290 417
1774300 416
1774310 415
1774320 415
1774330 413
1774340 410
1774350 410
1774360 410
1774370 409
1774380 409
1774390 408
1774400 407
1774410 407
1774420 405
1774430 405
1774440 404
1774450 404
1774460 402
1774470 401
1774480 401
1774490 400
1774500 393
1774510 393
1774520 388
1774530 388
1774540 388
1774550 394
1774560 400
1774570 400
1774580 401
1774590 401
1774600 401
1774610 401
1774620 403
1774630 406
1774640 406
1774650 408
1774660 409
1774670 409
1774680 408
1774690 407
1774700 407
1774710 406
1774720 404
1774730 404
1774740 402
1774750 401
1774760 401
1774770 401
1774780 402
1774790 402
1774800 402
1774810 402
1774820 403
1774830 403
1774840 403
1774850 405
1774860 405
1774870 407
1774880 409
1774890 409
1774900 411
1774910 413
1774920 413
1774930 416
1774940 418
1774950 418
1774960 421
1774970 424
1774980 426
1774990 426
1775000 428
1775010 430
1775020 430
1775030 431
1775040 432
1775050 432
1775060 433
1775070 434
1775080 434
1775090 434
1775100 435
1775110 435
1775120 434
1775130 433
1775140 433
1775150 433
1775160 433
1775170 433
1775180 433
1775190 433
1775200 432
1775210 432
1775220 432
1775230 431
1775240 431
1775250 430
1775260 430
1775270 430
1775280 430
1775290 432
1775300 432
1775310 434
1775320 436
1775330 436
1775340 437
1775350 438
1775360 439
1775370 439
1775380 439
1775390 440
1775400 440
1775410 441
1775420 442
1775430 442
1775440 443
1775450 444
1775460 446
1775470 448
1775480 449
1775490 449
1775500 450
1775510 450
1775520 449
1775530 449
1775540 448
1775550 444
1775560 444
1775570 435
1775580 439
1775590 439
1775600 441
1775610 444
1775620 444
1775630 445
1775640 446
1775650 446
1775660 448
1775670 450
1775680 450
1775690 451
1775700 450
1775710 444
1775720 444
1775730 439
1775740 434
1775750 434
1775760 430
1775770 428
1775780 428
1775790 426
1775800 423
1775810 423
1775820 420
1775830 417
1775840 417
1775850 415
1775860 413
1775870 413
1775880 411
1775890 409
1775900 407
1775910 407
1775920 405
1775930 401
1775940 401
1775950 399
1775960 397
1775970 397
1775980 395
1775990 393
1776000 393
1776010 392
1776020 390
1776030 390
1776040 389
1776050 384
1776060 385
1776070 385
1776080 381
1776090 378
1776100 378
1776110 377
1776120 375
1776130 375
1776140 374
1776150 373
1776160 373
1776170 371
1776180 370
1776190 370
1776200 370
1776210 368
1776220 368
1776230 366
1776240 364
1776250 364
1776260 364
1776270 362
1776280 361
1776290 361
1776300 361
1776310 360
1776320 360
1776330 358
1776340 357
1776350 357
1776360 356
1776370 354
1776380 354
1776390 353
1776400 352
1776410 352
1776420 351
1776430 350
1776440 348
1776450 348
1776460 347
1776470 344
1776480 344
1776490 342
1776500 341
1776510 341
1776520 339
1776530 337
1776540 337
1776550 336
1776560 334
1776570 334
1776580 333
1776590 332
1776600 332
1776610 330
1776620 329
1776630 329
1776640 329
1776650 328
1776660 327
1776670 327
1776680 326
1776690 325
1776700 325
1776710 324
1776720 324
1776730 324
1776740 323
1776750 322
1776760 322
1776770 322
1776780 321
1776790 320
1776800 320
1776810 319
1776820 318
1776830 318
1776840 317
1776850 316
1776860 316
1776870 315
1776880 315
1776890 315
1776900 314
1776910 313
1776920 313
1776930 312
1776940 312
1776950 312
1776960 311
1776970 310
1776980 310
1776990 310
1777000 310
1777010 308
1777020 308
1777030 308
1777040 307
1777050 307
1777060 306
1777070 306
1777080 306
1777090 305
1777100 305
1777110 305
1777120 304
1777130 303
1777140 303
1777150 303
1777160 302
1777170 302
1777180 302
1777190 300
1777200 300
1777210 300
1777220 300
1777230 299
1777240 299
1777250 299
1777260 298
1777270 298
1777280 297
1777290 297
1777300 297
1777310 297
1777320 296
1777330 296
1777340 296
1777350 296
1777360 295
1777370 295
1777380 294
1777390 294
1777400 294
1777410 293
1777420 293
1777430 293
1777440 293
1777450 293
1777460 293
1777470 293
1777480 293
1777490 293
1777500 293
1777510 294
1777520 294
1777530 294
1777540 295
1777550 296
1777560 296
1777570 297
1777580 299
1777590 299
1777600 300
1777610 301
1777620 301
1777630 302
1777640 303
1777650 303
1777660 306
1777670 308
1777680 308
1777690 312
1777700 315
1777710 317
1777720 317
1777730 319
1777740 320
1777750 320
1777760 323
1777770 325
1777780 325
1777790 325
1777800 327
1777810 327
1777820 331
1777830 334
1777840 334
1777850 337
1777860 339
1777870 341
1777880 341
1777890 343
1777900 345
1777910 345
1777920 347
1777930 348
1777940 348
1777950 348
1777960 349
1777970 349
1777980 349
1777990 349
1778000 349
1778010 350
1778020 350
1778030 350
1778040 354
1778050 358
1778060 361
1778070 361
1778080 365
1778090 368
1778100 368
1778110 369
1778120 372
1778130 372
1778140 375
1778150 382
1778160 382
1778170 385
1778180 389
1778190 389
1778200 394
1778210 399
1778220 399
1778230 405
1778240 405
1778250 405
1778260 405
1778270 404
1778280 400
1778290 400
1778300 396
1778310 394
1778320 394
1778330 388
1778340 388
1778350 388
1778360 387
1778370 387
1778380 387
1778390 384
1778400 382
1778410 382
1778420 380
1778430 378
1778440 375
1778450 375
1778460 372
1778470 368
1778480 368
1778490 365
1778500 361
1778510 361
1778520 357
1778530 352
1778540 352
1778550 349
1778560 347
1778570 347
1778580 346
1778590 345
1778600 345
1778610 345
1778620 344
1778630 342
1778640 342
1778650 341
1778660 340
1778670 340
1778680 339
1778690 338
1778700 338
1778710 337
1778720 336
1778730 336
1778740 335
1778750 334
1778760 334
1778770 333
1778780 332
1778790 331
1778800 331
1778810 329
1778820 328
1778830 328
1778840 327
1778850 326
1778860 326
1778870 324
1778880 324
1778890 324
1778900 323
1778910 323
1778920 323
1778930 322
1778940 321
1778950 321
1778960 321
1778970 320
1778980 320
1778990 320
1779000 319
1779010 318
1779020 318
1779030 319
1779040 318
1779050 318
1779060 317
1779070 316
1779080 316
1779090 315
1779100 314
1779110 314
1779120 313
1779130 312
1779140 312
1779150 312
1779160 311
1779170 310
1779180 310
1779190 308
1779200 308
1779210 308
1779220 309
1779230 310
1779240 310
1779250 312
1779260 314
1779270 314
1779280 316
1779290 317
1779300 317
1779310 319
1779320 319
1779330 320
1779340 320
1779350 322
1779360 323
1779370 323
1779380 325
1779390 327
1779400 327
1779410 329
1779420 329
1779430 329
1779440 330
1779450 332
1779460 332
1779470 333
1779480 334
1779490 334
1779500 335
1779510 338
1779520 340
1779530 340
1779540 342
1779550 344
1779560 344
1779570 346
1779580 348
1779590 348
1779600 350
1779610 352
1779620 352
1779630 354
1779640 356
1779650 356
1779660 359
1779670 361
1779680 361
1779690 364
1779700 367
1779710 371
1779720 371
1779730 374
1779740 375
1779750 375
1779760 373
1779770 368
1779780 368
1779790 363
1779800 357
1779810 357
1779820 353
1779830 352
1779840 352
1779850 352
1779860 352
1779870 352
1779880 352
1779890 352
1779900 350
1779910 350
1779920 349
1779930 347
1779940 347
1779950 345
1779960 344
1779970 344
1779980 344
1779990 344
