1760000 295
1760010 295
1760020 292
1760030 290
1760040 290
1760050 287
1760060 281
1760070 281
1760080 281
1760090 281
1760100 281
1760110 281
1760120 281
1760130 281
1760140 281
1760150 281
1760160 282
1760170 282
1760180 282
1760190 283
1760200 283
1760210 285
1760220 289
1760230 289
1760240 292
1760250 294
1760260 296
1760270 296
1760280 297
1760290 299
1760300 299
1760310 300
1760320 301
1760330 301
1760340 301
1760350 301
1760360 301
1760370 299
1760380 298
1760390 298
1760400 297
1760410 297
1760420 297
1760430 297
1760440 296
1760450 295
1760460 295
1760470 295
1760480 294
1760490 294
1760500 293
1760510 294
1760520 294
1760530 295
1760540 296
1760550 296
1760560 299
1760570 301
1760580 301
1760590 303
1760600 303
1760610 303
1760620 303
1760630 302
1760640 301
1760650 301
1760660 300
1760670 298
1760680 298
1760690 296
1760700 295
1760710 295
1760720 294
1760730 292
1760740 292
1760750 291
1760760 290
1760770 290
1760780 289
1760790 288
1760800 287
1760810 287
1760820 286
1760830 285
1760840 285
1760850 284
1760860 283
1760870 283
1760880 283
1760890 282
1760900 282
1760910 281
1760920 280
1760930 280
1760940 279
1760950 278
1760960 278
1760970 277
1760980 276
1760990 275
1761000 275
1761010 275
1761020 275
1761030 275
1761040 274
1761050 274
1761060 274
1761070 274
1761080 275
1761090 275
1761100 275
1761110 275
1761120 275
1761130 276
1761140 276
1761150 276
1761160 276
1761170 276
1761180 276
1761190 276
1761200 277
1761210 276
1761220 276
1761230 276
1761240 276
1761250 276
1761260 276
1761270 276
1761280 276
1761290 276
1761300 275
1761310 275
1761320 275
1761330 275
1761340 274
1761350 274
1761360 274
1761370 273
1761380 273
1761390 272
1761400 271
1761410 271
1761420 270
1761430 269
1761440 269
1761450 267
1761460 266
1761470 266
1761480 266
1761490 265
1761500 265
1761510 264
1761520 264
1761530 264
1761540 264
1761550 263
1761560 263
1761570 263
1761580 263
1761590 263
1761600 263
1761610 263
1761620 263
1761630 263
1761640 263
1761650 263
1761660 263
1761670 262
1761680 262
1761690 262
1761700 262
1761710 262
1761720 262
1761730 262
1761740 262
1761750 262
1761760 262
1761770 262
1761780 262
1761790 262
1761800 262
1761810 262
1761820 262
1761830 262
1761840 262
1761850 262
1761860 262
1761870 262
1761880 262
1761890 262
1761900 262
1761910 263
1761920 263
1761930 262
1761940 262
1761950 262
1761960 262
1761970 262
1761980 262
1761990 262
1762000 263
1762010 263
1762020 263
1762030 263
1762040 263
1762050 263
1762060 263
1762070 263
1762080 263
1762090 263
1762100 264
1762110 264
1762120 262
1762130 264
1762140 264
1762150 263
1762160 263
1762170 263
1762180 263
1762190 263
1762200 263
1762210 263
1762220 263
1762230 263
1762240 263
1762250 263
1762260 263
1762270 263
1762280 263
1762290 263
1762300 263
1762310 262
1762320 262
1762330 262
1762340 262
1762350 262
1762360 262
1762370 262
1762380 262
1762390 262
1762400 263
1762410 262
1762420 262
1762430 262
1762440 262
1762450 262
1762460 262
1762470 262
1762480 262
1762490 262
1762500 262
1762510 262
1762520 262
1762530 262
1762540 262
1762550 262
1762560 262
1762570 262
1762580 262
1762590 262
1762600 262
1762610 262
1762620 262
1762630 262
1762640 262
1762650 262
1762660 263
1762670 263
1762680 263
1762690 263
1762700 262
1762710 262
1762720 263
1762730 263
1762740 263
1762750 264
1762760 264
1762770 264
1762780 264
1762790 265
1762800 265
1762810 265
1762820 265
1762830 266
1762840 266
1762850 266
1762860 267
1762870 267
1762880 268
1762890 270
1762900 270
1762910 272
1762920 274
1762930 274
1762940 275
1762950 277
1762960 277
1762970 279
1762980 280
1762990 282
1763000 282
1763010 283
1763020 285
1763030 285
1763040 287
1763050 289
1763060 289
1763070 291
1763080 293
1763090 293
1763100 296
1763110 300
1763120 300
1763130 304
1763140 306
1763150 306
1763160 310
1763170 314
1763180 318
1763190 318
1763200 322
1763210 326
1763220 326
1763230 329
1763240 333
1763250 333
1763260 334
1763270 333
1763280 333
1763290 332
1763300 331
1763310 331
1763320 330
1763330 328
1763340 327
1763350 327
1763360 326
1763370 325
1763380 325
1763390 324
1763400 322
1763410 322
1763420 320
1763430 318
1763440 318
1763450 315
1763460 313
1763470 313
1763480 310
1763490 306
1763500 306
1763510 302
1763520 299
1763530 295
1763540 296
1763550 295
1763560 297
1763570 297
1763580 298
1763590 301
1763600 301
1763610 305
1763620 306
1763630 306
1763640 308
1763650 311
1763660 311
1763670 313
1763680 316
1763690 316
1763700 318
1763710 320
1763720 322
1763730 322
1763740 320
1763750 325
1763760 325
1763770 327
1763780 329
1763790 329
1763800 331
1763810 332
1763820 332
1763830 333
1763840 333
1763850 333
1763860 334
1763870 335
1763880 335
1763890 335
1763900 335
1763910 335
1763920 335
1763930 335
1763940 334
1763950 334
1763960 332
1763970 330
1763980 330
1763990 328
1764000 325
1764010 325
1764020 323
1764030 320
1764040 320
1764050 317
1764060 315
1764070 313
1764080 313
1764090 313
1764100 313
1764110 313
1764120 313
1764130 314
1764140 314
1764150 316
1764160 319
1764170 319
1764180 323
1764190 324
1764200 324
1764210 324
1764220 322
1764230 322
1764240 319
1764250 316
1764260 314
1764270 314
1764280 311
1764290 309
1764300 309
1764310 309
1764320 310
1764330 310
1764340 312
1764350 312
1764360 312
1764370 312
1764380 310
1764390 310
1764400 309
1764410 306
1764420 306
1764430 304
1764440 299
1764450 301
1764460 301
1764470 301
1764480 301
1764490 301
1764500 299
1764510 296
1764520 296
1764530 295
1764540 294
1764550 294
1764560 293
1764570 291
1764580 291
1764590 289
1764600 288
1764610 287
1764620 287
1764630 286
1764640 285
1764650 285
1764660 284
1764670 284
1764680 284
1764690 285
1764700 286
1764710 286
1764720 288
1764730 288
1764740 288
1764750 288
1764760 288
1764770 288
1764780 287
1764790 286
1764800 285
1764810 285
1764820 284
1764830 283
1764840 283
1764850 282
1764860 280
1764870 280
1764880 278
1764890 275
1764900 275
1764910 274
1764920 273
1764930 273
1764940 273
1764950 273
1764960 273
1764970 272
1764980 272
1764990 272
1765000 272
1765010 272
1765020 272
1765030 272
1765040 272
1765050 271
1765060 271
1765070 271
1765080 271
1765090 271
1765100 271
1765110 271
1765120 271
1765130 271
1765140 271
1765150 271
1765160 271
1765170 270
1765180 270
1765190 270
1765200 270
1765210 270
1765220 270
1765230 270
1765240 270
1765250 270
1765260 270
1765270 270
1765280 270
1765290 269
1765300 269
1765310 269
1765320 269
1765330 269
1765340 269
1765350 269
1765360 269
1765370 269
1765380 269
1765390 269
1765400 268
1765410 268
1765420 269
1765430 269
1765440 269
1765450 269
1765460 270
1765470 270
1765480 270
1765490 270
1765500 270
1765510 269
1765520 269
1765530 269
1765540 269
1765550 269
1765560 269
1765570 269
1765580 269
1765590 269
1765600 269
1765610 266
1765620 268
1765630 268
1765640 269
1765650 268
1765660 268
1765670 268
1765680 269
1765690 269
1765700 269
1765710 269
1765720 270
1765730 270
1765740 270
1765750 270
1765760 270
1765770 270
1765780 270
1765790 270
1765800 270
1765810 271
1765820 271
1765830 271
1765840 271
1765850 271
1765860 272
1765870 272
1765880 272
1765890 272
1765900 272
1765910 273
1765920 273
1765930 273
1765940 273
1765950 273
1765960 274
1765970 274
1765980 274
1765990 274
1766000 273
1766010 273
1766020 274
1766030 274
1766040 274
1766050 275
1766060 276
1766070 276
1766080 276
1766090 276
1766100 276
1766110 276
1766120 277
1766130 277
1766140 277
1766150 277
1766160 278
1766170 278
1766180 278
1766190 278
1766200 278
1766210 279
1766220 279
1766230 280
1766240 280
1766250 281
1766260 281
1766270 281
1766280 282
1766290 283
1766300 283
1766310 283
1766320 284
1766330 284
1766340 284
1766350 285
1766360 285
1766370 286
1766380 286
1766390 286
1766400 287
1766410 287
1766420 287
1766430 288
1766440 289
1766450 289
1766460 289
1766470 290
1766480 292
1766490 292
1766500 293
1766510 294
1766520 294
1766530 295
1766540 296
1766550 296
1766560 297
1766570 298
1766580 298
1766590 298
1766600 301
1766610 305
1766620 305
1766630 306
1766640 308
1766650 308
1766660 310
1766670 312
1766680 312
1766690 315
1766700 316
1766710 316
1766720 318
1766730 319
1766740 319
1766750 320
1766760 322
1766770 322
1766780 323
1766790 325
1766800 326
1766810 326
1766820 327
1766830 328
1766840 328
1766850 329
1766860 330
1766870 330
1766880 331
1766890 331
1766900 331
1766910 332
1766920 332
1766930 332
1766940 332
1766950 330
1766960 330
1766970 328
1766980 326
1766990 324
1767000 324
1767010 321
1767020 318
1767030 318
1767040 313
1767050 309
1767060 309
1767070 307
1767080 305
1767090 305
1767100 303
1767110 302
1767120 302
1767130 300
1767140 296
1767150 296
1767160 295
1767170 294
1767180 294
1767190 294
1767200 295
1767210 296
1767220 296
1767230 297
1767240 295
1767250 295
1767260 293
1767270 293
1767280 293
1767290 293
1767300 294
1767310 294
1767320 294
1767330 294
1767340 294
1767350 294
1767360 293
1767370 292
1767380 292
1767390 290
1767400 289
1767410 289
1767420 287
1767430 287
1767440 287
1767450 286
1767460 286
1767470 286
1767480 286
1767490 286
1767500 286
1767510 286
1767520 286
1767530 286
1767540 289
1767550 289
1767560 290
1767570 290
1767580 288
1767590 287
1767600 287
1767610 286
1767620 284
1767630 284
1767640 281
1767650 280
1767660 280
1767670 278
1767680 277
1767690 277
1767700 276
1767710 274
1767720 273
1767730 273
1767740 271
1767750 269
1767760 269
1767770 268
1767780 267
1767790 267
1767800 266
1767810 265
1767820 265
1767830 264
1767840 264
1767850 264
1767860 263
1767870 262
1767880 262
1767890 262
1767900 262
1767910 262
1767920 262
1767930 262
1767940 262
1767950 262
1767960 263
1767970 263
1767980 263
1767990 264
1768000 265
1768010 265
1768020 267
1768030 269
1768040 269
1768050 274
1768060 277
1768070 280
1768080 280
1768090 283
1768100 288
1768110 288
1768120 290
1768130 291
1768140 291
1768150 293
1768160 296
1768170 296
1768180 298
1768190 299
1768200 299
1768210 298
1768220 296
1768230 296
1768240 293
1768250 291
1768260 289
1768270 289
1768280 288
1768290 289
1768300 289
1768310 289
1768320 288
1768330 288
1768340 288
1768350 287
1768360 287
1768370 286
1768380 282
1768390 282
1768400 277
1768410 270
1768420 270
1768430 266
1768440 264
1768450 261
1768460 261
1768470 259
1768480 257
1768490 257
1768500 256
1768510 255
1768520 255
1768530 255
1768540 254
1768550 254
1768560 254
1768570 254
1768580 254
1768590 254
1768600 254
1768610 254
1768620 254
1768630 254
1768640 254
1768650 254
1768660 254
1768670 254
1768680 254
1768690 254
1768700 254
1768710 254
1768720 254
1768730 254
1768740 254
1768750 254
1768760 254
1768770 254
1768780 254
1768790 254
1768800 254
1768810 254
1768820 255
1768830 254
1768840 254
1768850 255
1768860 255
1768870 255
1768880 254
1768890 254
1768900 254
1768910 254
1768920 254
1768930 254
1768940 254
1768950 254
1768960 254
1768970 254
1768980 254
1768990 254
1769000 254
1769010 254
1769020 254
1769030 254
1769040 254
1769050 254
1769060 254
1769070 254
1769080 254
1769090 254
1769100 255
1769110 255
1769120 255
1769130 255
1769140 255
1769150 255
1769160 255
1769170 255
1769180 255
1769190 255
1769200 255
1769210 256
1769220 256
1769230 256
1769240 256
1769250 256
1769260 256
1769270 257
1769280 257
1769290 257
1769300 257
1769310 257
1769320 258
1769330 258
1769340 258
1769350 258
1769360 258
1769370 259
1769380 259
1769390 259
1769400 260
1769410 260
1769420 260
1769430 260
1769440 260
1769450 260
1769460 260
1769470 260
1769480 260
1769490 261
1769500 261
1769510 261
1769520 261
1769530 262
1769540 262
1769550 262
1769560 262
1769570 262
1769580 262
1769590 263
1769600 263
1769610 263
1769620 263
1769630 263
1769640 263
1769650 263
1769660 263
1769670 264
1769680 264
1769690 264
1769700 264
1769710 264
1769720 264
1769730 264
1769740 264
1769750 264
1769760 264
1769770 265
1769780 265
1769790 265
1769800 265
1769810 265
1769820 265
1769830 267
1769840 266
1769850 266
1769860 266
1769870 266
1769880 266
1769890 266
1769900 267
1769910 267
1769920 267
1769930 267
1769940 267
1769950 267
1769960 267
1769970 267
1769980 267
1769990 267
1770000 267
1770010 267
1770020 269
1770030 269
1770040 269
1770050 269
1770060 269
1770070 270
1770080 270
1770090 270
1770100 271
1770110 271
1770120 271
1770130 272
1770140 272
1770150 272
1770160 273
1770170 273
1770180 273
1770190 274
1770200 274
1770210 275
1770220 276
1770230 276
1770240 277
1770250 278
1770260 279
1770270 279
1770280 280
1770290 281
1770300 281
1770310 282
1770320 282
1770330 282
1770340 282
1770350 284
1770360 284
1770370 284
1770380 285
1770390 285
1770400 285
1770410 284
1770420 284
1770430 285
1770440 286
1770450 286
1770460 286
1770470 286
1770480 287
1770490 287
1770500 287
1770510 288
1770520 288
1770530 287
1770540 287
1770550 287
1770560 288
1770570 288
1770580 288
1770590 289
1770600 289
1770610 289
1770620 289
1770630 290
1770640 290
1770650 290
1770660 291
1770670 291
1770680 291
1770690 292
1770700 292
1770710 292
1770720 292
1770730 293
1770740 293
1770750 294
1770760 294
1770770 294
1770780 295
1770790 296
1770800 296
1770810 296
1770820 297
1770830 298
1770840 298
1770850 298
1770860 299
1770870 299
1770880 300
1770890 300
1770900 300
1770910 301
1770920 302
1770930 302
1770940 303
1770950 304
1770960 304
1770970 305
1770980 305
1770990 306
1771000 306
1771010 306
1771020 307
1771030 307
1771040 308
1771050 309
1771060 309
1771070 311
1771080 313
1771090 313
1771100 314
1771110 316
1771120 316
1771130 318
1771140 319
1771150 319
1771160 321
1771170 322
1771180 324
1771190 324
1771200 326
1771210 326
1771220 326
1771230 327
1771240 329
1771250 329
1771260 330
1771270 332
1771280 332
1771290 333
1771300 335
1771310 335
1771320 337
1771330 338
1771340 340
1771350 340
1771360 341
1771370 343
1771380 343
1771390 344
1771400 346
1771410 346
1771420 347
1771430 349
1771440 349
1771450 351
1771460 353
1771470 353
1771480 355
1771490 357
1771500 357
1771510 359
1771520 361
1771530 363
1771540 363
1771550 364
1771560 366
1771570 366
1771580 367
1771590 369
1771600 369
1771610 371
1771620 372
1771630 372
1771640 373
1771650 374
1771660 374
1771670 376
1771680 379
1771690 379
1771700 380
1771710 381
1771720 382
1771730 382
1771740 383
1771750 384
1771760 384
1771770 386
1771780 387
1771790 387
1771800 388
1771810 389
1771820 389
1771830 390
1771840 392
1771850 392
1771860 393
1771870 395
1771880 397
1771890 397
1771900 399
1771910 401
1771920 401
1771930 402
1771940 404
1771950 404
1771960 404
1771970 407
1771980 407
1771990 408
1772000 409
1772010 409
1772020 410
1772030 410
1772040 410
1772050 411
1772060 411
1772070 413
1772080 413
1772090 413
1772100 413
1772110 413
1772120 413
1772130 414
1772140 414
1772150 416
1772160 417
1772170 417
1772180 417
1772190 419
1772200 419
1772210 420
1772220 422
1772230 422
1772240 424
1772250 428
1772260 429
1772270 429
1772280 431
1772290 433
1772300 433
1772310 437
1772320 442
1772330 442
1772340 446
1772350 450
1772360 450
1772370 453
1772380 456
1772390 456
1772400 457
1772410 458
1772420 458
1772430 459
1772440 461
1772450 463
1772460 463
1772470 464
1772480 465
1772490 465
1772500 467
1772510 471
1772520 471
1772530 473
1772540 478
1772550 478
1772560 479
1772570 478
1772580 478
1772590 483
1772600 487
1772610 493
1772620 493
1772630 499
1772640 502
1772650 502
1772660 509
1772670 516
1772680 516
1772690 522
1772700 523
1772710 523
1772720 523
1772730 521
1772740 521
1772750 520
1772760 520
1772770 520
1772780 519
1772790 512
1772800 508
1772810 508
1772820 505
1772830 498
1772840 498
1772850 491
1772860 490
1772870 490
1772880 485
1772890 481
1772900 481
1772910 476
1772920 471
1772930 471
1772940 468
1772950 469
1772960 469
1772970 478
1772980 492
1772990 493
1773000 493
1773010 512
1773020 515
1773030 515
1773040 525
1773050 526
1773060 526
1773070 540
1773080 546
1773090 546
1773100 551
1773110 552
1773120 552
1773130 552
1773140 553
1773150 553
1773160 553
1773170 554
1773180 554
1773190 554
1773200 555
1773210 556
1773220 556
1773230 556
1773240 557
1773250 557
1773260 557
1773270 558
1773280 558
1773290 559
1773300 559
1773310 559
1773320 560
1773330 560
1773340 560
1773350 560
1773360 560
1773370 561
1773380 561
1773390 561
1773400 561
1773410 561
1773420 560
1773430 560
1773440 560
1773450 560
1773460 560
1773470 560
1773480 560
1773490 560
1773500 560
1773510 560
1773520 560
1773530 559
1773540 559
1773550 559
1773560 559
1773570 559
1773580 559
1773590 558
1773600 558
1773610 558
1773620 557
1773630 557
1773640 557
1773650 556
1773660 556
1773670 556
1773680 555
1773690 555
1773700 554
1773710 554
1773720 554
1773730 554
1773740 554
1773750 555
1773760 555
1773770 555
1773780 555
1773790 555
1773800 555
1773810 555
1773820 555
1773830 555
1773840 555
1773850 555
1773860 555
1773870 555
1773880 555
1773890 555
1773900 554
1773910 553
1773920 553
1773930 553
1773940 552
1773950 552
1773960 551
1773970 549
1773980 549
1773990 548
1774000 547
1774010 547
1774020 545
1774030 543
1774040 543
1774050 541
1774060 539
1774070 536
1774080 536
1774090 533
1774100 532
1774110 532
1774120 531
1774130 530
1774140 530
1774150 529
1774160 528
1774170 528
1774180 526
1774190 525
1774200 525
1774210 523
1774220 521
1774230 521
1774240 518
1774250 515
1774260 520
1774270 520
1774280 521
1774290 522
1774300 522
1774310 524
1774320 525
1774330 525
1774340 526
1774350 527
1774360 527
1774370 528
1774380 528
1774390 528
1774400 529
1774410 529
1774420 529
1774430 528
1774440 528
1774450 527
1774460 527
1774470 527
1774480 525
1774490 525
1774500 524
1774510 523
1774520 523
1774530 520
1774540 521
1774550 521
1774560 523
1774570 524
1774580 524
1774590 525
1774600 525
1774610 526
1774620 526
1774630 526
1774640 527
1774650 527
1774660 528
1774670 529
1774680 529
1774690 530
1774700 530
1774710 530
1774720 530
1774730 530
1774740 530
1774750 530
1774760 529
1774770 529
1774780 529
1774790 529
1774800 529
1774810 529
1774820 528
1774830 528
1774840 528
1774850 528
1774860 527
1774870 527
1774880 527
1774890 526
1774900 526
1774910 525
1774920 524
1774930 524
1774940 523
1774950 522
1774960 522
1774970 521
1774980 521
1774990 519
1775000 519
1775010 518
1775020 516
1775030 516
1775040 516
1775050 514
1775060 514
1775070 511
1775080 507
1775090 506
1775100 505
1775110 500
1775120 500
1775130 495
1775140 498
1775150 498
1775160 497
1775170 498
1775180 496
1775190 496
1775200 495
1775210 494
1775220 494
1775230 494
1775240 495
1775250 495
1775260 496
1775270 496
1775280 496
1775290 497
1775300 497
1775310 497
1775320 498
1775330 498
1775340 499
1775350 499
1775360 499
1775370 497
1775380 497
1775390 495
1775400 493
1775410 493
1775420 490
1775430 486
1775440 486
1775450 483
1775460 478
1775470 478
1775480 477
1775490 477
1775500 477
1775510 479
1775520 484
1775530 487
1775540 487
1775550 485
1775560 487
1775570 487
1775580 485
1775590 485
1775600 485
1775610 484
1775620 483
1775630 483
1775640 481
1775650 479
1775660 479
1775670 479
1775680 478
1775690 478
1775700 479
1775710 479
1775720 480
1775730 480
1775740 480
1775750 480
1775760 480
1775770 479
1775780 477
1775790 477
1775800 475
1775810 473
1775820 473
1775830 471
1775840 468
1775850 468
1775860 465
1775870 463
1775880 462
1775890 462
1775900 461
1775910 460
1775920 460
1775930 462
1775940 464
1775950 464
1775960 465
1775970 462
1775980 462
1775990 460
1776000 458
1776010 458
1776020 453
1776030 450
1776040 450
1776050 446
1776060 442
1776070 440
1776080 440
1776090 438
1776100 436
1776110 436
1776120 434
1776130 432
1776140 432
1776150 427
1776160 424
1776170 424
1776180 424
1776190 424
1776200 424
1776210 423
1776220 421
1776230 421
1776240 418
1776250 414
1776260 412
1776270 412
1776280 410
1776290 411
1776300 411
1776310 409
1776320 409
1776330 409
1776340 408
1776350 406
1776360 406
1776370 405
1776380 402
1776390 402
1776400 400
1776410 399
1776420 399
1776430 393
1776440 396
1776450 396
1776460 396
1776470 398
1776480 398
1776490 398
1776500 400
1776510 402
1776520 402
1776530 403
1776540 405
1776550 405
1776560 407
1776570 410
1776580 410
1776590 412
1776600 415
1776610 417
1776620 417
1776630 419
1776640 421
1776650 421
1776660 423
1776670 425
1776680 425
1776690 425
1776700 425
1776710 425
1776720 424
1776730 422
1776740 422
1776750 421
1776760 421
1776770 421
1776780 423
1776790 424
1776800 425
1776810 425
1776820 426
1776830 427
1776840 427
1776850 428
1776860 428
1776870 428
1776880 428
1776890 427
1776900 427
1776910 427
1776920 426
1776930 426
1776940 424
1776950 423
1776960 423
1776970 423
1776980 422
1776990 421
1777000 421
1777010 419
1777020 419
1777030 419
1777040 418
1777050 415
1777060 415
1777070 412
1777080 410
1777090 410
1777100 407
1777110 404
1777120 404
1777130 401
1777140 398
1777150 398
1777160 396
1777170 391
1777180 388
1777190 388
1777200 387
1777210 385
1777220 385
1777230 382
1777240 378
1777250 378
1777260 374
1777270 371
1777280 371
1777290 368
1777300 364
1777310 364
1777320 362
1777330 360
1777340 358
1777350 358
1777360 351
1777370 345
1777380 345
1777390 344
1777400 343
1777410 343
1777420 344
1777430 348
1777440 348
1777450 347
1777460 348
1777470 348
1777480 351
1777490 349
1777500 349
1777510 349
1777520 348
1777530 345
1777540 345
1777550 344
1777560 340
1777570 340
1777580 336
1777590 331
1777600 331
1777610 326
1777620 322
1777630 322
1777640 318
1777650 315
1777660 315
1777670 312
1777680 309
1777690 309
1777700 307
1777710 305
1777720 305
1777730 305
1777740 304
1777750 302
1777760 302
1777770 301
1777780 301
1777790 301
1777800 300
1777810 300
1777820 300
1777830 300
1777840 300
1777850 300
1777860 301
1777870 302
1777880 303
1777890 303
1777900 304
1777910 307
1777920 307
1777930 307
1777940 308
1777950 308
1777960 309
1777970 311
1777980 311
1777990 313
1778000 315
1778010 315
1778020 317
1778030 320
1778040 320
1778050 322
1778060 324
1778070 328
1778080 328
1778090 330
1778100 331
1778110 331
1778120 333
1778130 335
1778140 335
1778150 337
1778160 339
1778170 339
1778180 341
1778190 344
1778200 344
1778210 346
1778220 348
1778230 348
1778240 352
1778250 355
1778260 358
1778270 358
1778280 361
1778290 363
1778300 363
1778310 365
1778320 367
1778330 367
1778340 370
1778350 373
1778360 373
1778370 376
1778380 378
1778390 378
1778400 381
1778410 385
1778420 385
1778430 389
1778440 396
1778450 400
1778460 400
1778470 401
1778480 401
1778490 401
1778500 401
1778510 402
1778520 402
1778530 402
1778540 401
1778550 401
1778560 401
1778570 400
1778580 400
1778590 399
1778600 395
1778610 392
1778620 392
1778630 389
1778640 385
1778650 385
1778660 380
1778670 378
1778680 378
1778690 377
1778700 375
1778710 375
1778720 373
1778730 372
1778740 372
1778750 370
1778760 368
1778770 368
1778780 365
1778790 363
1778800 361
1778810 361
1778820 360
1778830 358
1778840 358
1778850 357
1778860 355
1778870 355
1778880 353
1778890 351
1778900 351
1778910 353
1778920 355
1778930 355
1778940 359
1778950 359
1778960 359
1778970 359
1778980 357
1778990 352
1779000 352
1779010 358
1779020 361
1779030 361
1779040 365
1779050 369
1779060 369
1779070 372
1779080 375
1779090 375
1779100 378
1779110 380
1779120 380
1779130 384
1779140 388
1779150 388
1779160 392
1779170 395
1779180 398
1779190 398
1779200 400
1779210 401
1779220 401
1779230 402
1779240 403
1779250 403
1779260 403
1779270 402
1779280 402
1779290 401
1779300 400
1779310 400
1779320 398
1779330 397
1779340 394
1779350 394
1779360 391
1779370 388
1779380 388
1779390 385
1779400 382
1779410 382
1779420 379
1779430 377
1779440 377
1779450 375
1779460 373
1779470 373
1779480 370
1779490 372
1779500 372
1779510 371
1779520 371
1779530 371
1779540 371
1779550 370
1779560 370
1779570 370
1779580 370
1779590 370
1779600 370
1779610 370
1779620 369
1779630 369
1779640 368
1779650 364
1779660 364
1779670 360
1779680 362
1779690 362
1779700 361
1779710 359
1779720 357
1779730 357
1779740 357
1779750 360
1779760 360
1779770 357
1779780 355
1779790 355
1779800 354
1779810 352
1779820 352
1779830 351
1779840 349
1779850 349
1779860 347
1779870 345
1779880 343
1779890 343
1779900 340
1779910 339
1779920 339
1779930 337
1779940 334
1779950 334
1779960 332
1779970 330
1779980 330
1779990 327
