1700000 344
1700010 344
1700020 344
1700030 344
1700040 344
1700050 344
1700060 343
1700070 342
1700080 342
1700090 342
1700100 341
1700110 341
1700120 341
1700130 340
1700140 340
1700150 338
1700160 337
1700170 337
1700180 335
1700190 334
1700200 334
1700210 333
1700220 332
1700230 332
1700240 331
1700250 330
1700260 330
1700270 330
1700280 329
1700290 329
1700300 329
1700310 329
1700320 328
1700330 328
1700340 328
1700350 327
1700360 327
1700370 327
1700380 327
1700390 327
1700400 326
1700410 326
1700420 325
1700430 325
1700440 325
1700450 325
1700460 325
1700470 324
1700480 324
1700490 324
1700500 324
1700510 324
1700520 324
1700530 324
1700540 324
1700550 324
1700560 323
1700570 324
1700580 324
1700590 324
1700600 324
1700610 324
1700620 324
1700630 324
1700640 322
1700650 322
1700660 322
1700670 325
1700680 325
1700690 325
1700700 326
1700710 326
1700720 327
1700730 327
1700740 327
1700750 328
1700760 328
1700770 328
1700780 329
1700790 329
1700800 330
1700810 330
1700820 331
1700830 332
1700840 332
1700850 332
1700860 334
1700870 334
1700880 335
1700890 336
1700900 336
1700910 337
1700920 339
1700930 339
1700940 341
1700950 342
1700960 342
1700970 343
1700980 342
1700990 341
1701000 341
1701010 339
1701020 339
1701030 339
1701040 338
1701050 337
1701060 337
1701070 337
1701080 336
1701090 336
1701100 334
1701110 332
1701120 332
1701130 333
1701140 332
1701150 332
1701160 332
1701170 334
1701180 336
1701190 336
1701200 338
1701210 340
1701220 340
1701230 342
1701240 344
1701250 344
1701260 345
1701270 346
1701280 346
1701290 348
1701300 349
1701310 349
1701320 351
1701330 352
1701340 354
1701350 354
1701360 355
1701370 357
1701380 357
1701390 358
1701400 360
1701410 360
1701420 361
1701430 362
1701440 362
1701450 363
1701460 363
1701470 363
1701480 364
1701490 364
1701500 364
1701510 363
1701520 363
1701530 363
1701540 363
1701550 362
1701560 361
1701570 361
1701580 360
1701590 359
1701600 359
1701610 357
1701620 356
1701630 356
1701640 355
1701650 355
1701660 355
1701670 354
1701680 353
1701690 353
1701700 353
1701710 352
1701720 351
1701730 351
1701740 348
1701750 350
1701760 350
1701770 350
1701780 351
1701790 351
1701800 351
1701810 351
1701820 351
1701830 351
1701840 350
1701850 350
1701860 350
1701870 349
1701880 348
1701890 348
1701900 348
1701910 347
1701920 347
1701930 347
1701940 346
1701950 346
1701960 345
1701970 345
1701980 345
1701990 344
1702000 343
1702010 343
1702020 343
1702030 342
1702040 342
1702050 341
1702060 340
1702070 338
1702080 338
1702090 337
1702100 337
1702110 337
1702120 336
1702130 335
1702140 335
1702150 334
1702160 333
1702170 333
1702180 331
1702190 330
1702200 330
1702210 329
1702220 328
1702230 328
1702240 327
1702250 326
1702260 324
1702270 324
1702280 322
1702290 322
1702300 322
1702310 321
1702320 322
1702330 322
1702340 320
1702350 321
1702360 321
1702370 321
1702380 321
1702390 321
1702400 323
1702410 325
1702420 326
1702430 326
1702440 327
1702450 329
1702460 329
1702470 331
1702480 332
1702490 332
1702500 334
1702510 335
1702520 335
1702530 337
1702540 339
1702550 339
1702560 341
1702570 345
1702580 345
1702590 348
1702600 350
1702610 352
1702620 352
1702630 354
1702640 357
1702650 357
1702660 359
1702670 362
1702680 362
1702690 362
1702700 362
1702710 362
1702720 362
1702730 362
1702740 362
1702750 362
1702760 361
1702770 361
1702780 361
1702790 361
1702800 361
1702810 361
1702820 361
1702830 361
1702840 361
1702850 361
1702860 361
1702870 361
1702880 360
1702890 360
1702900 360
1702910 360
1702920 360
1702930 360
1702940 359
1702950 359
1702960 359
1702970 359
1702980 358
1702990 357
1703000 357
1703010 355
1703020 354
1703030 354
1703040 353
1703050 352
1703060 352
1703070 351
1703080 349
1703090 349
1703100 349
1703110 351
1703120 351
1703130 352
1703140 353
1703150 354
1703160 354
1703170 355
1703180 355
1703190 355
1703200 356
1703210 356
1703220 356
1703230 356
1703240 357
1703250 357
1703260 357
1703270 357
1703280 357
1703290 357
1703300 357
1703310 357
1703320 357
1703330 357
1703340 357
1703350 357
1703360 357
1703370 357
1703380 357
1703390 357
1703400 357
1703410 357
1703420 357
1703430 357
1703440 357
1703450 357
1703460 358
1703470 358
1703480 357
1703490 357
1703500 357
1703510 357
1703520 357
1703530 357
1703540 357
1703550 356
1703560 356
1703570 356
1703580 355
1703590 354
1703600 354
1703610 354
1703620 353
1703630 353
1703640 351
1703650 348
1703660 348
1703670 344
1703680 344
1703690 343
1703700 343
1703710 341
1703720 340
1703730 340
1703740 339
1703750 335
1703760 335
1703770 338
1703780 338
1703790 338
1703800 336
1703810 334
1703820 334
1703830 331
1703840 330
1703850 330
1703860 328
1703870 324
1703880 323
1703890 323
1703900 322
1703910 321
1703920 321
1703930 321
1703940 321
1703950 321
1703960 321
1703970 320
1703980 320
1703990 320
1704000 320
1704010 320
1704020 319
1704030 319
1704040 319
1704050 318
1704060 317
1704070 317
1704080 317
1704090 317
1704100 316
1704110 316
1704120 316
1704130 317
1704140 317
1704150 316
1704160 315
1704170 315
1704180 315
1704190 315
1704200 315
1704210 315
1704220 314
1704230 314
1704240 314
1704250 314
1704260 313
1704270 313
1704280 313
1704290 313
1704300 313
1704310 313
1704320 313
1704330 313
1704340 313
1704350 313
1704360 313
1704370 313
1704380 313
1704390 313
1704400 311
1704410 314
1704420 316
1704430 316
1704440 320
1704450 321
1704460 321
1704470 324
1704480 326
1704490 326
1704500 328
1704510 328
1704520 328
1704530 329
1704540 330
1704550 330
1704560 330
1704570 330
1704580 330
1704590 331
1704600 331
1704610 331
1704620 331
1704630 331
1704640 331
1704650 331
1704660 331
1704670 331
1704680 331
1704690 331
1704700 331
1704710 331
1704720 331
1704730 332
1704740 332
1704750 332
1704760 332
1704770 332
1704780 333
1704790 333
1704800 333
1704810 333
1704820 333
1704830 334
1704840 334
1704850 335
1704860 336
1704870 336
1704880 337
1704890 338
1704900 338
1704910 339
1704920 340
1704930 340
1704940 342
1704950 343
1704960 344
1704970 344
1704980 345
1704990 347
1705000 347
1705010 349
1705020 350
1705030 350
1705040 352
1705050 354
1705060 354
1705070 354
1705080 354
1705090 354
1705100 353
1705110 352
1705120 352
1705130 351
1705140 350
1705150 349
1705160 349
1705170 348
1705180 346
1705190 346
1705200 344
1705210 343
1705220 343
1705230 342
1705240 341
1705250 341
1705260 340
1705270 338
1705280 338
1705290 336
1705300 336
1705310 336
1705320 338
1705330 339
1705340 339
1705350 339
1705360 340
1705370 341
1705380 341
1705390 342
1705400 344
1705410 344
1705420 345
1705430 347
1705440 347
1705450 347
1705460 348
1705470 348
1705480 349
1705490 350
1705500 350
1705510 351
1705520 351
1705530 351
1705540 351
1705550 351
1705560 350
1705570 350
1705580 350
1705590 350
1705600 350
1705610 349
1705620 349
1705630 349
1705640 348
1705650 347
1705660 347
1705670 346
1705680 345
1705690 344
1705700 344
1705710 343
1705720 343
1705730 343
1705740 342
1705750 342
1705760 342
1705770 342
1705780 341
1705790 341
1705800 341
1705810 340
1705820 340
1705830 340
1705840 340
1705850 340
1705860 339
1705870 339
1705880 338
1705890 338
1705900 338
1705910 338
1705920 338
1705930 338
1705940 338
1705950 338
1705960 337
1705970 335
1705980 335
1705990 333
1706000 332
1706010 332
1706020 330
1706030 328
1706040 328
1706050 327
1706060 326
1706070 325
1706080 325
1706090 324
1706100 322
1706110 322
1706120 319
1706130 319
1706140 319
1706150 319
1706160 319
1706170 319
1706180 319
1706190 319
1706200 319
1706210 319
1706220 319
1706230 322
1706240 322
1706250 323
1706260 325
1706270 325
1706280 327
1706290 328
1706300 328
1706310 330
1706320 331
1706330 331
1706340 333
1706350 334
1706360 334
1706370 336
1706380 337
1706390 337
1706400 338
1706410 339
1706420 339
1706430 339
1706440 339
1706450 339
1706460 339
1706470 339
1706480 339
1706490 339
1706500 339
1706510 338
1706520 338
1706530 338
1706540 337
1706550 337
1706560 336
1706570 336
1706580 336
1706590 335
1706600 333
1706610 331
1706620 331
1706630 330
1706640 328
1706650 328
1706660 326
1706670 325
1706680 325
1706690 323
1706700 321
1706710 321
1706720 319
1706730 319
1706740 319
1706750 318
1706760 319
1706770 319
1706780 319
1706790 319
1706800 319
1706810 319
1706820 320
1706830 320
1706840 320
1706850 321
1706860 322
1706870 322
1706880 323
1706890 324
1706900 324
1706910 325
1706920 326
1706930 326
1706940 327
1706950 328
1706960 329
1706970 329
1706980 330
1706990 331
1707000 331
1707010 332
1707020 333
1707030 333
1707040 333
1707050 333
1707060 333
1707070 334
1707080 334
1707090 334
1707100 335
1707110 335
1707120 335
1707130 335
1707140 335
1707150 335
1707160 335
1707170 335
1707180 335
1707190 335
1707200 334
1707210 334
1707220 334
1707230 334
1707240 334
1707250 334
1707260 333
1707270 333
1707280 333
1707290 333
1707300 333
1707310 333
1707320 333
1707330 333
1707340 333
1707350 333
1707360 333
1707370 333
1707380 333
1707390 333
1707400 333
1707410 333
1707420 333
1707430 332
1707440 332
1707450 332
1707460 332
1707470 332
1707480 332
1707490 332
1707500 332
1707510 332
1707520 332
1707530 331
1707540 331
1707550 331
1707560 331
1707570 331
1707580 331
1707590 332
1707600 332
1707610 331
1707620 331
1707630 331
1707640 331
1707650 331
1707660 331
1707670 330
1707680 330
1707690 329
1707700 329
1707710 328
1707720 325
1707730 325
1707740 323
1707750 320
1707760 320
1707770 320
1707780 317
1707790 317
1707800 315
1707810 314
1707820 314
1707830 312
1707840 309
1707850 309
1707860 309
1707870 309
1707880 309
1707890 309
1707900 309
1707910 309
1707920 309
1707930 309
1707940 309
1707950 309
1707960 309
1707970 309
1707980 309
1707990 309
1708000 309
1708010 309
1708020 310
1708030 311
1708040 311
1708050 311
1708060 311
1708070 311
1708080 311
1708090 311
1708100 312
1708110 312
1708120 312
1708130 311
1708140 311
1708150 311
1708160 311
1708170 311
1708180 310
1708190 310
1708200 310
1708210 310
1708220 310
1708230 311
1708240 311
1708250 312
1708260 313
1708270 313
1708280 314
1708290 315
1708300 315
1708310 316
1708320 316
1708330 316
1708340 316
1708350 316
1708360 316
1708370 316
1708380 316
1708390 316
1708400 316
1708410 316
1708420 316
1708430 316
1708440 315
1708450 315
1708460 315
1708470 315
1708480 315
1708490 315
1708500 315
1708510 315
1708520 315
1708530 315
1708540 314
1708550 314
1708560 314
1708570 314
1708580 314
1708590 314
1708600 314
1708610 314
1708620 314
1708630 314
1708640 314
1708650 314
1708660 314
1708670 314
1708680 314
1708690 314
1708700 314
1708710 314
1708720 314
1708730 314
1708740 314
1708750 314
1708760 314
1708770 314
1708780 314
1708790 314
1708800 314
1708810 314
1708820 315
1708830 315
1708840 315
1708850 315
1708860 315
1708870 315
1708880 315
1708890 315
1708900 315
1708910 314
1708920 314
1708930 314
1708940 314
1708950 314
1708960 314
1708970 314
1708980 314
1708990 314
1709000 314
1709010 314
1709020 314
1709030 314
1709040 313
1709050 313
1709060 313
1709070 312
1709080 311
1709090 311
1709100 310
1709110 308
1709120 308
1709130 307
1709140 306
1709150 306
1709160 306
1709170 306
1709180 306
1709190 306
1709200 306
1709210 306
1709220 306
1709230 306
1709240 306
1709250 306
1709260 307
1709270 308
1709280 308
1709290 309
1709300 310
1709310 310
1709320 311
1709330 312
1709340 312
1709350 312
1709360 312
1709370 312
1709380 312
1709390 312
1709400 312
1709410 312
1709420 311
1709430 311
1709440 311
1709450 311
1709460 311
1709470 311
1709480 311
1709490 311
1709500 312
1709510 312
1709520 312
1709530 312
1709540 312
1709550 312
1709560 312
1709570 312
1709580 313
1709590 313
1709600 313
1709610 313
1709620 313
1709630 313
1709640 313
1709650 313
1709660 313
1709670 313
1709680 313
1709690 313
1709700 313
1709710 313
1709720 313
1709730 313
1709740 312
1709750 312
1709760 312
1709770 312
1709780 312
1709790 312
1709800 312
1709810 312
1709820 312
1709830 311
1709840 311
1709850 311
1709860 311
1709870 311
1709880 310
1709890 310
1709900 311
1709910 310
1709920 310
1709930 310
1709940 310
1709950 310
1709960 310
1709970 310
1709980 310
1709990 310
1710000 310
1710010 310
1710020 310
1710030 310
1710040 310
1710050 310
1710060 309
1710070 309
1710080 309
1710090 308
1710100 308
1710110 308
1710120 308
1710130 308
1710140 308
1710150 308
1710160 309
1710170 309
1710180 308
1710190 309
1710200 309
1710210 309
1710220 308
1710230 307
1710240 307
1710250 308
1710260 308
1710270 308
1710280 308
1710290 308
1710300 308
1710310 309
1710320 308
1710330 308
1710340 308
1710350 308
1710360 308
1710370 308
1710380 307
1710390 307
1710400 307
1710410 307
1710420 307
1710430 307
1710440 307
1710450 306
1710460 306
1710470 306
1710480 307
1710490 307
1710500 307
1710510 307
1710520 307
1710530 307
1710540 306
1710550 306
1710560 306
1710570 306
1710580 306
1710590 305
1710600 306
1710610 305
1710620 305
1710630 305
1710640 305
1710650 305
1710660 305
1710670 305
1710680 305
1710690 305
1710700 305
1710710 305
1710720 305
1710730 305
1710740 305
1710750 305
1710760 305
1710770 305
1710780 305
1710790 305
1710800 305
1710810 305
1710820 305
1710830 304
1710840 304
1710850 304
1710860 304
1710870 304
1710880 304
1710890 304
1710900 304
1710910 304
1710920 304
1710930 304
1710940 304
1710950 304
1710960 304
1710970 304
1710980 304
1710990 304
1711000 304
1711010 304
1711020 304
1711030 304
1711040 304
1711050 304
1711060 304
1711070 304
1711080 304
1711090 304
1711100 304
1711110 304
1711120 304
1711130 304
1711140 304
1711150 304
1711160 304
1711170 303
1711180 303
1711190 303
1711200 303
1711210 303
1711220 303
1711230 302
1711240 302
1711250 302
1711260 302
1711270 302
1711280 302
1711290 302
1711300 302
1711310 302
1711320 301
1711330 300
1711340 299
1711350 299
1711360 299
1711370 299
1711380 299
1711390 298
1711400 298
1711410 298
1711420 298
1711430 297
1711440 297
1711450 296
1711460 296
1711470 296
1711480 296
1711490 296
1711500 296
1711510 296
1711520 296
1711530 296
1711540 296
1711550 297
1711560 296
1711570 296
1711580 296
1711590 297
1711600 297
1711610 296
1711620 296
1711630 296
1711640 296
1711650 298
1711660 298
1711670 298
1711680 297
1711690 297
1711700 297
1711710 297
1711720 298
1711730 298
1711740 298
1711750 298
1711760 298
1711770 298
1711780 297
1711790 297
1711800 297
1711810 298
1711820 298
1711830 298
1711840 297
1711850 297
1711860 296
1711870 296
1711880 295
1711890 295
1711900 294
1711910 294
1711920 294
1711930 294
1711940 295
1711950 295
1711960 295
1711970 295
1711980 295
1711990 295
1712000 295
1712010 295
1712020 295
1712030 295
1712040 295
1712050 295
1712060 295
1712070 294
1712080 294
1712090 293
1712100 293
1712110 293
1712120 291
1712130 290
1712140 290
1712150 293
1712160 293
1712170 293
1712180 293
1712190 294
1712200 294
1712210 294
1712220 295
1712230 295
1712240 295
1712250 295
1712260 295
1712270 295
1712280 295
1712290 295
1712300 295
1712310 296
1712320 295
1712330 295
1712340 295
1712350 295
1712360 295
1712370 295
1712380 295
1712390 295
1712400 294
1712410 294
1712420 294
1712430 294
1712440 294
1712450 292
1712460 292
1712470 292
1712480 292
1712490 292
1712500 292
1712510 292
1712520 292
1712530 292
1712540 292
1712550 292
1712560 292
1712570 291
1712580 291
1712590 292
1712600 292
1712610 292
1712620 292
1712630 292
1712640 292
1712650 292
1712660 292
1712670 292
1712680 292
1712690 292
1712700 292
1712710 292
1712720 292
1712730 292
1712740 292
1712750 292
1712760 292
1712770 292
1712780 292
1712790 292
1712800 292
1712810 292
1712820 292
1712830 292
1712840 292
1712850 292
1712860 292
1712870 292
1712880 292
1712890 292
1712900 292
1712910 292
1712920 292
1712930 292
1712940 292
1712950 292
1712960 292
1712970 292
1712980 292
1712990 292
1713000 292
1713010 292
1713020 292
1713030 292
1713040 291
1713050 291
1713060 291
1713070 291
1713080 291
1713090 291
1713100 291
1713110 291
1713120 291
1713130 291
1713140 292
1713150 292
1713160 292
1713170 291
1713180 291
1713190 291
1713200 291
1713210 291
1713220 291
1713230 291
1713240 291
1713250 291
1713260 291
1713270 291
1713280 291
1713290 291
1713300 291
1713310 291
1713320 291
1713330 291
1713340 291
1713350 291
1713360 291
1713370 291
1713380 291
1713390 291
1713400 291
1713410 291
1713420 291
1713430 291
1713440 291
1713450 291
1713460 291
1713470 291
1713480 291
1713490 291
1713500 291
1713510 291
1713520 291
1713530 291
1713540 291
1713550 291
1713560 291
1713570 291
1713580 291
1713590 291
1713600 291
1713610 291
1713620 291
1713630 291
1713640 291
1713650 291
1713660 291
1713670 291
1713680 291
1713690 292
1713700 292
1713710 291
1713720 291
1713730 291
1713740 291
1713750 291
1713760 291
1713770 291
1713780 291
1713790 291
1713800 291
1713810 291
1713820 291
1713830 291
1713840 291
1713850 291
1713860 291
1713870 291
1713880 291
1713890 291
1713900 291
1713910 291
1713920 291
1713930 291
1713940 291
1713950 291
1713960 291
1713970 291
1713980 291
1713990 290
1714000 290
1714010 290
1714020 291
1714030 288
1714040 291
1714050 288
1714060 288
1714070 291
1714080 291
1714090 291
1714100 291
1714110 291
1714120 291
1714130 291
1714140 291
1714150 291
1714160 291
1714170 291
1714180 292
1714190 293
1714200 293
1714210 293
1714220 293
1714230 294
1714240 294
1714250 295
1714260 295
1714270 295
1714280 294
1714290 294
1714300 294
1714310 293
1714320 293
1714330 293
1714340 294
1714350 294
1714360 294
1714370 295
1714380 293
1714390 293
1714400 295
1714410 295
1714420 295
1714430 295
1714440 296
1714450 297
1714460 297
1714470 299
1714480 301
1714490 301
1714500 303
1714510 306
1714520 306
1714530 310
1714540 312
1714550 312
1714560 315
1714570 317
1714580 317
1714590 319
1714600 321
1714610 322
1714620 322
1714630 323
1714640 324
1714650 324
1714660 325
1714670 325
1714680 325
1714690 326
1714700 326
1714710 326
1714720 327
1714730 327
1714740 327
1714750 328
1714760 327
1714770 328
1714780 328
1714790 332
1714800 332
1714810 332
1714820 333
1714830 333
1714840 333
1714850 334
1714860 335
1714870 335
1714880 336
1714890 336
1714900 336
1714910 337
1714920 339
1714930 339
1714940 336
1714950 335
1714960 334
1714970 334
1714980 332
1714990 332
1715000 332
1715010 330
1715020 329
1715030 329
1715040 327
1715050 324
1715060 324
1715070 322
1715080 321
1715090 321
1715100 319
1715110 319
1715120 319
1715130 317
1715140 316
1715150 313
1715160 313
1715170 313
1715180 314
1715190 314
1715200 316
1715210 316
1715220 316
1715230 317
1715240 319
1715250 319
1715260 319
1715270 319
1715280 319
1715290 320
1715300 320
1715310 320
1715320 322
1715330 322
1715340 322
1715350 322
1715360 322
1715370 322
1715380 322
1715390 320
1715400 318
1715410 318
1715420 315
1715430 311
1715440 311
1715450 309
1715460 307
1715470 307
1715480 305
1715490 304
1715500 302
1715510 302
1715520 300
1715530 299
1715540 299
1715550 297
1715560 296
1715570 296
1715580 295
1715590 294
1715600 294
1715610 294
1715620 294
1715630 294
1715640 292
1715650 292
1715660 292
1715670 292
1715680 291
1715690 290
1715700 290
1715710 290
1715720 290
1715730 290
1715740 290
1715750 290
1715760 290
1715770 290
1715780 290
1715790 290
1715800 290
1715810 290
1715820 290
1715830 290
1715840 290
1715850 290
1715860 290
1715870 290
1715880 290
1715890 290
1715900 290
1715910 290
1715920 290
1715930 290
1715940 290
1715950 290
1715960 290
1715970 290
1715980 290
1715990 290
1716000 289
1716010 289
1716020 287
1716030 289
1716040 290
1716050 290
1716060 290
1716070 290
1716080 290
1716090 290
1716100 290
1716110 290
1716120 290
1716130 290
1716140 290
1716150 290
1716160 290
1716170 290
1716180 290
1716190 290
1716200 290
1716210 290
1716220 290
1716230 290
1716240 290
1716250 290
1716260 290
1716270 290
1716280 291
1716290 291
1716300 291
1716310 291
1716320 292
1716330 292
1716340 292
1716350 292
1716360 292
1716370 293
1716380 293
1716390 293
1716400 294
1716410 294
1716420 295
1716430 295
1716440 296
1716450 297
1716460 297
1716470 298
1716480 299
1716490 299
1716500 300
1716510 300
1716520 300
1716530 301
1716540 302
1716550 302
1716560 302
1716570 302
1716580 302
1716590 303
1716600 303
1716610 303
1716620 303
1716630 303
1716640 303
1716650 303
1716660 303
1716670 304
1716680 304
1716690 304
1716700 304
1716710 304
1716720 304
1716730 304
1716740 304
1716750 304
1716760 304
1716770 306
1716780 306
1716790 305
1716800 305
1716810 305
1716820 305
1716830 305
1716840 305
1716850 306
1716860 306
1716870 306
1716880 306
1716890 306
1716900 306
1716910 306
1716920 306
1716930 306
1716940 306
1716950 306
1716960 306
1716970 306
1716980 306
1716990 306
1717000 306
1717010 305
1717020 304
1717030 304
1717040 303
1717050 302
1717060 302
1717070 301
1717080 300
1717090 300
1717100 299
1717110 298
1717120 298
1717130 297
1717140 297
1717150 297
1717160 297
1717170 297
1717180 298
1717190 298
1717200 298
1717210 298
1717220 298
1717230 298
1717240 299
1717250 299
1717260 301
1717270 302
1717280 302
1717290 303
1717300 303
1717310 303
1717320 304
1717330 305
1717340 305
1717350 305
1717360 305
1717370 305
1717380 305
1717390 306
1717400 307
1717410 307
1717420 308
1717430 309
1717440 309
1717450 310
1717460 310
1717470 310
1717480 309
1717490 308
1717500 307
1717510 307
1717520 307
1717530 307
1717540 307
1717550 306
1717560 306
1717570 306
1717580 307
1717590 310
1717600 310
1717610 310
1717620 311
1717630 311
1717640 312
1717650 312
1717660 312
1717670 312
1717680 311
1717690 311
1717700 311
1717710 310
1717720 311
1717730 311
1717740 311
1717750 312
1717760 312
1717770 312
1717780 313
1717790 313
1717800 313
1717810 313
1717820 313
1717830 313
1717840 313
1717850 313
1717860 314
1717870 315
1717880 315
1717890 315
1717900 316
1717910 317
1717920 317
1717930 318
1717940 318
1717950 318
1717960 318
1717970 318
1717980 318
1717990 317
1718000 317
1718010 317
1718020 316
1718030 318
1718040 319
1718050 319
1718060 320
1718070 320
1718080 320
1718090 320
1718100 321
1718110 321
1718120 320
1718130 321
1718140 321
1718150 322
1718160 322
1718170 322
1718180 320
1718190 322
1718200 322
1718210 326
1718220 329
1718230 332
1718240 332
1718250 334
1718260 336
1718270 336
1718280 339
1718290 342
1718300 342
1718310 344
1718320 346
1718330 346
1718340 349
1718350 349
1718360 349
1718370 349
1718380 348
1718390 348
1718400 348
1718410 347
1718420 346
1718430 346
1718440 345
1718450 343
1718460 343
1718470 342
1718480 340
1718490 340
1718500 336
1718510 331
1718520 331
1718530 339
1718540 345
1718550 345
1718560 345
1718570 345
1718580 345
1718590 343
1718600 343
1718610 341
1718620 341
1718630 340
1718640 338
1718650 338
1718660 335
1718670 334
1718680 334
1718690 333
1718700 332
1718710 332
1718720 331
1718730 331
1718740 331
1718750 330
1718760 327
1718770 331
1718780 331
1718790 333
1718800 335
1718810 335
1718820 337
1718830 338
1718840 338
1718850 339
1718860 340
1718870 340
1718880 341
1718890 341
1718900 341
1718910 341
1718920 341
1718930 341
1718940 341
1718950 340
1718960 340
1718970 340
1718980 340
1718990 340
1719000 340
1719010 340
1719020 341
1719030 341
1719040 341
1719050 342
1719060 342
1719070 343
1719080 344
1719090 344
1719100 344
1719110 344
1719120 344
1719130 345
1719140 346
1719150 346
1719160 346
1719170 345
1719180 344
1719190 344
1719200 343
1719210 342
1719220 342
1719230 340
1719240 340
1719250 340
1719260 338
1719270 337
1719280 337
1719290 335
1719300 335
1719310 334
1719320 334
1719330 334
1719340 333
1719350 333
1719360 333
1719370 332
1719380 332
1719390 331
1719400 330
1719410 330
1719420 330
1719430 330
1719440 330
1719450 330
1719460 330
1719470 330
1719480 328
1719490 328
1719500 328
1719510 328
1719520 328
1719530 330
1719540 330
1719550 329
1719560 329
1719570 329
1719580 329
1719590 330
1719600 330
1719610 329
1719620 329
1719630 329
1719640 329
1719650 329
1719660 329
1719670 329
1719680 328
1719690 327
1719700 327
1719710 327
1719720 326
1719730 326
1719740 326
1719750 328
1719760 328
1719770 330
1719780 334
1719790 334
1719800 336
1719810 337
1719820 337
1719830 338
1719840 339
1719850 339
1719860 340
1719870 340
1719880 340
1719890 340
1719900 339
1719910 338
1719920 338
1719930 336
1719940 335
1719950 335
1719960 333
1719970 330
1719980 330
1719990 328
