1700000 386
1700010 387
1700020 389
1700030 389
1700040 389
1700050 389
1700060 389
1700070 389
1700080 388
1700090 388
1700100 387
1700110 387
1700120 390
1700130 390
1700140 390
1700150 388
1700160 388
1700170 388
1700180 387
1700190 387
1700200 387
1700210 388
1700220 388
1700230 387
1700240 388
1700250 388
1700260 389
1700270 389
1700280 389
1700290 391
1700300 392
1700310 392
1700320 392
1700330 392
1700340 394
1700350 394
1700360 394
1700370 394
1700380 394
1700390 395
1700400 395
1700410 395
1700420 396
1700430 397
1700440 397
1700450 398
1700460 400
1700470 400
1700480 401
1700490 401
1700500 402
1700510 402
1700520 402
1700530 401
1700540 401
1700550 401
1700560 400
1700570 400
1700580 400
1700590 400
1700600 400
1700610 399
1700620 399
1700630 399
1700640 398
1700650 397
1700660 397
1700670 397
1700680 396
1700690 394
1700700 394
1700710 393
1700720 393
1700730 393
1700740 391
1700750 388
1700760 388
1700770 387
1700780 386
1700790 386
1700800 385
1700810 385
1700820 385
1700830 384
1700840 383
1700850 383
1700860 381
1700870 380
1700880 380
1700890 380
1700900 380
1700910 380
1700920 380
1700930 380
1700940 379
1700950 379
1700960 379
1700970 379
1700980 379
1700990 379
1701000 379
1701010 379
1701020 379
1701030 378
1701040 377
1701050 377
1701060 376
1701070 375
1701080 375
1701090 374
1701100 373
1701110 373
1701120 372
1701130 372
1701140 372
1701150 371
1701160 370
1701170 370
1701180 369
1701190 368
1701200 368
1701210 368
1701220 366
1701230 365
1701240 365
1701250 364
1701260 364
1701270 364
1701280 363
1701290 362
1701300 362
1701310 362
1701320 361
1701330 361
1701340 361
1701350 360
1701360 360
1701370 360
1701380 359
1701390 359
1701400 359
1701410 358
1701420 357
1701430 357
1701440 357
1701450 356
1701460 356
1701470 355
1701480 354
1701490 354
1701500 354
1701510 353
1701520 353
1701530 352
1701540 351
1701550 351
1701560 350
1701570 349
1701580 349
1701590 348
1701600 348
1701610 347
1701620 347
1701630 346
1701640 345
1701650 345
1701660 344
1701670 344
1701680 344
1701690 343
1701700 343
1701710 343
1701720 341
1701730 340
1701740 340
1701750 339
1701760 337
1701770 335
1701780 335
1701790 332
1701800 332
1701810 332
1701820 332
1701830 332
1701840 332
1701850 332
1701860 331
1701870 331
1701880 332
1701890 332
1701900 332
1701910 334
1701920 335
1701930 335
1701940 337
1701950 339
1701960 342
1701970 342
1701980 345
1701990 347
1702000 347
1702010 348
1702020 350
1702030 350
1702040 351
1702050 352
1702060 352
1702070 354
1702080 355
1702090 355
1702100 357
1702110 357
1702120 357
1702130 359
1702140 359
1702150 359
1702160 359
1702170 359
1702180 358
1702190 358
1702200 358
1702210 358
1702220 358
1702230 358
1702240 358
1702250 358
1702260 358
1702270 358
1702280 358
1702290 360
1702300 361
1702310 361
1702320 362
1702330 364
1702340 365
1702350 365
1702360 365
1702370 366
1702380 366
1702390 367
1702400 368
1702410 368
1702420 369
1702430 371
1702440 371
1702450 372
1702460 374
1702470 374
1702480 375
1702490 376
1702500 377
1702510 377
1702520 377
1702530 376
1702540 376
1702550 376
1702560 375
1702570 375
1702580 374
1702590 374
1702600 374
1702610 373
1702620 372
1702630 372
1702640 372
1702650 373
1702660 373
1702670 373
1702680 373
1702690 374
1702700 374
1702710 375
1702720 375
1702730 375
1702740 375
1702750 376
1702760 376
1702770 375
1702780 374
1702790 374
1702800 374
1702810 373
1702820 373
1702830 373
1702840 372
1702850 372
1702860 371
1702870 369
1702880 368
1702890 368
1702900 366
1702910 365
1702920 365
1702930 364
1702940 363
1702950 363
1702960 362
1702970 361
1702980 361
1702990 361
1703000 360
1703010 360
1703020 359
1703030 358
1703040 358
1703050 356
1703060 355
1703070 354
1703080 354
1703090 353
1703100 351
1703110 351
1703120 349
1703130 348
1703140 348
1703150 346
1703160 347
1703170 347
1703180 349
1703190 351
1703200 351
1703210 353
1703220 354
1703230 354
1703240 355
1703250 356
1703260 357
1703270 357
1703280 357
1703290 358
1703300 358
1703310 358
1703320 358
1703330 358
1703340 358
1703350 359
1703360 359
1703370 359
1703380 359
1703390 359
1703400 359
1703410 359
1703420 359
1703430 359
1703440 359
1703450 359
1703460 359
1703470 359
1703480 359
1703490 359
1703500 359
1703510 359
1703520 359
1703530 358
1703540 357
1703550 357
1703560 356
1703570 355
1703580 355
1703590 354
1703600 353
1703610 352
1703620 352
1703630 351
1703640 350
1703650 350
1703660 349
1703670 348
1703680 348
1703690 347
1703700 347
1703710 347
1703720 346
1703730 345
1703740 345
1703750 344
1703760 344
1703770 344
1703780 343
1703790 342
1703800 341
1703810 341
1703820 340
1703830 339
1703840 339
1703850 337
1703860 336
1703870 336
1703880 335
1703890 334
1703900 334
1703910 333
1703920 332
1703930 332
1703940 331
1703950 330
1703960 330
1703970 329
1703980 328
1703990 327
1704000 327
1704010 326
1704020 325
1704030 325
1704040 324
1704050 323
1704060 323
1704070 322
1704080 321
1704090 321
1704100 320
1704110 319
1704120 319
1704130 319
1704140 318
1704150 318
1704160 318
1704170 319
1704180 319
1704190 319
1704200 319
1704210 319
1704220 319
1704230 321
1704240 322
1704250 322
1704260 323
1704270 324
1704280 324
1704290 326
1704300 329
1704310 329
1704320 329
1704330 331
1704340 332
1704350 332
1704360 332
1704370 333
1704380 333
1704390 334
1704400 335
1704410 335
1704420 336
1704430 337
1704440 337
1704450 339
1704460 340
1704470 340
1704480 342
1704490 343
1704500 343
1704510 344
1704520 345
1704530 346
1704540 346
1704550 347
1704560 347
1704570 347
1704580 347
1704590 348
1704600 348
1704610 349
1704620 349
1704630 349
1704640 350
1704650 351
1704660 351
1704670 351
1704680 352
1704690 352
1704700 353
1704710 354
1704720 355
1704730 355
1704740 356
1704750 357
1704760 357
1704770 357
1704780 358
1704790 358
1704800 359
1704810 361
1704820 361
1704830 362
1704840 364
1704850 364
1704860 365
1704870 365
1704880 365
1704890 365
1704900 364
1704910 363
1704920 363
1704930 363
1704940 362
1704950 362
1704960 361
1704970 360
1704980 360
1704990 359
1705000 358
1705010 358
1705020 358
1705030 357
1705040 357
1705050 357
1705060 356
1705070 354
1705080 354
1705090 354
1705100 353
1705110 353
1705120 352
1705130 349
1705140 349
1705150 347
1705160 347
1705170 347
1705180 350
1705190 351
1705200 351
1705210 353
1705220 354
1705230 354
1705240 355
1705250 356
1705260 357
1705270 357
1705280 358
1705290 360
1705300 360
1705310 361
1705320 363
1705330 363
1705340 364
1705350 366
1705360 366
1705370 368
1705380 370
1705390 370
1705400 371
1705410 373
1705420 373
1705430 374
1705440 375
1705450 374
1705460 374
1705470 373
1705480 373
1705490 373
1705500 372
1705510 372
1705520 372
1705530 372
1705540 373
1705550 373
1705560 374
1705570 375
1705580 375
1705590 376
1705600 376
1705610 376
1705620 376
1705630 376
1705640 375
1705650 375
1705660 375
1705670 374
1705680 374
1705690 374
1705700 373
1705710 373
1705720 372
1705730 371
1705740 371
1705750 369
1705760 368
1705770 368
1705780 366
1705790 365
1705800 364
1705810 364
1705820 363
1705830 363
1705840 363
1705850 364
1705860 365
1705870 365
1705880 366
1705890 367
1705900 367
1705910 369
1705920 371
1705930 371
1705940 373
1705950 374
1705960 374
1705970 374
1705980 373
1705990 373
1706000 373
1706010 372
1706020 370
1706030 370
1706040 368
1706050 366
1706060 366
1706070 363
1706080 361
1706090 361
1706100 359
1706110 356
1706120 356
1706130 354
1706140 352
1706150 352
1706160 349
1706170 346
1706180 343
1706190 343
1706200 341
1706210 340
1706220 340
1706230 338
1706240 337
1706250 337
1706260 335
1706270 333
1706280 333
1706290 332
1706300 331
1706310 331
1706320 329
1706330 328
1706340 328
1706350 328
1706360 328
1706370 329
1706380 329
1706390 329
1706400 330
1706410 330
1706420 331
1706430 332
1706440 332
1706450 332
1706460 332
1706470 332
1706480 333
1706490 335
1706500 335
1706510 336
1706520 338
1706530 340
1706540 340
1706550 341
1706560 343
1706570 343
1706580 345
1706590 347
1706600 347
1706610 348
1706620 348
1706630 348
1706640 348
1706650 348
1706660 348
1706670 347
1706680 345
1706690 345
1706700 344
1706710 342
1706720 341
1706730 341
1706740 339
1706750 337
1706760 337
1706770 336
1706780 336
1706790 336
1706800 338
1706810 340
1706820 340
1706830 342
1706840 343
1706850 343
1706860 344
1706870 343
1706880 343
1706890 341
1706900 340
1706910 338
1706920 338
1706930 337
1706940 336
1706950 336
1706960 335
1706970 334
1706980 334
1706990 332
1707000 331
1707010 331
1707020 330
1707030 329
1707040 329
1707050 329
1707060 329
1707070 329
1707080 330
1707090 330
1707100 330
1707110 330
1707120 331
1707130 332
1707140 332
1707150 334
1707160 335
1707170 335
1707180 336
1707190 337
1707200 337
1707210 338
1707220 340
1707230 340
1707240 341
1707250 342
1707260 342
1707270 343
1707280 344
1707290 345
1707300 345
1707310 347
1707320 348
1707330 348
1707340 349
1707350 350
1707360 350
1707370 351
1707380 353
1707390 353
1707400 354
1707410 356
1707420 356
1707430 358
1707440 359
1707450 361
1707460 361
1707470 362
1707480 363
1707490 363
1707500 364
1707510 365
1707520 365
1707530 364
1707540 363
1707550 363
1707560 362
1707570 360
1707580 360
1707590 358
1707600 356
1707610 356
1707620 354
1707630 352
1707640 349
1707650 349
1707660 347
1707670 346
1707680 346
1707690 344
1707700 342
1707710 342
1707720 340
1707730 338
1707740 338
1707750 337
1707760 336
1707770 336
1707780 336
1707790 334
1707800 334
1707810 335
1707820 336
1707830 336
1707840 336
1707850 336
1707860 337
1707870 337
1707880 338
1707890 338
1707900 338
1707910 339
1707920 340
1707930 340
1707940 341
1707950 342
1707960 342
1707970 343
1707980 344
1707990 344
1708000 345
1708010 347
1708020 348
1708030 348
1708040 349
1708050 350
1708060 350
1708070 351
1708080 352
1708090 352
1708100 354
1708110 355
1708120 355
1708130 356
1708140 357
1708150 357
1708160 358
1708170 359
1708180 361
1708190 361
1708200 362
1708210 363
1708220 363
1708230 364
1708240 364
1708250 364
1708260 366
1708270 366
1708280 366
1708290 366
1708300 367
1708310 367
1708320 367
1708330 367
1708340 367
1708350 367
1708360 366
1708370 365
1708380 365
1708390 364
1708400 360
1708410 360
1708420 356
1708430 353
1708440 353
1708450 349
1708460 346
1708470 346
1708480 342
1708490 339
1708500 339
1708510 338
1708520 335
1708530 335
1708540 334
1708550 340
1708560 343
1708570 343
1708580 345
1708590 348
1708600 348
1708610 349
1708620 349
1708630 349
1708640 348
1708650 347
1708660 347
1708670 347
1708680 346
1708690 346
1708700 345
1708710 345
1708720 345
1708730 344
1708740 344
1708750 343
1708760 343
1708770 343
1708780 343
1708790 343
1708800 343
1708810 343
1708820 343
1708830 344
1708840 345
1708850 345
1708860 346
1708870 347
1708880 347
1708890 347
1708900 346
1708910 346
1708920 345
1708930 343
1708940 341
1708950 341
1708960 339
1708970 338
1708980 338
1708990 337
1709000 336
1709010 336
1709020 336
1709030 334
1709040 334
1709050 332
1709060 330
1709070 330
1709080 329
1709090 330
1709100 330
1709110 330
1709120 330
1709130 329
1709140 329
1709150 326
1709160 323
1709170 323
1709180 322
1709190 321
1709200 321
1709210 318
1709220 317
1709230 317
1709240 314
1709250 312
1709260 312
1709270 312
1709280 311
1709290 311
1709300 311
1709310 312
1709320 313
1709330 313
1709340 314
1709350 317
1709360 317
1709370 319
1709380 320
1709390 320
1709400 325
1709410 327
1709420 327
1709430 328
1709440 329
1709450 329
1709460 330
1709470 330
1709480 331
1709490 331
1709500 332
1709510 333
1709520 333
1709530 335
1709540 335
1709550 335
1709560 335
1709570 333
1709580 333
1709590 329
1709600 326
1709610 326
1709620 324
1709630 321
1709640 321
1709650 319
1709660 318
1709670 318
1709680 318
1709690 318
1709700 318
1709710 318
1709720 317
1709730 317
1709740 317
1709750 317
1709760 317
1709770 317
1709780 317
1709790 318
1709800 318
1709810 318
1709820 319
1709830 319
1709840 319
1709850 318
1709860 317
1709870 317
1709880 316
1709890 314
1709900 314
1709910 314
1709920 313
1709930 313
1709940 310
1709950 315
1709960 315
1709970 316
1709980 318
1709990 318
1710000 319
1710010 320
1710020 322
1710030 322
1710040 324
1710050 328
1710060 328
1710070 330
1710080 331
1710090 331
1710100 331
1710110 331
1710120 331
1710130 330
1710140 330
1710150 330
1710160 329
1710170 329
1710180 329
1710190 329
1710200 330
1710210 331
1710220 331
1710230 331
1710240 332
1710250 332
1710260 333
1710270 333
1710280 333
1710290 332
1710300 330
1710310 330
1710320 327
1710330 325
1710340 325
1710350 325
1710360 323
1710370 323
1710380 321
1710390 317
1710400 314
1710410 314
1710420 310
1710430 308
1710440 308
1710450 308
1710460 308
1710470 308
1710480 309
1710490 311
1710500 311
1710510 314
1710520 315
1710530 315
1710540 313
1710550 310
1710560 308
1710570 308
1710580 307
1710590 306
1710600 306
1710610 307
1710620 308
1710630 308
1710640 310
1710650 313
1710660 313
1710670 319
1710680 324
1710690 324
1710700 325
1710710 328
1710720 328
1710730 330
1710740 330
1710750 331
1710760 329
1710770 329
1710780 329
1710790 329
1710800 330
1710810 330
1710820 330
1710830 330
1710840 330
1710850 330
1710860 328
1710870 327
1710880 327
1710890 326
1710900 324
1710910 324
1710920 324
1710930 324
1710940 324
1710950 324
1710960 326
1710970 327
1710980 327
1710990 327
1711000 326
1711010 326
1711020 326
1711030 324
1711040 324
1711050 323
1711060 321
1711070 321
1711080 320
1711090 314
1711100 314
1711110 311
1711120 304
1711130 301
1711140 301
1711150 298
1711160 296
1711170 296
1711180 295
1711190 295
1711200 295
1711210 294
1711220 294
1711230 294
1711240 294
1711250 294
1711260 294
1711270 294
1711280 294
1711290 294
1711300 293
1711310 293
1711320 293
1711330 293
1711340 293
1711350 293
1711360 293
1711370 293
1711380 293
1711390 293
1711400 293
1711410 293
1711420 293
1711430 293
1711440 293
1711450 293
1711460 293
1711470 293
1711480 293
1711490 293
1711500 293
1711510 293
1711520 293
1711530 293
1711540 293
1711550 293
1711560 293
1711570 293
1711580 293
1711590 293
1711600 293
1711610 293
1711620 293
1711630 293
1711640 293
1711650 293
1711660 293
1711670 293
1711680 293
1711690 293
1711700 293
1711710 293
1711720 293
1711730 293
1711740 293
1711750 293
1711760 293
1711770 293
1711780 293
1711790 293
1711800 293
1711810 293
1711820 293
1711830 293
1711840 292
1711850 293
1711860 292
1711870 292
1711880 292
1711890 292
1711900 292
1711910 292
1711920 292
1711930 292
1711940 292
1711950 292
1711960 292
1711970 292
1711980 292
1711990 292
1712000 292
1712010 292
1712020 292
1712030 292
1712040 292
1712050 292
1712060 292
1712070 292
1712080 292
1712090 292
1712100 291
1712110 292
1712120 292
1712130 292
1712140 292
1712150 292
1712160 292
1712170 291
1712180 291
1712190 291
1712200 292
1712210 292
1712220 292
1712230 292
1712240 292
1712250 292
1712260 292
1712270 292
1712280 292
1712290 291
1712300 291
1712310 291
1712320 291
1712330 292
1712340 292
1712350 292
1712360 292
1712370 292
1712380 292
1712390 292
1712400 292
1712410 292
1712420 292
1712430 292
1712440 292
1712450 292
1712460 289
1712470 289
1712480 289
1712490 292
1712500 292
1712510 292
1712520 292
1712530 292
1712540 292
1712550 292
1712560 292
1712570 292
1712580 292
1712590 292
1712600 292
1712610 292
1712620 292
1712630 292
1712640 292
1712650 292
1712660 292
1712670 291
1712680 291
1712690 291
1712700 291
1712710 291
1712720 291
1712730 291
1712740 292
1712750 292
1712760 292
1712770 292
1712780 291
1712790 291
1712800 293
1712810 292
1712820 292
1712830 292
1712840 292
1712850 292
1712860 292
1712870 292
1712880 292
1712890 292
1712900 292
1712910 292
1712920 292
1712930 292
1712940 292
1712950 292
1712960 292
1712970 292
1712980 292
1712990 292
1713000 292
1713010 292
1713020 292
1713030 292
1713040 292
1713050 292
1713060 292
1713070 292
1713080 292
1713090 292
1713100 292
1713110 292
1713120 292
1713130 292
1713140 292
1713150 292
1713160 292
1713170 292
1713180 292
1713190 296
1713200 296
1713210 293
1713220 292
1713230 292
1713240 292
1713250 291
1713260 291
1713270 291
1713280 291
1713290 291
1713300 291
1713310 291
1713320 291
1713330 291
1713340 291
1713350 291
1713360 291
1713370 291
1713380 291
1713390 291
1713400 291
1713410 291
1713420 291
1713430 291
1713440 291
1713450 291
1713460 291
1713470 291
1713480 291
1713490 291
1713500 291
1713510 291
1713520 291
1713530 289
1713540 289
1713550 289
1713560 291
1713570 292
1713580 292
1713590 292
1713600 292
1713610 292
1713620 289
1713630 291
1713640 291
1713650 291
1713660 291
1713670 291
1713680 291
1713690 291
1713700 291
1713710 291
1713720 291
1713730 291
1713740 291
1713750 291
1713760 290
1713770 290
1713780 290
1713790 290
1713800 290
1713810 290
1713820 290
1713830 290
1713840 290
1713850 290
1713860 290
1713870 290
1713880 290
1713890 289
1713900 289
1713910 290
1713920 290
1713930 290
1713940 290
1713950 290
1713960 290
1713970 290
1713980 290
1713990 290
1714000 290
1714010 290
1714020 290
1714030 290
1714040 290
1714050 290
1714060 290
1714070 290
1714080 290
1714090 290
1714100 290
1714110 290
1714120 290
1714130 290
1714140 290
1714150 290
1714160 290
1714170 290
1714180 290
1714190 290
1714200 289
1714210 289
1714220 290
1714230 290
1714240 290
1714250 290
1714260 290
1714270 290
1714280 290
1714290 290
1714300 290
1714310 290
1714320 290
1714330 290
1714340 290
1714350 290
1714360 289
1714370 289
1714380 290
1714390 289
1714400 289
1714410 289
1714420 289
1714430 289
1714440 289
1714450 289
1714460 289
1714470 289
1714480 288
1714490 289
1714500 289
1714510 289
1714520 289
1714530 289
1714540 289
1714550 289
1714560 289
1714570 289
1714580 289
1714590 290
1714600 290
1714610 290
1714620 290
1714630 290
1714640 290
1714650 290
1714660 290
1714670 290
1714680 290
1714690 290
1714700 290
1714710 290
1714720 290
1714730 290
1714740 289
1714750 289
1714760 289
1714770 289
1714780 289
1714790 289
1714800 289
1714810 289
1714820 289
1714830 289
1714840 289
1714850 289
1714860 289
1714870 289
1714880 289
1714890 289
1714900 289
1714910 289
1714920 289
1714930 289
1714940 289
1714950 290
1714960 290
1714970 290
1714980 290
1714990 290
1715000 290
1715010 290
1715020 290
1715030 290
1715040 290
1715050 290
1715060 290
1715070 290
1715080 290
1715090 290
1715100 290
1715110 290
1715120 290
1715130 290
1715140 290
1715150 290
1715160 290
1715170 290
1715180 290
1715190 290
1715200 290
1715210 289
1715220 289
1715230 289
1715240 289
1715250 289
1715260 289
1715270 289
1715280 289
1715290 289
1715300 289
1715310 289
1715320 289
1715330 289
1715340 289
1715350 289
1715360 289
1715370 289
1715380 289
1715390 289
1715400 289
1715410 289
1715420 289
1715430 289
1715440 289
1715450 289
1715460 289
1715470 289
1715480 289
1715490 289
1715500 289
1715510 289
1715520 289
1715530 289
1715540 289
1715550 289
1715560 289
1715570 289
1715580 289
1715590 289
1715600 289
1715610 289
1715620 288
1715630 288
1715640 288
1715650 289
1715660 289
1715670 289
1715680 289
1715690 289
1715700 289
1715710 289
1715720 289
1715730 287
1715740 287
1715750 288
1715760 289
1715770 289
1715780 291
1715790 289
1715800 289
1715810 289
1715820 289
1715830 289
1715840 290
1715850 291
1715860 291
1715870 293
1715880 294
1715890 295
1715900 295
1715910 296
1715920 297
1715930 297
1715940 297
1715950 297
1715960 297
1715970 297
1715980 297
1715990 297
1716000 296
1716010 296
1716020 296
1716030 296
1716040 296
1716050 296
1716060 296
1716070 297
1716080 297
1716090 297
1716100 297
1716110 297
1716120 297
1716130 297
1716140 296
1716150 296
1716160 296
1716170 296
1716180 296
1716190 296
1716200 296
1716210 296
1716220 296
1716230 296
1716240 295
1716250 295
1716260 294
1716270 293
1716280 293
1716290 292
1716300 291
1716310 291
1716320 290
1716330 290
1716340 290
1716350 290
1716360 290
1716370 290
1716380 290
1716390 290
1716400 290
1716410 290
1716420 290
1716430 290
1716440 290
1716450 290
1716460 290
1716470 290
1716480 291
1716490 291
1716500 291
1716510 291
1716520 291
1716530 291
1716540 291
1716550 291
1716560 291
1716570 291
1716580 291
1716590 291
1716600 291
1716610 290
1716620 289
1716630 289
1716640 288
1716650 288
1716660 288
1716670 288
1716680 288
1716690 288
1716700 288
1716710 288
1716720 288
1716730 288
1716740 288
1716750 288
1716760 288
1716770 288
1716780 288
1716790 288
1716800 288
1716810 287
1716820 287
1716830 287
1716840 288
1716850 288
1716860 288
1716870 288
1716880 288
1716890 288
1716900 288
1716910 288
1716920 288
1716930 288
1716940 288
1716950 288
1716960 288
1716970 288
1716980 288
1716990 288
1717000 288
1717010 288
1717020 287
1717030 287
1717040 287
1717050 287
1717060 287
1717070 287
1717080 287
1717090 287
1717100 287
1717110 287
1717120 287
1717130 287
1717140 287
1717150 287
1717160 288
1717170 288
1717180 288
1717190 289
1717200 289
1717210 289
1717220 289
1717230 289
1717240 290
1717250 290
1717260 290
1717270 291
1717280 292
1717290 292
1717300 292
1717310 293
1717320 293
1717330 293
1717340 293
1717350 293
1717360 293
1717370 293
1717380 293
1717390 293
1717400 293
1717410 293
1717420 293
1717430 293
1717440 293
1717450 293
1717460 293
1717470 293
1717480 293
1717490 293
1717500 293
1717510 293
1717520 293
1717530 293
1717540 293
1717550 293
1717560 293
1717570 293
1717580 293
1717590 293
1717600 291
1717610 291
1717620 289
1717630 285
1717640 285
1717650 289
1717660 289
1717670 289
1717680 289
1717690 289
1717700 289
1717710 289
1717720 287
1717730 287
1717740 287
1717750 287
1717760 287
1717770 287
1717780 287
1717790 287
1717800 287
1717810 287
1717820 287
1717830 287
1717840 287
1717850 287
1717860 287
1717870 287
1717880 287
1717890 287
1717900 287
1717910 287
1717920 287
1717930 287
1717940 287
1717950 287
1717960 287
1717970 287
1717980 287
1717990 287
1718000 287
1718010 287
1718020 287
1718030 287
1718040 287
1718050 287
1718060 287
1718070 287
1718080 287
1718090 287
1718100 287
1718110 287
1718120 287
1718130 287
1718140 287
1718150 287
1718160 287
1718170 287
1718180 287
1718190 287
1718200 287
1718210 287
1718220 287
1718230 287
1718240 287
1718250 287
1718260 287
1718270 287
1718280 287
1718290 287
1718300 287
1718310 287
1718320 287
1718330 287
1718340 287
1718350 287
1718360 287
1718370 287
1718380 287
1718390 287
1718400 287
1718410 287
1718420 286
1718430 286
1718440 287
1718450 287
1718460 287
1718470 287
1718480 287
1718490 287
1718500 287
1718510 287
1718520 287
1718530 287
1718540 287
1718550 287
1718560 287
1718570 287
1718580 287
1718590 287
1718600 287
1718610 287
1718620 287
1718630 287
1718640 287
1718650 287
1718660 287
1718670 286
1718680 285
1718690 285
1718700 283
1718710 283
1718720 283
1718730 283
1718740 283
1718750 283
1718760 285
1718770 287
1718780 287
1718790 287
1718800 287
1718810 287
1718820 287
1718830 286
1718840 286
1718850 286
1718860 286
1718870 286
1718880 286
1718890 286
1718900 286
1718910 286
1718920 288
1718930 287
1718940 287
1718950 287
1718960 288
1718970 288
1718980 288
1718990 288
1719000 287
1719010 287
1719020 287
1719030 287
1719040 287
1719050 288
1719060 287
1719070 287
1719080 287
1719090 287
1719100 287
1719110 287
1719120 287
1719130 287
1719140 287
1719150 286
1719160 286
1719170 286
1719180 286
1719190 288
1719200 288
1719210 287
1719220 287
1719230 286
1719240 285
1719250 283
1719260 283
1719270 282
1719280 282
1719290 282
1719300 282
1719310 283
1719320 283
1719330 285
1719340 285
1719350 286
1719360 286
1719370 286
1719380 286
1719390 286
1719400 286
1719410 285
1719420 285
1719430 285
1719440 283
1719450 283
1719460 282
1719470 282
1719480 282
1719490 282
1719500 283
1719510 283
1719520 285
1719530 286
1719540 286
1719550 286
1719560 286
1719570 286
1719580 286
1719590 286
1719600 286
1719610 286
1719620 286
1719630 286
1719640 286
1719650 286
1719660 286
1719670 286
1719680 286
1719690 286
1719700 286
1719710 286
1719720 286
1719730 286
1719740 286
1719750 286
1719760 286
1719770 286
1719780 286
1719790 286
1719800 286
1719810 286
1719820 286
1719830 286
1719840 286
1719850 286
1719860 286
1719870 286
1719880 286
1719890 286
1719900 286
1719910 286
1719920 286
1719930 286
1719940 286
1719950 286
1719960 286
1719970 286
1719980 286
1719990 286
