1760000 335
1760010 335
1760020 334
1760030 333
1760040 333
1760050 332
1760060 332
1760070 332
1760080 332
1760090 331
1760100 330
1760110 330
1760120 328
1760130 323
1760140 323
1760150 326
1760160 329
1760170 329
1760180 329
1760190 329
1760200 329
1760210 328
1760220 327
1760230 327
1760240 325
1760250 323
1760260 322
1760270 322
1760280 321
1760290 319
1760300 319
1760310 318
1760320 316
1760330 316
1760340 315
1760350 313
1760360 313
1760370 311
1760380 308
1760390 308
1760400 307
1760410 305
1760420 305
1760430 304
1760440 303
1760450 301
1760460 301
1760470 301
1760480 301
1760490 301
1760500 300
1760510 299
1760520 299
1760530 298
1760540 295
1760550 295
1760560 295
1760570 293
1760580 293
1760590 292
1760600 291
1760610 291
1760620 289
1760630 288
1760640 286
1760650 286
1760660 285
1760670 284
1760680 284
1760690 283
1760700 282
1760710 282
1760720 282
1760730 281
1760740 281
1760750 281
1760760 280
1760770 280
1760780 280
1760790 280
1760800 279
1760810 279
1760820 278
1760830 277
1760840 277
1760850 277
1760860 278
1760870 278
1760880 278
1760890 278
1760900 278
1760910 278
1760920 278
1760930 278
1760940 278
1760950 278
1760960 278
1760970 281
1760980 282
1760990 283
1761000 283
1761010 283
1761020 284
1761030 284
1761040 285
1761050 286
1761060 286
1761070 288
1761080 289
1761090 289
1761100 291
1761110 293
1761120 293
1761130 294
1761140 296
1761150 296
1761160 299
1761170 301
1761180 304
1761190 304
1761200 307
1761210 311
1761220 311
1761230 313
1761240 314
1761250 314
1761260 313
1761270 312
1761280 312
1761290 310
1761300 308
1761310 308
1761320 305
1761330 302
1761340 302
1761350 299
1761360 297
1761370 295
1761380 295
1761390 293
1761400 292
1761410 292
1761420 290
1761430 288
1761440 288
1761450 286
1761460 284
1761470 284
1761480 282
1761490 280
1761500 280
1761510 278
1761520 276
1761530 276
1761540 276
1761550 275
1761560 275
1761570 275
1761580 274
1761590 273
1761600 273
1761610 273
1761620 273
1761630 273
1761640 272
1761650 272
1761660 272
1761670 272
1761680 272
1761690 272
1761700 271
1761710 271
1761720 271
1761730 271
1761740 271
1761750 271
1761760 271
1761770 272
1761780 272
1761790 272
1761800 268
1761810 272
1761820 272
1761830 272
1761840 271
1761850 271
1761860 271
1761870 271
1761880 271
1761890 271
1761900 271
1761910 271
1761920 271
1761930 271
1761940 271
1761950 271
1761960 271
1761970 271
1761980 271
1761990 271
1762000 270
1762010 270
1762020 271
1762030 271
1762040 271
1762050 271
1762060 271
1762070 271
1762080 271
1762090 271
1762100 272
1762110 272
1762120 272
1762130 272
1762140 272
1762150 273
1762160 274
1762170 274
1762180 275
1762190 275
1762200 275
1762210 275
1762220 275
1762230 275
1762240 276
1762250 277
1762260 277
1762270 277
1762280 278
1762290 280
1762300 280
1762310 281
1762320 282
1762330 282
1762340 283
1762350 283
1762360 283
1762370 284
1762380 284
1762390 284
1762400 284
1762410 285
1762420 285
1762430 285
1762440 285
1762450 285
1762460 286
1762470 286
1762480 287
1762490 287
1762500 287
1762510 288
1762520 288
1762530 288
1762540 290
1762550 290
1762560 290
1762570 291
1762580 291
1762590 291
1762600 292
1762610 292
1762620 293
1762630 294
1762640 294
1762650 295
1762660 296
1762670 298
1762680 298
1762690 299
1762700 301
1762710 301
1762720 302
1762730 305
1762740 305
1762750 307
1762760 309
1762770 309
1762780 311
1762790 314
1762800 314
1762810 316
1762820 317
1762830 317
1762840 318
1762850 319
1762860 320
1762870 320
1762880 321
1762890 322
1762900 322
1762910 323
1762920 325
1762930 325
1762940 326
1762950 327
1762960 327
1762970 329
1762980 330
1762990 330
1763000 331
1763010 331
1763020 333
1763030 333
1763040 335
1763050 335
1763060 335
1763070 335
1763080 334
1763090 334
1763100 333
1763110 332
1763120 332
1763130 333
1763140 334
1763150 334
1763160 336
1763170 337
1763180 337
1763190 339
1763200 341
1763210 343
1763220 343
1763230 347
1763240 351
1763250 351
1763260 352
1763270 353
1763280 353
1763290 354
1763300 354
1763310 354
1763320 353
1763330 351
1763340 351
1763350 350
1763360 349
1763370 349
1763380 348
1763390 348
1763400 348
1763410 348
1763420 349
1763430 350
1763440 350
1763450 351
1763460 353
1763470 353
1763480 355
1763490 356
1763500 356
1763510 358
1763520 359
1763530 359
1763540 360
1763550 364
1763560 364
1763570 365
1763580 365
1763590 366
1763600 366
1763610 366
1763620 366
1763630 366
1763640 365
1763650 364
1763660 364
1763670 363
1763680 361
1763690 361
1763700 358
1763710 354
1763720 354
1763730 350
1763740 347
1763750 347
1763760 343
1763770 341
1763780 340
1763790 340
1763800 338
1763810 336
1763820 336
1763830 334
1763840 333
1763850 333
1763860 331
1763870 329
1763880 329
1763890 326
1763900 324
1763910 324
1763920 321
1763930 319
1763940 319
1763950 316
1763960 317
1763970 316
1763980 316
1763990 315
1764000 314
1764010 314
1764020 312
1764030 311
1764040 311
1764050 307
1764060 305
1764070 305
1764080 306
1764090 303
1764100 303
1764110 302
1764120 300
1764130 298
1764140 298
1764150 296
1764160 294
1764170 294
1764180 294
1764190 295
1764200 295
1764210 293
1764220 293
1764230 293
1764240 292
1764250 292
1764260 292
1764270 291
1764280 291
1764290 291
1764300 290
1764310 290
1764320 290
1764330 290
1764340 290
1764350 289
1764360 289
1764370 289
1764380 289
1764390 289
1764400 289
1764410 289
1764420 289
1764430 289
1764440 289
1764450 289
1764460 288
1764470 288
1764480 288
1764490 288
1764500 287
1764510 287
1764520 287
1764530 287
1764540 287
1764550 287
1764560 287
1764570 286
1764580 286
1764590 286
1764600 287
1764610 287
1764620 288
1764630 290
1764640 290
1764650 289
1764660 287
1764670 287
1764680 286
1764690 286
1764700 285
1764710 285
1764720 284
1764730 284
1764740 284
1764750 283
1764760 282
1764770 282
1764780 282
1764790 282
1764800 282
1764810 282
1764820 281
1764830 281
1764840 280
1764850 280
1764860 280
1764870 280
1764880 280
1764890 278
1764900 278
1764910 281
1764920 280
1764930 280
1764940 280
1764950 280
1764960 280
1764970 280
1764980 280
1764990 280
1765000 280
1765010 280
1765020 280
1765030 281
1765040 282
1765050 282
1765060 282
1765070 282
1765080 283
1765090 283
1765100 283
1765110 284
1765120 284
1765130 285
1765140 285
1765150 285
1765160 287
1765170 288
1765180 288
1765190 289
1765200 289
1765210 289
1765220 290
1765230 291
1765240 292
1765250 292
1765260 293
1765270 294
1765280 294
1765290 296
1765300 297
1765310 297
1765320 299
1765330 301
1765340 301
1765350 302
1765360 304
1765370 304
1765380 305
1765390 308
1765400 308
1765410 310
1765420 313
1765430 314
1765440 314
1765450 315
1765460 316
1765470 316
1765480 318
1765490 319
1765500 319
1765510 320
1765520 321
1765530 321
1765540 322
1765550 323
1765560 323
1765570 324
1765580 325
1765590 325
1765600 327
1765610 328
1765620 329
1765630 329
1765640 331
1765650 333
1765660 333
1765670 335
1765680 337
1765690 337
1765700 339
1765710 341
1765720 341
1765730 343
1765740 344
1765750 344
1765760 348
1765770 350
1765780 350
1765790 350
1765800 354
1765810 357
1765820 357
1765830 358
1765840 360
1765850 360
1765860 362
1765870 363
1765880 363
1765890 364
1765900 364
1765910 364
1765920 366
1765930 367
1765940 367
1765950 368
1765960 370
1765970 370
1765980 372
1765990 373
1766000 375
1766010 375
1766020 376
1766030 377
1766040 377
1766050 377
1766060 377
1766070 377
1766080 377
1766090 377
1766100 377
1766110 377
1766120 377
1766130 377
1766140 377
1766150 377
1766160 377
1766170 378
1766180 378
1766190 379
1766200 379
1766210 380
1766220 381
1766230 381
1766240 381
1766250 381
1766260 381
1766270 381
1766280 380
1766290 380
1766300 379
1766310 378
1766320 378
1766330 377
1766340 376
1766350 376
1766360 375
1766370 374
1766380 373
1766390 373
1766400 372
1766410 371
1766420 371
1766430 370
1766440 368
1766450 368
1766460 366
1766470 364
1766480 364
1766490 360
1766500 359
1766510 359
1766520 356
1766530 354
1766540 352
1766550 352
1766560 351
1766570 348
1766580 348
1766590 346
1766600 343
1766610 343
1766620 339
1766630 335
1766640 335
1766650 332
1766660 329
1766670 329
1766680 327
1766690 324
1766700 324
1766710 321
1766720 320
1766730 319
1766740 319
1766750 319
1766760 319
1766770 319
1766780 319
1766790 319
1766800 319
1766810 317
1766820 316
1766830 316
1766840 314
1766850 314
1766860 314
1766870 312
1766880 311
1766890 311
1766900 311
1766910 308
1766920 304
1766930 304
1766940 302
1766950 298
1766960 298
1766970 298
1766980 298
1766990 298
1767000 297
1767010 294
1767020 294
1767030 291
1767040 290
1767050 290
1767060 290
1767070 290
1767080 290
1767090 290
1767100 290
1767110 289
1767120 289
1767130 289
1767140 289
1767150 289
1767160 289
1767170 289
1767180 289
1767190 289
1767200 289
1767210 289
1767220 288
1767230 288
1767240 288
1767250 289
1767260 294
1767270 294
1767280 297
1767290 299
1767300 301
1767310 301
1767320 303
1767330 302
1767340 302
1767350 307
1767360 307
1767370 307
1767380 307
1767390 308
1767400 308
1767410 311
1767420 315
1767430 315
1767440 320
1767450 321
1767460 321
1767470 325
1767480 327
1767490 329
1767500 329
1767510 331
1767520 333
1767530 333
1767540 336
1767550 337
1767560 337
1767570 340
1767580 343
1767590 343
1767600 347
1767610 351
1767620 351
1767630 353
1767640 355
1767650 356
1767660 356
1767670 357
1767680 359
1767690 359
1767700 359
1767710 360
1767720 360
1767730 360
1767740 361
1767750 361
1767760 361
1767770 359
1767780 359
1767790 358
1767800 355
1767810 355
1767820 352
1767830 350
1767840 347
1767850 347
1767860 345
1767870 343
1767880 343
1767890 341
1767900 339
1767910 339
1767920 338
1767930 338
1767940 338
1767950 337
1767960 337
1767970 337
1767980 336
1767990 336
1768000 336
1768010 336
1768020 335
1768030 334
1768040 334
1768050 333
1768060 332
1768070 332
1768080 330
1768090 328
1768100 328
1768110 327
1768120 326
1768130 326
1768140 324
1768150 323
1768160 323
1768170 321
1768180 320
1768190 320
1768200 319
1768210 318
1768220 317
1768230 317
1768240 316
1768250 318
1768260 318
1768270 317
1768280 316
1768290 316
1768300 315
1768310 314
1768320 314
1768330 314
1768340 313
1768350 313
1768360 313
1768370 312
1768380 312
1768390 311
1768400 311
1768410 310
1768420 310
1768430 310
1768440 309
1768450 309
1768460 308
1768470 306
1768480 306
1768490 305
1768500 304
1768510 304
1768520 303
1768530 301
1768540 301
1768550 299
1768560 297
1768570 297
1768580 295
1768590 293
1768600 293
1768610 293
1768620 291
1768630 290
1768640 290
1768650 289
1768660 288
1768670 288
1768680 287
1768690 286
1768700 286
1768710 285
1768720 285
1768730 285
1768740 284
1768750 283
1768760 282
1768770 282
1768780 282
1768790 280
1768800 280
1768810 278
1768820 277
1768830 277
1768840 275
1768850 274
1768860 274
1768870 273
1768880 271
1768890 271
1768900 269
1768910 268
1768920 268
1768930 267
1768940 267
1768950 267
1768960 267
1768970 267
1768980 267
1768990 267
1769000 266
1769010 266
1769020 266
1769030 266
1769040 266
1769050 266
1769060 265
1769070 265
1769080 265
1769090 265
1769100 265
1769110 265
1769120 265
1769130 265
1769140 265
1769150 265
1769160 264
1769170 265
1769180 265
1769190 265
1769200 265
1769210 265
1769220 265
1769230 265
1769240 265
1769250 266
1769260 266
1769270 266
1769280 266
1769290 267
1769300 267
1769310 267
1769320 268
1769330 268
1769340 268
1769350 269
1769360 270
1769370 270
1769380 270
1769390 272
1769400 272
1769410 273
1769420 273
1769430 273
1769440 272
1769450 272
1769460 272
1769470 272
1769480 272
1769490 272
1769500 271
1769510 272
1769520 272
1769530 272
1769540 274
1769550 273
1769560 273
1769570 272
1769580 270
1769590 270
1769600 268
1769610 268
1769620 268
1769630 268
1769640 268
1769650 268
1769660 268
1769670 267
1769680 267
1769690 266
1769700 265
1769710 265
1769720 265
1769730 265
1769740 265
1769750 265
1769760 265
1769770 264
1769780 264
1769790 264
1769800 264
1769810 264
1769820 265
1769830 265
1769840 265
1769850 264
1769860 264
1769870 263
1769880 263
1769890 264
1769900 263
1769910 263
1769920 263
1769930 264
1769940 264
1769950 264
1769960 264
1769970 264
1769980 264
1769990 264
1770000 264
1770010 264
1770020 264
1770030 264
1770040 265
1770050 265
1770060 265
1770070 265
1770080 265
1770090 265
1770100 265
1770110 265
1770120 265
1770130 265
1770140 264
1770150 264
1770160 264
1770170 264
1770180 264
1770190 264
1770200 264
1770210 264
1770220 264
1770230 265
1770240 264
1770250 265
1770260 265
1770270 266
1770280 266
1770290 266
1770300 266
1770310 265
1770320 265
1770330 265
1770340 265
1770350 265
1770360 265
1770370 265
1770380 265
1770390 265
1770400 265
1770410 265
1770420 265
1770430 265
1770440 266
1770450 266
1770460 266
1770470 266
1770480 266
1770490 266
1770500 266
1770510 266
1770520 266
1770530 266
1770540 266
1770550 265
1770560 266
1770570 266
1770580 266
1770590 266
1770600 266
1770610 266
1770620 266
1770630 267
1770640 267
1770650 267
1770660 267
1770670 267
1770680 267
1770690 267
1770700 267
1770710 267
1770720 268
1770730 268
1770740 268
1770750 268
1770760 268
1770770 269
1770780 269
1770790 269
1770800 269
1770810 270
1770820 271
1770830 271
1770840 271
1770850 271
1770860 271
1770870 271
1770880 271
1770890 271
1770900 271
1770910 271
1770920 271
1770930 272
1770940 272
1770950 272
1770960 272
1770970 274
1770980 278
1770990 278
1771000 283
1771010 284
1771020 284
1771030 288
1771040 293
1771050 293
1771060 293
1771070 294
1771080 294
1771090 296
1771100 297
1771110 297
1771120 299
1771130 301
1771140 301
1771150 303
1771160 305
1771170 308
1771180 308
1771190 310
1771200 311
1771210 311
1771220 311
1771230 311
1771240 311
1771250 309
1771260 310
1771270 310
1771280 311
1771290 314
1771300 314
1771310 315
1771320 316
1771330 316
1771340 318
1771350 320
1771360 321
1771370 321
1771380 321
1771390 319
1771400 319
1771410 315
1771420 310
1771430 310
1771440 305
1771450 299
1771460 299
1771470 295
1771480 291
1771490 291
1771500 287
1771510 284
1771520 284
1771530 281
1771540 279
1771550 277
1771560 277
1771570 276
1771580 275
1771590 275
1771600 275
1771610 275
1771620 275
1771630 274
1771640 273
1771650 273
1771660 272
1771670 272
1771680 272
1771690 271
1771700 270
1771710 270
1771720 270
1771730 270
1771740 270
1771750 270
1771760 270
1771770 270
1771780 270
1771790 270
1771800 271
1771810 271
1771820 271
1771830 271
1771840 271
1771850 271
1771860 271
1771870 271
1771880 271
1771890 272
1771900 272
1771910 272
1771920 273
1771930 274
1771940 274
1771950 275
1771960 276
1771970 276
1771980 276
1771990 277
1772000 277
1772010 278
1772020 278
1772030 278
1772040 279
1772050 279
1772060 278
1772070 280
1772080 280
1772090 280
1772100 280
1772110 282
1772120 283
1772130 283
1772140 284
1772150 285
1772160 285
1772170 287
1772180 289
1772190 289
1772200 291
1772210 292
1772220 292
1772230 292
1772240 294
1772250 294
1772260 297
1772270 299
1772280 300
1772290 300
1772300 302
1772310 303
1772320 303
1772330 305
1772340 308
1772350 308
1772360 310
1772370 311
1772380 311
1772390 312
1772400 314
1772410 314
1772420 315
1772430 317
1772440 317
1772450 318
1772460 320
1772470 321
1772480 321
1772490 322
1772500 324
1772510 324
1772520 325
1772530 327
1772540 327
1772550 328
1772560 329
1772570 329
1772580 330
1772590 331
1772600 331
1772610 331
1772620 331
1772630 331
1772640 332
1772650 332
1772660 332
1772670 332
1772680 332
1772690 332
1772700 332
1772710 332
1772720 332
1772730 332
1772740 332
1772750 333
1772760 333
1772770 333
1772780 334
1772790 334
1772800 334
1772810 334
1772820 334
1772830 335
1772840 336
1772850 337
1772860 337
1772870 338
1772880 338
1772890 338
1772900 340
1772910 341
1772920 341
1772930 345
1772940 348
1772950 348
1772960 350
1772970 353
1772980 353
1772990 355
1773000 355
1773010 355
1773020 355
1773030 355
1773040 356
1773050 356
1773060 355
1773070 356
1773080 356
1773090 356
1773100 356
1773110 356
1773120 357
1773130 357
1773140 357
1773150 358
1773160 359
1773170 359
1773180 359
1773190 359
1773200 359
1773210 358
1773220 357
1773230 357
1773240 357
1773250 356
1773260 355
1773270 355
1773280 355
1773290 355
1773300 358
1773310 357
1773320 356
1773330 356
1773340 355
1773350 354
1773360 354
1773370 353
1773380 351
1773390 350
1773400 350
1773410 349
1773420 348
1773430 348
1773440 347
1773450 346
1773460 346
1773470 346
1773480 346
1773490 346
1773500 345
1773510 344
1773520 344
1773530 344
1773540 343
1773550 343
1773560 342
1773570 342
1773580 342
1773590 342
1773600 341
1773610 343
1773620 343
1773630 344
1773640 346
1773650 346
1773660 348
1773670 350
1773680 350
1773690 351
1773700 352
1773710 352
1773720 353
1773730 355
1773740 355
1773750 357
1773760 358
1773770 359
1773780 359
1773790 360
1773800 361
1773810 361
1773820 363
1773830 365
1773840 365
1773850 367
1773860 369
1773870 369
1773880 370
1773890 371
1773900 371
1773910 372
1773920 367
1773930 367
1773940 361
1773950 358
1773960 357
1773970 357
1773980 355
1773990 350
1774000 350
1774010 346
1774020 345
1774030 345
1774040 344
1774050 345
1774060 345
1774070 346
1774080 348
1774090 348
1774100 348
1774110 345
1774120 345
1774130 342
1774140 339
1774150 336
1774160 336
1774170 334
1774180 333
1774190 333
1774200 332
1774210 331
1774220 331
1774230 330
1774240 329
1774250 329
1774260 327
1774270 325
1774280 325
1774290 324
1774300 321
1774310 321
1774320 318
1774330 317
1774340 313
1774350 313
1774360 312
1774370 316
1774380 316
1774390 317
1774400 318
1774410 318
1774420 320
1774430 321
1774440 321
1774450 322
1774460 323
1774470 323
1774480 324
1774490 325
1774500 326
1774510 326
1774520 326
1774530 325
1774540 325
1774550 324
1774560 323
1774570 323
1774580 322
1774590 322
1774600 322
1774610 321
1774620 321
1774630 321
1774640 321
1774650 322
1774660 322
1774670 322
1774680 320
1774690 319
1774700 319
1774710 322
1774720 322
1774730 322
1774740 322
1774750 321
1774760 321
1774770 320
1774780 324
1774790 324
1774800 327
1774810 329
1774820 329
1774830 331
1774840 332
1774850 332
1774860 334
1774870 335
1774880 335
1774890 335
1774900 335
1774910 335
1774920 335
1774930 335
1774940 336
1774950 336
1774960 335
1774970 335
1774980 335
1774990 331
1775000 330
1775010 330
1775020 335
1775030 338
1775040 338
1775050 337
1775060 339
1775070 342
1775080 342
1775090 345
1775100 347
1775110 347
1775120 350
1775130 353
1775140 353
1775150 356
1775160 358
1775170 358
1775180 360
1775190 362
1775200 362
1775210 363
1775220 365
1775230 365
1775240 368
1775250 371
1775260 374
1775270 374
1775280 376
1775290 377
1775300 377
1775310 379
1775320 381
1775330 381
1775340 382
1775350 383
1775360 383
1775370 384
1775380 385
1775390 385
1775400 386
1775410 385
1775420 385
1775430 385
1775440 383
1775450 382
1775460 382
1775470 381
1775480 380
1775490 380
1775500 379
1775510 377
1775520 377
1775530 376
1775540 375
1775550 375
1775560 374
1775570 372
1775580 372
1775590 370
1775600 369
1775610 367
1775620 367
1775630 365
1775640 363
1775650 363
1775660 361
1775670 359
1775680 359
1775690 357
1775700 355
1775710 355
1775720 351
1775730 349
1775740 350
1775750 348
1775760 347
1775770 347
1775780 347
1775790 346
1775800 345
1775810 345
1775820 344
1775830 341
1775840 341
1775850 340
1775860 338
1775870 338
1775880 336
1775890 334
1775900 334
1775910 333
1775920 330
1775930 330
1775940 329
1775950 328
1775960 328
1775970 328
1775980 327
1775990 326
1776000 326
1776010 326
1776020 326
1776030 326
1776040 325
1776050 328
1776060 328
1776070 330
1776080 331
1776090 331
1776100 332
1776110 332
1776120 332
1776130 332
1776140 331
1776150 331
1776160 330
1776170 329
1776180 328
1776190 328
1776200 327
1776210 327
1776220 327
1776230 324
1776240 322
1776250 322
1776260 320
1776270 317
1776280 317
1776290 316
1776300 315
1776310 315
1776320 314
1776330 317
1776340 317
1776350 319
1776360 321
1776370 323
1776380 323
1776390 325
1776400 326
1776410 326
1776420 329
1776430 331
1776440 331
1776450 332
1776460 334
1776470 334
1776480 334
1776490 335
1776500 335
1776510 335
1776520 334
1776530 334
1776540 334
1776550 334
1776560 333
1776570 333
1776580 332
1776590 330
1776600 330
1776610 330
1776620 329
1776630 329
1776640 326
1776650 325
1776660 325
1776670 323
1776680 321
1776690 321
1776700 318
1776710 316
1776720 313
1776730 313
1776740 309
1776750 307
1776760 307
1776770 307
1776780 305
1776790 305
1776800 300
1776810 295
1776820 295
1776830 291
1776840 290
1776850 290
1776860 288
1776870 287
1776880 287
1776890 286
1776900 286
1776910 286
1776920 286
1776930 287
1776940 291
1776950 291
1776960 293
1776970 294
1776980 294
1776990 295
1777000 297
1777010 297
1777020 298
1777030 301
1777040 301
1777050 305
1777060 308
1777070 308
1777080 310
1777090 311
1777100 314
1777110 314
1777120 317
1777130 319
1777140 319
1777150 321
1777160 322
1777170 322
1777180 324
1777190 324
1777200 324
1777210 324
1777220 323
1777230 323
1777240 321
1777250 319
1777260 319
1777270 318
1777280 317
1777290 316
1777300 316
1777310 315
1777320 313
1777330 313
1777340 310
1777350 307
1777360 307
1777370 304
1777380 302
1777390 302
1777400 300
1777410 300
1777420 300
1777430 299
1777440 298
1777450 298
1777460 296
1777470 294
1777480 291
1777490 291
1777500 290
1777510 289
1777520 289
1777530 287
1777540 285
1777550 285
1777560 284
1777570 282
1777580 282
1777590 281
1777600 281
1777610 281
1777620 281
1777630 281
1777640 281
1777650 281
1777660 281
1777670 280
1777680 280
1777690 279
1777700 279
1777710 279
1777720 278
1777730 278
1777740 278
1777750 277
1777760 277
1777770 277
1777780 277
1777790 277
1777800 277
1777810 277
1777820 277
1777830 277
1777840 276
1777850 276
1777860 276
1777870 276
1777880 276
1777890 276
1777900 276
1777910 275
1777920 275
1777930 275
1777940 274
1777950 275
1777960 275
1777970 276
1777980 275
1777990 275
1778000 275
1778010 274
1778020 273
1778030 273
1778040 273
1778050 270
1778060 270
1778070 270
1778080 268
1778090 268
1778100 269
1778110 269
1778120 269
1778130 269
1778140 268
1778150 268
1778160 268
1778170 268
1778180 268
1778190 268
1778200 268
1778210 268
1778220 268
1778230 268
1778240 268
1778250 268
1778260 268
1778270 268
1778280 268
1778290 268
1778300 269
1778310 269
1778320 270
1778330 272
1778340 272
1778350 274
1778360 276
1778370 276
1778380 278
1778390 280
1778400 280
1778410 280
1778420 280
1778430 280
1778440 280
1778450 281
1778460 281
1778470 281
1778480 284
1778490 285
1778500 285
1778510 285
1778520 284
1778530 284
1778540 284
1778550 283
1778560 283
1778570 283
1778580 283
1778590 282
1778600 282
1778610 281
1778620 281
1778630 281
1778640 279
1778650 277
1778660 277
1778670 276
1778680 275
1778690 275
1778700 275
1778710 274
1778720 274
1778730 273
1778740 272
1778750 272
1778760 272
1778770 271
1778780 271
1778790 271
1778800 270
1778810 269
1778820 269
1778830 268
1778840 268
1778850 268
1778860 267
1778870 266
1778880 266
1778890 266
1778900 265
1778910 265
1778920 265
1778930 265
1778940 265
1778950 264
1778960 264
1778970 263
1778980 263
1778990 263
1779000 263
1779010 263
1779020 263
1779030 263
1779040 263
1779050 263
1779060 263
1779070 263
1779080 263
1779090 263
1779100 263
1779110 263
1779120 263
1779130 263
1779140 263
1779150 263
1779160 263
1779170 263
1779180 263
1779190 263
1779200 263
1779210 263
1779220 263
1779230 263
1779240 263
1779250 263
1779260 263
1779270 263
1779280 263
1779290 263
1779300 263
1779310 264
1779320 265
1779330 265
1779340 266
1779350 267
1779360 267
1779370 268
1779380 269
1779390 269
1779400 269
1779410 270
1779420 270
1779430 271
1779440 272
1779450 272
1779460 272
1779470 273
1779480 273
1779490 274
1779500 274
1779510 275
1779520 275
1779530 275
1779540 276
1779550 276
1779560 277
1779570 278
1779580 278
1779590 279
1779600 280
1779610 280
1779620 280
1779630 281
1779640 281
1779650 282
1779660 284
1779670 284
1779680 285
1779690 286
1779700 287
1779710 287
1779720 288
1779730 290
1779740 290
1779750 292
1779760 294
1779770 294
1779780 295
1779790 296
1779800 296
1779810 298
1779820 300
1779830 300
1779840 301
1779850 303
1779860 303
1779870 306
1779880 309
1779890 311
1779900 311
1779910 314
1779920 318
1779930 318
1779940 320
1779950 322
1779960 322
1779970 323
1779980 326
1779990 326
