1760000 300
1760010 301
1760020 301
1760030 302
1760040 303
1760050 303
1760060 304
1760070 305
1760080 306
1760090 306
1760100 306
1760110 307
1760120 307
1760130 308
1760140 310
1760150 310
1760160 311
1760170 312
1760180 312
1760190 313
1760200 314
1760210 314
1760220 315
1760230 317
1760240 317
1760250 318
1760260 320
1760270 320
1760280 320
1760290 320
1760300 320
1760310 320
1760320 319
1760330 318
1760340 318
1760350 318
1760360 314
1760370 314
1760380 312
1760390 310
1760400 310
1760410 308
1760420 306
1760430 306
1760440 304
1760450 302
1760460 300
1760470 300
1760480 299
1760490 297
1760500 297
1760510 295
1760520 293
1760530 293
1760540 292
1760550 290
1760560 290
1760570 288
1760580 286
1760590 286
1760600 284
1760610 285
1760620 285
1760630 283
1760640 282
1760650 282
1760660 282
1760670 282
1760680 282
1760690 282
1760700 281
1760710 282
1760720 282
1760730 280
1760740 281
1760750 281
1760760 282
1760770 282
1760780 282
1760790 283
1760800 283
1760810 283
1760820 285
1760830 286
1760840 287
1760850 287
1760860 288
1760870 290
1760880 290
1760890 292
1760900 295
1760910 295
1760920 297
1760930 299
1760940 299
1760950 302
1760960 302
1760970 302
1760980 303
1760990 306
1761000 308
1761010 308
1761020 310
1761030 311
1761040 311
1761050 314
1761060 316
1761070 316
1761080 316
1761090 316
1761100 316
1761110 320
1761120 322
1761130 322
1761140 324
1761150 326
1761160 326
1761170 328
1761180 331
1761190 332
1761200 332
1761210 334
1761220 335
1761230 335
1761240 337
1761250 337
1761260 337
1761270 338
1761280 339
1761290 339
1761300 338
1761310 337
1761320 337
1761330 336
1761340 335
1761350 335
1761360 334
1761370 331
1761380 329
1761390 329
1761400 326
1761410 323
1761420 323
1761430 321
1761440 318
1761450 318
1761460 317
1761470 315
1761480 315
1761490 312
1761500 311
1761510 311
1761520 309
1761530 309
1761540 309
1761550 307
1761560 306
1761570 307
1761580 307
1761590 307
1761600 308
1761610 308
1761620 309
1761630 310
1761640 310
1761650 311
1761660 312
1761670 312
1761680 312
1761690 312
1761700 312
1761710 311
1761720 307
1761730 307
1761740 307
1761750 306
1761760 306
1761770 306
1761780 305
1761790 304
1761800 304
1761810 304
1761820 303
1761830 303
1761840 302
1761850 301
1761860 301
1761870 300
1761880 302
1761890 302
1761900 305
1761910 309
1761920 309
1761930 311
1761940 312
1761950 314
1761960 314
1761970 316
1761980 318
1761990 318
1762000 320
1762010 323
1762020 323
1762030 325
1762040 327
1762050 327
1762060 328
1762070 330
1762080 330
1762090 331
1762100 334
1762110 334
1762120 336
1762130 337
1762140 340
1762150 340
1762160 342
1762170 344
1762180 344
1762190 347
1762200 348
1762210 348
1762220 352
1762230 355
1762240 355
1762250 358
1762260 362
1762270 362
1762280 366
1762290 370
1762300 370
1762310 375
1762320 375
1762330 377
1762340 377
1762350 378
1762360 380
1762370 380
1762380 383
1762390 385
1762400 385
1762410 388
1762420 390
1762430 390
1762440 392
1762450 392
1762460 392
1762470 392
1762480 390
1762490 390
1762500 387
1762510 384
1762520 382
1762530 382
1762540 381
1762550 379
1762560 379
1762570 376
1762580 375
1762590 375
1762600 373
1762610 371
1762620 371
1762630 369
1762640 366
1762650 366
1762660 363
1762670 361
1762680 361
1762690 360
1762700 358
1762710 356
1762720 356
1762730 353
1762740 351
1762750 351
1762760 347
1762770 344
1762780 344
1762790 342
1762800 340
1762810 340
1762820 338
1762830 336
1762840 336
1762850 335
1762860 332
1762870 332
1762880 328
1762890 324
1762900 320
1762910 320
1762920 319
1762930 321
1762940 321
1762950 324
1762960 328
1762970 328
1762980 329
1762990 330
1763000 330
1763010 332
1763020 335
1763030 335
1763040 338
1763050 339
1763060 339
1763070 341
1763080 342
1763090 343
1763100 343
1763110 343
1763120 344
1763130 344
1763140 345
1763150 346
1763160 346
1763170 346
1763180 347
1763190 347
1763200 348
1763210 350
1763220 350
1763230 351
1763240 352
1763250 352
1763260 352
1763270 353
1763280 353
1763290 353
1763300 353
1763310 352
1763320 352
1763330 352
1763340 351
1763350 351
1763360 350
1763370 349
1763380 349
1763390 348
1763400 348
1763410 348
1763420 348
1763430 348
1763440 346
1763450 346
1763460 346
1763470 348
1763480 348
1763490 349
1763500 350
1763510 350
1763520 351
1763530 352
1763540 352
1763550 354
1763560 355
1763570 355
1763580 357
1763590 358
1763600 358
1763610 359
1763620 360
1763630 360
1763640 360
1763650 361
1763660 361
1763670 361
1763680 362
1763690 361
1763700 361
1763710 360
1763720 358
1763730 358
1763740 357
1763750 355
1763760 355
1763770 353
1763780 351
1763790 351
1763800 348
1763810 345
1763820 345
1763830 343
1763840 342
1763850 338
1763860 338
1763870 334
1763880 332
1763890 332
1763900 329
1763910 326
1763920 326
1763930 325
1763940 325
1763950 325
1763960 324
1763970 324
1763980 324
1763990 325
1764000 327
1764010 327
1764020 327
1764030 327
1764040 328
1764050 328
1764060 330
1764070 332
1764080 332
1764090 333
1764100 334
1764110 334
1764120 335
1764130 335
1764140 335
1764150 336
1764160 337
1764170 337
1764180 338
1764190 339
1764200 340
1764210 340
1764220 341
1764230 342
1764240 342
1764250 344
1764260 347
1764270 347
1764280 348
1764290 349
1764300 349
1764310 349
1764320 347
1764330 347
1764340 346
1764350 343
1764360 343
1764370 341
1764380 337
1764390 333
1764400 333
1764410 329
1764420 327
1764430 327
1764440 326
1764450 325
1764460 325
1764470 324
1764480 324
1764490 324
1764500 323
1764510 322
1764520 322
1764530 320
1764540 319
1764550 319
1764560 315
1764570 314
1764580 312
1764590 312
1764600 309
1764610 306
1764620 306
1764630 303
1764640 301
1764650 301
1764660 298
1764670 298
1764680 298
1764690 297
1764700 295
1764710 295
1764720 293
1764730 293
1764740 293
1764750 292
1764760 292
1764770 292
1764780 292
1764790 292
1764800 293
1764810 293
1764820 293
1764830 293
1764840 293
1764850 295
1764860 295
1764870 295
1764880 295
1764890 299
1764900 299
1764910 299
1764920 299
1764930 299
1764940 299
1764950 306
1764960 311
1764970 311
1764980 312
1764990 313
1765000 313
1765010 316
1765020 319
1765030 319
1765040 320
1765050 323
1765060 323
1765070 325
1765080 327
1765090 327
1765100 329
1765110 331
1765120 331
1765130 333
1765140 334
1765150 336
1765160 336
1765170 337
1765180 339
1765190 339
1765200 340
1765210 341
1765220 341
1765230 341
1765240 341
1765250 341
1765260 340
1765270 339
1765280 339
1765290 338
1765300 336
1765310 336
1765320 336
1765330 335
1765340 334
1765350 334
1765360 333
1765370 332
1765380 332
1765390 331
1765400 329
1765410 329
1765420 330
1765430 334
1765440 334
1765450 337
1765460 339
1765470 339
1765480 342
1765490 345
1765500 345
1765510 348
1765520 349
1765530 352
1765540 352
1765550 354
1765560 356
1765570 356
1765580 358
1765590 361
1765600 361
1765610 363
1765620 364
1765630 364
1765640 366
1765650 368
1765660 368
1765670 369
1765680 371
1765690 371
1765700 372
1765710 373
1765720 374
1765730 374
1765740 375
1765750 375
1765760 375
1765770 376
1765780 376
1765790 376
1765800 376
1765810 377
1765820 377
1765830 378
1765840 382
1765850 382
1765860 384
1765870 386
1765880 386
1765890 388
1765900 389
1765910 391
1765920 391
1765930 392
1765940 393
1765950 393
1765960 395
1765970 397
1765980 397
1765990 397
1766000 398
1766010 398
1766020 398
1766030 399
1766040 399
1766050 399
1766060 399
1766070 399
1766080 398
1766090 397
1766100 395
1766110 395
1766120 393
1766130 391
1766140 391
1766150 389
1766160 387
1766170 387
1766180 386
1766190 382
1766200 382
1766210 378
1766220 376
1766230 376
1766240 373
1766250 373
1766260 373
1766270 376
1766280 379
1766290 380
1766300 380
1766310 380
1766320 379
1766330 379
1766340 378
1766350 378
1766360 378
1766370 378
1766380 378
1766390 378
1766400 379
1766410 379
1766420 379
1766430 378
1766440 377
1766450 377
1766460 374
1766470 372
1766480 370
1766490 370
1766500 368
1766510 366
1766520 366
1766530 363
1766540 361
1766550 361
1766560 357
1766570 354
1766580 354
1766590 351
1766600 349
1766610 349
1766620 346
1766630 344
1766640 344
1766650 341
1766660 339
1766670 337
1766680 337
1766690 335
1766700 331
1766710 331
1766720 327
1766730 323
1766740 323
1766750 319
1766760 316
1766770 316
1766780 313
1766790 310
1766800 310
1766810 307
1766820 305
1766830 305
1766840 302
1766850 301
1766860 301
1766870 301
1766880 303
1766890 305
1766900 305
1766910 307
1766920 310
1766930 310
1766940 312
1766950 314
1766960 314
1766970 316
1766980 318
1766990 318
1767000 319
1767010 320
1767020 320
1767030 320
1767040 321
1767050 322
1767060 322
1767070 323
1767080 324
1767090 324
1767100 324
1767110 324
1767120 324
1767130 324
1767140 325
1767150 325
1767160 326
1767170 327
1767180 327
1767190 327
1767200 328
1767210 328
1767220 329
1767230 330
1767240 331
1767250 331
1767260 332
1767270 333
1767280 333
1767290 334
1767300 334
1767310 334
1767320 334
1767330 337
1767340 337
1767350 338
1767360 339
1767370 339
1767380 341
1767390 342
1767400 343
1767410 343
1767420 343
1767430 343
1767440 347
1767450 347
1767460 347
1767470 347
1767480 349
1767490 350
1767500 350
1767510 350
1767520 350
1767530 350
1767540 351
1767550 354
1767560 354
1767570 355
1767580 356
1767590 358
1767600 358
1767610 360
1767620 362
1767630 362
1767640 365
1767650 368
1767660 368
1767670 372
1767680 377
1767690 377
1767700 380
1767710 383
1767720 383
1767730 386
1767740 389
1767750 389
1767760 391
1767770 391
1767780 391
1767790 391
1767800 390
1767810 390
1767820 390
1767830 386
1767840 382
1767850 382
1767860 378
1767870 372
1767880 372
1767890 369
1767900 366
1767910 366
1767920 364
1767930 362
1767940 362
1767950 360
1767960 358
1767970 357
1767980 357
1767990 355
1768000 353
1768010 353
1768020 350
1768030 347
1768040 347
1768050 345
1768060 342
1768070 342
1768080 341
1768090 339
1768100 339
1768110 337
1768120 335
1768130 335
1768140 333
1768150 330
1768160 329
1768170 329
1768180 325
1768190 322
1768200 322
1768210 319
1768220 317
1768230 317
1768240 312
1768250 313
1768260 313
1768270 311
1768280 309
1768290 309
1768300 307
1768310 306
1768320 306
1768330 306
1768340 305
1768350 304
1768360 304
1768370 304
1768380 304
1768390 304
1768400 303
1768410 302
1768420 302
1768430 302
1768440 301
1768450 301
1768460 300
1768470 300
1768480 300
1768490 300
1768500 299
1768510 299
1768520 299
1768530 298
1768540 297
1768550 297
1768560 296
1768570 294
1768580 294
1768590 293
1768600 291
1768610 291
1768620 290
1768630 288
1768640 288
1768650 287
1768660 287
1768670 287
1768680 287
1768690 287
1768700 287
1768710 287
1768720 288
1768730 288
1768740 289
1768750 289
1768760 289
1768770 289
1768780 288
1768790 289
1768800 289
1768810 289
1768820 290
1768830 290
1768840 291
1768850 292
1768860 292
1768870 294
1768880 297
1768890 297
1768900 299
1768910 302
1768920 304
1768930 304
1768940 307
1768950 308
1768960 308
1768970 310
1768980 311
1768990 311
1769000 313
1769010 314
1769020 314
1769030 314
1769040 314
1769050 314
1769060 313
1769070 312
1769080 312
1769090 312
1769100 311
1769110 311
1769120 311
1769130 311
1769140 311
1769150 311
1769160 311
1769170 311
1769180 311
1769190 311
1769200 310
1769210 310
1769220 310
1769230 310
1769240 310
1769250 310
1769260 310
1769270 310
1769280 311
1769290 311
1769300 312
1769310 312
1769320 312
1769330 313
1769340 313
1769350 313
1769360 313
1769370 313
1769380 311
1769390 309
1769400 309
1769410 305
1769420 302
1769430 302
1769440 299
1769450 298
1769460 298
1769470 298
1769480 297
1769490 296
1769500 296
1769510 296
1769520 295
1769530 295
1769540 295
1769550 295
1769560 295
1769570 295
1769580 292
1769590 292
1769600 294
1769610 295
1769620 295
1769630 295
1769640 295
1769650 295
1769660 296
1769670 297
1769680 297
1769690 297
1769700 297
1769710 299
1769720 299
1769730 301
1769740 305
1769750 305
1769760 307
1769770 310
1769780 310
1769790 315
1769800 320
1769810 320
1769820 324
1769830 327
1769840 327
1769850 330
1769860 331
1769870 333
1769880 333
1769890 333
1769900 333
1769910 333
1769920 333
1769930 334
1769940 334
1769950 334
1769960 334
1769970 334
1769980 334
1769990 333
1770000 333
1770010 333
1770020 336
1770030 336
1770040 338
1770050 343
1770060 348
1770070 348
1770080 348
1770090 357
1770100 357
1770110 362
1770120 365
1770130 365
1770140 371
1770150 374
1770160 374
1770170 378
1770180 383
1770190 383
1770200 388
1770210 391
1770220 391
1770230 393
1770240 395
1770250 397
1770260 397
1770270 399
1770280 400
1770290 400
1770300 400
1770310 399
1770320 399
1770330 398
1770340 398
1770350 398
1770360 399
1770370 400
1770380 400
1770390 401
1770400 398
1770410 398
1770420 392
1770430 393
1770440 400
1770450 400
1770460 407
1770470 413
1770480 413
1770490 420
1770500 425
1770510 425
1770520 431
1770530 436
1770540 436
1770550 439
1770560 441
1770570 441
1770580 443
1770590 445
1770600 445
1770610 445
1770620 446
1770630 446
1770640 446
1770650 448
1770660 450
1770670 450
1770680 453
1770690 454
1770700 454
1770710 455
1770720 455
1770730 455
1770740 455
1770750 454
1770760 454
1770770 453
1770780 452
1770790 452
1770800 452
1770810 451
1770820 450
1770830 450
1770840 450
1770850 448
1770860 448
1770870 449
1770880 452
1770890 452
1770900 455
1770910 458
1770920 458
1770930 459
1770940 461
1770950 461
1770960 461
1770970 460
1770980 457
1770990 457
1771000 456
1771010 456
1771020 456
1771030 458
1771040 460
1771050 460
1771060 461
1771070 461
1771080 461
1771090 459
1771100 457
1771110 457
1771120 455
1771130 453
1771140 453
1771150 453
1771160 452
1771170 450
1771180 450
1771190 449
1771200 447
1771210 447
1771220 445
1771230 443
1771240 443
1771250 442
1771260 438
1771270 438
1771280 437
1771290 443
1771300 443
1771310 444
1771320 441
1771330 441
1771340 437
1771350 433
1771360 429
1771370 429
1771380 425
1771390 430
1771400 430
1771410 438
1771420 444
1771430 444
1771440 449
1771450 454
1771460 454
1771470 460
1771480 465
1771490 465
1771500 470
1771510 472
1771520 472
1771530 473
1771540 473
1771550 472
1771560 472
1771570 471
1771580 471
1771590 471
1771600 472
1771610 474
1771620 474
1771630 477
1771640 476
1771650 476
1771660 475
1771670 474
1771680 474
1771690 473
1771700 470
1771710 470
1771720 466
1771730 463
1771740 460
1771750 460
1771760 458
1771770 456
1771780 456
1771790 457
1771800 457
1771810 457
1771820 457
1771830 457
1771840 457
1771850 457
1771860 457
1771870 457
1771880 458
1771890 458
1771900 458
1771910 457
1771920 455
1771930 453
1771940 453
1771950 450
1771960 447
1771970 447
1771980 443
1771990 439
1772000 439
1772010 437
1772020 434
1772030 434
1772040 431
1772050 428
1772060 428
1772070 425
1772080 421
1772090 421
1772100 421
1772110 418
1772120 416
1772130 416
1772140 414
1772150 412
1772160 412
1772170 410
1772180 408
1772190 408
1772200 407
1772210 405
1772220 405
1772230 401
1772240 395
1772250 395
1772260 388
1772270 382
1772280 382
1772290 375
1772300 367
1772310 363
1772320 363
1772330 367
1772340 369
1772350 369
1772360 373
1772370 377
1772380 377
1772390 381
1772400 386
1772410 386
1772420 391
1772430 398
1772440 398
1772450 405
1772460 411
1772470 411
1772480 418
1772490 425
1772500 431
1772510 431
1772520 437
1772530 441
1772540 440
1772550 444
1772560 445
1772570 445
1772580 444
1772590 444
1772600 444
1772610 443
1772620 442
1772630 442
1772640 441
1772650 441
1772660 441
1772670 441
1772680 441
1772690 442
1772700 442
1772710 442
1772720 441
1772730 441
1772740 440
1772750 439
1772760 439
1772770 436
1772780 435
1772790 435
1772800 432
1772810 429
1772820 429
1772830 427
1772840 425
1772850 425
1772860 422
1772870 419
1772880 418
1772890 418
1772900 417
1772910 413
1772920 413
1772930 411
1772940 408
1772950 408
1772960 406
1772970 404
1772980 404
1772990 402
1773000 400
1773010 400
1773020 398
1773030 397
1773040 397
1773050 393
1773060 389
1773070 385
1773080 385
1773090 380
1773100 377
1773110 377
1773120 373
1773130 370
1773140 370
1773150 372
1773160 373
1773170 373
1773180 374
1773190 376
1773200 376
1773210 378
1773220 378
1773230 378
1773240 380
1773250 382
1773260 384
1773270 384
1773280 387
1773290 388
1773300 388
1773310 388
1773320 388
1773330 388
1773340 388
1773350 388
1773360 388
1773370 387
1773380 387
1773390 387
1773400 386
1773410 386
1773420 386
1773430 385
1773440 384
1773450 383
1773460 383
1773470 382
1773480 381
1773490 381
1773500 380
1773510 378
1773520 378
1773530 377
1773540 375
1773550 375
1773560 374
1773570 371
1773580 371
1773590 367
1773600 365
1773610 365
1773620 362
1773630 359
1773640 358
1773650 358
1773660 357
1773670 356
1773680 356
1773690 353
1773700 350
1773710 350
1773720 348
1773730 348
1773740 348
1773750 348
1773760 344
1773770 344
1773780 341
1773790 338
1773800 338
1773810 342
1773820 339
1773830 340
1773840 340
1773850 344
1773860 347
1773870 347
1773880 349
1773890 351
1773900 351
1773910 353
1773920 356
1773930 356
1773940 358
1773950 360
1773960 360
1773970 362
1773980 364
1773990 366
1774000 366
1774010 369
1774020 371
1774030 371
1774040 373
1774050 375
1774060 375
1774070 376
1774080 377
1774090 377
1774100 378
1774110 380
1774120 380
1774130 378
1774140 378
1774150 378
1774160 377
1774170 375
1774180 374
1774190 374
1774200 373
1774210 372
1774220 372
1774230 371
1774240 370
1774250 370
1774260 370
1774270 369
1774280 369
1774290 368
1774300 366
1774310 366
1774320 366
1774330 365
1774340 365
1774350 363
1774360 362
1774370 360
1774380 360
1774390 359
1774400 358
1774410 358
1774420 357
1774430 356
1774440 356
1774450 356
1774460 356
1774470 356
1774480 357
1774490 358
1774500 358
1774510 359
1774520 359
1774530 359
1774540 359
1774550 358
1774560 358
1774570 358
1774580 356
1774590 355
1774600 355
1774610 353
1774620 352
1774630 352
1774640 352
1774650 352
1774660 352
1774670 352
1774680 351
1774690 351
1774700 351
1774710 352
1774720 352
1774730 352
1774740 353
1774750 355
1774760 355
1774770 356
1774780 357
1774790 357
1774800 358
1774810 359
1774820 359
1774830 361
1774840 360
1774850 360
1774860 359
1774870 358
1774880 358
1774890 358
1774900 358
1774910 358
1774920 357
1774930 356
1774940 355
1774950 355
1774960 354
1774970 352
1774980 352
1774990 350
1775000 349
1775010 349
1775020 351
1775030 355
1775040 355
1775050 352
1775060 346
1775070 346
1775080 343
1775090 344
1775100 344
1775110 347
1775120 347
1775130 350
1775140 350
1775150 350
1775160 347
1775170 347
1775180 346
1775190 346
1775200 346
1775210 345
1775220 343
1775230 343
1775240 340
1775250 339
1775260 339
1775270 338
1775280 336
1775290 336
1775300 335
1775310 335
1775320 335
1775330 335
1775340 336
1775350 335
1775360 335
1775370 333
1775380 332
1775390 332
1775400 332
1775410 330
1775420 330
1775430 329
1775440 328
1775450 328
1775460 327
1775470 329
1775480 329
1775490 328
1775500 326
1775510 325
1775520 325
1775530 322
1775540 321
1775550 321
1775560 319
1775570 318
1775580 318
1775590 317
1775600 315
1775610 315
1775620 314
1775630 316
1775640 316
1775650 318
1775660 321
1775670 321
1775680 322
1775690 323
1775700 324
1775710 324
1775720 324
1775730 325
1775740 325
1775750 325
1775760 326
1775770 326
1775780 326
1775790 326
1775800 326
1775810 326
1775820 325
1775830 325
1775840 326
1775850 326
1775860 326
1775870 325
1775880 323
1775890 320
1775900 320
1775910 317
1775920 313
1775930 313
1775940 311
1775950 308
1775960 308
1775970 306
1775980 305
1775990 305
1776000 304
1776010 303
1776020 303
1776030 302
1776040 300
1776050 300
1776060 298
1776070 297
1776080 296
1776090 296
1776100 297
1776110 297
1776120 297
1776130 297
1776140 298
1776150 298
1776160 300
1776170 303
1776180 303
1776190 309
1776200 315
1776210 315
1776220 318
1776230 321
1776240 321
1776250 325
1776260 328
1776270 331
1776280 331
1776290 333
1776300 336
1776310 336
1776320 338
1776330 341
1776340 341
1776350 345
1776360 343
1776370 343
1776380 343
1776390 346
1776400 346
1776410 347
1776420 348
1776430 348
1776440 349
1776450 350
1776460 351
1776470 351
1776480 352
1776490 353
1776500 353
1776510 354
1776520 356
1776530 356
1776540 357
1776550 358
1776560 358
1776570 358
1776580 359
1776590 359
1776600 359
1776610 360
1776620 360
1776630 361
1776640 361
1776650 361
1776660 361
1776670 363
1776680 364
1776690 364
1776700 363
1776710 362
1776720 362
1776730 362
1776740 362
1776750 362
1776760 362
1776770 361
1776780 361
1776790 360
1776800 358
1776810 358
1776820 357
1776830 356
1776840 354
1776850 354
1776860 353
1776870 351
1776880 351
1776890 351
1776900 351
1776910 351
1776920 350
1776930 350
1776940 350
1776950 349
1776960 348
1776970 348
1776980 347
1776990 345
1777000 345
1777010 344
1777020 343
1777030 341
1777040 341
1777050 339
1777060 338
1777070 338
1777080 336
1777090 334
1777100 334
1777110 333
1777120 332
1777130 332
1777140 331
1777150 329
1777160 329
1777170 328
1777180 327
1777190 327
1777200 327
1777210 325
1777220 324
1777230 324
1777240 323
1777250 323
1777260 323
1777270 322
1777280 322
1777290 322
1777300 324
1777310 324
1777320 324
1777330 325
1777340 326
1777350 326
1777360 327
1777370 327
1777380 326
1777390 328
1777400 327
1777410 327
1777420 327
1777430 326
1777440 326
1777450 326
1777460 325
1777470 326
1777480 326
1777490 327
1777500 327
1777510 327
1777520 327
1777530 328
1777540 328
1777550 330
1777560 331
1777570 332
1777580 332
1777590 333
1777600 334
1777610 334
1777620 336
1777630 336
1777640 336
1777650 336
1777660 334
1777670 334
1777680 331
1777690 326
1777700 326
1777710 325
1777720 324
1777730 324
1777740 324
1777750 322
1777760 321
1777770 321
1777780 320
1777790 319
1777800 319
1777810 318
1777820 317
1777830 317
1777840 317
1777850 316
1777860 316
1777870 314
1777880 313
1777890 313
1777900 312
1777910 311
1777920 311
1777930 311
1777940 311
1777950 311
1777960 311
1777970 311
1777980 311
1777990 311
1778000 312
1778010 314
1778020 314
1778030 315
1778040 316
1778050 316
1778060 318
1778070 321
1778080 321
1778090 323
1778100 324
1778110 324
1778120 326
1778130 327
1778140 328
1778150 328
1778160 329
1778170 330
1778180 330
1778190 333
1778200 334
1778210 334
1778220 335
1778230 336
1778240 336
1778250 338
1778260 342
1778270 342
1778280 343
1778290 346
1778300 346
1778310 348
1778320 349
1778330 351
1778340 351
1778350 354
1778360 356
1778370 356
1778380 356
1778390 356
1778400 356
1778410 357
1778420 357
1778430 357
1778440 356
1778450 357
1778460 357
1778470 356
1778480 354
1778490 354
1778500 355
1778510 356
1778520 356
1778530 356
1778540 355
1778550 355
1778560 355
1778570 358
1778580 358
1778590 358
1778600 357
1778610 358
1778620 358
1778630 360
1778640 363
1778650 363
1778660 364
1778670 365
1778680 365
1778690 366
1778700 367
1778710 368
1778720 368
1778730 368
1778740 368
1778750 368
1778760 368
1778770 367
1778780 367
1778790 365
1778800 364
1778810 364
1778820 362
1778830 361
1778840 361
1778850 360
1778860 359
1778870 359
1778880 356
1778890 353
1778900 351
1778910 351
1778920 350
1778930 349
1778940 349
1778950 347
1778960 346
1778970 346
1778980 343
1778990 337
1779000 337
1779010 329
1779020 327
1779030 327
1779040 326
1779050 325
1779060 325
1779070 324
1779080 322
1779090 321
1779100 321
1779110 319
1779120 318
1779130 318
1779140 316
1779150 314
1779160 314
1779170 311
1779180 308
1779190 308
1779200 307
1779210 306
1779220 306
1779230 305
1779240 303
1779250 303
1779260 301
1779270 300
1779280 299
1779290 299
1779300 299
1779310 299
1779320 299
1779330 300
1779340 301
1779350 301
1779360 304
1779370 306
1779380 306
1779390 308
1779400 310
1779410 310
1779420 313
1779430 316
1779440 316
1779450 319
1779460 322
1779470 325
1779480 325
1779490 329
1779500 332
1779510 332
1779520 333
1779530 336
1779540 336
1779550 338
1779560 340
1779570 340
1779580 343
1779590 345
1779600 345
1779610 348
1779620 350
1779630 350
1779640 352
1779650 351
1779660 351
1779670 351
1779680 348
1779690 345
1779700 345
1779710 341
1779720 338
1779730 338
1779740 336
1779750 334
1779760 334
1779770 332
1779780 330
1779790 330
1779800 327
1779810 325
1779820 325
1779830 324
1779840 322
1779850 321
1779860 321
1779870 320
1779880 319
1779890 319
1779900 316
1779910 313
1779920 313
1779930 313
1779940 314
1779950 314
1779960 317
1779970 318
1779980 318
1779990 322
