1760000 287
1760010 288
1760020 288
1760030 288
1760040 290
1760050 291
1760060 292
1760070 292
1760080 293
1760090 294
1760100 294
1760110 296
1760120 297
1760130 297
1760140 298
1760150 299
1760160 299
1760170 301
1760180 302
1760190 302
1760200 303
1760210 305
1760220 305
1760230 306
1760240 307
1760250 308
1760260 308
1760270 310
1760280 311
1760290 311
1760300 312
1760310 314
1760320 314
1760330 315
1760340 316
1760350 316
1760360 317
1760370 315
1760380 315
1760390 314
1760400 312
1760410 312
1760420 309
1760430 307
1760440 304
1760450 304
1760460 301
1760470 298
1760480 298
1760490 295
1760500 293
1760510 293
1760520 290
1760530 288
1760540 288
1760550 285
1760560 285
1760570 285
1760580 283
1760590 283
1760600 283
1760610 281
1760620 281
1760630 281
1760640 281
1760650 280
1760660 280
1760670 280
1760680 280
1760690 280
1760700 280
1760710 280
1760720 280
1760730 280
1760740 280
1760750 279
1760760 279
1760770 280
1760780 280
1760790 280
1760800 283
1760810 283
1760820 282
1760830 282
1760840 282
1760850 282
1760860 282
1760870 283
1760880 284
1760890 284
1760900 285
1760910 287
1760920 287
1760930 288
1760940 289
1760950 289
1760960 290
1760970 291
1760980 291
1760990 292
1761000 293
1761010 294
1761020 294
1761030 295
1761040 297
1761050 297
1761060 298
1761070 299
1761080 299
1761090 300
1761100 301
1761110 301
1761120 302
1761130 303
1761140 303
1761150 303
1761160 304
1761170 304
1761180 305
1761190 306
1761200 307
1761210 307
1761220 307
1761230 307
1761240 307
1761250 306
1761260 305
1761270 306
1761280 306
1761290 305
1761300 305
1761310 304
1761320 302
1761330 302
1761340 301
1761350 300
1761360 300
1761370 298
1761380 296
1761390 294
1761400 294
1761410 293
1761420 290
1761430 290
1761440 289
1761450 287
1761460 287
1761470 287
1761480 287
1761490 287
1761500 288
1761510 288
1761520 288
1761530 288
1761540 289
1761550 289
1761560 290
1761570 290
1761580 291
1761590 291
1761600 292
1761610 292
1761620 292
1761630 293
1761640 294
1761650 294
1761660 295
1761670 296
1761680 296
1761690 297
1761700 298
1761710 298
1761720 299
1761730 301
1761740 301
1761750 302
1761760 304
1761770 305
1761780 305
1761790 306
1761800 306
1761810 306
1761820 307
1761830 308
1761840 308
1761850 309
1761860 309
1761870 309
1761880 310
1761890 311
1761900 311
1761910 312
1761920 312
1761930 313
1761940 313
1761950 314
1761960 315
1761970 315
1761980 316
1761990 318
1762000 318
1762010 319
1762020 321
1762030 321
1762040 322
1762050 323
1762060 323
1762070 328
1762080 332
1762090 332
1762100 335
1762110 337
1762120 336
1762130 336
1762140 334
1762150 333
1762160 333
1762170 333
1762180 335
1762190 335
1762200 337
1762210 340
1762220 340
1762230 344
1762240 350
1762250 350
1762260 358
1762270 362
1762280 362
1762290 368
1762300 368
1762310 368
1762320 368
1762330 368
1762340 368
1762350 368
1762360 369
1762370 376
1762380 376
1762390 377
1762400 379
1762410 379
1762420 377
1762430 377
1762440 377
1762450 376
1762460 374
1762470 374
1762480 373
1762490 371
1762500 369
1762510 369
1762520 366
1762530 362
1762540 362
1762550 359
1762560 357
1762570 357
1762580 355
1762590 354
1762600 354
1762610 352
1762620 352
1762630 352
1762640 352
1762650 351
1762660 351
1762670 350
1762680 348
1762690 347
1762700 347
1762710 344
1762720 342
1762730 342
1762740 338
1762750 337
1762760 337
1762770 337
1762780 337
1762790 337
1762800 336
1762810 335
1762820 335
1762830 334
1762840 333
1762850 333
1762860 333
1762870 332
1762880 331
1762890 331
1762900 330
1762910 327
1762920 327
1762930 325
1762940 325
1762950 325
1762960 324
1762970 323
1762980 323
1762990 322
1763000 321
1763010 321
1763020 320
1763030 317
1763040 317
1763050 312
1763060 309
1763070 308
1763080 308
1763090 308
1763100 308
1763110 308
1763120 308
1763130 309
1763140 309
1763150 310
1763160 312
1763170 312
1763180 313
1763190 315
1763200 315
1763210 317
1763220 320
1763230 320
1763240 322
1763250 324
1763260 326
1763270 326
1763280 327
1763290 329
1763300 329
1763310 330
1763320 333
1763330 333
1763340 335
1763350 337
1763360 337
1763370 338
1763380 341
1763390 341
1763400 343
1763410 346
1763420 346
1763430 348
1763440 351
1763450 354
1763460 354
1763470 356
1763480 359
1763490 359
1763500 362
1763510 365
1763520 365
1763530 369
1763540 371
1763550 371
1763560 373
1763570 375
1763580 375
1763590 377
1763600 379
1763610 379
1763620 381
1763630 382
1763640 384
1763650 384
1763660 387
1763670 388
1763680 388
1763690 389
1763700 390
1763710 390
1763720 390
1763730 389
1763740 389
1763750 387
1763760 386
1763770 386
1763780 383
1763790 381
1763800 381
1763810 380
1763820 378
1763830 377
1763840 377
1763850 375
1763860 373
1763870 373
1763880 372
1763890 369
1763900 369
1763910 365
1763920 362
1763930 362
1763940 358
1763950 355
1763960 355
1763970 352
1763980 350
1763990 350
1764000 347
1764010 344
1764020 338
1764030 338
1764040 338
1764050 337
1764060 337
1764070 335
1764080 333
1764090 333
1764100 331
1764110 329
1764120 329
1764130 328
1764140 328
1764150 328
1764160 326
1764170 325
1764180 325
1764190 323
1764200 321
1764210 319
1764220 319
1764230 317
1764240 314
1764250 314
1764260 312
1764270 309
1764280 309
1764290 306
1764300 304
1764310 304
1764320 303
1764330 301
1764340 301
1764350 301
1764360 299
1764370 299
1764380 298
1764390 297
1764400 296
1764410 296
1764420 296
1764430 295
1764440 295
1764450 294
1764460 294
1764470 294
1764480 293
1764490 293
1764500 293
1764510 293
1764520 293
1764530 293
1764540 293
1764550 293
1764560 293
1764570 293
1764580 292
1764590 291
1764600 291
1764610 291
1764620 291
1764630 291
1764640 291
1764650 291
1764660 291
1764670 290
1764680 290
1764690 290
1764700 290
1764710 290
1764720 290
1764730 290
1764740 290
1764750 290
1764760 290
1764770 291
1764780 290
1764790 290
1764800 291
1764810 291
1764820 291
1764830 291
1764840 291
1764850 291
1764860 291
1764870 292
1764880 292
1764890 293
1764900 296
1764910 296
1764920 299
1764930 303
1764940 307
1764950 307
1764960 310
1764970 312
1764980 312
1764990 313
1765000 313
1765010 313
1765020 314
1765030 314
1765040 314
1765050 314
1765060 315
1765070 315
1765080 315
1765090 315
1765100 315
1765110 315
1765120 315
1765130 316
1765140 316
1765150 317
1765160 317
1765170 317
1765180 317
1765190 317
1765200 317
1765210 316
1765220 316
1765230 316
1765240 315
1765250 315
1765260 315
1765270 313
1765280 313
1765290 313
1765300 313
1765310 311
1765320 309
1765330 309
1765340 308
1765350 308
1765360 308
1765370 304
1765380 303
1765390 303
1765400 301
1765410 300
1765420 300
1765430 300
1765440 300
1765450 300
1765460 300
1765470 301
1765480 301
1765490 301
1765500 302
1765510 303
1765520 303
1765530 303
1765540 304
1765550 304
1765560 304
1765570 304
1765580 304
1765590 304
1765600 304
1765610 304
1765620 305
1765630 305
1765640 305
1765650 306
1765660 306
1765670 306
1765680 307
1765690 308
1765700 308
1765710 308
1765720 309
1765730 310
1765740 310
1765750 311
1765760 312
1765770 312
1765780 314
1765790 316
1765800 316
1765810 318
1765820 321
1765830 321
1765840 324
1765850 326
1765860 326
1765870 331
1765880 334
1765890 337
1765900 337
1765910 340
1765920 343
1765930 343
1765940 346
1765950 349
1765960 349
1765970 353
1765980 355
1765990 355
1766000 358
1766010 361
1766020 361
1766030 364
1766040 367
1766050 367
1766060 370
1766070 372
1766080 373
1766090 373
1766100 374
1766110 375
1766120 375
1766130 376
1766140 377
1766150 377
1766160 379
1766170 379
1766180 379
1766190 380
1766200 381
1766210 381
1766220 381
1766230 382
1766240 382
1766250 382
1766260 381
1766270 379
1766280 379
1766290 378
1766300 376
1766310 376
1766320 374
1766330 371
1766340 371
1766350 369
1766360 366
1766370 366
1766380 364
1766390 364
1766400 364
1766410 364
1766420 362
1766430 362
1766440 361
1766450 361
1766460 360
1766470 360
1766480 360
1766490 359
1766500 359
1766510 360
1766520 362
1766530 362
1766540 363
1766550 365
1766560 365
1766570 367
1766580 368
1766590 368
1766600 371
1766610 371
1766620 371
1766630 372
1766640 375
1766650 374
1766660 374
1766670 375
1766680 374
1766690 376
1766700 374
1766710 373
1766720 373
1766730 372
1766740 370
1766750 370
1766760 369
1766770 368
1766780 368
1766790 366
1766800 364
1766810 364
1766820 362
1766830 360
1766840 359
1766850 359
1766860 356
1766870 353
1766880 353
1766890 350
1766900 348
1766910 348
1766920 346
1766930 344
1766940 344
1766950 342
1766960 341
1766970 341
1766980 339
1766990 335
1767000 335
1767010 332
1767020 329
1767030 325
1767040 325
1767050 322
1767060 318
1767070 318
1767080 317
1767090 315
1767100 315
1767110 313
1767120 311
1767130 311
1767140 308
1767150 305
1767160 305
1767170 302
1767180 300
1767190 297
1767200 297
1767210 296
1767220 295
1767230 295
1767240 293
1767250 292
1767260 292
1767270 292
1767280 291
1767290 291
1767300 291
1767310 291
1767320 291
1767330 291
1767340 291
1767350 291
1767360 291
1767370 291
1767380 292
1767390 292
1767400 292
1767410 292
1767420 292
1767430 293
1767440 293
1767450 293
1767460 293
1767470 293
1767480 293
1767490 294
1767500 295
1767510 295
1767520 296
1767530 298
1767540 298
1767550 299
1767560 301
1767570 303
1767580 303
1767590 304
1767600 306
1767610 306
1767620 307
1767630 309
1767640 309
1767650 309
1767660 310
1767670 310
1767680 309
1767690 309
1767700 309
1767710 308
1767720 307
1767730 307
1767740 307
1767750 307
1767760 307
1767770 307
1767780 307
1767790 306
1767800 306
1767810 306
1767820 307
1767830 307
1767840 307
1767850 308
1767860 308
1767870 309
1767880 311
1767890 311
1767900 313
1767910 315
1767920 315
1767930 316
1767940 317
1767950 320
1767960 320
1767970 325
1767980 326
1767990 326
1768000 329
1768010 331
1768020 331
1768030 332
1768040 334
1768050 334
1768060 339
1768070 342
1768080 342
1768090 345
1768100 348
1768110 348
1768120 352
1768130 356
1768140 359
1768150 359
1768160 363
1768170 367
1768180 367
1768190 371
1768200 373
1768210 373
1768220 373
1768230 374
1768240 374
1768250 371
1768260 371
1768270 371
1768280 370
1768290 368
1768300 368
1768310 366
1768320 364
1768330 362
1768340 362
1768350 359
1768360 357
1768370 357
1768380 355
1768390 351
1768400 351
1768410 349
1768420 347
1768430 347
1768440 345
1768450 342
1768460 342
1768470 339
1768480 337
1768490 337
1768500 334
1768510 332
1768520 329
1768530 329
1768540 326
1768550 324
1768560 324
1768570 321
1768580 318
1768590 318
1768600 317
1768610 316
1768620 316
1768630 315
1768640 313
1768650 313
1768660 312
1768670 311
1768680 311
1768690 309
1768700 308
1768710 307
1768720 307
1768730 307
1768740 307
1768750 307
1768760 306
1768770 302
1768780 302
1768790 299
1768800 296
1768810 296
1768820 294
1768830 292
1768840 292
1768850 291
1768860 290
1768870 290
1768880 289
1768890 287
1768900 285
1768910 285
1768920 283
1768930 282
1768940 282
1768950 282
1768960 282
1768970 282
1768980 282
1768990 282
1769000 282
1769010 282
1769020 282
1769030 282
1769040 282
1769050 282
1769060 282
1769070 282
1769080 284
1769090 286
1769100 286
1769110 287
1769120 289
1769130 289
1769140 291
1769150 294
1769160 294
1769170 297
1769180 300
1769190 300
1769200 302
1769210 305
1769220 305
1769230 307
1769240 307
1769250 307
1769260 308
1769270 308
1769280 307
1769290 308
1769300 308
1769310 309
1769320 309
1769330 309
1769340 308
1769350 308
1769360 307
1769370 306
1769380 306
1769390 304
1769400 303
1769410 303
1769420 302
1769430 301
1769440 301
1769450 300
1769460 300
1769470 299
1769480 299
1769490 299
1769500 298
1769510 298
1769520 298
1769530 297
1769540 297
1769550 295
1769560 294
1769570 294
1769580 293
1769590 292
1769600 292
1769610 291
1769620 290
1769630 290
1769640 288
1769650 288
1769660 287
1769670 287
1769680 288
1769690 287
1769700 287
1769710 287
1769720 286
1769730 286
1769740 286
1769750 286
1769760 286
1769770 285
1769780 285
1769790 285
1769800 284
1769810 284
1769820 285
1769830 285
1769840 287
1769850 288
1769860 288
1769870 289
1769880 288
1769890 288
1769900 289
1769910 289
1769920 289
1769930 289
1769940 291
1769950 291
1769960 292
1769970 293
1769980 293
1769990 294
1770000 294
1770010 296
1770020 296
1770030 298
1770040 299
1770050 299
1770060 300
1770070 301
1770080 301
1770090 302
1770100 305
1770110 305
1770120 305
1770130 307
1770140 307
1770150 308
1770160 310
1770170 310
1770180 313
1770190 316
1770200 318
1770210 318
1770220 321
1770230 323
1770240 323
1770250 329
1770260 333
1770270 333
1770280 337
1770290 341
1770300 341
1770310 345
1770320 351
1770330 351
1770340 355
1770350 355
1770360 355
1770370 356
1770380 356
1770390 354
1770400 354
1770410 353
1770420 352
1770430 352
1770440 350
1770450 346
1770460 346
1770470 344
1770480 341
1770490 341
1770500 339
1770510 339
1770520 339
1770530 338
1770540 336
1770550 336
1770560 334
1770570 333
1770580 331
1770590 331
1770600 328
1770610 326
1770620 326
1770630 325
1770640 322
1770650 322
1770660 323
1770670 322
1770680 322
1770690 322
1770700 320
1770710 320
1770720 319
1770730 314
1770740 314
1770750 318
1770760 320
1770770 320
1770780 320
1770790 319
1770800 318
1770810 318
1770820 318
1770830 314
1770840 314
1770850 315
1770860 315
1770870 315
1770880 318
1770890 320
1770900 320
1770910 321
1770920 321
1770930 321
1770940 320
1770950 321
1770960 322
1770970 322
1770980 323
1770990 322
1771000 322
1771010 320
1771020 326
1771030 326
1771040 330
1771050 334
1771060 334
1771070 337
1771080 340
1771090 340
1771100 343
1771110 345
1771120 345
1771130 346
1771140 348
1771150 351
1771160 351
1771170 354
1771180 355
1771190 355
1771200 356
1771210 357
1771220 357
1771230 358
1771240 361
1771250 361
1771260 362
1771270 361
1771280 361
1771290 359
1771300 360
1771310 360
1771320 359
1771330 355
1771340 351
1771350 351
1771360 347
1771370 344
1771380 344
1771390 342
1771400 346
1771410 346
1771420 349
1771430 352
1771440 352
1771450 354
1771460 355
1771470 355
1771480 355
1771490 355
1771500 355
1771510 353
1771520 355
1771530 357
1771540 357
1771550 359
1771560 360
1771570 360
1771580 360
1771590 361
1771600 361
1771610 362
1771620 362
1771630 362
1771640 361
1771650 357
1771660 357
1771670 355
1771680 357
1771690 357
1771700 362
1771710 367
1771720 373
1771730 373
1771740 376
1771750 377
1771760 377
1771770 380
1771780 381
1771790 381
1771800 383
1771810 382
1771820 382
1771830 384
1771840 384
1771850 384
1771860 384
1771870 385
1771880 385
1771890 385
1771900 383
1771910 382
1771920 382
1771930 384
1771940 386
1771950 386
1771960 387
1771970 389
1771980 389
1771990 390
1772000 390
1772010 390
1772020 390
1772030 390
1772040 390
1772050 391
1772060 391
1772070 391
1772080 391
1772090 391
1772100 389
1772110 389
1772120 389
1772130 387
1772140 387
1772150 384
1772160 382
1772170 382
1772180 378
1772190 373
1772200 373
1772210 368
1772220 362
1772230 362
1772240 356
1772250 351
1772260 351
1772270 346
1772280 339
1772290 338
1772300 338
1772310 340
1772320 346
1772330 346
1772340 352
1772350 360
1772360 360
1772370 367
1772380 375
1772390 375
1772400 381
1772410 387
1772420 387
1772430 393
1772440 397
1772450 399
1772460 399
1772470 400
1772480 399
1772490 399
1772500 399
1772510 399
1772520 399
1772530 399
1772540 399
1772550 399
1772560 399
1772570 399
1772580 399
1772590 401
1772600 402
1772610 402
1772620 402
1772630 403
1772640 403
1772650 403
1772660 403
1772670 402
1772680 402
1772690 400
1772700 396
1772710 396
1772720 393
1772730 388
1772740 388
1772750 384
1772760 379
1772770 379
1772780 375
1772790 373
1772800 373
1772810 372
1772820 371
1772830 367
1772840 367
1772850 368
1772860 373
1772870 373
1772880 375
1772890 374
1772900 374
1772910 372
1772920 371
1772930 371
1772940 369
1772950 368
1772960 368
1772970 366
1772980 365
1772990 365
1773000 363
1773010 362
1773020 361
1773030 361
1773040 361
1773050 360
1773060 360
1773070 362
1773080 362
1773090 362
1773100 363
1773110 365
1773120 365
1773130 367
1773140 370
1773150 370
1773160 372
1773170 374
1773180 374
1773190 375
1773200 376
1773210 376
1773220 376
1773230 375
1773240 375
1773250 375
1773260 374
1773270 373
1773280 373
1773290 371
1773300 369
1773310 369
1773320 366
1773330 364
1773340 364
1773350 362
1773360 360
1773370 360
1773380 358
1773390 356
1773400 353
1773410 353
1773420 350
1773430 348
1773440 348
1773450 344
1773460 340
1773470 340
1773480 336
1773490 333
1773500 333
1773510 330
1773520 327
1773530 327
1773540 326
1773550 324
1773560 324
1773570 327
1773580 331
1773590 336
1773600 336
1773610 340
1773620 344
1773630 344
1773640 345
1773650 346
1773660 346
1773670 346
1773680 347
1773690 347
1773700 347
1773710 347
1773720 347
1773730 353
1773740 357
1773750 357
1773760 360
1773770 364
1773780 365
1773790 365
1773800 371
1773810 372
1773820 372
1773830 376
1773840 376
1773850 376
1773860 378
1773870 378
1773880 378
1773890 379
1773900 378
1773910 378
1773920 377
1773930 377
1773940 377
1773950 375
1773960 374
1773970 372
1773980 372
1773990 370
1774000 369
1774010 369
1774020 367
1774030 365
1774040 365
1774050 363
1774060 363
1774070 363
1774080 363
1774090 361
1774100 361
1774110 360
1774120 359
1774130 359
1774140 358
1774150 357
1774160 356
1774170 356
1774180 355
1774190 353
1774200 353
1774210 353
1774220 351
1774230 351
1774240 349
1774250 347
1774260 347
1774270 344
1774280 342
1774290 342
1774300 340
1774310 338
1774320 338
1774330 335
1774340 333
1774350 333
1774360 333
1774370 334
1774380 336
1774390 336
1774400 338
1774410 337
1774420 337
1774430 333
1774440 328
1774450 328
1774460 324
1774470 320
1774480 320
1774490 317
1774500 316
1774510 316
1774520 313
1774530 313
1774540 313
1774550 313
1774560 314
1774570 319
1774580 319
1774590 322
1774600 329
1774610 329
1774620 335
1774630 340
1774640 340
1774650 343
1774660 347
1774670 347
1774680 350
1774690 353
1774700 353
1774710 354
1774720 358
1774730 359
1774740 359
1774750 360
1774760 360
1774770 360
1774780 362
1774790 363
1774800 363
1774810 364
1774820 366
1774830 366
1774840 367
1774850 368
1774860 368
1774870 370
1774880 373
1774890 373
1774900 376
1774910 378
1774920 381
1774930 381
1774940 384
1774950 387
1774960 387
1774970 389
1774980 389
1774990 389
1775000 385
1775010 379
1775020 379
1775030 379
1775040 376
1775050 376
1775060 370
1775070 367
1775080 366
1775090 366
1775100 365
1775110 366
1775120 366
1775130 366
1775140 364
1775150 364
1775160 364
1775170 364
1775180 364
1775190 364
1775200 364
1775210 364
1775220 365
1775230 365
1775240 365
1775250 365
1775260 364
1775270 363
1775280 363
1775290 363
1775300 363
1775310 363
1775320 362
1775330 362
1775340 362
1775350 362
1775360 362
1775370 362
1775380 362
1775390 361
1775400 361
1775410 360
1775420 360
1775430 360
1775440 359
1775450 358
1775460 357
1775470 357
1775480 356
1775490 355
1775500 355
1775510 354
1775520 353
1775530 353
1775540 351
1775550 350
1775560 350
1775570 348
1775580 347
1775590 347
1775600 346
1775610 346
1775620 346
1775630 345
1775640 345
1775650 344
1775660 344
1775670 343
1775680 342
1775690 342
1775700 340
1775710 339
1775720 339
1775730 337
1775740 335
1775750 335
1775760 334
1775770 333
1775780 333
1775790 332
1775800 330
1775810 330
1775820 329
1775830 328
1775840 327
1775850 327
1775860 326
1775870 323
1775880 323
1775890 320
1775900 319
1775910 319
1775920 318
1775930 318
1775940 318
1775950 317
1775960 316
1775970 316
1775980 314
1775990 312
1776000 312
1776010 311
1776020 310
1776030 309
1776040 309
1776050 308
1776060 306
1776070 306
1776080 304
1776090 302
1776100 302
1776110 300
1776120 300
1776130 300
1776140 299
1776150 298
1776160 298
1776170 298
1776180 298
1776190 298
1776200 298
1776210 296
1776220 294
1776230 294
1776240 294
1776250 294
1776260 294
1776270 293
1776280 293
1776290 293
1776300 293
1776310 295
1776320 295
1776330 299
1776340 304
1776350 304
1776360 310
1776370 312
1776380 312
1776390 314
1776400 315
1776410 317
1776420 317
1776430 318
1776440 321
1776450 321
1776460 322
1776470 324
1776480 324
1776490 326
1776500 328
1776510 328
1776520 330
1776530 331
1776540 331
1776550 332
1776560 333
1776570 333
1776580 333
1776590 334
1776600 337
1776610 337
1776620 341
1776630 344
1776640 344
1776650 348
1776660 349
1776670 349
1776680 349
1776690 348
1776700 348
1776710 345
1776720 346
1776730 346
1776740 348
1776750 349
1776760 349
1776770 350
1776780 350
1776790 351
1776800 351
1776810 351
1776820 353
1776830 353
1776840 354
1776850 355
1776860 355
1776870 357
1776880 358
1776890 358
1776900 358
1776910 358
1776920 358
1776930 357
1776940 357
1776950 357
1776960 357
1776970 355
1776980 354
1776990 354
1777000 351
1777010 347
1777020 347
1777030 346
1777040 345
1777050 345
1777060 343
1777070 342
1777080 342
1777090 340
1777100 339
1777110 339
1777120 335
1777130 333
1777140 333
1777150 331
1777160 330
1777170 328
1777180 328
1777190 326
1777200 324
1777210 324
1777220 321
1777230 318
1777240 318
1777250 315
1777260 314
1777270 314
1777280 312
1777290 310
1777300 310
1777310 309
1777320 307
1777330 307
1777340 306
1777350 306
1777360 305
1777370 305
1777380 304
1777390 304
1777400 304
1777410 303
1777420 303
1777430 303
1777440 302
1777450 301
1777460 301
1777470 301
1777480 300
1777490 300
1777500 300
1777510 300
1777520 300
1777530 300
1777540 300
1777550 300
1777560 300
1777570 300
1777580 299
1777590 299
1777600 299
1777610 298
1777620 298
1777630 297
1777640 296
1777650 296
1777660 295
1777670 294
1777680 294
1777690 294
1777700 293
1777710 293
1777720 293
1777730 293
1777740 293
1777750 293
1777760 293
1777770 294
1777780 294
1777790 294
1777800 295
1777810 295
1777820 298
1777830 305
1777840 305
1777850 308
1777860 309
1777870 309
1777880 310
1777890 308
1777900 304
1777910 304
1777920 300
1777930 298
1777940 298
1777950 296
1777960 295
1777970 295
1777980 294
1777990 293
1778000 293
1778010 292
1778020 292
1778030 292
1778040 290
1778050 292
1778060 292
1778070 294
1778080 294
1778090 294
1778100 294
1778110 295
1778120 295
1778130 295
1778140 295
1778150 293
1778160 293
1778170 292
1778180 292
1778190 292
1778200 292
1778210 292
1778220 292
1778230 292
1778240 292
1778250 292
1778260 292
1778270 294
1778280 294
1778290 294
1778300 295
1778310 296
1778320 296
1778330 297
1778340 299
1778350 299
1778360 300
1778370 301
1778380 301
1778390 301
1778400 303
1778410 303
1778420 303
1778430 304
1778440 304
1778450 305
1778460 306
1778470 308
1778480 308
1778490 311
1778500 314
1778510 314
1778520 320
1778530 324
1778540 324
1778550 329
1778560 333
1778570 333
1778580 335
1778590 337
1778600 337
1778610 341
1778620 344
1778630 344
1778640 348
1778650 350
1778660 355
1778670 355
1778680 361
1778690 363
1778700 363
1778710 365
1778720 370
1778730 370
1778740 372
1778750 372
1778760 372
1778770 371
1778780 368
1778790 368
1778800 366
1778810 364
1778820 364
1778830 362
1778840 360
1778850 358
1778860 358
1778870 357
1778880 356
1778890 356
1778900 353
1778910 347
1778920 347
1778930 339
1778940 339
1778950 339
1778960 337
1778970 336
1778980 336
1778990 335
1779000 334
1779010 334
1779020 331
1779030 328
1779040 326
1779050 326
1779060 324
1779070 321
1779080 321
1779090 318
1779100 316
1779110 316
1779120 314
1779130 313
1779140 313
1779150 311
1779160 310
1779170 310
1779180 309
1779190 308
1779200 308
1779210 308
1779220 307
1779230 306
1779240 306
1779250 306
1779260 305
1779270 305
1779280 304
1779290 304
1779300 304
1779310 303
1779320 302
1779330 302
1779340 301
1779350 300
1779360 300
1779370 300
1779380 299
1779390 299
1779400 298
1779410 297
1779420 297
1779430 297
1779440 296
1779450 295
1779460 295
1779470 294
1779480 293
1779490 293
1779500 292
1779510 290
1779520 290
1779530 289
1779540 288
1779550 288
1779560 287
1779570 286
1779580 286
1779590 286
1779600 286
1779610 287
1779620 287
1779630 287
1779640 287
1779650 287
1779660 288
1779670 288
1779680 288
1779690 288
1779700 289
1779710 289
1779720 289
1779730 288
1779740 288
1779750 288
1779760 289
1779770 289
1779780 290
1779790 291
1779800 292
1779810 292
1779820 294
1779830 297
1779840 297
1779850 300
1779860 303
1779870 303
1779880 306
1779890 308
1779900 308
1779910 310
1779920 314
1779930 314
1779940 315
1779950 316
1779960 316
1779970 319
1779980 323
1779990 325
