1700000 332
1700010 332
1700020 332
1700030 332
1700040 332
1700050 332
1700060 332
1700070 332
1700080 332
1700090 331
1700100 331
1700110 329
1700120 329
1700130 329
1700140 331
1700150 331
1700160 331
1700170 331
1700180 331
1700190 331
1700200 331
1700210 330
1700220 330
1700230 330
1700240 330
1700250 330
1700260 330
1700270 330
1700280 329
1700290 329
1700300 329
1700310 329
1700320 329
1700330 329
1700340 329
1700350 329
1700360 328
1700370 328
1700380 328
1700390 328
1700400 328
1700410 327
1700420 327
1700430 329
1700440 328
1700450 328
1700460 329
1700470 329
1700480 329
1700490 329
1700500 329
1700510 329
1700520 329
1700530 330
1700540 330
1700550 330
1700560 330
1700570 330
1700580 329
1700590 330
1700600 329
1700610 329
1700620 329
1700630 329
1700640 329
1700650 329
1700660 329
1700670 329
1700680 329
1700690 330
1700700 330
1700710 331
1700720 334
1700730 334
1700740 334
1700750 336
1700760 336
1700770 335
1700780 335
1700790 333
1700800 333
1700810 331
1700820 332
1700830 332
1700840 333
1700850 334
1700860 334
1700870 333
1700880 332
1700890 332
1700900 332
1700910 333
1700920 333
1700930 336
1700940 341
1700950 341
1700960 344
1700970 350
1700980 351
1700990 351
1701000 351
1701010 352
1701020 352
1701030 352
1701040 351
1701050 351
1701060 348
1701070 347
1701080 347
1701090 347
1701100 347
1701110 347
1701120 347
1701130 345
1701140 345
1701150 344
1701160 344
1701170 341
1701180 341
1701190 342
1701200 342
1701210 342
1701220 343
1701230 344
1701240 344
1701250 345
1701260 346
1701270 346
1701280 348
1701290 350
1701300 350
1701310 351
1701320 353
1701330 353
1701340 354
1701350 355
1701360 356
1701370 356
1701380 357
1701390 358
1701400 358
1701410 359
1701420 359
1701430 359
1701440 360
1701450 361
1701460 361
1701470 362
1701480 363
1701490 363
1701500 363
1701510 363
1701520 363
1701530 363
1701540 363
1701550 363
1701560 363
1701570 363
1701580 363
1701590 363
1701600 363
1701610 363
1701620 363
1701630 363
1701640 362
1701650 362
1701660 362
1701670 362
1701680 362
1701690 362
1701700 361
1701710 361
1701720 361
1701730 360
1701740 360
1701750 360
1701760 359
1701770 359
1701780 359
1701790 359
1701800 358
1701810 358
1701820 358
1701830 357
1701840 357
1701850 356
1701860 354
1701870 354
1701880 353
1701890 351
1701900 351
1701910 350
1701920 348
1701930 346
1701940 346
1701950 345
1701960 342
1701970 342
1701980 340
1701990 339
1702000 339
1702010 337
1702020 335
1702030 335
1702040 334
1702050 334
1702060 334
1702070 333
1702080 332
1702090 332
1702100 331
1702110 330
1702120 328
1702130 328
1702140 327
1702150 326
1702160 326
1702170 325
1702180 324
1702190 324
1702200 322
1702210 322
1702220 322
1702230 321
1702240 320
1702250 320
1702260 319
1702270 318
1702280 318
1702290 317
1702300 316
1702310 316
1702320 316
1702330 316
1702340 316
1702350 316
1702360 316
1702370 316
1702380 316
1702390 316
1702400 316
1702410 316
1702420 315
1702430 312
1702440 312
1702450 316
1702460 316
1702470 316
1702480 316
1702490 316
1702500 316
1702510 316
1702520 316
1702530 316
1702540 316
1702550 316
1702560 316
1702570 316
1702580 317
1702590 318
1702600 318
1702610 319
1702620 320
1702630 320
1702640 321
1702650 322
1702660 322
1702670 322
1702680 322
1702690 322
1702700 322
1702710 323
1702720 324
1702730 324
1702740 324
1702750 325
1702760 325
1702770 326
1702780 327
1702790 327
1702800 327
1702810 327
1702820 327
1702830 327
1702840 327
1702850 327
1702860 327
1702870 327
1702880 327
1702890 327
1702900 326
1702910 325
1702920 325
1702930 324
1702940 324
1702950 324
1702960 325
1702970 327
1702980 327
1702990 329
1703000 330
1703010 330
1703020 331
1703030 333
1703040 333
1703050 335
1703060 337
1703070 339
1703080 339
1703090 340
1703100 341
1703110 341
1703120 342
1703130 344
1703140 344
1703150 346
1703160 347
1703170 347
1703180 349
1703190 350
1703200 350
1703210 351
1703220 352
1703230 352
1703240 352
1703250 352
1703260 350
1703270 350
1703280 346
1703290 344
1703300 344
1703310 342
1703320 339
1703330 339
1703340 337
1703350 335
1703360 335
1703370 333
1703380 332
1703390 332
1703400 331
1703410 329
1703420 329
1703430 327
1703440 324
1703450 321
1703460 321
1703470 319
1703480 318
1703490 318
1703500 318
1703510 318
1703520 318
1703530 318
1703540 318
1703550 318
1703560 319
1703570 320
1703580 320
1703590 320
1703600 321
1703610 322
1703620 322
1703630 323
1703640 325
1703650 325
1703660 326
1703670 327
1703680 327
1703690 328
1703700 329
1703710 329
1703720 330
1703730 330
1703740 330
1703750 333
1703760 335
1703770 335
1703780 336
1703790 338
1703800 339
1703810 339
1703820 342
1703830 345
1703840 345
1703850 347
1703860 351
1703870 351
1703880 352
1703890 353
1703900 353
1703910 353
1703920 355
1703930 355
1703940 359
1703950 361
1703960 361
1703970 363
1703980 364
1703990 366
1704000 366
1704010 369
1704020 370
1704030 370
1704040 370
1704050 368
1704060 368
1704070 365
1704080 363
1704090 363
1704100 361
1704110 359
1704120 359
1704130 358
1704140 356
1704150 356
1704160 352
1704170 349
1704180 347
1704190 347
1704200 345
1704210 342
1704220 342
1704230 339
1704240 338
1704250 338
1704260 336
1704270 335
1704280 335
1704290 333
1704300 331
1704310 331
1704320 329
1704330 328
1704340 328
1704350 327
1704360 325
1704370 324
1704380 324
1704390 324
1704400 328
1704410 328
1704420 331
1704430 334
1704440 334
1704450 335
1704460 338
1704470 338
1704480 340
1704490 343
1704500 343
1704510 345
1704520 347
1704530 347
1704540 350
1704550 352
1704560 355
1704570 355
1704580 357
1704590 359
1704600 359
1704610 360
1704620 362
1704630 362
1704640 364
1704650 366
1704660 366
1704670 368
1704680 371
1704690 371
1704700 373
1704710 374
1704720 374
1704730 375
1704740 377
1704750 377
1704760 377
1704770 378
1704780 379
1704790 379
1704800 380
1704810 382
1704820 382
1704830 384
1704840 386
1704850 386
1704860 388
1704870 390
1704880 390
1704890 391
1704900 393
1704910 393
1704920 396
1704930 398
1704940 400
1704950 400
1704960 402
1704970 403
1704980 403
1704990 405
1705000 406
1705010 406
1705020 406
1705030 406
1705040 406
1705050 405
1705060 405
1705070 405
1705080 403
1705090 399
1705100 399
1705110 395
1705120 392
1705130 390
1705140 390
1705150 390
1705160 388
1705170 388
1705180 387
1705190 385
1705200 385
1705210 383
1705220 380
1705230 380
1705240 376
1705250 373
1705260 373
1705270 373
1705280 372
1705290 372
1705300 370
1705310 369
1705320 369
1705330 369
1705340 368
1705350 366
1705360 366
1705370 361
1705380 356
1705390 356
1705400 355
1705410 356
1705420 356
1705430 359
1705440 362
1705450 362
1705460 366
1705470 368
1705480 368
1705490 369
1705500 371
1705510 374
1705520 374
1705530 376
1705540 378
1705550 378
1705560 380
1705570 384
1705580 384
1705590 386
1705600 389
1705610 389
1705620 392
1705630 393
1705640 393
1705650 393
1705660 391
1705670 391
1705680 387
1705690 383
1705700 381
1705710 381
1705720 376
1705730 372
1705740 372
1705750 371
1705760 370
1705770 370
1705780 368
1705790 367
1705800 367
1705810 365
1705820 364
1705830 364
1705840 366
1705850 368
1705860 368
1705870 370
1705880 372
1705890 375
1705900 375
1705910 377
1705920 378
1705930 378
1705940 380
1705950 381
1705960 381
1705970 383
1705980 385
1705990 385
1706000 387
1706010 389
1706020 389
1706030 392
1706040 394
1706050 394
1706060 397
1706070 397
1706080 395
1706090 395
1706100 394
1706110 392
1706120 392
1706130 391
1706140 390
1706150 390
1706160 389
1706170 388
1706180 388
1706190 387
1706200 386
1706210 386
1706220 385
1706230 384
1706240 384
1706250 384
1706260 386
1706270 387
1706280 387
1706290 389
1706300 389
1706310 389
1706320 391
1706330 393
1706340 393
1706350 394
1706360 396
1706370 396
1706380 398
1706390 400
1706400 400
1706410 402
1706420 405
1706430 405
1706440 406
1706450 406
1706460 406
1706470 406
1706480 405
1706490 404
1706500 404
1706510 402
1706520 402
1706530 402
1706540 401
1706550 400
1706560 400
1706570 399
1706580 397
1706590 397
1706600 395
1706610 393
1706620 393
1706630 390
1706640 387
1706650 384
1706660 384
1706670 379
1706680 375
1706690 375
1706700 373
1706710 372
1706720 372
1706730 371
1706740 371
1706750 371
1706760 371
1706770 367
1706780 367
1706790 366
1706800 363
1706810 363
1706820 362
1706830 361
1706840 360
1706850 360
1706860 359
1706870 357
1706880 357
1706890 357
1706900 354
1706910 354
1706920 352
1706930 352
1706940 352
1706950 350
1706960 348
1706970 348
1706980 348
1706990 348
1707000 348
1707010 346
1707020 345
1707030 343
1707040 343
1707050 342
1707060 340
1707070 340
1707080 338
1707090 336
1707100 336
1707110 335
1707120 335
1707130 335
1707140 336
1707150 339
1707160 339
1707170 340
1707180 342
1707190 342
1707200 344
1707210 347
1707220 350
1707230 350
1707240 351
1707250 352
1707260 352
1707270 354
1707280 356
1707290 356
1707300 357
1707310 359
1707320 359
1707330 359
1707340 358
1707350 358
1707360 356
1707370 354
1707380 354
1707390 351
1707400 349
1707410 346
1707420 346
1707430 343
1707440 342
1707450 342
1707460 341
1707470 340
1707480 340
1707490 339
1707500 336
1707510 336
1707520 333
1707530 333
1707540 333
1707550 332
1707560 332
1707570 332
1707580 332
1707590 327
1707600 327
1707610 327
1707620 328
1707630 327
1707640 327
1707650 326
1707660 324
1707670 324
1707680 324
1707690 323
1707700 323
1707710 320
1707720 318
1707730 318
1707740 316
1707750 315
1707760 315
1707770 314
1707780 313
1707790 312
1707800 312
1707810 312
1707820 311
1707830 311
1707840 311
1707850 311
1707860 311
1707870 311
1707880 311
1707890 311
1707900 311
1707910 311
1707920 311
1707930 310
1707940 308
1707950 308
1707960 310
1707970 310
1707980 311
1707990 311
1708000 311
1708010 311
1708020 311
1708030 311
1708040 311
1708050 311
1708060 311
1708070 311
1708080 311
1708090 311
1708100 311
1708110 311
1708120 311
1708130 311
1708140 311
1708150 311
1708160 312
1708170 312
1708180 312
1708190 314
1708200 315
1708210 315
1708220 317
1708230 319
1708240 319
1708250 320
1708260 321
1708270 321
1708280 323
1708290 324
1708300 324
1708310 326
1708320 328
1708330 328
1708340 330
1708350 332
1708360 334
1708370 334
1708380 337
1708390 339
1708400 339
1708410 341
1708420 343
1708430 343
1708440 346
1708450 348
1708460 348
1708470 349
1708480 351
1708490 351
1708500 353
1708510 355
1708520 355
1708530 356
1708540 358
1708550 359
1708560 359
1708570 361
1708580 362
1708590 362
1708600 364
1708610 366
1708620 366
1708630 366
1708640 365
1708650 365
1708660 362
1708670 358
1708680 358
1708690 354
1708700 350
1708710 350
1708720 347
1708730 343
1708740 340
1708750 340
1708760 337
1708770 334
1708780 334
1708790 332
1708800 332
1708810 332
1708820 332
1708830 334
1708840 334
1708850 336
1708860 338
1708870 338
1708880 340
1708890 341
1708900 341
1708910 343
1708920 346
1708930 350
1708940 350
1708950 354
1708960 357
1708970 357
1708980 359
1708990 360
1709000 360
1709010 362
1709020 363
1709030 363
1709040 365
1709050 367
1709060 367
1709070 368
1709080 371
1709090 371
1709100 374
1709110 377
1709120 378
1709130 378
1709140 381
1709150 384
1709160 384
1709170 384
1709180 384
1709190 384
1709200 384
1709210 384
1709220 384
1709230 383
1709240 383
1709250 383
1709260 382
1709270 381
1709280 381
1709290 381
1709300 379
1709310 378
1709320 378
1709330 374
1709340 374
1709350 374
1709360 372
1709370 368
1709380 368
1709390 368
1709400 367
1709410 367
1709420 363
1709430 359
1709440 359
1709450 363
1709460 359
1709470 359
1709480 362
1709490 362
1709500 362
1709510 362
1709520 362
1709530 362
1709540 362
1709550 362
1709560 362
1709570 362
1709580 362
1709590 362
1709600 362
1709610 362
1709620 363
1709630 363
1709640 363
1709650 363
1709660 363
1709670 363
1709680 362
1709690 362
1709700 362
1709710 361
1709720 360
1709730 360
1709740 359
1709750 358
1709760 358
1709770 356
1709780 355
1709790 355
1709800 354
1709810 352
1709820 352
1709830 350
1709840 347
1709850 347
1709860 343
1709870 340
1709880 338
1709890 338
1709900 334
1709910 329
1709920 329
1709930 325
1709940 324
1709950 324
1709960 322
1709970 322
1709980 322
1709990 324
1710000 325
1710010 325
1710020 322
1710030 320
1710040 320
1710050 319
1710060 318
1710070 317
1710080 317
1710090 316
1710100 315
1710110 315
1710120 314
1710130 313
1710140 313
1710150 312
1710160 313
1710170 313
1710180 311
1710190 310
1710200 310
1710210 310
1710220 310
1710230 310
1710240 310
1710250 310
1710260 310
1710270 310
1710280 310
1710290 310
1710300 310
1710310 311
1710320 311
1710330 311
1710340 312
1710350 313
1710360 313
1710370 314
1710380 316
1710390 316
1710400 319
1710410 321
1710420 321
1710430 323
1710440 323
1710450 323
1710460 323
1710470 324
1710480 324
1710490 324
1710500 325
1710510 325
1710520 325
1710530 326
1710540 328
1710550 328
1710560 331
1710570 333
1710580 333
1710590 335
1710600 336
1710610 336
1710620 339
1710630 340
1710640 342
1710650 342
1710660 344
1710670 346
1710680 346
1710690 349
1710700 352
1710710 352
1710720 354
1710730 356
1710740 356
1710750 359
1710760 361
1710770 361
1710780 364
1710790 367
1710800 367
1710810 370
1710820 373
1710830 373
1710840 373
1710850 374
1710860 373
1710870 373
1710880 373
1710890 368
1710900 368
1710910 363
1710920 359
1710930 359
1710940 355
1710950 351
1710960 351
1710970 350
1710980 349
1710990 349
1711000 347
1711010 344
1711020 341
1711030 341
1711040 339
1711050 339
1711060 339
1711070 335
1711080 331
1711090 331
1711100 329
1711110 328
1711120 328
1711130 327
1711140 326
1711150 326
1711160 325
1711170 324
1711180 324
1711190 323
1711200 323
1711210 322
1711220 322
1711230 321
1711240 321
1711250 321
1711260 322
1711270 323
1711280 323
1711290 324
1711300 326
1711310 326
1711320 328
1711330 330
1711340 330
1711350 333
1711360 336
1711370 336
1711380 339
1711390 343
1711400 346
1711410 346
1711420 349
1711430 352
1711440 352
1711450 356
1711460 360
1711470 360
1711480 361
1711490 362
1711500 362
1711510 362
1711520 359
1711530 359
1711540 355
1711550 351
1711560 351
1711570 349
1711580 346
1711590 343
1711600 343
1711610 338
1711620 333
1711630 333
1711640 328
1711650 325
1711660 325
1711670 324
1711680 323
1711690 323
1711700 322
1711710 322
1711720 322
1711730 322
1711740 324
1711750 324
1711760 326
1711770 329
1711780 332
1711790 332
1711800 336
1711810 339
1711820 339
1711830 343
1711840 346
1711850 346
1711860 349
1711870 352
1711880 352
1711890 355
1711900 359
1711910 359
1711920 361
1711930 363
1711940 363
1711950 364
1711960 364
1711970 363
1711980 363
1711990 364
1712000 366
1712010 366
1712020 369
1712030 372
1712040 372
1712050 374
1712060 378
1712070 378
1712080 381
1712090 384
1712100 384
1712110 388
1712120 390
1712130 390
1712140 392
1712150 391
1712160 390
1712170 390
1712180 388
1712190 386
1712200 386
1712210 385
1712220 383
1712230 383
1712240 383
1712250 382
1712260 382
1712270 380
1712280 379
1712290 379
1712300 374
1712310 368
1712320 368
1712330 361
1712340 355
1712350 353
1712360 353
1712370 355
1712380 356
1712390 356
1712400 353
1712410 356
1712420 356
1712430 361
1712440 361
1712450 361
1712460 360
1712470 358
1712480 358
1712490 357
1712500 352
1712510 352
1712520 353
1712530 353
1712540 353
1712550 353
1712560 350
1712570 348
1712580 348
1712590 345
1712600 339
1712610 339
1712620 337
1712630 339
1712640 339
1712650 342
1712660 341
1712670 341
1712680 340
1712690 342
1712700 342
1712710 342
1712720 341
1712730 338
1712740 338
1712750 340
1712760 339
1712770 339
1712780 338
1712790 339
1712800 339
1712810 339
1712820 338
1712830 338
1712840 338
1712850 338
1712860 338
1712870 337
1712880 337
1712890 333
1712900 333
1712910 336
1712920 336
1712930 336
1712940 334
1712950 336
1712960 336
1712970 334
1712980 331
1712990 331
1713000 331
1713010 331
1713020 331
1713030 331
1713040 332
1713050 332
1713060 334
1713070 338
1713080 341
1713090 341
1713100 344
1713110 346
1713120 346
1713130 349
1713140 351
1713150 351
1713160 354
1713170 356
1713180 356
1713190 358
1713200 359
1713210 359
1713220 361
1713230 362
1713240 362
1713250 364
1713260 366
1713270 368
1713280 368
1713290 370
1713300 372
1713310 372
1713320 373
1713330 375
1713340 375
1713350 376
1713360 377
1713370 377
1713380 378
1713390 378
1713400 378
1713410 380
1713420 382
1713430 382
1713440 381
1713450 382
1713460 382
1713470 382
1713480 382
1713490 381
1713500 381
1713510 381
1713520 380
1713530 380
1713540 378
1713550 374
1713560 374
1713570 374
1713580 373
1713590 373
1713600 375
1713610 377
1713620 375
1713630 377
1713640 379
1713650 384
1713660 384
1713670 387
1713680 388
1713690 388
1713700 390
1713710 392
1713720 392
1713730 393
1713740 394
1713750 394
1713760 394
1713770 394
1713780 394
1713790 393
1713800 392
1713810 392
1713820 391
1713830 389
1713840 385
1713850 385
1713860 380
1713870 381
1713880 381
1713890 379
1713900 380
1713910 380
1713920 378
1713930 379
1713940 379
1713950 379
1713960 377
1713970 377
1713980 377
1713990 377
1714000 377
1714010 376
1714020 375
1714030 371
1714040 371
1714050 364
1714060 359
1714070 359
1714080 360
1714090 367
1714100 367
1714110 371
1714120 373
1714130 373
1714140 375
1714150 380
1714160 380
1714170 383
1714180 386
1714190 386
1714200 388
1714210 390
1714220 393
1714230 393
1714240 395
1714250 398
1714260 398
1714270 402
1714280 403
1714290 403
1714300 404
1714310 404
1714320 404
1714330 406
1714340 404
1714350 404
1714360 402
1714370 402
1714380 402
1714390 399
1714400 393
1714410 391
1714420 391
1714430 387
1714440 381
1714450 381
1714460 379
1714470 374
1714480 374
1714490 369
1714500 365
1714510 365
1714520 360
1714530 360
1714540 360
1714550 365
1714560 369
1714570 369
1714580 365
1714590 358
1714600 356
1714610 356
1714620 361
1714630 358
1714640 358
1714650 355
1714660 348
1714670 348
1714680 344
1714690 344
1714700 344
1714710 347
1714720 347
1714730 347
1714740 345
1714750 342
1714760 342
1714770 341
1714780 340
1714790 340
1714800 340
1714810 340
1714820 339
1714830 339
1714840 339
1714850 338
1714860 338
1714870 338
1714880 338
1714890 338
1714900 337
1714910 337
1714920 337
1714930 337
1714940 337
1714950 337
1714960 336
1714970 335
1714980 333
1714990 333
1715000 330
1715010 329
1715020 329
1715030 326
1715040 326
1715050 326
1715060 327
1715070 327
1715080 327
1715090 325
1715100 324
1715110 324
1715120 323
1715130 323
1715140 323
1715150 322
1715160 322
1715170 321
1715180 321
1715190 321
1715200 320
1715210 320
1715220 320
1715230 319
1715240 319
1715250 318
1715260 318
1715270 318
1715280 318
1715290 318
1715300 318
1715310 319
1715320 319
1715330 319
1715340 319
1715350 319
1715360 319
1715370 319
1715380 319
1715390 319
1715400 319
1715410 319
1715420 319
1715430 319
1715440 319
1715450 319
1715460 319
1715470 319
1715480 319
1715490 319
1715500 318
1715510 318
1715520 318
1715530 317
1715540 316
1715550 315
1715560 315
1715570 312
1715580 309
1715590 309
1715600 307
1715610 307
1715620 307
1715630 307
1715640 307
1715650 307
1715660 308
1715670 308
1715680 308
1715690 308
1715700 308
1715710 308
1715720 308
1715730 307
1715740 307
1715750 307
1715760 307
1715770 307
1715780 307
1715790 307
1715800 307
1715810 307
1715820 307
1715830 307
1715840 307
1715850 307
1715860 307
1715870 307
1715880 307
1715890 307
1715900 307
1715910 307
1715920 307
1715930 307
1715940 307
1715950 307
1715960 307
1715970 307
1715980 307
1715990 307
1716000 307
1716010 307
1716020 308
1716030 308
1716040 308
1716050 308
1716060 308
1716070 308
1716080 305
1716090 305
1716100 305
1716110 308
1716120 308
1716130 308
1716140 308
1716150 308
1716160 308
1716170 307
1716180 307
1716190 307
1716200 307
1716210 307
1716220 307
1716230 308
1716240 308
1716250 308
1716260 308
1716270 308
1716280 308
1716290 308
1716300 308
1716310 307
1716320 307
1716330 307
1716340 307
1716350 307
1716360 307
1716370 307
1716380 307
1716390 307
1716400 307
1716410 307
1716420 307
1716430 307
1716440 307
1716450 307
1716460 307
1716470 307
1716480 307
1716490 307
1716500 307
1716510 307
1716520 307
1716530 307
1716540 307
1716550 307
1716560 307
1716570 307
1716580 307
1716590 307
1716600 307
1716610 307
1716620 307
1716630 307
1716640 307
1716650 307
1716660 307
1716670 307
1716680 307
1716690 307
1716700 307
1716710 307
1716720 307
1716730 307
1716740 307
1716750 307
1716760 307
1716770 307
1716780 307
1716790 307
1716800 307
1716810 307
1716820 307
1716830 307
1716840 307
1716850 307
1716860 307
1716870 307
1716880 307
1716890 307
1716900 307
1716910 307
1716920 307
1716930 307
1716940 307
1716950 307
1716960 306
1716970 306
1716980 306
1716990 307
1717000 307
1717010 307
1717020 307
1717030 306
1717040 306
1717050 306
1717060 306
1717070 306
1717080 306
1717090 306
1717100 306
1717110 306
1717120 306
1717130 306
1717140 306
1717150 306
1717160 307
1717170 307
1717180 307
1717190 306
1717200 306
1717210 306
1717220 306
1717230 306
1717240 306
1717250 306
1717260 306
1717270 306
1717280 306
1717290 306
1717300 306
1717310 307
1717320 307
1717330 307
1717340 307
1717350 307
1717360 307
1717370 307
1717380 307
1717390 307
1717400 306
1717410 306
1717420 306
1717430 306
1717440 306
1717450 306
1717460 306
1717470 306
1717480 306
1717490 306
1717500 306
1717510 306
1717520 306
1717530 307
1717540 307
1717550 307
1717560 307
1717570 307
1717580 307
1717590 306
1717600 307
1717610 307
1717620 307
1717630 306
1717640 306
1717650 306
1717660 306
1717670 306
1717680 306
1717690 306
1717700 306
1717710 306
1717720 306
1717730 306
1717740 306
1717750 306
1717760 306
1717770 306
1717780 306
1717790 306
1717800 306
1717810 306
1717820 306
1717830 306
1717840 306
1717850 306
1717860 306
1717870 306
1717880 306
1717890 306
1717900 306
1717910 306
1717920 306
1717930 306
1717940 306
1717950 306
1717960 306
1717970 305
1717980 306
1717990 306
1718000 306
1718010 305
1718020 305
1718030 305
1718040 305
1718050 305
1718060 305
1718070 305
1718080 306
1718090 306
1718100 306
1718110 305
1718120 305
1718130 305
1718140 305
1718150 305
1718160 305
1718170 305
1718180 305
1718190 305
1718200 305
1718210 305
1718220 305
1718230 305
1718240 305
1718250 305
1718260 305
1718270 305
1718280 305
1718290 305
1718300 305
1718310 305
1718320 305
1718330 305
1718340 305
1718350 306
1718360 304
1718370 304
1718380 305
1718390 305
1718400 305
1718410 305
1718420 305
1718430 305
1718440 305
1718450 305
1718460 305
1718470 305
1718480 305
1718490 305
1718500 305
1718510 305
1718520 305
1718530 305
1718540 305
1718550 305
1718560 305
1718570 305
1718580 305
1718590 305
1718600 305
1718610 305
1718620 305
1718630 305
1718640 305
1718650 305
1718660 305
1718670 305
1718680 305
1718690 305
1718700 305
1718710 305
1718720 305
1718730 305
1718740 305
1718750 305
1718760 305
1718770 305
1718780 305
1718790 305
1718800 305
1718810 305
1718820 305
1718830 305
1718840 305
1718850 305
1718860 305
1718870 305
1718880 305
1718890 305
1718900 305
1718910 305
1718920 305
1718930 305
1718940 305
1718950 305
1718960 305
1718970 305
1718980 305
1718990 305
1719000 305
1719010 305
1719020 305
1719030 304
1719040 304
1719050 305
1719060 306
1719070 306
1719080 305
1719090 310
1719100 312
1719110 310
1719120 306
1719130 306
1719140 285
1719150 280
1719160 279
1719170 279
1719180 279
1719190 280
1719200 280
1719210 279
1719220 279
1719230 279
1719240 279
1719250 279
1719260 279
1719270 279
1719280 279
1719290 279
1719300 279
1719310 279
1719320 279
1719330 279
1719340 280
1719350 279
1719360 279
1719370 280
1719380 286
1719390 286
1719400 287
1719410 289
1719420 289
1719430 296
1719440 313
1719450 313
1719460 316
1719470 323
1719480 323
1719490 323
1719500 323
1719510 323
1719520 323
1719530 323
1719540 323
1719550 323
1719560 323
1719570 320
1719580 320
1719590 321
1719600 317
1719610 317
1719620 317
1719630 320
1719640 320
1719650 318
1719660 316
1719670 316
1719680 317
1719690 318
1719700 318
1719710 318
1719720 320
1719730 321
1719740 321
1719750 321
1719760 321
1719770 321
1719780 322
1719790 322
1719800 322
1719810 322
1719820 322
1719830 322
1719840 321
1719850 321
1719860 321
1719870 320
1719880 319
1719890 319
1719900 318
1719910 317
1719920 316
1719930 316
1719940 316
1719950 315
1719960 315
1719970 315
1719980 314
1719990 314
