1700000 355
1700010 356
1700020 358
1700030 358
1700040 359
1700050 361
1700060 361
1700070 362
1700080 364
1700090 364
1700100 365
1700110 367
1700120 367
1700130 368
1700140 370
1700150 370
1700160 371
1700170 373
1700180 373
1700190 373
1700200 374
1700210 374
1700220 374
1700230 375
1700240 375
1700250 375
1700260 375
1700270 376
1700280 376
1700290 377
1700300 380
1700310 380
1700320 381
1700330 382
1700340 382
1700350 383
1700360 385
1700370 386
1700380 386
1700390 387
1700400 387
1700410 387
1700420 387
1700430 388
1700440 388
1700450 388
1700460 389
1700470 389
1700480 389
1700490 389
1700500 389
1700510 389
1700520 388
1700530 388
1700540 388
1700550 388
1700560 388
1700570 388
1700580 388
1700590 388
1700600 388
1700610 388
1700620 388
1700630 388
1700640 387
1700650 387
1700660 387
1700670 387
1700680 386
1700690 386
1700700 386
1700710 385
1700720 385
1700730 385
1700740 385
1700750 385
1700760 385
1700770 384
1700780 385
1700790 385
1700800 385
1700810 385
1700820 385
1700830 384
1700840 384
1700850 384
1700860 384
1700870 384
1700880 384
1700890 384
1700900 384
1700910 384
1700920 383
1700930 383
1700940 383
1700950 382
1700960 379
1700970 379
1700980 379
1700990 378
1701000 377
1701010 377
1701020 376
1701030 375
1701040 375
1701050 374
1701060 373
1701070 373
1701080 373
1701090 372
1701100 372
1701110 372
1701120 372
1701130 372
1701140 371
1701150 369
1701160 367
1701170 367
1701180 365
1701190 364
1701200 364
1701210 363
1701220 361
1701230 361
1701240 360
1701250 358
1701260 358
1701270 358
1701280 357
1701290 357
1701300 355
1701310 353
1701320 353
1701330 352
1701340 352
1701350 351
1701360 351
1701370 349
1701380 349
1701390 349
1701400 348
1701410 348
1701420 348
1701430 348
1701440 347
1701450 347
1701460 347
1701470 347
1701480 347
1701490 346
1701500 346
1701510 346
1701520 346
1701530 344
1701540 344
1701550 344
1701560 344
1701570 343
1701580 343
1701590 343
1701600 343
1701610 343
1701620 342
1701630 342
1701640 342
1701650 342
1701660 341
1701670 341
1701680 340
1701690 340
1701700 340
1701710 339
1701720 338
1701730 337
1701740 337
1701750 336
1701760 335
1701770 335
1701780 334
1701790 333
1701800 333
1701810 332
1701820 331
1701830 331
1701840 329
1701850 328
1701860 328
1701870 326
1701880 325
1701890 325
1701900 323
1701910 322
1701920 321
1701930 321
1701940 320
1701950 320
1701960 320
1701970 319
1701980 319
1701990 319
1702000 319
1702010 318
1702020 318
1702030 318
1702040 318
1702050 318
1702060 319
1702070 319
1702080 319
1702090 316
1702100 318
1702110 319
1702120 319
1702130 319
1702140 319
1702150 319
1702160 319
1702170 319
1702180 319
1702190 320
1702200 321
1702210 321
1702220 322
1702230 323
1702240 323
1702250 326
1702260 328
1702270 328
1702280 331
1702290 334
1702300 336
1702310 336
1702320 339
1702330 343
1702340 343
1702350 346
1702360 347
1702370 347
1702380 349
1702390 350
1702400 350
1702410 350
1702420 351
1702430 351
1702440 354
1702450 356
1702460 356
1702470 358
1702480 359
1702490 360
1702500 360
1702510 362
1702520 363
1702530 363
1702540 364
1702550 366
1702560 366
1702570 367
1702580 368
1702590 368
1702600 369
1702610 372
1702620 372
1702630 373
1702640 375
1702650 375
1702660 377
1702670 378
1702680 378
1702690 378
1702700 377
1702710 374
1702720 374
1702730 371
1702740 369
1702750 369
1702760 369
1702770 369
1702780 369
1702790 367
1702800 366
1702810 366
1702820 365
1702830 364
1702840 364
1702850 363
1702860 362
1702870 360
1702880 360
1702890 358
1702900 358
1702910 358
1702920 357
1702930 356
1702940 356
1702950 355
1702960 355
1702970 355
1702980 355
1702990 356
1703000 356
1703010 356
1703020 356
1703030 356
1703040 356
1703050 356
1703060 355
1703070 355
1703080 355
1703090 353
1703100 353
1703110 352
1703120 350
1703130 350
1703140 349
1703150 348
1703160 348
1703170 346
1703180 345
1703190 345
1703200 342
1703210 340
1703220 340
1703230 339
1703240 337
1703250 336
1703260 336
1703270 335
1703280 335
1703290 335
1703300 334
1703310 333
1703320 333
1703330 332
1703340 331
1703350 331
1703360 331
1703370 330
1703380 330
1703390 329
1703400 327
1703410 327
1703420 326
1703430 325
1703440 325
1703450 325
1703460 324
1703470 322
1703480 322
1703490 324
1703500 324
1703510 324
1703520 324
1703530 325
1703540 325
1703550 327
1703560 329
1703570 329
1703580 332
1703590 334
1703600 334
1703610 336
1703620 338
1703630 339
1703640 339
1703650 341
1703660 342
1703670 342
1703680 343
1703690 344
1703700 344
1703710 345
1703720 347
1703730 347
1703740 350
1703750 352
1703760 352
1703770 354
1703780 356
1703790 356
1703800 357
1703810 359
1703820 360
1703830 360
1703840 361
1703850 363
1703860 363
1703870 363
1703880 364
1703890 364
1703900 365
1703910 366
1703920 366
1703930 368
1703940 370
1703950 370
1703960 372
1703970 375
1703980 375
1703990 376
1704000 379
1704010 382
1704020 382
1704030 385
1704040 388
1704050 388
1704060 390
1704070 391
1704080 391
1704090 392
1704100 390
1704110 390
1704120 390
1704130 388
1704140 388
1704150 386
1704160 383
1704170 383
1704180 379
1704190 376
1704200 374
1704210 374
1704220 372
1704230 369
1704240 369
1704250 366
1704260 363
1704270 363
1704280 361
1704290 359
1704300 359
1704310 357
1704320 355
1704330 355
1704340 353
1704350 351
1704360 351
1704370 352
1704380 350
1704390 350
1704400 350
1704410 351
1704420 350
1704430 350
1704440 347
1704450 345
1704460 345
1704470 342
1704480 340
1704490 340
1704500 340
1704510 339
1704520 339
1704530 338
1704540 338
1704550 338
1704560 338
1704570 342
1704580 346
1704590 346
1704600 349
1704610 351
1704620 351
1704630 353
1704640 354
1704650 354
1704660 357
1704670 360
1704680 360
1704690 362
1704700 364
1704710 364
1704720 367
1704730 370
1704740 370
1704750 373
1704760 375
1704770 377
1704780 377
1704790 379
1704800 381
1704810 381
1704820 384
1704830 386
1704840 386
1704850 387
1704860 387
1704870 387
1704880 388
1704890 388
1704900 388
1704910 389
1704920 390
1704930 390
1704940 390
1704950 391
1704960 392
1704970 392
1704980 393
1704990 394
1705000 394
1705010 395
1705020 396
1705030 396
1705040 397
1705050 397
1705060 397
1705070 397
1705080 398
1705090 398
1705100 399
1705110 399
1705120 399
1705130 400
1705140 400
1705150 401
1705160 401
1705170 401
1705180 402
1705190 402
1705200 402
1705210 402
1705220 402
1705230 402
1705240 402
1705250 402
1705260 402
1705270 400
1705280 400
1705290 398
1705300 396
1705310 396
1705320 394
1705330 391
1705340 387
1705350 387
1705360 384
1705370 379
1705380 379
1705390 371
1705400 368
1705410 368
1705420 366
1705430 360
1705440 360
1705450 356
1705460 358
1705470 358
1705480 354
1705490 352
1705500 352
1705510 352
1705520 352
1705530 352
1705540 352
1705550 349
1705560 349
1705570 349
1705580 353
1705590 352
1705600 352
1705610 350
1705620 348
1705630 348
1705640 346
1705650 346
1705660 346
1705670 346
1705680 347
1705690 347
1705700 347
1705710 344
1705720 342
1705730 342
1705740 342
1705750 343
1705760 343
1705770 341
1705780 338
1705790 338
1705800 337
1705810 336
1705820 336
1705830 336
1705840 335
1705850 335
1705860 335
1705870 336
1705880 336
1705890 335
1705900 334
1705910 333
1705920 333
1705930 332
1705940 332
1705950 332
1705960 332
1705970 331
1705980 331
1705990 331
1706000 331
1706010 331
1706020 331
1706030 331
1706040 331
1706050 330
1706060 330
1706070 330
1706080 330
1706090 329
1706100 329
1706110 329
1706120 329
1706130 329
1706140 329
1706150 328
1706160 328
1706170 328
1706180 328
1706190 327
1706200 327
1706210 326
1706220 326
1706230 326
1706240 325
1706250 325
1706260 325
1706270 325
1706280 325
1706290 326
1706300 326
1706310 327
1706320 327
1706330 327
1706340 327
1706350 328
1706360 328
1706370 328
1706380 328
1706390 328
1706400 328
1706410 328
1706420 328
1706430 327
1706440 327
1706450 327
1706460 327
1706470 327
1706480 327
1706490 327
1706500 327
1706510 327
1706520 327
1706530 326
1706540 326
1706550 326
1706560 326
1706570 326
1706580 326
1706590 327
1706600 327
1706610 327
1706620 326
1706630 326
1706640 326
1706650 326
1706660 327
1706670 328
1706680 328
1706690 328
1706700 329
1706710 329
1706720 329
1706730 329
1706740 329
1706750 329
1706760 329
1706770 329
1706780 328
1706790 328
1706800 328
1706810 328
1706820 327
1706830 327
1706840 327
1706850 326
1706860 325
1706870 325
1706880 324
1706890 323
1706900 323
1706910 321
1706920 320
1706930 320
1706940 319
1706950 318
1706960 318
1706970 316
1706980 315
1706990 315
1707000 314
1707010 314
1707020 314
1707030 314
1707040 314
1707050 314
1707060 314
1707070 314
1707080 315
1707090 315
1707100 315
1707110 315
1707120 315
1707130 315
1707140 314
1707150 314
1707160 315
1707170 314
1707180 314
1707190 314
1707200 314
1707210 314
1707220 315
1707230 316
1707240 316
1707250 316
1707260 316
1707270 316
1707280 316
1707290 316
1707300 316
1707310 316
1707320 316
1707330 317
1707340 317
1707350 319
1707360 319
1707370 319
1707380 322
1707390 322
1707400 322
1707410 323
1707420 323
1707430 324
1707440 324
1707450 323
1707460 323
1707470 323
1707480 323
1707490 324
1707500 324
1707510 325
1707520 326
1707530 326
1707540 328
1707550 329
1707560 329
1707570 331
1707580 332
1707590 332
1707600 333
1707610 335
1707620 336
1707630 336
1707640 337
1707650 339
1707660 339
1707670 340
1707680 341
1707690 341
1707700 344
1707710 346
1707720 346
1707730 347
1707740 349
1707750 349
1707760 351
1707770 354
1707780 354
1707790 355
1707800 357
1707810 358
1707820 358
1707830 359
1707840 360
1707850 360
1707860 358
1707870 357
1707880 357
1707890 357
1707900 356
1707910 356
1707920 354
1707930 353
1707940 353
1707950 351
1707960 347
1707970 347
1707980 344
1707990 341
1708000 337
1708010 337
1708020 334
1708030 332
1708040 332
1708050 330
1708060 328
1708070 328
1708080 328
1708090 328
1708100 328
1708110 328
1708120 330
1708130 330
1708140 331
1708150 333
1708160 333
1708170 336
1708180 339
1708190 342
1708200 342
1708210 345
1708220 348
1708230 348
1708240 351
1708250 355
1708260 355
1708270 359
1708280 363
1708290 363
1708300 367
1708310 370
1708320 370
1708330 370
1708340 371
1708350 371
1708360 371
1708370 369
1708380 366
1708390 366
1708400 361
1708410 358
1708420 358
1708430 354
1708440 351
1708450 351
1708460 349
1708470 346
1708480 346
1708490 342
1708500 337
1708510 337
1708520 333
1708530 333
1708540 333
1708550 334
1708560 335
1708570 337
1708580 337
1708590 341
1708600 346
1708610 346
1708620 348
1708630 351
1708640 351
1708650 353
1708660 357
1708670 357
1708680 361
1708690 363
1708700 363
1708710 366
1708720 369
1708730 369
1708740 373
1708750 377
1708760 380
1708770 380
1708780 381
1708790 383
1708800 383
1708810 386
1708820 388
1708830 388
1708840 390
1708850 391
1708860 391
1708870 392
1708880 392
1708890 392
1708900 392
1708910 388
1708920 388
1708930 386
1708940 383
1708950 381
1708960 381
1708970 380
1708980 379
1708990 379
1709000 376
1709010 373
1709020 373
1709030 371
1709040 370
1709050 370
1709060 363
1709070 368
1709080 368
1709090 373
1709100 373
1709110 373
1709120 374
1709130 374
1709140 373
1709150 373
1709160 373
1709170 374
1709180 374
1709190 373
1709200 372
1709210 372
1709220 372
1709230 371
1709240 371
1709250 370
1709260 368
1709270 368
1709280 368
1709290 368
1709300 368
1709310 369
1709320 369
1709330 370
1709340 370
1709350 372
1709360 373
1709370 373
1709380 374
1709390 376
1709400 376
1709410 377
1709420 377
1709430 377
1709440 377
1709450 375
1709460 375
1709470 373
1709480 370
1709490 370
1709500 367
1709510 365
1709520 364
1709530 364
1709540 364
1709550 364
1709560 364
1709570 364
1709580 363
1709590 363
1709600 363
1709610 363
1709620 363
1709630 362
1709640 362
1709650 362
1709660 362
1709670 362
1709680 362
1709690 361
1709700 361
1709710 359
1709720 359
1709730 358
1709740 358
1709750 358
1709760 357
1709770 356
1709780 356
1709790 355
1709800 353
1709810 353
1709820 350
1709830 348
1709840 348
1709850 345
1709860 343
1709870 343
1709880 340
1709890 333
1709900 330
1709910 330
1709920 328
1709930 325
1709940 325
1709950 322
1709960 320
1709970 320
1709980 319
1709990 319
1710000 319
1710010 318
1710020 317
1710030 317
1710040 316
1710050 316
1710060 316
1710070 315
1710080 314
1710090 314
1710100 314
1710110 313
1710120 312
1710130 312
1710140 315
1710150 312
1710160 312
1710170 313
1710180 314
1710190 314
1710200 314
1710210 314
1710220 314
1710230 314
1710240 315
1710250 315
1710260 315
1710270 316
1710280 317
1710290 317
1710300 318
1710310 320
1710320 320
1710330 322
1710340 324
1710350 324
1710360 326
1710370 327
1710380 327
1710390 329
1710400 331
1710410 331
1710420 333
1710430 334
1710440 334
1710450 336
1710460 338
1710470 340
1710480 340
1710490 342
1710500 343
1710510 343
1710520 344
1710530 345
1710540 345
1710550 346
1710560 347
1710570 347
1710580 347
1710590 348
1710600 348
1710610 349
1710620 351
1710630 351
1710640 352
1710650 351
1710660 351
1710670 351
1710680 350
1710690 350
1710700 350
1710710 350
1710720 349
1710730 349
1710740 344
1710750 342
1710760 342
1710770 341
1710780 340
1710790 340
1710800 341
1710810 342
1710820 342
1710830 344
1710840 346
1710850 348
1710860 348
1710870 351
1710880 353
1710890 353
1710900 357
1710910 360
1710920 360
1710930 363
1710940 365
1710950 365
1710960 369
1710970 371
1710980 371
1710990 375
1711000 379
1711010 379
1711020 381
1711030 383
1711040 385
1711050 385
1711060 389
1711070 392
1711080 392
1711090 395
1711100 399
1711110 399
1711120 401
1711130 404
1711140 404
1711150 406
1711160 406
1711170 406
1711180 405
1711190 402
1711200 402
1711210 402
1711220 401
1711230 401
1711240 401
1711250 402
1711260 402
1711270 402
1711280 403
1711290 403
1711300 403
1711310 403
1711320 401
1711330 401
1711340 401
1711350 401
1711360 401
1711370 400
1711380 398
1711390 398
1711400 397
1711410 395
1711420 394
1711430 394
1711440 392
1711450 392
1711460 392
1711470 387
1711480 383
1711490 383
1711500 379
1711510 373
1711520 373
1711530 373
1711540 376
1711550 376
1711560 380
1711570 386
1711580 386
1711590 384
1711600 388
1711610 388
1711620 388
1711630 392
1711640 393
1711650 393
1711660 394
1711670 395
1711680 395
1711690 396
1711700 397
1711710 397
1711720 397
1711730 397
1711740 397
1711750 397
1711760 397
1711770 397
1711780 396
1711790 394
1711800 392
1711810 392
1711820 388
1711830 388
1711840 388
1711850 383
1711860 380
1711870 380
1711880 376
1711890 375
1711900 375
1711910 373
1711920 373
1711930 373
1711940 372
1711950 373
1711960 373
1711970 372
1711980 371
1711990 369
1712000 369
1712010 368
1712020 369
1712030 369
1712040 369
1712050 369
1712060 369
1712070 369
1712080 369
1712090 369
1712100 367
1712110 366
1712120 366
1712130 365
1712140 364
1712150 364
1712160 363
1712170 363
1712180 363
1712190 363
1712200 363
1712210 363
1712220 363
1712230 365
1712240 366
1712250 366
1712260 368
1712270 370
1712280 370
1712290 369
1712300 372
1712310 372
1712320 367
1712330 372
1712340 372
1712350 372
1712360 373
1712370 373
1712380 373
1712390 372
1712400 372
1712410 372
1712420 372
1712430 371
1712440 371
1712450 371
1712460 370
1712470 370
1712480 370
1712490 369
1712500 369
1712510 368
1712520 367
1712530 367
1712540 366
1712550 366
1712560 365
1712570 365
1712580 364
1712590 363
1712600 363
1712610 362
1712620 361
1712630 361
1712640 360
1712650 359
1712660 359
1712670 356
1712680 352
1712690 352
1712700 352
1712710 353
1712720 353
1712730 353
1712740 356
1712750 359
1712760 359
1712770 361
1712780 362
1712790 362
1712800 362
1712810 362
1712820 362
1712830 362
1712840 359
1712850 359
1712860 357
1712870 356
1712880 356
1712890 355
1712900 357
1712910 357
1712920 358
1712930 360
1712940 363
1712950 363
1712960 365
1712970 367
1712980 367
1712990 370
1713000 371
1713010 371
1713020 373
1713030 375
1713040 375
1713050 376
1713060 378
1713070 378
1713080 379
1713090 380
1713100 380
1713110 380
1713120 380
1713130 380
1713140 380
1713150 380
1713160 380
1713170 380
1713180 378
1713190 376
1713200 376
1713210 377
1713220 377
1713230 377
1713240 375
1713250 371
1713260 371
1713270 366
1713280 371
1713290 371
1713300 377
1713310 378
1713320 379
1713330 379
1713340 378
1713350 377
1713360 377
1713370 378
1713380 375
1713390 375
1713400 376
1713410 372
1713420 372
1713430 374
1713440 372
1713450 372
1713460 371
1713470 367
1713480 367
1713490 366
1713500 370
1713510 370
1713520 370
1713530 369
1713540 369
1713550 369
1713560 368
1713570 367
1713580 367
1713590 366
1713600 365
1713610 365
1713620 364
1713630 362
1713640 362
1713650 360
1713660 357
1713670 357
1713680 356
1713690 354
1713700 351
1713710 351
1713720 350
1713730 349
1713740 349
1713750 347
1713760 346
1713770 346
1713780 344
1713790 341
1713800 341
1713810 336
1713820 332
1713830 332
1713840 332
1713850 332
1713860 332
1713870 332
1713880 332
1713890 332
1713900 332
1713910 337
1713920 337
1713930 337
1713940 337
1713950 337
1713960 337
1713970 337
1713980 336
1713990 336
1714000 335
1714010 335
1714020 335
1714030 334
1714040 334
1714050 334
1714060 334
1714070 333
1714080 333
1714090 333
1714100 327
1714110 322
1714120 322
1714130 320
1714140 322
1714150 322
1714160 324
1714170 329
1714180 329
1714190 329
1714200 328
1714210 328
1714220 325
1714230 322
1714240 322
1714250 318
1714260 313
1714270 311
1714280 311
1714290 311
1714300 311
1714310 311
1714320 311
1714330 311
1714340 311
1714350 311
1714360 311
1714370 311
1714380 311
1714390 311
1714400 311
1714410 311
1714420 311
1714430 311
1714440 310
1714450 311
1714460 311
1714470 310
1714480 311
1714490 311
1714500 311
1714510 310
1714520 310
1714530 310
1714540 310
1714550 310
1714560 310
1714570 310
1714580 310
1714590 310
1714600 310
1714610 310
1714620 310
1714630 310
1714640 310
1714650 310
1714660 310
1714670 310
1714680 310
1714690 310
1714700 310
1714710 310
1714720 310
1714730 310
1714740 310
1714750 310
1714760 310
1714770 310
1714780 310
1714790 310
1714800 310
1714810 310
1714820 310
1714830 310
1714840 310
1714850 310
1714860 310
1714870 310
1714880 310
1714890 310
1714900 310
1714910 310
1714920 310
1714930 310
1714940 310
1714950 310
1714960 310
1714970 310
1714980 310
1714990 310
1715000 310
1715010 310
1715020 310
1715030 310
1715040 310
1715050 310
1715060 310
1715070 310
1715080 310
1715090 310
1715100 310
1715110 310
1715120 309
1715130 309
1715140 308
1715150 307
1715160 307
1715170 307
1715180 307
1715190 307
1715200 307
1715210 307
1715220 307
1715230 307
1715240 307
1715250 307
1715260 307
1715270 308
1715280 309
1715290 309
1715300 310
1715310 309
1715320 309
1715330 309
1715340 309
1715350 309
1715360 309
1715370 309
1715380 309
1715390 309
1715400 309
1715410 309
1715420 309
1715430 309
1715440 309
1715450 309
1715460 309
1715470 309
1715480 309
1715490 309
1715500 309
1715510 309
1715520 309
1715530 309
1715540 309
1715550 309
1715560 309
1715570 309
1715580 309
1715590 309
1715600 309
1715610 309
1715620 309
1715630 309
1715640 309
1715650 309
1715660 309
1715670 309
1715680 309
1715690 309
1715700 309
1715710 309
1715720 309
1715730 309
1715740 309
1715750 309
1715760 309
1715770 309
1715780 309
1715790 309
1715800 309
1715810 309
1715820 309
1715830 309
1715840 309
1715850 309
1715860 309
1715870 309
1715880 309
1715890 309
1715900 309
1715910 309
1715920 309
1715930 309
1715940 309
1715950 309
1715960 309
1715970 309
1715980 309
1715990 310
1716000 310
1716010 310
1716020 310
1716030 310
1716040 310
1716050 310
1716060 310
1716070 310
1716080 310
1716090 310
1716100 310
1716110 310
1716120 310
1716130 310
1716140 310
1716150 309
1716160 309
1716170 309
1716180 309
1716190 309
1716200 309
1716210 309
1716220 309
1716230 309
1716240 309
1716250 309
1716260 309
1716270 309
1716280 309
1716290 309
1716300 309
1716310 309
1716320 309
1716330 309
1716340 309
1716350 309
1716360 309
1716370 309
1716380 309
1716390 309
1716400 309
1716410 309
1716420 309
1716430 309
1716440 309
1716450 309
1716460 309
1716470 309
1716480 309
1716490 309
1716500 309
1716510 309
1716520 309
1716530 310
1716540 310
1716550 310
1716560 310
1716570 310
1716580 310
1716590 310
1716600 311
1716610 311
1716620 311
1716630 311
1716640 311
1716650 311
1716660 311
1716670 311
1716680 311
1716690 311
1716700 311
1716710 311
1716720 311
1716730 311
1716740 311
1716750 311
1716760 311
1716770 311
1716780 311
1716790 311
1716800 311
1716810 311
1716820 311
1716830 311
1716840 311
1716850 311
1716860 311
1716870 311
1716880 311
1716890 311
1716900 311
1716910 311
1716920 311
1716930 311
1716940 311
1716950 311
1716960 311
1716970 311
1716980 311
1716990 311
1717000 311
1717010 311
1717020 311
1717030 311
1717040 311
1717050 310
1717060 310
1717070 310
1717080 310
1717090 310
1717100 310
1717110 310
1717120 310
1717130 311
1717140 310
1717150 310
1717160 310
1717170 310
1717180 310
1717190 310
1717200 310
1717210 310
1717220 310
1717230 310
1717240 311
1717250 311
1717260 311
1717270 310
1717280 310
1717290 310
1717300 310
1717310 310
1717320 310
1717330 310
1717340 310
1717350 310
1717360 309
1717370 309
1717380 309
1717390 309
1717400 308
1717410 308
1717420 308
1717430 308
1717440 308
1717450 308
1717460 308
1717470 308
1717480 308
1717490 308
1717500 308
1717510 308
1717520 309
1717530 308
1717540 308
1717550 309
1717560 309
1717570 309
1717580 309
1717590 309
1717600 309
1717610 309
1717620 309
1717630 309
1717640 309
1717650 309
1717660 309
1717670 309
1717680 309
1717690 309
1717700 309
1717710 309
1717720 309
1717730 309
1717740 309
1717750 309
1717760 309
1717770 309
1717780 309
1717790 309
1717800 309
1717810 309
1717820 309
1717830 309
1717840 309
1717850 309
1717860 309
1717870 309
1717880 309
1717890 309
1717900 308
1717910 308
1717920 308
1717930 308
1717940 308
1717950 308
1717960 308
1717970 308
1717980 308
1717990 308
1718000 308
1718010 308
1718020 308
1718030 308
1718040 308
1718050 308
1718060 308
1718070 308
1718080 308
1718090 308
1718100 309
1718110 309
1718120 309
1718130 309
1718140 309
1718150 309
1718160 309
1718170 309
1718180 309
1718190 309
1718200 309
1718210 309
1718220 309
1718230 309
1718240 309
1718250 309
1718260 309
1718270 309
1718280 308
1718290 308
1718300 308
1718310 309
1718320 309
1718330 309
1718340 309
1718350 309
1718360 309
1718370 309
1718380 309
1718390 309
1718400 310
1718410 310
1718420 310
1718430 309
1718440 309
1718450 309
1718460 308
1718470 309
1718480 309
1718490 309
1718500 309
1718510 308
1718520 308
1718530 308
1718540 309
1718550 309
1718560 309
1718570 309
1718580 309
1718590 310
1718600 310
1718610 310
1718620 311
1718630 313
1718640 313
1718650 315
1718660 318
1718670 321
1718680 321
1718690 322
1718700 322
1718710 322
1718720 323
1718730 324
1718740 324
1718750 324
1718760 323
1718770 323
1718780 323
1718790 323
1718800 323
1718810 324
1718820 323
1718830 323
1718840 322
1718850 321
1718860 320
1718870 320
1718880 318
1718890 316
1718900 316
1718910 315
1718920 314
1718930 314
1718940 313
1718950 313
1718960 313
1718970 313
1718980 313
1718990 313
1719000 315
1719010 318
1719020 318
1719030 321
1719040 322
1719050 322
1719060 322
1719070 322
1719080 321
1719090 321
1719100 320
1719110 319
1719120 319
1719130 318
1719140 316
1719150 316
1719160 318
1719170 318
1719180 318
1719190 320
1719200 321
1719210 321
1719220 322
1719230 322
1719240 323
1719250 323
1719260 323
1719270 323
1719280 323
1719290 323
1719300 323
1719310 323
1719320 323
1719330 323
1719340 323
1719350 323
1719360 324
1719370 324
1719380 323
1719390 324
1719400 324
1719410 324
1719420 324
1719430 324
1719440 324
1719450 324
1719460 324
1719470 324
1719480 324
1719490 324
1719500 324
1719510 324
1719520 324
1719530 324
1719540 324
1719550 324
1719560 324
1719570 324
1719580 324
1719590 324
1719600 324
1719610 324
1719620 324
1719630 324
1719640 324
1719650 324
1719660 324
1719670 324
1719680 324
1719690 324
1719700 324
1719710 324
1719720 324
1719730 324
1719740 324
1719750 324
1719760 324
1719770 324
1719780 324
1719790 324
1719800 324
1719810 324
1719820 324
1719830 324
1719840 324
1719850 324
1719860 324
1719870 324
1719880 324
1719890 324
1719900 324
1719910 324
1719920 324
1719930 324
1719940 324
1719950 324
1719960 324
1719970 324
1719980 324
1719990 324
