1760000 396
1760010 396
1760020 399
1760030 401
1760040 403
1760050 403
1760060 404
1760070 405
1760080 405
1760090 406
1760100 406
1760110 406
1760120 406
1760130 405
1760140 405
1760150 404
1760160 403
1760170 403
1760180 400
1760190 398
1760200 398
1760210 395
1760220 391
1760230 386
1760240 386
1760250 381
1760260 380
1760270 380
1760280 379
1760290 381
1760300 381
1760310 383
1760320 384
1760330 384
1760340 384
1760350 383
1760360 383
1760370 382
1760380 380
1760390 380
1760400 378
1760410 377
1760420 376
1760430 376
1760440 374
1760450 372
1760460 372
1760470 370
1760480 367
1760490 367
1760500 366
1760510 365
1760520 365
1760530 363
1760540 362
1760550 362
1760560 361
1760570 362
1760580 362
1760590 362
1760600 361
1760610 361
1760620 362
1760630 364
1760640 366
1760650 366
1760660 368
1760670 368
1760680 368
1760690 367
1760700 366
1760710 366
1760720 363
1760730 362
1760740 362
1760750 361
1760760 362
1760770 362
1760780 363
1760790 365
1760800 365
1760810 366
1760820 369
1760830 371
1760840 371
1760850 373
1760860 375
1760870 375
1760880 377
1760890 379
1760900 379
1760910 382
1760920 383
1760930 383
1760940 384
1760950 387
1760960 387
1760970 389
1760980 391
1760990 391
1761000 393
1761010 396
1761020 398
1761030 398
1761040 399
1761050 400
1761060 400
1761070 399
1761080 399
1761090 399
1761100 396
1761110 395
1761120 395
1761130 394
1761140 392
1761150 392
1761160 391
1761170 390
1761180 390
1761190 389
1761200 388
1761210 387
1761220 387
1761230 386
1761240 385
1761250 385
1761260 384
1761270 383
1761280 383
1761290 382
1761300 381
1761310 381
1761320 380
1761330 381
1761340 381
1761350 380
1761360 380
1761370 380
1761380 379
1761390 379
1761400 378
1761410 378
1761420 376
1761430 374
1761440 377
1761450 375
1761460 373
1761470 373
1761480 370
1761490 369
1761500 369
1761510 366
1761520 364
1761530 364
1761540 362
1761550 360
1761560 360
1761570 358
1761580 357
1761590 356
1761600 356
1761610 356
1761620 355
1761630 355
1761640 355
1761650 355
1761660 355
1761670 355
1761680 356
1761690 356
1761700 357
1761710 358
1761720 358
1761730 357
1761740 356
1761750 356
1761760 353
1761770 350
1761780 350
1761790 349
1761800 347
1761810 346
1761820 346
1761830 345
1761840 345
1761850 345
1761860 345
1761870 346
1761880 346
1761890 346
1761900 345
1761910 345
1761920 343
1761930 342
1761940 342
1761950 341
1761960 338
1761970 338
1761980 336
1761990 334
1762000 332
1762010 332
1762020 329
1762030 327
1762040 327
1762050 325
1762060 323
1762070 323
1762080 322
1762090 320
1762100 320
1762110 319
1762120 318
1762130 318
1762140 316
1762150 314
1762160 314
1762170 313
1762180 313
1762190 313
1762200 313
1762210 313
1762220 313
1762230 313
1762240 314
1762250 315
1762260 315
1762270 316
1762280 316
1762290 316
1762300 317
1762310 318
1762320 318
1762330 319
1762340 321
1762350 321
1762360 322
1762370 324
1762380 325
1762390 325
1762400 327
1762410 328
1762420 328
1762430 329
1762440 330
1762450 330
1762460 332
1762470 333
1762480 333
1762490 335
1762500 336
1762510 336
1762520 338
1762530 339
1762540 339
1762550 340
1762560 341
1762570 342
1762580 342
1762590 343
1762600 344
1762610 344
1762620 345
1762630 346
1762640 346
1762650 347
1762660 348
1762670 348
1762680 349
1762690 352
1762700 352
1762710 353
1762720 353
1762730 353
1762740 354
1762750 355
1762760 355
1762770 355
1762780 356
1762790 357
1762800 357
1762810 358
1762820 360
1762830 360
1762840 364
1762850 365
1762860 365
1762870 368
1762880 371
1762890 371
1762900 373
1762910 375
1762920 375
1762930 374
1762940 374
1762950 374
1762960 373
1762970 371
1762980 370
1762990 370
1763000 369
1763010 369
1763020 369
1763030 368
1763040 367
1763050 367
1763060 366
1763070 365
1763080 365
1763090 365
1763100 364
1763110 364
1763120 363
1763130 363
1763140 363
1763150 362
1763160 361
1763170 360
1763180 360
1763190 359
1763200 356
1763210 356
1763220 355
1763230 353
1763240 353
1763250 349
1763260 349
1763270 349
1763280 347
1763290 346
1763300 346
1763310 344
1763320 343
1763330 343
1763340 341
1763350 340
1763360 339
1763370 339
1763380 338
1763390 338
1763400 338
1763410 337
1763420 337
1763430 337
1763440 337
1763450 336
1763460 336
1763470 336
1763480 336
1763490 336
1763500 336
1763510 337
1763520 337
1763530 338
1763540 339
1763550 341
1763560 341
1763570 342
1763580 344
1763590 344
1763600 344
1763610 345
1763620 345
1763630 345
1763640 345
1763650 345
1763660 345
1763670 345
1763680 345
1763690 345
1763700 345
1763710 345
1763720 344
1763730 343
1763740 342
1763750 342
1763760 341
1763770 340
1763780 340
1763790 338
1763800 336
1763810 336
1763820 334
1763830 333
1763840 333
1763850 332
1763860 330
1763870 330
1763880 328
1763890 326
1763900 326
1763910 325
1763920 324
1763930 322
1763940 322
1763950 321
1763960 319
1763970 319
1763980 318
1763990 315
1764000 315
1764010 310
1764020 309
1764030 309
1764040 309
1764050 307
1764060 307
1764070 306
1764080 306
1764090 306
1764100 306
1764110 305
1764120 305
1764130 305
1764140 306
1764150 306
1764160 306
1764170 306
1764180 306
1764190 306
1764200 307
1764210 308
1764220 308
1764230 309
1764240 309
1764250 309
1764260 310
1764270 311
1764280 311
1764290 312
1764300 313
1764310 313
1764320 313
1764330 314
1764340 316
1764350 316
1764360 317
1764370 319
1764380 319
1764390 321
1764400 324
1764410 324
1764420 325
1764430 328
1764440 328
1764450 329
1764460 331
1764470 331
1764480 333
1764490 335
1764500 335
1764510 337
1764520 340
1764530 343
1764540 343
1764550 345
1764560 349
1764570 349
1764580 352
1764590 353
1764600 353
1764610 355
1764620 357
1764630 357
1764640 357
1764650 359
1764660 359
1764670 360
1764680 361
1764690 361
1764700 362
1764710 363
1764720 365
1764730 365
1764740 366
1764750 367
1764760 367
1764770 368
1764780 370
1764790 370
1764800 373
1764810 376
1764820 376
1764830 378
1764840 377
1764850 377
1764860 375
1764870 373
1764880 373
1764890 371
1764900 369
1764910 368
1764920 368
1764930 366
1764940 365
1764950 365
1764960 364
1764970 363
1764980 363
1764990 362
1765000 360
1765010 360
1765020 359
1765030 357
1765040 357
1765050 356
1765060 355
1765070 355
1765080 355
1765090 353
1765100 354
1765110 354
1765120 353
1765130 353
1765140 353
1765150 352
1765160 352
1765170 352
1765180 350
1765190 351
1765200 351
1765210 350
1765220 350
1765230 350
1765240 348
1765250 346
1765260 346
1765270 344
1765280 341
1765290 340
1765300 340
1765310 338
1765320 336
1765330 336
1765340 335
1765350 334
1765360 334
1765370 333
1765380 332
1765390 332
1765400 333
1765410 333
1765420 333
1765430 333
1765440 333
1765450 333
1765460 335
1765470 336
1765480 336
1765490 338
1765500 341
1765510 341
1765520 343
1765530 347
1765540 349
1765550 349
1765560 353
1765570 356
1765580 356
1765590 358
1765600 360
1765610 360
1765620 362
1765630 364
1765640 364
1765650 366
1765660 367
1765670 367
1765680 370
1765690 372
1765700 373
1765710 373
1765720 374
1765730 375
1765740 375
1765750 374
1765760 372
1765770 372
1765780 370
1765790 366
1765800 366
1765810 363
1765820 360
1765830 360
1765840 357
1765850 355
1765860 355
1765870 352
1765880 349
1765890 346
1765900 346
1765910 345
1765920 343
1765930 343
1765940 341
1765950 339
1765960 339
1765970 338
1765980 337
1765990 337
1766000 335
1766010 333
1766020 333
1766030 331
1766040 330
1766050 330
1766060 328
1766070 327
1766080 326
1766090 326
1766100 324
1766110 323
1766120 323
1766130 321
1766140 322
1766150 322
1766160 318
1766170 315
1766180 315
1766190 315
1766200 313
1766210 313
1766220 311
1766230 310
1766240 310
1766250 309
1766260 308
1766270 308
1766280 308
1766290 308
1766300 308
1766310 308
1766320 308
1766330 308
1766340 308
1766350 308
1766360 308
1766370 308
1766380 308
1766390 307
1766400 307
1766410 307
1766420 307
1766430 307
1766440 307
1766450 306
1766460 306
1766470 306
1766480 306
1766490 306
1766500 306
1766510 305
1766520 305
1766530 305
1766540 305
1766550 305
1766560 305
1766570 305
1766580 304
1766590 304
1766600 304
1766610 304
1766620 304
1766630 304
1766640 304
1766650 304
1766660 304
1766670 303
1766680 303
1766690 303
1766700 303
1766710 303
1766720 303
1766730 303
1766740 303
1766750 303
1766760 303
1766770 303
1766780 303
1766790 303
1766800 303
1766810 303
1766820 303
1766830 302
1766840 302
1766850 302
1766860 302
1766870 302
1766880 302
1766890 300
1766900 306
1766910 306
1766920 306
1766930 305
1766940 305
1766950 303
1766960 304
1766970 304
1766980 304
1766990 305
1767000 305
1767010 306
1767020 311
1767030 311
1767040 314
1767050 319
1767060 321
1767070 321
1767080 323
1767090 323
1767100 323
1767110 322
1767120 321
1767130 321
1767140 319
1767150 318
1767160 318
1767170 317
1767180 315
1767190 315
1767200 313
1767210 311
1767220 311
1767230 309
1767240 307
1767250 305
1767260 305
1767270 304
1767280 304
1767290 304
1767300 304
1767310 305
1767320 305
1767330 306
1767340 309
1767350 309
1767360 313
1767370 315
1767380 315
1767390 317
1767400 318
1767410 318
1767420 319
1767430 320
1767440 321
1767450 321
1767460 321
1767470 321
1767480 321
1767490 322
1767500 323
1767510 323
1767520 323
1767530 321
1767540 321
1767550 321
1767560 317
1767570 317
1767580 315
1767590 315
1767600 315
1767610 315
1767620 316
1767630 317
1767640 317
1767650 320
1767660 323
1767670 323
1767680 326
1767690 329
1767700 329
1767710 333
1767720 338
1767730 338
1767740 342
1767750 344
1767760 344
1767770 346
1767780 348
1767790 348
1767800 350
1767810 352
1767820 354
1767830 354
1767840 357
1767850 358
1767860 358
1767870 359
1767880 359
1767890 359
1767900 359
1767910 356
1767920 356
1767930 354
1767940 352
1767950 352
1767960 349
1767970 346
1767980 346
1767990 345
1768000 343
1768010 343
1768020 341
1768030 339
1768040 338
1768050 338
1768060 336
1768070 334
1768080 334
1768090 333
1768100 331
1768110 331
1768120 329
1768130 327
1768140 327
1768150 325
1768160 326
1768170 326
1768180 325
1768190 324
1768200 324
1768210 323
1768220 322
1768230 322
1768240 322
1768250 321
1768260 320
1768270 320
1768280 319
1768290 319
1768300 319
1768310 319
1768320 318
1768330 318
1768340 318
1768350 317
1768360 317
1768370 317
1768380 316
1768390 316
1768400 316
1768410 315
1768420 315
1768430 315
1768440 315
1768450 315
1768460 315
1768470 314
1768480 314
1768490 314
1768500 314
1768510 315
1768520 315
1768530 315
1768540 315
1768550 315
1768560 315
1768570 316
1768580 316
1768590 317
1768600 317
1768610 317
1768620 317
1768630 316
1768640 316
1768650 316
1768660 315
1768670 315
1768680 315
1768690 315
1768700 314
1768710 314
1768720 314
1768730 311
1768740 311
1768750 312
1768760 314
1768770 314
1768780 314
1768790 315
1768800 318
1768810 318
1768820 318
1768830 318
1768840 318
1768850 320
1768860 320
1768870 320
1768880 322
1768890 323
1768900 323
1768910 321
1768920 320
1768930 320
1768940 319
1768950 317
1768960 317
1768970 314
1768980 311
1768990 309
1769000 309
1769010 308
1769020 305
1769030 305
1769040 305
1769050 304
1769060 304
1769070 303
1769080 301
1769090 301
1769100 301
1769110 300
1769120 300
1769130 300
1769140 299
1769150 299
1769160 299
1769170 298
1769180 298
1769190 298
1769200 297
1769210 297
1769220 297
1769230 296
1769240 296
1769250 296
1769260 296
1769270 296
1769280 296
1769290 295
1769300 295
1769310 295
1769320 294
1769330 294
1769340 294
1769350 294
1769360 294
1769370 294
1769380 294
1769390 293
1769400 293
1769410 293
1769420 293
1769430 293
1769440 293
1769450 293
1769460 293
1769470 293
1769480 293
1769490 293
1769500 293
1769510 293
1769520 292
1769530 292
1769540 292
1769550 291
1769560 291
1769570 291
1769580 291
1769590 291
1769600 291
1769610 290
1769620 290
1769630 290
1769640 290
1769650 288
1769660 288
1769670 287
1769680 289
1769690 289
1769700 287
1769710 289
1769720 289
1769730 289
1769740 290
1769750 290
1769760 290
1769770 291
1769780 291
1769790 291
1769800 291
1769810 291
1769820 291
1769830 291
1769840 291
1769850 291
1769860 291
1769870 291
1769880 291
1769890 291
1769900 291
1769910 291
1769920 292
1769930 292
1769940 292
1769950 292
1769960 292
1769970 292
1769980 292
1769990 292
1770000 292
1770010 292
1770020 292
1770030 292
1770040 292
1770050 291
1770060 291
1770070 291
1770080 291
1770090 291
1770100 291
1770110 291
1770120 291
1770130 291
1770140 291
1770150 291
1770160 290
1770170 290
1770180 290
1770190 290
1770200 290
1770210 290
1770220 290
1770230 290
1770240 291
1770250 291
1770260 291
1770270 292
1770280 292
1770290 292
1770300 293
1770310 293
1770320 293
1770330 294
1770340 294
1770350 297
1770360 297
1770370 298
1770380 298
1770390 298
1770400 299
1770410 298
1770420 298
1770430 298
1770440 296
1770450 296
1770460 295
1770470 293
1770480 293
1770490 292
1770500 291
1770510 291
1770520 290
1770530 290
1770540 290
1770550 292
1770560 292
1770570 292
1770580 292
1770590 293
1770600 293
1770610 293
1770620 293
1770630 294
1770640 294
1770650 295
1770660 297
1770670 297
1770680 298
1770690 300
1770700 300
1770710 301
1770720 304
1770730 304
1770740 304
1770750 304
1770760 305
1770770 305
1770780 306
1770790 308
1770800 308
1770810 309
1770820 310
1770830 310
1770840 311
1770850 312
1770860 312
1770870 314
1770880 315
1770890 315
1770900 316
1770910 317
1770920 317
1770930 319
1770940 320
1770950 323
1770960 323
1770970 326
1770980 328
1770990 328
1771000 330
1771010 332
1771020 332
1771030 333
1771040 335
1771050 335
1771060 336
1771070 339
1771080 339
1771090 340
1771100 341
1771110 341
1771120 341
1771130 342
1771140 343
1771150 343
1771160 344
1771170 346
1771180 346
1771190 348
1771200 349
1771210 349
1771220 350
1771230 351
1771240 351
1771250 353
1771260 355
1771270 355
1771280 356
1771290 357
1771300 357
1771310 358
1771320 358
1771330 359
1771340 359
1771350 359
1771360 361
1771370 361
1771380 362
1771390 362
1771400 362
1771410 363
1771420 364
1771430 364
1771440 366
1771450 368
1771460 368
1771470 372
1771480 375
1771490 375
1771500 379
1771510 383
1771520 385
1771530 385
1771540 388
1771550 390
1771560 390
1771570 390
1771580 392
1771590 392
1771600 398
1771610 399
1771620 399
1771630 398
1771640 390
1771650 390
1771660 387
1771670 380
1771680 380
1771690 376
1771700 377
1771710 377
1771720 368
1771730 363
1771740 363
1771750 363
1771760 358
1771770 354
1771780 354
1771790 353
1771800 354
1771810 354
1771820 344
1771830 344
1771840 344
1771850 335
1771860 333
1771870 333
1771880 328
1771890 327
1771900 327
1771910 327
1771920 327
1771930 327
1771940 327
1771950 326
1771960 326
1771970 326
1771980 323
1771990 323
1772000 323
1772010 323
1772020 323
1772030 323
1772040 323
1772050 323
1772060 323
1772070 323
1772080 323
1772090 323
1772100 326
1772110 325
1772120 326
1772130 326
1772140 326
1772150 326
1772160 326
1772170 326
1772180 326
1772190 326
1772200 326
1772210 326
1772220 326
1772230 331
1772240 337
1772250 337
1772260 349
1772270 364
1772280 364
1772290 377
1772300 383
1772310 407
1772320 407
1772330 423
1772340 432
1772350 432
1772360 457
1772370 458
1772380 458
1772390 456
1772400 451
1772410 451
1772420 446
1772430 440
1772440 440
1772450 436
1772460 430
1772470 430
1772480 428
1772490 423
1772500 419
1772510 419
1772520 416
1772530 415
1772540 415
1772550 414
1772560 412
1772570 412
1772580 405
1772590 397
1772600 397
1772610 391
1772620 386
1772630 386
1772640 383
1772650 379
1772660 379
1772670 375
1772680 372
1772690 370
1772700 370
1772710 368
1772720 366
1772730 366
1772740 364
1772750 363
1772760 363
1772770 360
1772780 358
1772790 358
1772800 356
1772810 354
1772820 354
1772830 351
1772840 349
1772850 349
1772860 347
1772870 346
1772880 346
1772890 343
1772900 341
1772910 338
1772920 338
1772930 335
1772940 333
1772950 333
1772960 331
1772970 330
1772980 330
1772990 327
1773000 325
1773010 325
1773020 323
1773030 321
1773040 321
1773050 319
1773060 319
1773070 319
1773080 316
1773090 313
1773100 317
1773110 317
1773120 322
1773130 325
1773140 325
1773150 328
1773160 330
1773170 330
1773180 332
1773190 337
1773200 337
1773210 339
1773220 340
1773230 340
1773240 343
1773250 345
1773260 345
1773270 347
1773280 349
1773290 351
1773300 351
1773310 352
1773320 354
1773330 354
1773340 356
1773350 357
1773360 357
1773370 359
1773380 360
1773390 360
1773400 361
1773410 362
1773420 362
1773430 362
1773440 363
1773450 363
1773460 363
1773470 365
1773480 365
1773490 365
1773500 366
1773510 366
1773520 366
1773530 366
1773540 366
1773550 366
1773560 365
1773570 363
1773580 363
1773590 363
1773600 362
1773610 362
1773620 359
1773630 357
1773640 357
1773650 354
1773660 352
1773670 351
1773680 351
1773690 350
1773700 349
1773710 349
1773720 347
1773730 343
1773740 343
1773750 340
1773760 334
1773770 334
1773780 326
1773790 320
1773800 320
1773810 316
1773820 316
1773830 316
1773840 315
1773850 313
1773860 311
1773870 311
1773880 310
1773890 309
1773900 309
1773910 308
1773920 308
1773930 308
1773940 308
1773950 308
1773960 308
1773970 308
1773980 310
1773990 310
1774000 312
1774010 312
1774020 312
1774030 310
1774040 309
1774050 308
1774060 308
1774070 304
1774080 300
1774090 300
1774100 299
1774110 295
1774120 295
1774130 293
1774140 291
1774150 291
1774160 289
1774170 286
1774180 286
1774190 284
1774200 283
1774210 283
1774220 283
1774230 283
1774240 283
1774250 283
1774260 283
1774270 280
1774280 280
1774290 284
1774300 290
1774310 290
1774320 288
1774330 289
1774340 289
1774350 290
1774360 295
1774370 295
1774380 298
1774390 300
1774400 300
1774410 305
1774420 309
1774430 309
1774440 312
1774450 316
1774460 320
1774470 320
1774480 323
1774490 326
1774500 326
1774510 328
1774520 331
1774530 331
1774540 332
1774550 332
1774560 332
1774570 332
1774580 330
1774590 330
1774600 323
1774610 326
1774620 326
1774630 330
1774640 331
1774650 334
1774660 334
1774670 337
1774680 339
1774690 339
1774700 340
1774710 342
1774720 342
1774730 344
1774740 346
1774750 346
1774760 350
1774770 354
1774780 354
1774790 359
1774800 363
1774810 363
1774820 367
1774830 371
1774840 373
1774850 373
1774860 376
1774870 377
1774880 377
1774890 378
1774900 378
1774910 378
1774920 379
1774930 378
1774940 378
1774950 378
1774960 378
1774970 378
1774980 377
1774990 376
1775000 376
1775010 374
1775020 370
1775030 367
1775040 367
1775050 364
1775060 362
1775070 362
1775080 360
1775090 359
1775100 359
1775110 358
1775120 356
1775130 356
1775140 352
1775150 348
1775160 348
1775170 343
1775180 339
1775190 339
1775200 336
1775210 332
1775220 328
1775230 328
1775240 323
1775250 319
1775260 319
1775270 316
1775280 313
1775290 313
1775300 311
1775310 309
1775320 309
1775330 308
1775340 306
1775350 306
1775360 303
1775370 299
1775380 299
1775390 295
1775400 290
1775410 290
1775420 285
1775430 282
1775440 282
1775450 282
1775460 281
1775470 281
1775480 281
1775490 281
1775500 281
1775510 281
1775520 279
1775530 282
1775540 282
1775550 283
1775560 284
1775570 284
1775580 288
1775590 291
1775600 291
1775610 292
1775620 300
1775630 304
1775640 304
1775650 308
1775660 322
1775670 322
1775680 327
1775690 333
1775700 333
1775710 338
1775720 341
1775730 341
1775740 344
1775750 346
1775760 346
1775770 348
1775780 350
1775790 350
1775800 353
1775810 355
1775820 357
1775830 357
1775840 361
1775850 364
1775860 364
1775870 367
1775880 369
1775890 369
1775900 370
1775910 371
1775920 371
1775930 371
1775940 371
1775950 371
1775960 370
1775970 370
1775980 370
1775990 369
1776000 367
1776010 366
1776020 366
1776030 367
1776040 367
1776050 367
1776060 367
1776070 368
1776080 368
1776090 370
1776100 371
1776110 371
1776120 372
1776130 371
1776140 371
1776150 373
1776160 373
1776170 373
1776180 372
1776190 372
1776200 370
1776210 370
1776220 368
1776230 364
1776240 364
1776250 359
1776260 354
1776270 354
1776280 351
1776290 349
1776300 349
1776310 347
1776320 344
1776330 344
1776340 343
1776350 338
1776360 338
1776370 337
1776380 335
1776390 334
1776400 334
1776410 330
1776420 324
1776430 324
1776440 317
1776450 311
1776460 311
1776470 305
1776480 303
1776490 303
1776500 302
1776510 303
1776520 303
1776530 302
1776540 304
1776550 304
1776560 305
1776570 307
1776580 309
1776590 309
1776600 310
1776610 312
1776620 312
1776630 313
1776640 315
1776650 315
1776660 317
1776670 319
1776680 319
1776690 321
1776700 322
1776710 322
1776720 324
1776730 325
1776740 325
1776750 325
1776760 324
1776770 324
1776780 324
1776790 323
1776800 323
1776810 323
1776820 323
1776830 323
1776840 323
1776850 322
1776860 322
1776870 322
1776880 322
1776890 321
1776900 321
1776910 321
1776920 321
1776930 321
1776940 321
1776950 322
1776960 322
1776970 323
1776980 323
1776990 324
1777000 324
1777010 324
1777020 325
1777030 325
1777040 326
1777050 326
1777060 326
1777070 326
1777080 326
1777090 326
1777100 327
1777110 327
1777120 327
1777130 329
1777140 330
1777150 330
1777160 330
1777170 330
1777180 330
1777190 330
1777200 330
1777210 330
1777220 330
1777230 331
1777240 331
1777250 331
1777260 330
1777270 330
1777280 330
1777290 331
1777300 330
1777310 330
1777320 330
1777330 329
1777340 329
1777350 329
1777360 330
1777370 327
1777380 327
1777390 325
1777400 324
1777410 324
1777420 322
1777430 321
1777440 321
1777450 324
1777460 322
1777470 322
1777480 323
1777490 322
1777500 322
1777510 321
1777520 320
1777530 320
1777540 319
1777550 318
1777560 316
1777570 316
1777580 315
1777590 314
1777600 314
1777610 313
1777620 313
1777630 313
1777640 312
1777650 309
1777660 309
1777670 309
1777680 307
1777690 307
1777700 307
1777710 306
1777720 306
1777730 305
1777740 304
1777750 303
1777760 303
1777770 300
1777780 299
1777790 299
1777800 298
1777810 296
1777820 296
1777830 297
1777840 295
1777850 295
1777860 294
1777870 292
1777880 292
1777890 291
1777900 290
1777910 290
1777920 289
1777930 288
1777940 288
1777950 288
1777960 287
1777970 286
1777980 286
1777990 283
1778000 282
1778010 282
1778020 282
1778030 282
1778040 282
1778050 282
1778060 282
1778070 282
1778080 282
1778090 282
1778100 282
1778110 282
1778120 282
1778130 282
1778140 282
1778150 284
1778160 280
1778170 280
1778180 279
1778190 279
1778200 279
1778210 279
1778220 278
1778230 278
1778240 277
1778250 278
1778260 278
1778270 280
1778280 283
1778290 283
1778300 290
1778310 293
1778320 293
1778330 295
1778340 298
1778350 299
1778360 299
1778370 301
1778380 302
1778390 302
1778400 301
1778410 304
1778420 304
1778430 305
1778440 306
1778450 306
1778460 304
1778470 307
1778480 307
1778490 309
1778500 309
1778510 309
1778520 310
1778530 311
1778540 311
1778550 311
1778560 312
1778570 313
1778580 313
1778590 313
1778600 314
1778610 314
1778620 314
1778630 315
1778640 315
1778650 315
1778660 316
1778670 316
1778680 317
1778690 318
1778700 318
1778710 318
1778720 318
1778730 319
1778740 319
1778750 318
1778760 318
1778770 318
1778780 317
1778790 316
1778800 316
1778810 316
1778820 314
1778830 314
1778840 312
1778850 311
1778860 311
1778870 309
1778880 308
1778890 308
1778900 305
1778910 303
1778920 303
1778930 303
1778940 301
1778950 299
1778960 299
1778970 298
1778980 296
1778990 296
1779000 294
1779010 293
1779020 293
1779030 292
1779040 291
1779050 291
1779060 290
1779070 290
1779080 290
1779090 289
1779100 288
1779110 288
1779120 289
1779130 289
1779140 289
1779150 289
1779160 289
1779170 289
1779180 289
1779190 288
1779200 287
1779210 287
1779220 285
1779230 285
1779240 285
1779250 284
1779260 285
1779270 285
1779280 288
1779290 290
1779300 290
1779310 292
1779320 293
1779330 295
1779340 295
1779350 297
1779360 299
1779370 299
1779380 301
1779390 304
1779400 304
1779410 307
1779420 308
1779430 308
1779440 309
1779450 309
1779460 309
1779470 309
1779480 309
1779490 309
1779500 309
1779510 309
1779520 308
1779530 308
1779540 308
1779550 308
1779560 308
1779570 308
1779580 308
1779590 308
1779600 308
1779610 308
1779620 308
1779630 307
1779640 307
1779650 307
1779660 307
1779670 307
1779680 307
1779690 307
1779700 307
1779710 306
1779720 306
1779730 306
1779740 306
1779750 306
1779760 306
1779770 305
1779780 305
1779790 303
1779800 301
1779810 301
1779820 300
1779830 299
1779840 299
1779850 297
1779860 292
1779870 292
1779880 290
1779890 296
1779900 299
1779910 299
1779920 300
1779930 302
1779940 302
1779950 303
1779960 305
1779970 305
1779980 305
1779990 306
