1700000 383
1700010 381
1700020 380
1700030 380
1700040 380
1700050 380
1700060 380
1700070 380
1700080 380
1700090 380
1700100 379
1700110 373
1700120 373
1700130 368
1700140 365
1700150 365
1700160 363
1700170 363
1700180 363
1700190 363
1700200 364
1700210 366
1700220 366
1700230 367
1700240 369
1700250 369
1700260 371
1700270 372
1700280 372
1700290 374
1700300 376
1700310 376
1700320 377
1700330 378
1700340 378
1700350 379
1700360 380
1700370 380
1700380 382
1700390 384
1700400 386
1700410 386
1700420 388
1700430 389
1700440 389
1700450 391
1700460 392
1700470 392
1700480 392
1700490 393
1700500 393
1700510 394
1700520 395
1700530 395
1700540 396
1700550 397
1700560 397
1700570 397
1700580 398
1700590 398
1700600 399
1700610 399
1700620 400
1700630 400
1700640 400
1700650 401
1700660 401
1700670 402
1700680 403
1700690 403
1700700 405
1700710 405
1700720 405
1700730 406
1700740 407
1700750 407
1700760 407
1700770 408
1700780 408
1700790 408
1700800 408
1700810 408
1700820 408
1700830 407
1700840 407
1700850 407
1700860 406
1700870 406
1700880 406
1700890 405
1700900 403
1700910 403
1700920 403
1700930 403
1700940 403
1700950 404
1700960 405
1700970 405
1700980 406
1700990 407
1701000 408
1701010 408
1701020 409
1701030 411
1701040 411
1701050 412
1701060 414
1701070 414
1701080 416
1701090 417
1701100 417
1701110 419
1701120 420
1701130 420
1701140 423
1701150 423
1701160 423
1701170 421
1701180 420
1701190 418
1701200 418
1701210 417
1701220 415
1701230 415
1701240 414
1701250 413
1701260 413
1701270 411
1701280 411
1701290 411
1701300 411
1701310 411
1701320 411
1701330 410
1701340 409
1701350 409
1701360 407
1701370 406
1701380 406
1701390 404
1701400 404
1701410 403
1701420 403
1701430 402
1701440 402
1701450 402
1701460 401
1701470 400
1701480 400
1701490 398
1701500 397
1701510 397
1701520 395
1701530 394
1701540 394
1701550 393
1701560 391
1701570 391
1701580 387
1701590 383
1701600 378
1701610 378
1701620 376
1701630 377
1701640 377
1701650 379
1701660 377
1701670 377
1701680 378
1701690 376
1701700 376
1701710 376
1701720 375
1701730 375
1701740 375
1701750 374
1701760 374
1701770 373
1701780 372
1701790 371
1701800 371
1701810 370
1701820 368
1701830 368
1701840 366
1701850 366
1701860 366
1701870 366
1701880 367
1701890 367
1701900 367
1701910 372
1701920 372
1701930 376
1701940 378
1701950 378
1701960 380
1701970 382
1701980 384
1701990 384
1702000 385
1702010 388
1702020 388
1702030 390
1702040 391
1702050 391
1702060 392
1702070 394
1702080 394
1702090 395
1702100 396
1702110 396
1702120 397
1702130 399
1702140 399
1702150 400
1702160 400
1702170 400
1702180 400
1702190 400
1702200 400
1702210 400
1702220 400
1702230 399
1702240 399
1702250 399
1702260 399
1702270 399
1702280 398
1702290 398
1702300 398
1702310 398
1702320 398
1702330 398
1702340 398
1702350 400
1702360 400
1702370 404
1702380 405
1702390 407
1702400 407
1702410 409
1702420 411
1702430 411
1702440 412
1702450 414
1702460 414
1702470 416
1702480 417
1702490 417
1702500 419
1702510 420
1702520 420
1702530 422
1702540 423
1702550 423
1702560 423
1702570 422
1702580 422
1702590 422
1702600 421
1702610 420
1702620 420
1702630 419
1702640 418
1702650 418
1702660 417
1702670 417
1702680 417
1702690 416
1702700 416
1702710 416
1702720 415
1702730 415
1702740 415
1702750 415
1702760 414
1702770 413
1702780 413
1702790 414
1702800 413
1702810 413
1702820 413
1702830 413
1702840 413
1702850 414
1702860 414
1702870 414
1702880 414
1702890 415
1702900 415
1702910 415
1702920 416
1702930 416
1702940 417
1702950 417
1702960 417
1702970 417
1702980 417
1702990 417
1703000 417
1703010 417
1703020 418
1703030 418
1703040 418
1703050 418
1703060 418
1703070 418
1703080 418
1703090 418
1703100 418
1703110 418
1703120 418
1703130 417
1703140 417
1703150 417
1703160 417
1703170 416
1703180 416
1703190 416
1703200 415
1703210 415
1703220 415
1703230 414
1703240 414
1703250 414
1703260 414
1703270 413
1703280 413
1703290 413
1703300 412
1703310 412
1703320 407
1703330 404
1703340 404
1703350 407
1703360 410
1703370 410
1703380 410
1703390 408
1703400 404
1703410 404
1703420 404
1703430 407
1703440 407
1703450 410
1703460 410
1703470 410
1703480 410
1703490 410
1703500 410
1703510 409
1703520 408
1703530 408
1703540 408
1703550 407
1703560 407
1703570 404
1703580 397
1703590 396
1703600 396
1703610 392
1703620 389
1703630 389
1703640 385
1703650 382
1703660 382
1703670 381
1703680 380
1703690 380
1703700 385
1703710 385
1703720 385
1703730 382
1703740 380
1703750 380
1703760 379
1703770 379
1703780 377
1703790 377
1703800 377
1703810 376
1703820 376
1703830 379
1703840 380
1703850 380
1703860 375
1703870 369
1703880 369
1703890 373
1703900 380
1703910 380
1703920 381
1703930 382
1703940 382
1703950 380
1703960 378
1703970 375
1703980 375
1703990 376
1704000 380
1704010 380
1704020 387
1704030 391
1704040 391
1704050 392
1704060 394
1704070 394
1704080 396
1704090 397
1704100 397
1704110 398
1704120 399
1704130 399
1704140 399
1704150 399
1704160 399
1704170 399
1704180 398
1704190 398
1704200 398
1704210 397
1704220 397
1704230 397
1704240 396
1704250 396
1704260 396
1704270 395
1704280 395
1704290 395
1704300 394
1704310 394
1704320 394
1704330 393
1704340 392
1704350 392
1704360 391
1704370 390
1704380 388
1704390 388
1704400 386
1704410 386
1704420 386
1704430 387
1704440 386
1704450 386
1704460 386
1704470 387
1704480 387
1704490 388
1704500 389
1704510 389
1704520 390
1704530 391
1704540 391
1704550 391
1704560 392
1704570 392
1704580 392
1704590 393
1704600 393
1704610 393
1704620 393
1704630 393
1704640 393
1704650 393
1704660 394
1704670 394
1704680 393
1704690 393
1704700 393
1704710 393
1704720 392
1704730 392
1704740 392
1704750 391
1704760 391
1704770 391
1704780 390
1704790 390
1704800 390
1704810 389
1704820 388
1704830 388
1704840 387
1704850 386
1704860 386
1704870 384
1704880 382
1704890 382
1704900 381
1704910 379
1704920 379
1704930 378
1704940 376
1704950 375
1704960 375
1704970 374
1704980 374
1704990 374
1705000 374
1705010 373
1705020 373
1705030 372
1705040 371
1705050 371
1705060 369
1705070 369
1705080 369
1705090 368
1705100 368
1705110 368
1705120 368
1705130 367
1705140 367
1705150 366
1705160 364
1705170 363
1705180 363
1705190 363
1705200 361
1705210 361
1705220 361
1705230 361
1705240 361
1705250 358
1705260 357
1705270 357
1705280 358
1705290 357
1705300 357
1705310 356
1705320 355
1705330 355
1705340 354
1705350 352
1705360 353
1705370 353
1705380 352
1705390 351
1705400 351
1705410 350
1705420 350
1705430 350
1705440 348
1705450 346
1705460 346
1705470 348
1705480 348
1705490 348
1705500 347
1705510 347
1705520 347
1705530 346
1705540 345
1705550 344
1705560 344
1705570 343
1705580 343
1705590 343
1705600 342
1705610 341
1705620 341
1705630 341
1705640 340
1705650 340
1705660 339
1705670 339
1705680 339
1705690 338
1705700 338
1705710 338
1705720 337
1705730 337
1705740 336
1705750 336
1705760 336
1705770 336
1705780 336
1705790 335
1705800 335
1705810 335
1705820 335
1705830 334
1705840 334
1705850 334
1705860 333
1705870 333
1705880 333
1705890 333
1705900 333
1705910 333
1705920 332
1705930 332
1705940 332
1705950 332
1705960 332
1705970 332
1705980 332
1705990 332
1706000 332
1706010 331
1706020 331
1706030 331
1706040 331
1706050 331
1706060 331
1706070 331
1706080 331
1706090 331
1706100 331
1706110 331
1706120 331
1706130 331
1706140 331
1706150 331
1706160 331
1706170 331
1706180 331
1706190 331
1706200 331
1706210 331
1706220 331
1706230 331
1706240 330
1706250 330
1706260 330
1706270 330
1706280 330
1706290 330
1706300 330
1706310 330
1706320 330
1706330 330
1706340 330
1706350 330
1706360 330
1706370 330
1706380 330
1706390 330
1706400 330
1706410 330
1706420 331
1706430 330
1706440 330
1706450 330
1706460 330
1706470 330
1706480 330
1706490 330
1706500 330
1706510 330
1706520 330
1706530 330
1706540 330
1706550 330
1706560 330
1706570 330
1706580 329
1706590 329
1706600 329
1706610 329
1706620 329
1706630 329
1706640 330
1706650 329
1706660 329
1706670 329
1706680 329
1706690 329
1706700 329
1706710 329
1706720 329
1706730 329
1706740 329
1706750 329
1706760 329
1706770 329
1706780 329
1706790 329
1706800 329
1706810 328
1706820 328
1706830 328
1706840 328
1706850 328
1706860 328
1706870 328
1706880 328
1706890 328
1706900 327
1706910 327
1706920 328
1706930 327
1706940 327
1706950 327
1706960 328
1706970 328
1706980 328
1706990 327
1707000 327
1707010 327
1707020 327
1707030 327
1707040 327
1707050 327
1707060 327
1707070 327
1707080 327
1707090 327
1707100 327
1707110 327
1707120 327
1707130 327
1707140 327
1707150 327
1707160 327
1707170 327
1707180 327
1707190 327
1707200 327
1707210 328
1707220 328
1707230 328
1707240 329
1707250 329
1707260 329
1707270 328
1707280 328
1707290 328
1707300 327
1707310 327
1707320 327
1707330 326
1707340 326
1707350 326
1707360 326
1707370 326
1707380 326
1707390 326
1707400 326
1707410 326
1707420 326
1707430 326
1707440 332
1707450 332
1707460 329
1707470 325
1707480 325
1707490 325
1707500 325
1707510 325
1707520 326
1707530 327
1707540 327
1707550 327
1707560 327
1707570 326
1707580 326
1707590 326
1707600 326
1707610 326
1707620 326
1707630 326
1707640 326
1707650 326
1707660 326
1707670 326
1707680 326
1707690 329
1707700 329
1707710 330
1707720 330
1707730 330
1707740 330
1707750 327
1707760 326
1707770 326
1707780 326
1707790 326
1707800 326
1707810 326
1707820 326
1707830 326
1707840 326
1707850 324
1707860 324
1707870 322
1707880 321
1707890 321
1707900 321
1707910 321
1707920 322
1707930 322
1707940 324
1707950 325
1707960 325
1707970 326
1707980 326
1707990 326
1708000 326
1708010 326
1708020 326
1708030 326
1708040 326
1708050 326
1708060 326
1708070 326
1708080 326
1708090 326
1708100 326
1708110 326
1708120 326
1708130 326
1708140 326
1708150 326
1708160 326
1708170 326
1708180 326
1708190 326
1708200 326
1708210 326
1708220 327
1708230 328
1708240 328
1708250 328
1708260 326
1708270 326
1708280 326
1708290 326
1708300 326
1708310 326
1708320 325
1708330 325
1708340 325
1708350 325
1708360 325
1708370 325
1708380 325
1708390 325
1708400 325
1708410 325
1708420 325
1708430 325
1708440 325
1708450 325
1708460 325
1708470 325
1708480 325
1708490 325
1708500 325
1708510 325
1708520 325
1708530 325
1708540 325
1708550 325
1708560 325
1708570 325
1708580 325
1708590 325
1708600 325
1708610 325
1708620 325
1708630 325
1708640 325
1708650 325
1708660 325
1708670 325
1708680 325
1708690 325
1708700 324
1708710 324
1708720 324
1708730 324
1708740 324
1708750 324
1708760 324
1708770 325
1708780 325
1708790 325
1708800 325
1708810 325
1708820 325
1708830 324
1708840 324
1708850 324
1708860 324
1708870 324
1708880 324
1708890 324
1708900 324
1708910 324
1708920 324
1708930 324
1708940 324
1708950 324
1708960 324
1708970 324
1708980 324
1708990 324
1709000 324
1709010 324
1709020 324
1709030 324
1709040 324
1709050 324
1709060 324
1709070 324
1709080 324
1709090 324
1709100 324
1709110 324
1709120 324
1709130 324
1709140 324
1709150 324
1709160 324
1709170 324
1709180 324
1709190 324
1709200 324
1709210 324
1709220 324
1709230 324
1709240 323
1709250 323
1709260 324
1709270 325
1709280 325
1709290 325
1709300 325
1709310 325
1709320 325
1709330 325
1709340 324
1709350 324
1709360 324
1709370 324
1709380 324
1709390 323
1709400 323
1709410 323
1709420 323
1709430 323
1709440 323
1709450 323
1709460 323
1709470 323
1709480 323
1709490 323
1709500 323
1709510 323
1709520 323
1709530 323
1709540 323
1709550 323
1709560 323
1709570 323
1709580 323
1709590 323
1709600 323
1709610 323
1709620 323
1709630 323
1709640 323
1709650 323
1709660 323
1709670 323
1709680 323
1709690 323
1709700 323
1709710 323
1709720 323
1709730 323
1709740 323
1709750 323
1709760 323
1709770 323
1709780 323
1709790 323
1709800 323
1709810 323
1709820 323
1709830 323
1709840 323
1709850 323
1709860 323
1709870 323
1709880 323
1709890 323
1709900 323
1709910 323
1709920 323
1709930 323
1709940 323
1709950 323
1709960 322
1709970 322
1709980 322
1709990 322
1710000 322
1710010 322
1710020 323
1710030 323
1710040 323
1710050 323
1710060 323
1710070 323
1710080 323
1710090 323
1710100 323
1710110 323
1710120 324
1710130 324
1710140 324
1710150 323
1710160 323
1710170 323
1710180 323
1710190 323
1710200 323
1710210 323
1710220 323
1710230 323
1710240 323
1710250 323
1710260 323
1710270 323
1710280 323
1710290 323
1710300 323
1710310 323
1710320 324
1710330 324
1710340 326
1710350 327
1710360 327
1710370 328
1710380 330
1710390 330
1710400 332
1710410 334
1710420 334
1710430 336
1710440 337
1710450 337
1710460 339
1710470 340
1710480 340
1710490 342
1710500 344
1710510 346
1710520 346
1710530 348
1710540 349
1710550 349
1710560 348
1710570 349
1710580 349
1710590 349
1710600 349
1710610 349
1710620 349
1710630 349
1710640 349
1710650 349
1710660 349
1710670 349
1710680 349
1710690 349
1710700 349
1710710 349
1710720 349
1710730 349
1710740 349
1710750 349
1710760 349
1710770 349
1710780 348
1710790 348
1710800 348
1710810 347
1710820 347
1710830 347
1710840 346
1710850 345
1710860 345
1710870 343
1710880 342
1710890 341
1710900 341
1710910 340
1710920 339
1710930 339
1710940 338
1710950 338
1710960 338
1710970 337
1710980 336
1710990 336
1711000 336
1711010 335
1711020 335
1711030 335
1711040 334
1711050 334
1711060 333
1711070 333
1711080 333
1711090 332
1711100 332
1711110 332
1711120 332
1711130 331
1711140 331
1711150 331
1711160 331
1711170 330
1711180 330
1711190 330
1711200 330
1711210 330
1711220 329
1711230 329
1711240 329
1711250 328
1711260 328
1711270 328
1711280 328
1711290 328
1711300 328
1711310 328
1711320 327
1711330 327
1711340 327
1711350 327
1711360 327
1711370 327
1711380 327
1711390 327
1711400 327
1711410 327
1711420 328
1711430 328
1711440 327
1711450 326
1711460 326
1711470 328
1711480 329
1711490 329
1711500 329
1711510 330
1711520 330
1711530 330
1711540 331
1711550 331
1711560 331
1711570 332
1711580 332
1711590 332
1711600 333
1711610 334
1711620 334
1711630 334
1711640 335
1711650 335
1711660 336
1711670 336
1711680 337
1711690 337
1711700 337
1711710 338
1711720 338
1711730 338
1711740 338
1711750 338
1711760 338
1711770 339
1711780 339
1711790 340
1711800 343
1711810 343
1711820 345
1711830 348
1711840 348
1711850 349
1711860 350
1711870 350
1711880 349
1711890 350
1711900 351
1711910 351
1711920 351
1711930 352
1711940 352
1711950 353
1711960 352
1711970 352
1711980 353
1711990 353
1712000 353
1712010 352
1712020 352
1712030 352
1712040 352
1712050 352
1712060 352
1712070 352
1712080 352
1712090 351
1712100 351
1712110 351
1712120 351
1712130 351
1712140 350
1712150 350
1712160 350
1712170 349
1712180 349
1712190 349
1712200 348
1712210 347
1712220 347
1712230 345
1712240 344
1712250 344
1712260 342
1712270 341
1712280 341
1712290 341
1712300 342
1712310 344
1712320 344
1712330 345
1712340 347
1712350 347
1712360 349
1712370 349
1712380 349
1712390 350
1712400 350
1712410 350
1712420 350
1712430 351
1712440 351
1712450 351
1712460 351
1712470 350
1712480 350
1712490 350
1712500 349
1712510 349
1712520 349
1712530 348
1712540 348
1712550 346
1712560 345
1712570 345
1712580 344
1712590 343
1712600 343
1712610 342
1712620 341
1712630 341
1712640 340
1712650 339
1712660 339
1712670 339
1712680 338
1712690 338
1712700 338
1712710 337
1712720 337
1712730 337
1712740 337
1712750 336
1712760 336
1712770 336
1712780 336
1712790 336
1712800 335
1712810 334
1712820 334
1712830 332
1712840 333
1712850 333
1712860 332
1712870 330
1712880 329
1712890 329
1712900 329
1712910 329
1712920 329
1712930 329
1712940 327
1712950 327
1712960 329
1712970 328
1712980 328
1712990 328
1713000 328
1713010 328
1713020 330
1713030 333
1713040 333
1713050 335
1713060 339
1713070 343
1713080 343
1713090 347
1713100 348
1713110 348
1713120 350
1713130 350
1713140 350
1713150 351
1713160 351
1713170 351
1713180 351
1713190 351
1713200 351
1713210 352
1713220 352
1713230 352
1713240 352
1713250 352
1713260 352
1713270 352
1713280 352
1713290 352
1713300 352
1713310 352
1713320 352
1713330 352
1713340 353
1713350 352
1713360 352
1713370 353
1713380 353
1713390 353
1713400 353
1713410 354
1713420 354
1713430 353
1713440 354
1713450 354
1713460 353
1713470 354
1713480 354
1713490 354
1713500 354
1713510 354
1713520 354
1713530 354
1713540 354
1713550 354
1713560 354
1713570 354
1713580 354
1713590 354
1713600 354
1713610 354
1713620 354
1713630 354
1713640 354
1713650 354
1713660 354
1713670 354
1713680 354
1713690 354
1713700 354
1713710 354
1713720 354
1713730 354
1713740 354
1713750 354
1713760 354
1713770 354
1713780 354
1713790 354
1713800 354
1713810 354
1713820 354
1713830 354
1713840 354
1713850 354
1713860 354
1713870 354
1713880 354
1713890 354
1713900 354
1713910 354
1713920 354
1713930 354
1713940 354
1713950 354
1713960 354
1713970 354
1713980 353
1713990 353
1714000 353
1714010 353
1714020 353
1714030 353
1714040 353
1714050 353
1714060 352
1714070 352
1714080 352
1714090 352
1714100 351
1714110 351
1714120 351
1714130 350
1714140 350
1714150 350
1714160 349
1714170 348
1714180 348
1714190 348
1714200 347
1714210 347
1714220 346
1714230 346
1714240 346
1714250 346
1714260 345
1714270 345
1714280 345
1714290 345
1714300 345
1714310 345
1714320 346
1714330 347
1714340 347
1714350 348
1714360 349
1714370 349
1714380 350
1714390 350
1714400 350
1714410 350
1714420 351
1714430 351
1714440 351
1714450 351
1714460 351
1714470 351
1714480 351
1714490 351
1714500 351
1714510 351
1714520 352
1714530 352
1714540 352
1714550 352
1714560 352
1714570 351
1714580 351
1714590 351
1714600 351
1714610 351
1714620 351
1714630 352
1714640 352
1714650 352
1714660 352
1714670 352
1714680 352
1714690 352
1714700 351
1714710 352
1714720 352
1714730 351
1714740 352
1714750 352
1714760 352
1714770 352
1714780 352
1714790 352
1714800 352
1714810 352
1714820 351
1714830 351
1714840 351
1714850 351
1714860 351
1714870 351
1714880 351
1714890 351
1714900 351
1714910 351
1714920 351
1714930 351
1714940 351
1714950 351
1714960 351
1714970 351
1714980 351
1714990 351
1715000 351
1715010 351
1715020 351
1715030 351
1715040 351
1715050 351
1715060 351
1715070 351
1715080 351
1715090 351
1715100 351
1715110 351
1715120 351
1715130 351
1715140 351
1715150 351
1715160 351
1715170 351
1715180 351
1715190 351
1715200 351
1715210 350
1715220 350
1715230 350
1715240 350
1715250 350
1715260 350
1715270 350
1715280 349
1715290 349
1715300 348
1715310 347
1715320 347
1715330 345
1715340 344
1715350 344
1715360 343
1715370 343
1715380 343
1715390 338
1715400 343
1715410 343
1715420 346
1715430 344
1715440 346
1715450 346
1715460 344
1715470 341
1715480 341
1715490 338
1715500 336
1715510 336
1715520 334
1715530 333
1715540 333
1715550 332
1715560 331
1715570 331
1715580 331
1715590 330
1715600 330
1715610 329
1715620 328
1715630 328
1715640 328
1715650 328
1715660 327
1715670 327
1715680 327
1715690 327
1715700 327
1715710 327
1715720 327
1715730 327
1715740 327
1715750 327
1715760 327
1715770 327
1715780 327
1715790 327
1715800 327
1715810 327
1715820 327
1715830 327
1715840 327
1715850 327
1715860 327
1715870 327
1715880 327
1715890 327
1715900 327
1715910 327
1715920 327
1715930 327
1715940 327
1715950 327
1715960 327
1715970 327
1715980 327
1715990 327
1716000 327
1716010 327
1716020 327
1716030 327
1716040 327
1716050 327
1716060 327
1716070 326
1716080 326
1716090 327
1716100 327
1716110 327
1716120 326
1716130 328
1716140 328
1716150 327
1716160 327
1716170 327
1716180 326
1716190 327
1716200 327
1716210 327
1716220 327
1716230 327
1716240 326
1716250 326
1716260 327
1716270 327
1716280 326
1716290 326
1716300 326
1716310 326
1716320 326
1716330 326
1716340 326
1716350 326
1716360 326
1716370 326
1716380 326
1716390 326
1716400 326
1716410 326
1716420 326
1716430 327
1716440 327
1716450 327
1716460 327
1716470 327
1716480 327
1716490 327
1716500 327
1716510 327
1716520 327
1716530 327
1716540 326
1716550 326
1716560 326
1716570 326
1716580 326
1716590 326
1716600 326
1716610 326
1716620 326
1716630 326
1716640 326
1716650 326
1716660 326
1716670 326
1716680 326
1716690 326
1716700 326
1716710 326
1716720 326
1716730 326
1716740 326
1716750 326
1716760 326
1716770 326
1716780 326
1716790 326
1716800 326
1716810 326
1716820 326
1716830 326
1716840 326
1716850 326
1716860 326
1716870 326
1716880 326
1716890 326
1716900 326
1716910 326
1716920 326
1716930 326
1716940 326
1716950 326
1716960 326
1716970 326
1716980 326
1716990 326
1717000 326
1717010 326
1717020 326
1717030 326
1717040 326
1717050 326
1717060 326
1717070 326
1717080 326
1717090 326
1717100 326
1717110 326
1717120 326
1717130 326
1717140 326
1717150 326
1717160 326
1717170 325
1717180 325
1717190 325
1717200 325
1717210 325
1717220 325
1717230 325
1717240 325
1717250 325
1717260 325
1717270 325
1717280 325
1717290 325
1717300 325
1717310 325
1717320 326
1717330 326
1717340 326
1717350 325
1717360 325
1717370 325
1717380 326
1717390 326
1717400 326
1717410 326
1717420 326
1717430 326
1717440 326
1717450 326
1717460 326
1717470 326
1717480 326
1717490 326
1717500 326
1717510 326
1717520 326
1717530 326
1717540 326
1717550 326
1717560 326
1717570 326
1717580 326
1717590 326
1717600 326
1717610 326
1717620 326
1717630 326
1717640 326
1717650 326
1717660 326
1717670 326
1717680 326
1717690 326
1717700 327
1717710 326
1717720 326
1717730 326
1717740 326
1717750 326
1717760 326
1717770 326
1717780 326
1717790 326
1717800 326
1717810 326
1717820 326
1717830 326
1717840 326
1717850 326
1717860 326
1717870 326
1717880 326
1717890 326
1717900 326
1717910 326
1717920 326
1717930 326
1717940 326
1717950 326
1717960 326
1717970 326
1717980 326
1717990 326
1718000 326
1718010 326
1718020 326
1718030 326
1718040 326
1718050 326
1718060 326
1718070 326
1718080 326
1718090 326
1718100 326
1718110 326
1718120 325
1718130 325
1718140 325
1718150 325
1718160 325
1718170 325
1718180 325
1718190 325
1718200 325
1718210 325
1718220 325
1718230 325
1718240 325
1718250 326
1718260 326
1718270 326
1718280 326
1718290 326
1718300 325
1718310 325
1718320 325
1718330 325
1718340 325
1718350 325
1718360 325
1718370 325
1718380 325
1718390 325
1718400 325
1718410 325
1718420 325
1718430 325
1718440 325
1718450 325
1718460 325
1718470 325
1718480 325
1718490 325
1718500 325
1718510 325
1718520 325
1718530 325
1718540 325
1718550 325
1718560 325
1718570 325
1718580 325
1718590 325
1718600 325
1718610 325
1718620 325
1718630 325
1718640 325
1718650 325
1718660 325
1718670 325
1718680 325
1718690 325
1718700 325
1718710 325
1718720 325
1718730 325
1718740 325
1718750 325
1718760 325
1718770 325
1718780 325
1718790 325
1718800 325
1718810 325
1718820 325
1718830 325
1718840 325
1718850 325
1718860 325
1718870 325
1718880 325
1718890 325
1718900 325
1718910 325
1718920 325
1718930 325
1718940 325
1718950 325
1718960 325
1718970 325
1718980 325
1718990 325
1719000 325
1719010 325
1719020 325
1719030 325
1719040 325
1719050 325
1719060 325
1719070 325
1719080 325
1719090 326
1719100 327
1719110 327
1719120 327
1719130 327
1719140 327
1719150 326
1719160 325
1719170 325
1719180 325
1719190 325
1719200 325
1719210 325
1719220 325
1719230 325
1719240 325
1719250 325
1719260 325
1719270 325
1719280 325
1719290 325
1719300 325
1719310 325
1719320 325
1719330 325
1719340 325
1719350 325
1719360 325
1719370 325
1719380 325
1719390 325
1719400 325
1719410 325
1719420 325
1719430 325
1719440 325
1719450 325
1719460 325
1719470 325
1719480 325
1719490 325
1719500 325
1719510 325
1719520 325
1719530 325
1719540 324
1719550 324
1719560 324
1719570 324
1719580 324
1719590 324
1719600 324
1719610 324
1719620 324
1719630 324
1719640 324
1719650 324
1719660 324
1719670 324
1719680 324
1719690 324
1719700 324
1719710 324
1719720 324
1719730 324
1719740 324
1719750 324
1719760 324
1719770 324
1719780 324
1719790 324
1719800 324
1719810 324
1719820 324
1719830 324
1719840 324
1719850 324
1719860 324
1719870 324
1719880 324
1719890 324
1719900 324
1719910 324
1719920 324
1719930 324
1719940 324
1719950 324
1719960 324
1719970 324
1719980 324
1719990 324
