1760000 295
1760010 295
1760020 295
1760030 295
1760040 295
1760050 295
1760060 295
1760070 295
1760080 295
1760090 295
1760100 295
1760110 295
1760120 295
1760130 295
1760140 295
1760150 295
1760160 295
1760170 295
1760180 295
1760190 295
1760200 295
1760210 295
1760220 295
1760230 295
1760240 295
1760250 295
1760260 295
1760270 295
1760280 295
1760290 295
1760300 295
1760310 295
1760320 295
1760330 295
1760340 295
1760350 295
1760360 295
1760370 295
1760380 295
1760390 295
1760400 295
1760410 295
1760420 295
1760430 295
1760440 295
1760450 295
1760460 295
1760470 295
1760480 295
1760490 295
1760500 294
1760510 294
1760520 294
1760530 292
1760540 292
1760550 290
1760560 290
1760570 290
1760580 292
1760590 293
1760600 293
1760610 294
1760620 293
1760630 289
1760640 289
1760650 290
1760660 293
1760670 293
1760680 294
1760690 294
1760700 294
1760710 294
1760720 293
1760730 293
1760740 293
1760750 293
1760760 293
1760770 293
1760780 293
1760790 293
1760800 293
1760810 293
1760820 293
1760830 292
1760840 292
1760850 292
1760860 292
1760870 293
1760880 291
1760890 291
1760900 289
1760910 289
1760920 289
1760930 291
1760940 291
1760950 291
1760960 293
1760970 294
1760980 294
1760990 294
1761000 294
1761010 294
1761020 294
1761030 294
1761040 294
1761050 294
1761060 294
1761070 294
1761080 294
1761090 294
1761100 294
1761110 294
1761120 294
1761130 294
1761140 294
1761150 294
1761160 294
1761170 294
1761180 294
1761190 294
1761200 294
1761210 294
1761220 293
1761230 293
1761240 293
1761250 293
1761260 293
1761270 293
1761280 293
1761290 293
1761300 293
1761310 293
1761320 293
1761330 293
1761340 293
1761350 294
1761360 294
1761370 294
1761380 293
1761390 293
1761400 293
1761410 293
1761420 293
1761430 293
1761440 293
1761450 294
1761460 294
1761470 294
1761480 294
1761490 294
1761500 294
1761510 294
1761520 294
1761530 294
1761540 295
1761550 295
1761560 295
1761570 295
1761580 295
1761590 296
1761600 298
1761610 298
1761620 298
1761630 298
1761640 299
1761650 299
1761660 299
1761670 300
1761680 300
1761690 301
1761700 301
1761710 301
1761720 302
1761730 302
1761740 302
1761750 303
1761760 303
1761770 303
1761780 303
1761790 303
1761800 303
1761810 304
1761820 304
1761830 308
1761840 308
1761850 311
1761860 313
1761870 313
1761880 315
1761890 316
1761900 316
1761910 317
1761920 319
1761930 319
1761940 319
1761950 319
1761960 319
1761970 318
1761980 321
1761990 321
1762000 322
1762010 323
1762020 323
1762030 323
1762040 321
1762050 323
1762060 323
1762070 325
1762080 326
1762090 326
1762100 326
1762110 324
1762120 324
1762130 324
1762140 325
1762150 325
1762160 325
1762170 326
1762180 326
1762190 326
1762200 325
1762210 325
1762220 325
1762230 326
1762240 328
1762250 328
1762260 328
1762270 329
1762280 329
1762290 329
1762300 330
1762310 330
1762320 332
1762330 332
1762340 332
1762350 332
1762360 334
1762370 334
1762380 335
1762390 334
1762400 334
1762410 335
1762420 335
1762430 336
1762440 336
1762450 336
1762460 336
1762470 336
1762480 337
1762490 337
1762500 337
1762510 338
1762520 337
1762530 337
1762540 337
1762550 338
1762560 338
1762570 338
1762580 339
1762590 339
1762600 340
1762610 340
1762620 340
1762630 340
1762640 340
1762650 340
1762660 340
1762670 340
1762680 341
1762690 341
1762700 342
1762710 342
1762720 342
1762730 343
1762740 343
1762750 343
1762760 343
1762770 343
1762780 343
1762790 343
1762800 346
1762810 346
1762820 344
1762830 344
1762840 343
1762850 343
1762860 343
1762870 340
1762880 340
1762890 338
1762900 337
1762910 337
1762920 335
1762930 333
1762940 333
1762950 330
1762960 328
1762970 328
1762980 325
1762990 323
1763000 323
1763010 320
1763020 318
1763030 316
1763040 316
1763050 315
1763060 313
1763070 313
1763080 312
1763090 310
1763100 310
1763110 309
1763120 308
1763130 308
1763140 307
1763150 306
1763160 306
1763170 305
1763180 304
1763190 304
1763200 303
1763210 302
1763220 302
1763230 301
1763240 301
1763250 298
1763260 298
1763270 297
1763280 296
1763290 296
1763300 296
1763310 296
1763320 296
1763330 296
1763340 295
1763350 295
1763360 295
1763370 295
1763380 295
1763390 295
1763400 295
1763410 295
1763420 294
1763430 294
1763440 294
1763450 294
1763460 294
1763470 294
1763480 294
1763490 294
1763500 294
1763510 294
1763520 291
1763530 295
1763540 295
1763550 294
1763560 294
1763570 294
1763580 294
1763590 294
1763600 294
1763610 294
1763620 294
1763630 293
1763640 293
1763650 294
1763660 294
1763670 294
1763680 294
1763690 294
1763700 294
1763710 294
1763720 294
1763730 294
1763740 295
1763750 295
1763760 295
1763770 296
1763780 296
1763790 296
1763800 298
1763810 300
1763820 300
1763830 302
1763840 304
1763850 305
1763860 305
1763870 307
1763880 309
1763890 309
1763900 311
1763910 313
1763920 313
1763930 314
1763940 315
1763950 315
1763960 317
1763970 318
1763980 318
1763990 318
1764000 319
1764010 319
1764020 319
1764030 320
1764040 319
1764050 319
1764060 320
1764070 320
1764080 320
1764090 319
1764100 319
1764110 319
1764120 319
1764130 319
1764140 319
1764150 319
1764160 320
1764170 320
1764180 320
1764190 320
1764200 320
1764210 323
1764220 325
1764230 326
1764240 326
1764250 330
1764260 333
1764270 333
1764280 336
1764290 338
1764300 338
1764310 339
1764320 341
1764330 341
1764340 343
1764350 344
1764360 344
1764370 344
1764380 343
1764390 343
1764400 344
1764410 345
1764420 345
1764430 347
1764440 349
1764450 351
1764460 351
1764470 351
1764480 351
1764490 351
1764500 351
1764510 351
1764520 351
1764530 351
1764540 351
1764550 351
1764560 351
1764570 351
1764580 349
1764590 350
1764600 350
1764610 350
1764620 349
1764630 349
1764640 350
1764650 350
1764660 351
1764670 353
1764680 353
1764690 353
1764700 353
1764710 353
1764720 353
1764730 353
1764740 353
1764750 354
1764760 354
1764770 354
1764780 355
1764790 355
1764800 355
1764810 355
1764820 355
1764830 356
1764840 356
1764850 358
1764860 362
1764870 362
1764880 363
1764890 364
1764900 364
1764910 365
1764920 366
1764930 366
1764940 367
1764950 371
1764960 371
1764970 373
1764980 374
1764990 374
1765000 375
1765010 375
1765020 375
1765030 376
1765040 376
1765050 375
1765060 375
1765070 374
1765080 374
1765090 374
1765100 374
1765110 374
1765120 374
1765130 374
1765140 374
1765150 374
1765160 374
1765170 375
1765180 375
1765190 376
1765200 376
1765210 376
1765220 374
1765230 373
1765240 373
1765250 373
1765260 373
1765270 370
1765280 370
1765290 369
1765300 367
1765310 367
1765320 366
1765330 363
1765340 363
1765350 358
1765360 355
1765370 355
1765380 355
1765390 354
1765400 354
1765410 354
1765420 353
1765430 352
1765440 352
1765450 352
1765460 348
1765470 348
1765480 349
1765490 351
1765500 351
1765510 350
1765520 348
1765530 348
1765540 346
1765550 344
1765560 344
1765570 341
1765580 339
1765590 339
1765600 341
1765610 341
1765620 341
1765630 343
1765640 344
1765650 343
1765660 343
1765670 342
1765680 342
1765690 342
1765700 342
1765710 341
1765720 341
1765730 341
1765740 340
1765750 340
1765760 340
1765770 340
1765780 340
1765790 336
1765800 331
1765810 331
1765820 326
1765830 324
1765840 328
1765850 328
1765860 327
1765870 327
1765880 327
1765890 328
1765900 329
1765910 329
1765920 324
1765930 319
1765940 319
1765950 325
1765960 331
1765970 331
1765980 332
1765990 334
1766000 334
1766010 336
1766020 339
1766030 339
1766040 341
1766050 342
1766060 343
1766070 343
1766080 343
1766090 343
1766100 343
1766110 343
1766120 342
1766130 342
1766140 340
1766150 338
1766160 338
1766170 335
1766180 333
1766190 333
1766200 330
1766210 326
1766220 326
1766230 319
1766240 313
1766250 312
1766260 312
1766270 311
1766280 308
1766290 308
1766300 310
1766310 308
1766320 308
1766330 309
1766340 308
1766350 308
1766360 308
1766370 306
1766380 306
1766390 302
1766400 302
1766410 302
1766420 306
1766430 307
1766440 303
1766450 303
1766460 301
1766470 301
1766480 301
1766490 301
1766500 301
1766510 301
1766520 302
1766530 305
1766540 305
1766550 306
1766560 306
1766570 306
1766580 307
1766590 308
1766600 308
1766610 308
1766620 308
1766630 308
1766640 308
1766650 308
1766660 307
1766670 307
1766680 306
1766690 303
1766700 303
1766710 299
1766720 303
1766730 303
1766740 304
1766750 304
1766760 304
1766770 309
1766780 312
1766790 312
1766800 313
1766810 315
1766820 315
1766830 312
1766840 308
1766850 305
1766860 305
1766870 311
1766880 316
1766890 316
1766900 317
1766910 316
1766920 316
1766930 314
1766940 314
1766950 314
1766960 312
1766970 309
1766980 309
1766990 307
1767000 305
1767010 305
1767020 298
1767030 294
1767040 294
1767050 294
1767060 294
1767070 294
1767080 294
1767090 294
1767100 295
1767110 295
1767120 292
1767130 292
1767140 292
1767150 292
1767160 292
1767170 292
1767180 292
1767190 292
1767200 292
1767210 292
1767220 292
1767230 292
1767240 291
1767250 291
1767260 291
1767270 291
1767280 291
1767290 291
1767300 291
1767310 290
1767320 290
1767330 290
1767340 290
1767350 290
1767360 290
1767370 289
1767380 289
1767390 289
1767400 289
1767410 289
1767420 289
1767430 289
1767440 289
1767450 289
1767460 289
1767470 288
1767480 287
1767490 287
1767500 287
1767510 287
1767520 287
1767530 287
1767540 287
1767550 287
1767560 287
1767570 286
1767580 286
1767590 286
1767600 287
1767610 287
1767620 287
1767630 288
1767640 287
1767650 287
1767660 286
1767670 287
1767680 287
1767690 286
1767700 283
1767710 283
1767720 286
1767730 286
1767740 286
1767750 285
1767760 286
1767770 286
1767780 286
1767790 286
1767800 286
1767810 286
1767820 286
1767830 286
1767840 286
1767850 286
1767860 286
1767870 286
1767880 286
1767890 286
1767900 286
1767910 287
1767920 287
1767930 287
1767940 288
1767950 289
1767960 289
1767970 290
1767980 291
1767990 291
1768000 293
1768010 294
1768020 294
1768030 295
1768040 295
1768050 295
1768060 295
1768070 295
1768080 295
1768090 295
1768100 296
1768110 296
1768120 296
1768130 296
1768140 297
1768150 297
1768160 297
1768170 296
1768180 296
1768190 298
1768200 297
1768210 297
1768220 297
1768230 296
1768240 296
1768250 296
1768260 295
1768270 295
1768280 295
1768290 294
1768300 294
1768310 294
1768320 294
1768330 294
1768340 294
1768350 294
1768360 293
1768370 293
1768380 295
1768390 298
1768400 298
1768410 300
1768420 303
1768430 303
1768440 306
1768450 308
1768460 311
1768470 311
1768480 313
1768490 315
1768500 315
1768510 316
1768520 318
1768530 318
1768540 317
1768550 318
1768560 318
1768570 319
1768580 321
1768590 321
1768600 322
1768610 323
1768620 323
1768630 324
1768640 324
1768650 325
1768660 325
1768670 325
1768680 327
1768690 327
1768700 330
1768710 332
1768720 332
1768730 334
1768740 335
1768750 335
1768760 337
1768770 338
1768780 338
1768790 340
1768800 340
1768810 340
1768820 342
1768830 344
1768840 346
1768850 346
1768860 348
1768870 351
1768880 351
1768890 353
1768900 356
1768910 356
1768920 359
1768930 360
1768940 360
1768950 362
1768960 366
1768970 366
1768980 368
1768990 371
1769000 371
1769010 372
1769020 374
1769030 374
1769040 376
1769050 378
1769060 380
1769070 380
1769080 382
1769090 384
1769100 384
1769110 385
1769120 386
1769130 386
1769140 387
1769150 387
1769160 387
1769170 387
1769180 386
1769190 386
1769200 386
1769210 385
1769220 385
1769230 384
1769240 384
1769250 383
1769260 383
1769270 381
1769280 379
1769290 379
1769300 376
1769310 376
1769320 376
1769330 375
1769340 376
1769350 376
1769360 375
1769370 374
1769380 374
1769390 371
1769400 371
1769410 371
1769420 370
1769430 367
1769440 366
1769450 366
1769460 363
1769470 360
1769480 360
1769490 360
1769500 359
1769510 359
1769520 359
1769530 358
1769540 358
1769550 357
1769560 356
1769570 356
1769580 356
1769590 356
1769600 356
1769610 356
1769620 356
1769630 356
1769640 357
1769650 356
1769660 355
1769670 355
1769680 355
1769690 355
1769700 355
1769710 355
1769720 355
1769730 355
1769740 355
1769750 355
1769760 355
1769770 355
1769780 356
1769790 356
1769800 357
1769810 358
1769820 355
1769830 357
1769840 358
1769850 359
1769860 359
1769870 360
1769880 360
1769890 360
1769900 360
1769910 362
1769920 362
1769930 363
1769940 363
1769950 363
1769960 363
1769970 362
1769980 362
1769990 360
1770000 359
1770010 359
1770020 357
1770030 356
1770040 355
1770050 355
1770060 355
1770070 354
1770080 354
1770090 353
1770100 352
1770110 352
1770120 351
1770130 350
1770140 350
1770150 349
1770160 347
1770170 347
1770180 345
1770190 344
1770200 344
1770210 343
1770220 341
1770230 341
1770240 341
1770250 340
1770260 340
1770270 340
1770280 339
1770290 339
1770300 339
1770310 338
1770320 337
1770330 337
1770340 337
1770350 336
1770360 336
1770370 335
1770380 334
1770390 334
1770400 332
1770410 331
1770420 331
1770430 329
1770440 327
1770450 323
1770460 323
1770470 320
1770480 316
1770490 316
1770500 313
1770510 312
1770520 312
1770530 310
1770540 308
1770550 308
1770560 306
1770570 303
1770580 303
1770590 301
1770600 299
1770610 299
1770620 297
1770630 295
1770640 294
1770650 294
1770660 293
1770670 292
1770680 292
1770690 291
1770700 290
1770710 290
1770720 288
1770730 290
1770740 290
1770750 290
1770760 291
1770770 291
1770780 291
1770790 292
1770800 292
1770810 293
1770820 295
1770830 295
1770840 298
1770850 301
1770860 304
1770870 304
1770880 306
1770890 308
1770900 308
1770910 310
1770920 314
1770930 314
1770940 317
1770950 319
1770960 319
1770970 323
1770980 329
1770990 329
1771000 331
1771010 333
1771020 333
1771030 337
1771040 343
1771050 347
1771060 347
1771070 351
1771080 354
1771090 354
1771100 356
1771110 357
1771120 357
1771130 359
1771140 359
1771150 359
1771160 359
1771170 359
1771180 359
1771190 359
1771200 359
1771210 359
1771220 359
1771230 359
1771240 359
1771250 359
1771260 359
1771270 359
1771280 359
1771290 360
1771300 360
1771310 360
1771320 361
1771330 362
1771340 362
1771350 363
1771360 363
1771370 363
1771380 364
1771390 365
1771400 365
1771410 366
1771420 367
1771430 367
1771440 368
1771450 368
1771460 369
1771470 369
1771480 370
1771490 371
1771500 371
1771510 371
1771520 371
1771530 371
1771540 371
1771550 370
1771560 370
1771570 369
1771580 368
1771590 368
1771600 367
1771610 367
1771620 367
1771630 365
1771640 364
1771650 362
1771660 362
1771670 361
1771680 360
1771690 360
1771700 359
1771710 358
1771720 358
1771730 358
1771740 358
1771750 358
1771760 356
1771770 355
1771780 355
1771790 353
1771800 351
1771810 351
1771820 349
1771830 348
1771840 345
1771850 345
1771860 345
1771870 344
1771880 344
1771890 340
1771900 333
1771910 333
1771920 332
1771930 331
1771940 331
1771950 329
1771960 331
1771970 331
1771980 329
1771990 326
1772000 326
1772010 324
1772020 325
1772030 325
1772040 328
1772050 334
1772060 340
1772070 340
1772080 341
1772090 343
1772100 343
1772110 346
1772120 348
1772130 348
1772140 350
1772150 352
1772160 352
1772170 353
1772180 355
1772190 355
1772200 359
1772210 363
1772220 363
1772230 365
1772240 368
1772250 371
1772260 371
1772270 372
1772280 374
1772290 374
1772300 374
1772310 374
1772320 374
1772330 373
1772340 372
1772350 371
1772360 370
1772370 368
1772380 368
1772390 366
1772400 361
1772410 361
1772420 354
1772430 348
1772440 347
1772450 347
1772460 345
1772470 342
1772480 342
1772490 339
1772500 339
1772510 339
1772520 338
1772530 334
1772540 334
1772550 332
1772560 330
1772570 330
1772580 328
1772590 326
1772600 326
1772610 324
1772620 324
1772630 324
1772640 323
1772650 322
1772660 321
1772670 321
1772680 322
1772690 322
1772700 322
1772710 321
1772720 321
1772730 321
1772740 321
1772750 321
1772760 321
1772770 321
1772780 322
1772790 322
1772800 323
1772810 323
1772820 323
1772830 324
1772840 324
1772850 325
1772860 325
1772870 325
1772880 326
1772890 326
1772900 328
1772910 328
1772920 328
1772930 327
1772940 328
1772950 328
1772960 329
1772970 329
1772980 329
1772990 327
1773000 328
1773010 328
1773020 329
1773030 330
1773040 330
1773050 330
1773060 330
1773070 330
1773080 330
1773090 330
1773100 329
1773110 329
1773120 329
1773130 330
1773140 330
1773150 333
1773160 334
1773170 334
1773180 333
1773190 331
1773200 331
1773210 329
1773220 328
1773230 328
1773240 327
1773250 327
1773260 326
1773270 326
1773280 326
1773290 325
1773300 325
1773310 325
1773320 325
1773330 325
1773340 325
1773350 325
1773360 325
1773370 326
1773380 326
1773390 326
1773400 327
1773410 327
1773420 327
1773430 327
1773440 327
1773450 327
1773460 327
1773470 326
1773480 325
1773490 325
1773500 324
1773510 323
1773520 323
1773530 320
1773540 318
1773550 318
1773560 316
1773570 314
1773580 312
1773590 310
1773600 307
1773610 307
1773620 301
1773630 298
1773640 298
1773650 297
1773660 296
1773670 294
1773680 294
1773690 292
1773700 290
1773710 290
1773720 288
1773730 287
1773740 287
1773750 285
1773760 283
1773770 283
1773780 287
1773790 287
1773800 287
1773810 288
1773820 288
1773830 288
1773840 288
1773850 288
1773860 288
1773870 288
1773880 288
1773890 288
1773900 288
1773910 290
1773920 292
1773930 292
1773940 294
1773950 296
1773960 296
1773970 297
1773980 299
1773990 299
1774000 301
1774010 302
1774020 302
1774030 304
1774040 306
1774050 309
1774060 309
1774070 312
1774080 314
1774090 314
1774100 317
1774110 321
1774120 321
1774130 323
1774140 325
1774150 325
1774160 327
1774170 328
1774180 328
1774190 329
1774200 329
1774210 329
1774220 330
1774230 332
1774240 332
1774250 332
1774260 333
1774270 333
1774280 333
1774290 333
1774300 333
1774310 333
1774320 332
1774330 332
1774340 332
1774350 331
1774360 332
1774370 332
1774380 332
1774390 332
1774400 332
1774410 331
1774420 332
1774430 332
1774440 332
1774450 334
1774460 335
1774470 335
1774480 338
1774490 340
1774500 340
1774510 342
1774520 345
1774530 345
1774540 346
1774550 348
1774560 348
1774570 349
1774580 349
1774590 349
1774600 349
1774610 349
1774620 349
1774630 348
1774640 347
1774650 346
1774660 346
1774670 343
1774680 341
1774690 341
1774700 339
1774710 338
1774720 338
1774730 337
1774740 337
1774750 337
1774760 336
1774770 334
1774780 334
1774790 332
1774800 329
1774810 330
1774820 327
1774830 325
1774840 325
1774850 324
1774860 321
1774870 319
1774880 319
1774890 317
1774900 313
1774910 313
1774920 310
1774930 307
1774940 307
1774950 304
1774960 302
1774970 302
1774980 300
1774990 298
1775000 298
1775010 296
1775020 293
1775030 293
1775040 292
1775050 292
1775060 291
1775070 291
1775080 291
1775090 291
1775100 291
1775110 291
1775120 292
1775130 292
1775140 292
1775150 292
1775160 292
1775170 290
1775180 293
1775190 293
1775200 298
1775210 302
1775220 302
1775230 304
1775240 307
1775250 311
1775260 311
1775270 313
1775280 317
1775290 317
1775300 320
1775310 323
1775320 323
1775330 326
1775340 330
1775350 330
1775360 333
1775370 337
1775380 337
1775390 339
1775400 342
1775410 342
1775420 344
1775430 344
1775440 344
1775450 343
1775460 341
1775470 338
1775480 338
1775490 336
1775500 333
1775510 333
1775520 330
1775530 328
1775540 328
1775550 327
1775560 327
1775570 327
1775580 327
1775590 327
1775600 327
1775610 328
1775620 328
1775630 328
1775640 327
1775650 327
1775660 327
1775670 327
1775680 327
1775690 326
1775700 326
1775710 326
1775720 326
1775730 326
1775740 325
1775750 325
1775760 325
1775770 326
1775780 326
1775790 326
1775800 326
1775810 327
1775820 327
1775830 329
1775840 332
1775850 337
1775860 337
1775870 343
1775880 345
1775890 345
1775900 349
1775910 353
1775920 353
1775930 355
1775940 358
1775950 358
1775960 360
1775970 362
1775980 362
1775990 363
1776000 364
1776010 364
1776020 365
1776030 371
1776040 371
1776050 373
1776060 375
1776070 376
1776080 376
1776090 375
1776100 373
1776110 373
1776120 371
1776130 368
1776140 368
1776150 366
1776160 363
1776170 363
1776180 360
1776190 358
1776200 358
1776210 356
1776220 353
1776230 353
1776240 351
1776250 347
1776260 343
1776270 343
1776280 340
1776290 336
1776300 336
1776310 332
1776320 329
1776330 329
1776340 328
1776350 325
1776360 325
1776370 324
1776380 320
1776390 320
1776400 319
1776410 318
1776420 318
1776430 315
1776440 314
1776450 314
1776460 314
1776470 314
1776480 317
1776490 317
1776500 318
1776510 320
1776520 320
1776530 320
1776540 320
1776550 320
1776560 323
1776570 326
1776580 326
1776590 329
1776600 333
1776610 333
1776620 335
1776630 338
1776640 338
1776650 341
1776660 343
1776670 345
1776680 345
1776690 346
1776700 347
1776710 347
1776720 348
1776730 349
1776740 349
1776750 350
1776760 350
1776770 350
1776780 351
1776790 352
1776800 352
1776810 352
1776820 352
1776830 352
1776840 352
1776850 352
1776860 351
1776870 351
1776880 351
1776890 351
1776900 351
1776910 352
1776920 353
1776930 353
1776940 353
1776950 354
1776960 354
1776970 355
1776980 356
1776990 356
1777000 357
1777010 359
1777020 359
1777030 360
1777040 362
1777050 363
1777060 363
1777070 365
1777080 366
1777090 366
1777100 368
1777110 369
1777120 369
1777130 372
1777140 373
1777150 373
1777160 375
1777170 376
1777180 376
1777190 377
1777200 376
1777210 376
1777220 375
1777230 372
1777240 372
1777250 369
1777260 367
1777270 362
1777280 362
1777290 359
1777300 358
1777310 358
1777320 357
1777330 355
1777340 355
1777350 355
1777360 353
1777370 353
1777380 351
1777390 349
1777400 349
1777410 347
1777420 346
1777430 346
1777440 344
1777450 343
1777460 341
1777470 341
1777480 340
1777490 339
1777500 339
1777510 338
1777520 337
1777530 337
1777540 336
1777550 335
1777560 335
1777570 335
1777580 334
1777590 334
1777600 333
1777610 332
1777620 332
1777630 331
1777640 330
1777650 329
1777660 329
1777670 328
1777680 326
1777690 326
1777700 323
1777710 320
1777720 320
1777730 318
1777740 316
1777750 316
1777760 314
1777770 312
1777780 312
1777790 310
1777800 309
1777810 309
1777820 309
1777830 308
1777840 308
1777850 305
1777860 304
1777870 302
1777880 302
1777890 300
1777900 298
1777910 298
1777920 296
1777930 295
1777940 295
1777950 293
1777960 291
1777970 291
1777980 289
1777990 289
1778000 289
1778010 288
1778020 288
1778030 288
1778040 289
1778050 289
1778060 289
1778070 289
1778080 289
1778090 289
1778100 289
1778110 290
1778120 290
1778130 290
1778140 291
1778150 291
1778160 291
1778170 292
1778180 293
1778190 293
1778200 295
1778210 296
1778220 296
1778230 298
1778240 299
1778250 302
1778260 302
1778270 304
1778280 307
1778290 307
1778300 310
1778310 313
1778320 313
1778330 316
1778340 319
1778350 319
1778360 316
1778370 322
1778380 322
1778390 326
1778400 329
1778410 329
1778420 333
1778430 335
1778440 335
1778450 338
1778460 340
1778470 343
1778480 343
1778490 345
1778500 348
1778510 348
1778520 350
1778530 352
1778540 352
1778550 354
1778560 355
1778570 355
1778580 357
1778590 359
1778600 359
1778610 361
1778620 364
1778630 364
1778640 365
1778650 367
1778660 365
1778670 365
1778680 362
1778690 360
1778700 360
1778710 357
1778720 354
1778730 354
1778740 350
1778750 346
1778760 346
1778770 342
1778780 339
1778790 339
1778800 335
1778810 332
1778820 332
1778830 329
1778840 328
1778850 327
1778860 327
1778870 326
1778880 323
1778890 323
1778900 322
1778910 320
1778920 320
1778930 319
1778940 317
1778950 317
1778960 316
1778970 315
1778980 315
1778990 315
1779000 315
1779010 315
1779020 315
1779030 316
1779040 316
1779050 317
1779060 318
1779070 319
1779080 319
1779090 317
1779100 317
1779110 317
1779120 317
1779130 318
1779140 318
1779150 319
1779160 321
1779170 321
1779180 323
1779190 325
1779200 325
1779210 328
1779220 331
1779230 331
1779240 335
1779250 340
1779260 344
1779270 344
1779280 346
1779290 348
1779300 348
1779310 350
1779320 351
1779330 351
1779340 351
1779350 352
1779360 352
1779370 352
1779380 352
1779390 352
1779400 352
1779410 352
1779420 352
1779430 352
1779440 351
1779450 351
1779460 349
1779470 347
1779480 346
1779490 346
1779500 344
1779510 342
1779520 342
1779530 341
1779540 339
1779550 339
1779560 336
1779570 334
1779580 334
1779590 333
1779600 331
1779610 331
1779620 329
1779630 326
1779640 326
1779650 323
1779660 322
1779670 321
1779680 321
1779690 320
1779700 319
1779710 319
1779720 318
1779730 317
1779740 317
1779750 316
1779760 315
1779770 315
1779780 314
1779790 314
1779800 314
1779810 312
1779820 310
1779830 310
1779840 307
1779850 306
1779860 305
1779870 305
1779880 304
1779890 304
1779900 304
1779910 303
1779920 302
1779930 302
1779940 302
1779950 302
1779960 302
1779970 301
1779980 301
1779990 301
