1760000 297
1760010 296
1760020 296
1760030 296
1760040 296
1760050 295
1760060 295
1760070 294
1760080 295
1760090 295
1760100 295
1760110 295
1760120 295
1760130 295
1760140 295
1760150 295
1760160 295
1760170 295
1760180 295
1760190 295
1760200 295
1760210 295
1760220 295
1760230 295
1760240 294
1760250 294
1760260 295
1760270 295
1760280 295
1760290 295
1760300 295
1760310 295
1760320 295
1760330 295
1760340 295
1760350 295
1760360 295
1760370 295
1760380 295
1760390 295
1760400 295
1760410 295
1760420 295
1760430 295
1760440 295
1760450 295
1760460 295
1760470 295
1760480 295
1760490 295
1760500 295
1760510 295
1760520 295
1760530 295
1760540 295
1760550 295
1760560 295
1760570 295
1760580 295
1760590 295
1760600 294
1760610 294
1760620 294
1760630 294
1760640 294
1760650 294
1760660 294
1760670 295
1760680 294
1760690 294
1760700 294
1760710 294
1760720 294
1760730 294
1760740 295
1760750 295
1760760 296
1760770 295
1760780 295
1760790 293
1760800 294
1760810 294
1760820 294
1760830 294
1760840 294
1760850 294
1760860 294
1760870 294
1760880 294
1760890 294
1760900 294
1760910 294
1760920 294
1760930 294
1760940 294
1760950 294
1760960 294
1760970 294
1760980 295
1760990 295
1761000 295
1761010 296
1761020 297
1761030 297
1761040 297
1761050 298
1761060 299
1761070 299
1761080 300
1761090 301
1761100 301
1761110 301
1761120 303
1761130 303
1761140 304
1761150 305
1761160 305
1761170 306
1761180 307
1761190 307
1761200 307
1761210 310
1761220 310
1761230 310
1761240 310
1761250 312
1761260 312
1761270 313
1761280 315
1761290 315
1761300 317
1761310 319
1761320 319
1761330 322
1761340 326
1761350 326
1761360 328
1761370 329
1761380 329
1761390 331
1761400 332
1761410 332
1761420 332
1761430 333
1761440 334
1761450 335
1761460 335
1761470 336
1761480 336
1761490 337
1761500 338
1761510 338
1761520 339
1761530 340
1761540 340
1761550 341
1761560 342
1761570 342
1761580 343
1761590 343
1761600 343
1761610 344
1761620 344
1761630 345
1761640 345
1761650 347
1761660 348
1761670 348
1761680 350
1761690 351
1761700 351
1761710 352
1761720 353
1761730 353
1761740 353
1761750 354
1761760 354
1761770 354
1761780 355
1761790 355
1761800 355
1761810 356
1761820 358
1761830 358
1761840 359
1761850 359
1761860 359
1761870 358
1761880 356
1761890 356
1761900 356
1761910 357
1761920 357
1761930 359
1761940 359
1761950 359
1761960 358
1761970 360
1761980 360
1761990 362
1762000 364
1762010 364
1762020 365
1762030 365
1762040 363
1762050 363
1762060 364
1762070 365
1762080 365
1762090 365
1762100 366
1762110 366
1762120 366
1762130 366
1762140 366
1762150 366
1762160 366
1762170 366
1762180 367
1762190 368
1762200 368
1762210 369
1762220 369
1762230 370
1762240 370
1762250 370
1762260 370
1762270 370
1762280 369
1762290 369
1762300 369
1762310 368
1762320 366
1762330 366
1762340 364
1762350 361
1762360 361
1762370 359
1762380 357
1762390 357
1762400 356
1762410 355
1762420 353
1762430 353
1762440 351
1762450 350
1762460 350
1762470 349
1762480 349
1762490 349
1762500 349
1762510 348
1762520 348
1762530 348
1762540 346
1762550 346
1762560 345
1762570 345
1762580 345
1762590 344
1762600 342
1762610 342
1762620 341
1762630 341
1762640 340
1762650 340
1762660 339
1762670 337
1762680 337
1762690 337
1762700 337
1762710 337
1762720 337
1762730 337
1762740 337
1762750 337
1762760 336
1762770 336
1762780 337
1762790 335
1762800 335
1762810 335
1762820 332
1762830 328
1762840 328
1762850 327
1762860 327
1762870 327
1762880 326
1762890 325
1762900 325
1762910 326
1762920 326
1762930 326
1762940 325
1762950 324
1762960 324
1762970 323
1762980 322
1762990 322
1763000 322
1763010 322
1763020 321
1763030 321
1763040 320
1763050 319
1763060 319
1763070 319
1763080 318
1763090 318
1763100 317
1763110 316
1763120 316
1763130 314
1763140 312
1763150 312
1763160 310
1763170 306
1763180 306
1763190 304
1763200 303
1763210 303
1763220 301
1763230 299
1763240 298
1763250 298
1763260 297
1763270 296
1763280 296
1763290 296
1763300 296
1763310 296
1763320 296
1763330 295
1763340 295
1763350 296
1763360 296
1763370 296
1763380 296
1763390 296
1763400 296
1763410 296
1763420 296
1763430 296
1763440 296
1763450 296
1763460 296
1763470 296
1763480 296
1763490 296
1763500 296
1763510 297
1763520 298
1763530 298
1763540 300
1763550 301
1763560 301
1763570 302
1763580 304
1763590 304
1763600 305
1763610 306
1763620 307
1763630 307
1763640 309
1763650 311
1763660 311
1763670 312
1763680 313
1763690 313
1763700 314
1763710 315
1763720 315
1763730 315
1763740 316
1763750 316
1763760 317
1763770 318
1763780 318
1763790 319
1763800 320
1763810 320
1763820 320
1763830 321
1763840 323
1763850 323
1763860 324
1763870 324
1763880 324
1763890 324
1763900 324
1763910 324
1763920 322
1763930 323
1763940 323
1763950 323
1763960 321
1763970 321
1763980 323
1763990 322
1764000 322
1764010 321
1764020 321
1764030 320
1764040 320
1764050 319
1764060 316
1764070 316
1764080 315
1764090 315
1764100 315
1764110 316
1764120 315
1764130 315
1764140 313
1764150 312
1764160 312
1764170 310
1764180 310
1764190 311
1764200 308
1764210 308
1764220 307
1764230 307
1764240 306
1764250 306
1764260 306
1764270 305
1764280 305
1764290 305
1764300 305
1764310 305
1764320 305
1764330 307
1764340 308
1764350 308
1764360 309
1764370 309
1764380 309
1764390 310
1764400 310
1764410 310
1764420 310
1764430 311
1764440 311
1764450 311
1764460 311
1764470 311
1764480 311
1764490 312
1764500 314
1764510 314
1764520 316
1764530 318
1764540 318
1764550 321
1764560 328
1764570 328
1764580 329
1764590 330
1764600 330
1764610 331
1764620 332
1764630 333
1764640 333
1764650 334
1764660 335
1764670 335
1764680 337
1764690 340
1764700 340
1764710 342
1764720 344
1764730 344
1764740 346
1764750 348
1764760 348
1764770 349
1764780 351
1764790 351
1764800 352
1764810 353
1764820 353
1764830 354
1764840 356
1764850 358
1764860 358
1764870 360
1764880 361
1764890 361
1764900 361
1764910 362
1764920 362
1764930 363
1764940 365
1764950 365
1764960 367
1764970 369
1764980 369
1764990 370
1765000 374
1765010 374
1765020 375
1765030 376
1765040 381
1765050 381
1765060 388
1765070 392
1765080 392
1765090 393
1765100 393
1765110 393
1765120 394
1765130 394
1765140 394
1765150 394
1765160 393
1765170 393
1765180 391
1765190 389
1765200 389
1765210 387
1765220 382
1765230 377
1765240 377
1765250 375
1765260 374
1765270 374
1765280 373
1765290 369
1765300 369
1765310 364
1765320 363
1765330 363
1765340 362
1765350 360
1765360 360
1765370 360
1765380 357
1765390 357
1765400 355
1765410 352
1765420 352
1765430 351
1765440 347
1765450 344
1765460 344
1765470 341
1765480 340
1765490 340
1765500 339
1765510 338
1765520 338
1765530 335
1765540 333
1765550 333
1765560 332
1765570 330
1765580 330
1765590 329
1765600 327
1765610 327
1765620 325
1765630 323
1765640 322
1765650 322
1765660 321
1765670 320
1765680 320
1765690 319
1765700 318
1765710 318
1765720 318
1765730 321
1765740 321
1765750 325
1765760 328
1765770 328
1765780 330
1765790 330
1765800 330
1765810 330
1765820 331
1765830 332
1765840 332
1765850 333
1765860 335
1765870 335
1765880 337
1765890 340
1765900 340
1765910 341
1765920 342
1765930 342
1765940 343
1765950 343
1765960 343
1765970 343
1765980 342
1765990 342
1766000 342
1766010 341
1766020 341
1766030 341
1766040 342
1766050 344
1766060 344
1766070 344
1766080 344
1766090 344
1766100 344
1766110 345
1766120 345
1766130 347
1766140 347
1766150 347
1766160 347
1766170 348
1766180 348
1766190 349
1766200 349
1766210 349
1766220 349
1766230 346
1766240 343
1766250 343
1766260 340
1766270 338
1766280 338
1766290 338
1766300 338
1766310 338
1766320 338
1766330 339
1766340 339
1766350 341
1766360 342
1766370 342
1766380 344
1766390 345
1766400 345
1766410 348
1766420 349
1766430 349
1766440 349
1766450 349
1766460 348
1766470 348
1766480 348
1766490 348
1766500 348
1766510 347
1766520 346
1766530 346
1766540 346
1766550 345
1766560 345
1766570 344
1766580 342
1766590 342
1766600 342
1766610 341
1766620 341
1766630 340
1766640 339
1766650 338
1766660 338
1766670 337
1766680 336
1766690 336
1766700 335
1766710 334
1766720 334
1766730 333
1766740 332
1766750 332
1766760 331
1766770 330
1766780 330
1766790 329
1766800 327
1766810 327
1766820 325
1766830 323
1766840 322
1766850 322
1766860 319
1766870 317
1766880 317
1766890 315
1766900 311
1766910 311
1766920 306
1766930 303
1766940 303
1766950 302
1766960 304
1766970 304
1766980 303
1766990 301
1767000 301
1767010 299
1767020 298
1767030 297
1767040 297
1767050 296
1767060 294
1767070 294
1767080 291
1767090 290
1767100 290
1767110 289
1767120 289
1767130 289
1767140 290
1767150 290
1767160 290
1767170 289
1767180 289
1767190 289
1767200 290
1767210 289
1767220 289
1767230 288
1767240 288
1767250 288
1767260 288
1767270 288
1767280 288
1767290 288
1767300 288
1767310 287
1767320 287
1767330 288
1767340 288
1767350 288
1767360 287
1767370 288
1767380 288
1767390 288
1767400 287
1767410 287
1767420 287
1767430 287
1767440 287
1767450 287
1767460 287
1767470 287
1767480 287
1767490 287
1767500 287
1767510 287
1767520 287
1767530 287
1767540 287
1767550 287
1767560 287
1767570 287
1767580 287
1767590 287
1767600 287
1767610 287
1767620 288
1767630 288
1767640 288
1767650 288
1767660 288
1767670 288
1767680 289
1767690 289
1767700 289
1767710 289
1767720 291
1767730 291
1767740 292
1767750 294
1767760 294
1767770 296
1767780 297
1767790 297
1767800 298
1767810 299
1767820 299
1767830 300
1767840 300
1767850 301
1767860 301
1767870 301
1767880 302
1767890 302
1767900 302
1767910 302
1767920 302
1767930 303
1767940 303
1767950 303
1767960 304
1767970 304
1767980 304
1767990 304
1768000 304
1768010 304
1768020 305
1768030 305
1768040 306
1768050 306
1768060 306
1768070 307
1768080 307
1768090 308
1768100 309
1768110 309
1768120 309
1768130 310
1768140 310
1768150 312
1768160 313
1768170 314
1768180 316
1768190 318
1768200 318
1768210 319
1768220 322
1768230 322
1768240 324
1768250 324
1768260 326
1768270 326
1768280 327
1768290 329
1768300 329
1768310 332
1768320 333
1768330 333
1768340 330
1768350 328
1768360 328
1768370 326
1768380 326
1768390 326
1768400 323
1768410 322
1768420 322
1768430 322
1768440 322
1768450 321
1768460 321
1768470 320
1768480 318
1768490 318
1768500 315
1768510 315
1768520 315
1768530 313
1768540 310
1768550 310
1768560 308
1768570 308
1768580 308
1768590 307
1768600 307
1768610 307
1768620 308
1768630 308
1768640 308
1768650 308
1768660 311
1768670 314
1768680 314
1768690 317
1768700 320
1768710 320
1768720 323
1768730 325
1768740 325
1768750 329
1768760 331
1768770 331
1768780 334
1768790 338
1768800 338
1768810 340
1768820 343
1768830 343
1768840 344
1768850 346
1768860 346
1768870 346
1768880 347
1768890 350
1768900 350
1768910 352
1768920 354
1768930 354
1768940 357
1768950 361
1768960 361
1768970 365
1768980 368
1768990 368
1769000 371
1769010 374
1769020 374
1769030 377
1769040 379
1769050 381
1769060 381
1769070 383
1769080 385
1769090 385
1769100 387
1769110 388
1769120 388
1769130 389
1769140 389
1769150 389
1769160 388
1769170 387
1769180 387
1769190 386
1769200 385
1769210 385
1769220 382
1769230 378
1769240 374
1769250 374
1769260 370
1769270 368
1769280 368
1769290 368
1769300 366
1769310 366
1769320 364
1769330 359
1769340 359
1769350 354
1769360 352
1769370 352
1769380 351
1769390 351
1769400 351
1769410 350
1769420 349
1769430 349
1769440 348
1769450 346
1769460 345
1769470 345
1769480 344
1769490 343
1769500 343
1769510 342
1769520 341
1769530 341
1769540 337
1769550 335
1769560 335
1769570 334
1769580 332
1769590 332
1769600 330
1769610 328
1769620 328
1769630 326
1769640 324
1769650 322
1769660 322
1769670 320
1769680 319
1769690 319
1769700 317
1769710 316
1769720 316
1769730 315
1769740 314
1769750 314
1769760 313
1769770 312
1769780 312
1769790 312
1769800 311
1769810 311
1769820 310
1769830 309
1769840 308
1769850 308
1769860 308
1769870 308
1769880 308
1769890 309
1769900 311
1769910 311
1769920 312
1769930 313
1769940 313
1769950 315
1769960 316
1769970 316
1769980 316
1769990 317
1770000 317
1770010 316
1770020 316
1770030 316
1770040 316
1770050 316
1770060 316
1770070 316
1770080 316
1770090 315
1770100 315
1770110 315
1770120 314
1770130 314
1770140 312
1770150 311
1770160 311
1770170 310
1770180 310
1770190 310
1770200 309
1770210 307
1770220 307
1770230 305
1770240 305
1770250 304
1770260 304
1770270 303
1770280 302
1770290 302
1770300 301
1770310 300
1770320 300
1770330 300
1770340 299
1770350 299
1770360 298
1770370 298
1770380 298
1770390 297
1770400 296
1770410 296
1770420 295
1770430 294
1770440 293
1770450 293
1770460 293
1770470 292
1770480 292
1770490 294
1770500 294
1770510 294
1770520 294
1770530 294
1770540 294
1770550 295
1770560 295
1770570 295
1770580 295
1770590 296
1770600 296
1770610 297
1770620 297
1770630 297
1770640 297
1770650 298
1770660 299
1770670 299
1770680 299
1770690 300
1770700 300
1770710 300
1770720 301
1770730 304
1770740 304
1770750 304
1770760 304
1770770 301
1770780 300
1770790 300
1770800 300
1770810 299
1770820 299
1770830 298
1770840 296
1770850 295
1770860 295
1770870 295
1770880 295
1770890 295
1770900 295
1770910 296
1770920 296
1770930 296
1770940 296
1770950 296
1770960 296
1770970 297
1770980 297
1770990 297
1771000 297
1771010 297
1771020 298
1771030 299
1771040 299
1771050 299
1771060 299
1771070 300
1771080 300
1771090 300
1771100 300
1771110 300
1771120 301
1771130 303
1771140 303
1771150 304
1771160 305
1771170 305
1771180 308
1771190 310
1771200 310
1771210 311
1771220 312
1771230 312
1771240 313
1771250 314
1771260 314
1771270 314
1771280 314
1771290 315
1771300 315
1771310 317
1771320 318
1771330 318
1771340 319
1771350 321
1771360 321
1771370 324
1771380 326
1771390 326
1771400 328
1771410 328
1771420 328
1771430 327
1771440 328
1771450 328
1771460 328
1771470 329
1771480 332
1771490 332
1771500 334
1771510 336
1771520 336
1771530 338
1771540 340
1771550 340
1771560 344
1771570 346
1771580 346
1771590 348
1771600 351
1771610 351
1771620 353
1771630 356
1771640 356
1771650 359
1771660 362
1771670 365
1771680 365
1771690 368
1771700 370
1771710 370
1771720 372
1771730 374
1771740 374
1771750 377
1771760 379
1771770 379
1771780 381
1771790 383
1771800 383
1771810 386
1771820 387
1771830 387
1771840 390
1771850 392
1771860 394
1771870 394
1771880 396
1771890 398
1771900 398
1771910 398
1771920 398
1771930 398
1771940 398
1771950 396
1771960 396
1771970 394
1771980 392
1771990 392
1772000 390
1772010 388
1772020 388
1772030 385
1772040 383
1772050 381
1772060 381
1772070 379
1772080 377
1772090 377
1772100 374
1772110 370
1772120 370
1772130 364
1772140 360
1772150 360
1772160 359
1772170 358
1772180 358
1772190 356
1772200 355
1772210 355
1772220 354
1772230 352
1772240 352
1772250 351
1772260 349
1772270 347
1772280 347
1772290 345
1772300 344
1772310 344
1772320 344
1772330 340
1772340 340
1772350 335
1772360 334
1772370 334
1772380 330
1772390 326
1772400 326
1772410 325
1772420 323
1772430 323
1772440 321
1772450 320
1772460 320
1772470 320
1772480 320
1772490 318
1772500 318
1772510 315
1772520 313
1772530 313
1772540 310
1772550 309
1772560 309
1772570 309
1772580 308
1772590 308
1772600 308
1772610 307
1772620 307
1772630 307
1772640 307
1772650 306
1772660 306
1772670 305
1772680 305
1772690 305
1772700 305
1772710 304
1772720 304
1772730 304
1772740 305
1772750 305
1772760 305
1772770 306
1772780 306
1772790 306
1772800 306
1772810 306
1772820 306
1772830 306
1772840 306
1772850 306
1772860 307
1772870 306
1772880 306
1772890 306
1772900 307
1772910 307
1772920 308
1772930 309
1772940 309
1772950 309
1772960 310
1772970 310
1772980 310
1772990 309
1773000 309
1773010 309
1773020 309
1773030 309
1773040 309
1773050 308
1773060 308
1773070 308
1773080 308
1773090 306
1773100 306
1773110 306
1773120 305
1773130 305
1773140 305
1773150 305
1773160 305
1773170 305
1773180 306
1773190 306
1773200 306
1773210 306
1773220 306
1773230 308
1773240 308
1773250 307
1773260 307
1773270 307
1773280 307
1773290 307
1773300 307
1773310 307
1773320 307
1773330 307
1773340 307
1773350 307
1773360 306
1773370 305
1773380 305
1773390 304
1773400 302
1773410 302
1773420 301
1773430 299
1773440 299
1773450 297
1773460 296
1773470 294
1773480 294
1773490 293
1773500 292
1773510 292
1773520 292
1773530 291
1773540 291
1773550 291
1773560 290
1773570 290
1773580 290
1773590 289
1773600 289
1773610 289
1773620 288
1773630 288
1773640 286
1773650 289
1773660 293
1773670 293
1773680 295
1773690 299
1773700 299
1773710 301
1773720 307
1773730 307
1773740 309
1773750 311
1773760 311
1773770 313
1773780 315
1773790 315
1773800 318
1773810 321
1773820 321
1773830 324
1773840 326
1773850 326
1773860 325
1773870 324
1773880 321
1773890 321
1773900 318
1773910 314
1773920 314
1773930 311
1773940 308
1773950 308
1773960 307
1773970 306
1773980 306
1773990 305
1774000 304
1774010 304
1774020 303
1774030 302
1774040 302
1774050 301
1774060 300
1774070 300
1774080 300
1774090 299
1774100 300
1774110 300
1774120 302
1774130 302
1774140 302
1774150 302
1774160 302
1774170 302
1774180 305
1774190 307
1774200 307
1774210 310
1774220 312
1774230 312
1774240 314
1774250 316
1774260 318
1774270 318
1774280 319
1774290 322
1774300 322
1774310 325
1774320 325
1774330 325
1774340 327
1774350 329
1774360 329
1774370 333
1774380 337
1774390 337
1774400 341
1774410 345
1774420 345
1774430 347
1774440 349
1774450 348
1774460 350
1774470 352
1774480 354
1774490 354
1774500 356
1774510 358
1774520 358
1774530 359
1774540 361
1774550 361
1774560 362
1774570 364
1774580 364
1774590 364
1774600 364
1774610 364
1774620 364
1774630 363
1774640 363
1774650 361
1774660 359
1774670 357
1774680 357
1774690 356
1774700 354
1774710 354
1774720 352
1774730 351
1774740 351
1774750 350
1774760 350
1774770 350
1774780 349
1774790 347
1774800 347
1774810 345
1774820 344
1774830 344
1774840 342
1774850 341
1774860 339
1774870 339
1774880 338
1774890 332
1774900 332
1774910 328
1774920 327
1774930 327
1774940 326
1774950 325
1774960 325
1774970 324
1774980 323
1774990 323
1775000 321
1775010 319
1775020 319
1775030 316
1775040 312
1775050 312
1775060 308
1775070 305
1775080 303
1775090 303
1775100 302
1775110 301
1775120 301
1775130 299
1775140 296
1775150 296
1775160 296
1775170 296
1775180 296
1775190 296
1775200 296
1775210 296
1775220 296
1775230 297
1775240 297
1775250 297
1775260 298
1775270 300
1775280 300
1775290 301
1775300 303
1775310 303
1775320 304
1775330 306
1775340 306
1775350 308
1775360 310
1775370 310
1775380 313
1775390 316
1775400 316
1775410 319
1775420 321
1775430 321
1775440 322
1775450 323
1775460 324
1775470 324
1775480 326
1775490 327
1775500 327
1775510 328
1775520 328
1775530 328
1775540 329
1775550 332
1775560 332
1775570 333
1775580 334
1775590 334
1775600 334
1775610 334
1775620 334
1775630 334
1775640 330
1775650 330
1775660 323
1775670 322
1775680 327
1775690 327
1775700 332
1775710 333
1775720 333
1775730 334
1775740 335
1775750 335
1775760 337
1775770 339
1775780 339
1775790 340
1775800 341
1775810 341
1775820 342
1775830 342
1775840 342
1775850 343
1775860 343
1775870 342
1775880 342
1775890 338
1775900 337
1775910 337
1775920 334
1775930 336
1775940 336
1775950 340
1775960 347
1775970 347
1775980 351
1775990 354
1776000 354
1776010 358
1776020 361
1776030 361
1776040 365
1776050 368
1776060 370
1776070 370
1776080 373
1776090 374
1776100 374
1776110 375
1776120 375
1776130 375
1776140 377
1776150 377
1776160 377
1776170 375
1776180 374
1776190 374
1776200 370
1776210 369
1776220 369
1776230 365
1776240 364
1776250 364
1776260 362
1776270 360
1776280 357
1776290 357
1776300 353
1776310 349
1776320 349
1776330 344
1776340 342
1776350 342
1776360 339
1776370 335
1776380 335
1776390 333
1776400 331
1776410 331
1776420 333
1776430 335
1776440 335
1776450 337
1776460 339
1776470 341
1776480 341
1776490 343
1776500 344
1776510 344
1776520 346
1776530 348
1776540 348
1776550 351
1776560 353
1776570 353
1776580 355
1776590 357
1776600 357
1776610 359
1776620 360
1776630 360
1776640 361
1776650 362
1776660 362
1776670 362
1776680 361
1776690 361
1776700 361
1776710 360
1776720 358
1776730 358
1776740 356
1776750 353
1776760 353
1776770 351
1776780 348
1776790 348
1776800 346
1776810 344
1776820 344
1776830 343
1776840 340
1776850 340
1776860 338
1776870 336
1776880 334
1776890 334
1776900 332
1776910 330
1776920 330
1776930 325
1776940 324
1776950 324
1776960 318
1776970 313
1776980 313
1776990 310
1777000 308
1777010 308
1777020 307
1777030 309
1777040 309
1777050 310
1777060 311
1777070 312
1777080 312
1777090 315
1777100 314
1777110 314
1777120 312
1777130 314
1777140 314
1777150 315
1777160 315
1777170 315
1777180 316
1777190 319
1777200 319
1777210 321
1777220 323
1777230 323
1777240 323
1777250 324
1777260 324
1777270 324
1777280 324
1777290 324
1777300 324
1777310 323
1777320 321
1777330 321
1777340 320
1777350 318
1777360 318
1777370 316
1777380 314
1777390 314
1777400 312
1777410 311
1777420 311
1777430 310
1777440 310
1777450 310
1777460 309
1777470 307
1777480 307
1777490 307
1777500 306
1777510 305
1777520 305
1777530 304
1777540 300
1777550 300
1777560 297
1777570 297
1777580 297
1777590 293
1777600 293
1777610 293
1777620 293
1777630 293
1777640 293
1777650 293
1777660 293
1777670 293
1777680 293
1777690 293
1777700 293
1777710 293
1777720 294
1777730 294
1777740 294
1777750 294
1777760 294
1777770 294
1777780 294
1777790 294
1777800 294
1777810 294
1777820 294
1777830 294
1777840 294
1777850 294
1777860 294
1777870 294
1777880 295
1777890 296
1777900 296
1777910 297
1777920 297
1777930 297
1777940 297
1777950 299
1777960 299
1777970 302
1777980 304
1777990 304
1778000 307
1778010 310
1778020 310
1778030 312
1778040 314
1778050 314
1778060 316
1778070 318
1778080 320
1778090 320
1778100 322
1778110 325
1778120 325
1778130 326
1778140 328
1778150 328
1778160 330
1778170 330
1778180 330
1778190 329
1778200 328
1778210 328
1778220 328
1778230 327
1778240 327
1778250 326
1778260 325
1778270 322
1778280 322
1778290 319
1778300 317
1778310 317
1778320 319
1778330 319
1778340 319
1778350 320
1778360 327
1778370 327
1778380 331
1778390 335
1778400 335
1778410 338
1778420 341
1778430 341
1778440 344
1778450 345
1778460 345
1778470 347
1778480 348
1778490 348
1778500 348
1778510 348
1778520 349
1778530 349
1778540 350
1778550 350
1778560 350
1778570 349
1778580 347
1778590 347
1778600 345
1778610 344
1778620 344
1778630 343
1778640 346
1778650 346
1778660 349
1778670 352
1778680 357
1778690 357
1778700 361
1778710 365
1778720 365
1778730 368
1778740 370
1778750 370
1778760 372
1778770 375
1778780 375
1778790 377
1778800 379
1778810 379
1778820 381
1778830 381
1778840 381
1778850 379
1778860 378
1778870 377
1778880 377
1778890 375
1778900 373
1778910 373
1778920 370
1778930 368
1778940 368
1778950 366
1778960 363
1778970 363
1778980 360
1778990 356
1779000 356
1779010 352
1779020 348
1779030 348
1779040 345
1779050 341
1779060 341
1779070 336
1779080 325
1779090 323
1779100 323
1779110 322
1779120 321
1779130 321
1779140 321
1779150 317
1779160 317
1779170 314
1779180 314
1779190 314
1779200 314
1779210 315
1779220 321
1779230 323
1779240 321
1779250 321
1779260 319
1779270 318
1779280 315
1779290 315
1779300 313
1779310 311
1779320 311
1779330 310
1779340 310
1779350 310
1779360 311
1779370 312
1779380 312
1779390 312
1779400 310
1779410 310
1779420 309
1779430 307
1779440 307
1779450 306
1779460 305
1779470 305
1779480 305
1779490 306
1779500 305
1779510 305
1779520 305
1779530 305
1779540 305
1779550 305
1779560 305
1779570 305
1779580 305
1779590 305
1779600 305
1779610 305
1779620 304
1779630 304
1779640 304
1779650 304
1779660 304
1779670 304
1779680 303
1779690 303
1779700 303
1779710 302
1779720 302
1779730 302
1779740 301
1779750 300
1779760 300
1779770 298
1779780 297
1779790 297
1779800 295
1779810 293
1779820 293
1779830 291
1779840 289
1779850 289
1779860 288
1779870 287
1779880 287
1779890 287
1779900 286
1779910 286
1779920 286
1779930 287
1779940 287
1779950 287
1779960 287
1779970 289
1779980 289
1779990 290
