1760000 337
1760010 338
1760020 338
1760030 340
1760040 342
1760050 342
1760060 345
1760070 347
1760080 347
1760090 350
1760100 353
1760110 353
1760120 357
1760130 361
1760140 361
1760150 364
1760160 366
1760170 366
1760180 369
1760190 370
1760200 372
1760210 372
1760220 373
1760230 375
1760240 375
1760250 377
1760260 379
1760270 379
1760280 381
1760290 380
1760300 380
1760310 378
1760320 376
1760330 376
1760340 374
1760350 372
1760360 372
1760370 371
1760380 368
1760390 368
1760400 367
1760410 366
1760420 364
1760430 364
1760440 362
1760450 361
1760460 361
1760470 359
1760480 357
1760490 357
1760500 355
1760510 353
1760520 353
1760530 351
1760540 350
1760550 350
1760560 350
1760570 349
1760580 349
1760590 349
1760600 347
1760610 345
1760620 345
1760630 343
1760640 342
1760650 342
1760660 341
1760670 339
1760680 339
1760690 337
1760700 336
1760710 336
1760720 334
1760730 332
1760740 332
1760750 328
1760760 326
1760770 326
1760780 324
1760790 320
1760800 320
1760810 319
1760820 317
1760830 316
1760840 316
1760850 312
1760860 311
1760870 311
1760880 315
1760890 319
1760900 319
1760910 322
1760920 323
1760930 323
1760940 327
1760950 329
1760960 329
1760970 331
1760980 334
1760990 334
1761000 336
1761010 338
1761020 340
1761030 340
1761040 341
1761050 344
1761060 344
1761070 347
1761080 349
1761090 349
1761100 352
1761110 354
1761120 354
1761130 356
1761140 359
1761150 359
1761160 362
1761170 365
1761180 365
1761190 367
1761200 370
1761210 371
1761220 371
1761230 373
1761240 375
1761250 375
1761260 377
1761270 379
1761280 379
1761290 380
1761300 380
1761310 380
1761320 381
1761330 382
1761340 382
1761350 383
1761360 383
1761370 383
1761380 384
1761390 385
1761400 385
1761410 385
1761420 386
1761430 386
1761440 386
1761450 387
1761460 388
1761470 388
1761480 390
1761490 392
1761500 392
1761510 394
1761520 395
1761530 395
1761540 396
1761550 397
1761560 397
1761570 397
1761580 397
1761590 397
1761600 397
1761610 396
1761620 395
1761630 395
1761640 394
1761650 393
1761660 393
1761670 391
1761680 387
1761690 387
1761700 384
1761710 381
1761720 381
1761730 380
1761740 380
1761750 380
1761760 379
1761770 379
1761780 379
1761790 379
1761800 379
1761810 379
1761820 380
1761830 380
1761840 381
1761850 381
1761860 382
1761870 383
1761880 383
1761890 384
1761900 386
1761910 386
1761920 388
1761930 389
1761940 389
1761950 390
1761960 391
1761970 391
1761980 392
1761990 392
1762000 392
1762010 392
1762020 392
1762030 392
1762040 392
1762050 392
1762060 392
1762070 392
1762080 391
1762090 391
1762100 391
1762110 389
1762120 387
1762130 387
1762140 386
1762150 385
1762160 385
1762170 384
1762180 382
1762190 382
1762200 381
1762210 380
1762220 380
1762230 378
1762240 377
1762250 375
1762260 375
1762270 374
1762280 372
1762290 372
1762300 371
1762310 369
1762320 369
1762330 369
1762340 368
1762350 368
1762360 367
1762370 366
1762380 366
1762390 363
1762400 361
1762410 361
1762420 359
1762430 357
1762440 356
1762450 356
1762460 354
1762470 351
1762480 351
1762490 349
1762500 348
1762510 348
1762520 346
1762530 344
1762540 344
1762550 341
1762560 337
1762570 337
1762580 335
1762590 334
1762600 334
1762610 331
1762620 327
1762630 325
1762640 325
1762650 322
1762660 318
1762670 318
1762680 317
1762690 314
1762700 314
1762710 312
1762720 310
1762730 310
1762740 309
1762750 307
1762760 307
1762770 306
1762780 304
1762790 304
1762800 304
1762810 303
1762820 303
1762830 303
1762840 303
1762850 303
1762860 303
1762870 303
1762880 302
1762890 302
1762900 303
1762910 303
1762920 303
1762930 303
1762940 303
1762950 303
1762960 303
1762970 304
1762980 304
1762990 304
1763000 304
1763010 304
1763020 305
1763030 305
1763040 305
1763050 305
1763060 305
1763070 306
1763080 306
1763090 306
1763100 307
1763110 307
1763120 308
1763130 309
1763140 309
1763150 311
1763160 312
1763170 312
1763180 314
1763190 316
1763200 316
1763210 319
1763220 321
1763230 321
1763240 323
1763250 325
1763260 327
1763270 327
1763280 329
1763290 332
1763300 332
1763310 334
1763320 336
1763330 336
1763340 340
1763350 343
1763360 343
1763370 345
1763380 347
1763390 347
1763400 349
1763410 350
1763420 350
1763430 351
1763440 352
1763450 354
1763460 354
1763470 353
1763480 354
1763490 354
1763500 354
1763510 354
1763520 354
1763530 355
1763540 357
1763550 357
1763560 360
1763570 362
1763580 362
1763590 364
1763600 368
1763610 368
1763620 371
1763630 374
1763640 376
1763650 376
1763660 378
1763670 380
1763680 380
1763690 382
1763700 382
1763710 382
1763720 384
1763730 385
1763740 385
1763750 387
1763760 388
1763770 388
1763780 388
1763790 389
1763800 389
1763810 389
1763820 388
1763830 388
1763840 388
1763850 387
1763860 387
1763870 387
1763880 386
1763890 385
1763900 385
1763910 384
1763920 383
1763930 383
1763940 381
1763950 379
1763960 379
1763970 376
1763980 373
1763990 373
1764000 368
1764010 364
1764020 364
1764030 361
1764040 357
1764050 356
1764060 356
1764070 355
1764080 354
1764090 354
1764100 350
1764110 347
1764120 347
1764130 343
1764140 335
1764150 335
1764160 332
1764170 336
1764180 336
1764190 340
1764200 343
1764210 343
1764220 345
1764230 347
1764240 347
1764250 350
1764260 353
1764270 356
1764280 356
1764290 358
1764300 360
1764310 360
1764320 361
1764330 362
1764340 362
1764350 363
1764360 364
1764370 364
1764380 365
1764390 366
1764400 366
1764410 367
1764420 367
1764430 367
1764440 369
1764450 369
1764460 370
1764470 370
1764480 371
1764490 373
1764500 373
1764510 376
1764520 379
1764530 379
1764540 381
1764550 383
1764560 383
1764570 384
1764580 387
1764590 387
1764600 391
1764610 393
1764620 393
1764630 395
1764640 397
1764650 397
1764660 400
1764670 402
1764680 404
1764690 404
1764700 406
1764710 407
1764720 407
1764730 408
1764740 409
1764750 409
1764760 408
1764770 409
1764780 409
1764790 408
1764800 407
1764810 407
1764820 404
1764830 402
1764840 402
1764850 398
1764860 394
1764870 391
1764880 391
1764890 387
1764900 384
1764910 384
1764920 381
1764930 379
1764940 379
1764950 376
1764960 374
1764970 374
1764980 372
1764990 370
1765000 370
1765010 368
1765020 365
1765030 365
1765040 361
1765050 358
1765060 356
1765070 356
1765080 355
1765090 353
1765100 353
1765110 350
1765120 348
1765130 348
1765140 344
1765150 341
1765160 341
1765170 338
1765180 338
1765190 338
1765200 336
1765210 334
1765220 334
1765230 331
1765240 328
1765250 328
1765260 326
1765270 324
1765280 323
1765290 323
1765300 322
1765310 321
1765320 321
1765330 320
1765340 318
1765350 318
1765360 318
1765370 318
1765380 318
1765390 318
1765400 318
1765410 318
1765420 318
1765430 317
1765440 317
1765450 315
1765460 315
1765470 315
1765480 315
1765490 315
1765500 315
1765510 315
1765520 316
1765530 316
1765540 316
1765550 316
1765560 316
1765570 316
1765580 316
1765590 316
1765600 316
1765610 316
1765620 316
1765630 316
1765640 316
1765650 316
1765660 316
1765670 317
1765680 317
1765690 318
1765700 318
1765710 319
1765720 318
1765730 318
1765740 317
1765750 316
1765760 316
1765770 316
1765780 317
1765790 317
1765800 317
1765810 316
1765820 316
1765830 316
1765840 316
1765850 316
1765860 315
1765870 315
1765880 314
1765890 314
1765900 314
1765910 313
1765920 313
1765930 312
1765940 312
1765950 312
1765960 312
1765970 312
1765980 312
1765990 311
1766000 311
1766010 311
1766020 311
1766030 312
1766040 312
1766050 312
1766060 312
1766070 313
1766080 313
1766090 312
1766100 309
1766110 309
1766120 308
1766130 307
1766140 307
1766150 306
1766160 306
1766170 306
1766180 306
1766190 305
1766200 305
1766210 305
1766220 304
1766230 304
1766240 306
1766250 305
1766260 305
1766270 305
1766280 306
1766290 308
1766300 308
1766310 309
1766320 308
1766330 308
1766340 305
1766350 309
1766360 309
1766370 311
1766380 312
1766390 312
1766400 307
1766410 311
1766420 311
1766430 311
1766440 310
1766450 310
1766460 310
1766470 310
1766480 310
1766490 310
1766500 310
1766510 309
1766520 309
1766530 309
1766540 307
1766550 307
1766560 309
1766570 308
1766580 308
1766590 307
1766600 306
1766610 306
1766620 304
1766630 303
1766640 303
1766650 301
1766660 300
1766670 300
1766680 298
1766690 297
1766700 296
1766710 296
1766720 295
1766730 295
1766740 295
1766750 295
1766760 294
1766770 294
1766780 295
1766790 294
1766800 294
1766810 294
1766820 294
1766830 294
1766840 294
1766850 294
1766860 294
1766870 294
1766880 294
1766890 294
1766900 294
1766910 293
1766920 294
1766930 294
1766940 294
1766950 294
1766960 294
1766970 294
1766980 294
1766990 294
1767000 294
1767010 295
1767020 295
1767030 295
1767040 296
1767050 296
1767060 296
1767070 297
1767080 297
1767090 298
1767100 300
1767110 300
1767120 300
1767130 302
1767140 305
1767150 305
1767160 307
1767170 308
1767180 308
1767190 312
1767200 318
1767210 318
1767220 320
1767230 322
1767240 322
1767250 322
1767260 323
1767270 323
1767280 324
1767290 325
1767300 326
1767310 326
1767320 330
1767330 334
1767340 334
1767350 338
1767360 340
1767370 340
1767380 342
1767390 345
1767400 345
1767410 346
1767420 349
1767430 349
1767440 352
1767450 353
1767460 353
1767470 355
1767480 357
1767490 360
1767500 360
1767510 362
1767520 364
1767530 364
1767540 365
1767550 367
1767560 367
1767570 368
1767580 369
1767590 369
1767600 370
1767610 370
1767620 370
1767630 369
1767640 368
1767650 368
1767660 366
1767670 364
1767680 364
1767690 363
1767700 361
1767710 360
1767720 360
1767730 358
1767740 357
1767750 357
1767760 356
1767770 355
1767780 355
1767790 350
1767800 346
1767810 346
1767820 343
1767830 342
1767840 342
1767850 339
1767860 337
1767870 337
1767880 335
1767890 333
1767900 331
1767910 331
1767920 330
1767930 328
1767940 328
1767950 326
1767960 325
1767970 325
1767980 323
1767990 322
1768000 322
1768010 320
1768020 319
1768030 319
1768040 318
1768050 318
1768060 318
1768070 316
1768080 314
1768090 314
1768100 313
1768110 311
1768120 309
1768130 309
1768140 306
1768150 304
1768160 304
1768170 302
1768180 301
1768190 301
1768200 303
1768210 304
1768220 304
1768230 304
1768240 304
1768250 304
1768260 305
1768270 305
1768280 305
1768290 307
1768300 308
1768310 310
1768320 310
1768330 312
1768340 314
1768350 314
1768360 315
1768370 318
1768380 318
1768390 323
1768400 327
1768410 327
1768420 329
1768430 332
1768440 332
1768450 334
1768460 337
1768470 337
1768480 340
1768490 342
1768500 345
1768510 345
1768520 347
1768530 349
1768540 349
1768550 350
1768560 350
1768570 350
1768580 349
1768590 348
1768600 348
1768610 349
1768620 349
1768630 349
1768640 350
1768650 351
1768660 351
1768670 352
1768680 353
1768690 353
1768700 355
1768710 357
1768720 359
1768730 359
1768740 360
1768750 361
1768760 361
1768770 364
1768780 366
1768790 366
1768800 366
1768810 368
1768820 368
1768830 370
1768840 373
1768850 373
1768860 376
1768870 378
1768880 378
1768890 380
1768900 382
1768910 384
1768920 384
1768930 386
1768940 388
1768950 388
1768960 391
1768970 393
1768980 393
1768990 397
1769000 395
1769010 395
1769020 395
1769030 395
1769040 395
1769050 395
1769060 394
1769070 394
1769080 393
1769090 392
1769100 392
1769110 391
1769120 389
1769130 388
1769140 388
1769150 387
1769160 386
1769170 386
1769180 384
1769190 383
1769200 383
1769210 382
1769220 382
1769230 382
1769240 382
1769250 381
1769260 381
1769270 380
1769280 380
1769290 380
1769300 379
1769310 377
1769320 376
1769330 376
1769340 374
1769350 372
1769360 372
1769370 370
1769380 368
1769390 368
1769400 367
1769410 366
1769420 366
1769430 365
1769440 364
1769450 364
1769460 361
1769470 358
1769480 358
1769490 356
1769500 353
1769510 349
1769520 349
1769530 346
1769540 345
1769550 345
1769560 344
1769570 343
1769580 343
1769590 343
1769600 341
1769610 341
1769620 337
1769630 331
1769640 331
1769650 329
1769660 324
1769670 324
1769680 328
1769690 329
1769700 329
1769710 331
1769720 333
1769730 334
1769740 334
1769750 337
1769760 339
1769770 339
1769780 342
1769790 345
1769800 345
1769810 346
1769820 350
1769830 350
1769840 353
1769850 355
1769860 355
1769870 359
1769880 362
1769890 362
1769900 365
1769910 367
1769920 368
1769930 368
1769940 368
1769950 368
1769960 368
1769970 367
1769980 365
1769990 365
1770000 361
1770010 355
1770020 355
1770030 351
1770040 350
1770050 350
1770060 348
1770070 346
1770080 346
1770090 343
1770100 341
1770110 341
1770120 339
1770130 336
1770140 334
1770150 334
1770160 332
1770170 331
1770180 331
1770190 329
1770200 328
1770210 328
1770220 326
1770230 324
1770240 324
1770250 322
1770260 321
1770270 320
1770280 319
1770290 317
1770300 317
1770310 316
1770320 314
1770330 314
1770340 314
1770350 316
1770360 318
1770370 318
1770380 319
1770390 321
1770400 321
1770410 322
1770420 324
1770430 324
1770440 331
1770450 336
1770460 336
1770470 338
1770480 341
1770490 341
1770500 342
1770510 344
1770520 344
1770530 347
1770540 351
1770550 354
1770560 354
1770570 356
1770580 359
1770590 359
1770600 360
1770610 362
1770620 362
1770630 365
1770640 367
1770650 367
1770660 368
1770670 369
1770680 369
1770690 370
1770700 374
1770710 374
1770720 377
1770730 380
1770740 384
1770750 384
1770760 386
1770770 389
1770780 389
1770790 391
1770800 394
1770810 394
1770820 396
1770830 398
1770840 398
1770850 399
1770860 398
1770870 398
1770880 398
1770890 398
1770900 398
1770910 397
1770920 395
1770930 393
1770940 393
1770950 392
1770960 389
1770970 389
1770980 388
1770990 386
1771000 386
1771010 384
1771020 382
1771030 382
1771040 382
1771050 381
1771060 381
1771070 377
1771080 374
1771090 374
1771100 372
1771110 367
1771120 367
1771130 365
1771140 366
1771150 365
1771160 365
1771170 364
1771180 363
1771190 363
1771200 363
1771210 363
1771220 363
1771230 363
1771240 363
1771250 363
1771260 363
1771270 363
1771280 363
1771290 363
1771300 362
1771310 362
1771320 362
1771330 362
1771340 361
1771350 361
1771360 359
1771370 358
1771380 358
1771390 356
1771400 355
1771410 355
1771420 354
1771430 353
1771440 353
1771450 353
1771460 352
1771470 352
1771480 351
1771490 350
1771500 350
1771510 348
1771520 346
1771530 345
1771540 343
1771550 342
1771560 340
1771570 340
1771580 338
1771590 336
1771600 336
1771610 335
1771620 334
1771630 334
1771640 333
1771650 332
1771660 332
1771670 331
1771680 330
1771690 330
1771700 329
1771710 329
1771720 329
1771730 328
1771740 327
1771750 326
1771760 326
1771770 325
1771780 324
1771790 324
1771800 323
1771810 323
1771820 323
1771830 322
1771840 321
1771850 321
1771860 321
1771870 320
1771880 320
1771890 320
1771900 319
1771910 319
1771920 318
1771930 318
1771940 317
1771950 317
1771960 316
1771970 315
1771980 315
1771990 314
1772000 313
1772010 313
1772020 313
1772030 311
1772040 311
1772050 308
1772060 309
1772070 309
1772080 311
1772090 312
1772100 312
1772110 312
1772120 312
1772130 312
1772140 313
1772150 313
1772160 314
1772170 314
1772180 315
1772190 316
1772200 316
1772210 316
1772220 317
1772230 317
1772240 317
1772250 318
1772260 318
1772270 318
1772280 318
1772290 318
1772300 318
1772310 318
1772320 318
1772330 318
1772340 318
1772350 317
1772360 317
1772370 317
1772380 318
1772390 318
1772400 318
1772410 318
1772420 318
1772430 318
1772440 317
1772450 317
1772460 316
1772470 316
1772480 316
1772490 315
1772500 314
1772510 314
1772520 313
1772530 313
1772540 313
1772550 312
1772560 312
1772570 312
1772580 312
1772590 312
1772600 311
1772610 311
1772620 312
1772630 312
1772640 312
1772650 313
1772660 314
1772670 314
1772680 316
1772690 317
1772700 317
1772710 319
1772720 321
1772730 321
1772740 324
1772750 326
1772760 329
1772770 329
1772780 331
1772790 333
1772800 333
1772810 335
1772820 335
1772830 335
1772840 334
1772850 332
1772860 332
1772870 330
1772880 326
1772890 326
1772900 323
1772910 321
1772920 321
1772930 319
1772940 316
1772950 316
1772960 314
1772970 311
1772980 309
1772990 309
1773000 307
1773010 309
1773020 309
1773030 311
1773040 313
1773050 313
1773060 315
1773070 317
1773080 317
1773090 320
1773100 323
1773110 323
1773120 326
1773130 328
1773140 328
1773150 330
1773160 331
1773170 333
1773180 333
1773190 336
1773200 337
1773210 337
1773220 337
1773230 337
1773240 337
1773250 335
1773260 333
1773270 333
1773280 332
1773290 330
1773300 330
1773310 328
1773320 326
1773330 326
1773340 323
1773350 319
1773360 318
1773370 318
1773380 318
1773390 320
1773400 320
1773410 321
1773420 323
1773430 323
1773440 325
1773450 327
1773460 327
1773470 329
1773480 332
1773490 332
1773500 335
1773510 338
1773520 338
1773530 341
1773540 342
1773550 342
1773560 345
1773570 348
1773580 352
1773590 352
1773600 356
1773610 361
1773620 361
1773630 366
1773640 371
1773650 371
1773660 374
1773670 376
1773680 376
1773690 378
1773700 380
1773710 380
1773720 382
1773730 383
1773740 383
1773750 384
1773760 384
1773770 384
1773780 384
1773790 383
1773800 382
1773810 382
1773820 380
1773830 378
1773840 378
1773850 375
1773860 372
1773870 372
1773880 368
1773890 362
1773900 362
1773910 358
1773920 354
1773930 354
1773940 350
1773950 346
1773960 346
1773970 339
1773980 334
1773990 334
1774000 334
1774010 335
1774020 334
1774030 334
1774040 333
1774050 332
1774060 332
1774070 331
1774080 330
1774090 330
1774100 328
1774110 326
1774120 326
1774130 324
1774140 322
1774150 322
1774160 320
1774170 319
1774180 319
1774190 319
1774200 321
1774210 322
1774220 322
1774230 323
1774240 325
1774250 325
1774260 327
1774270 329
1774280 329
1774290 332
1774300 334
1774310 334
1774320 337
1774330 341
1774340 341
1774350 344
1774360 348
1774370 351
1774380 351
1774390 356
1774400 359
1774410 359
1774420 361
1774430 363
1774440 363
1774450 365
1774460 367
1774470 367
1774480 369
1774490 370
1774500 370
1774510 371
1774520 370
1774530 370
1774540 368
1774550 366
1774560 366
1774570 365
1774580 363
1774590 361
1774600 361
1774610 359
1774620 357
1774630 357
1774640 353
1774650 349
1774660 349
1774670 347
1774680 346
1774690 346
1774700 344
1774710 343
1774720 343
1774730 343
1774740 343
1774750 343
1774760 345
1774770 346
1774780 348
1774790 348
1774800 351
1774810 355
1774820 355
1774830 356
1774840 358
1774850 358
1774860 360
1774870 363
1774880 363
1774890 364
1774900 366
1774910 366
1774920 368
1774930 371
1774940 371
1774950 375
1774960 375
1774970 375
1774980 378
1774990 378
1775000 378
1775010 378
1775020 379
1775030 379
1775040 379
1775050 376
1775060 374
1775070 374
1775080 374
1775090 376
1775100 376
1775110 377
1775120 376
1775130 376
1775140 375
1775150 374
1775160 374
1775170 373
1775180 372
1775190 371
1775200 371
1775210 370
1775220 368
1775230 366
1775240 364
1775250 362
1775260 362
1775270 361
1775280 360
1775290 360
1775300 355
1775310 352
1775320 352
1775330 353
1775340 355
1775350 355
1775360 355
1775370 356
1775380 356
1775390 358
1775400 358
1775410 359
1775420 359
1775430 360
1775440 361
1775450 361
1775460 362
1775470 363
1775480 363
1775490 364
1775500 365
1775510 365
1775520 366
1775530 366
1775540 366
1775550 367
1775560 367
1775570 367
1775580 368
1775590 370
1775600 371
1775610 371
1775620 372
1775630 372
1775640 372
1775650 373
1775660 372
1775670 372
1775680 372
1775690 370
1775700 370
1775710 369
1775720 366
1775730 366
1775740 364
1775750 361
1775760 361
1775770 358
1775780 355
1775790 353
1775800 353
1775810 350
1775820 348
1775830 348
1775840 344
1775850 339
1775860 339
1775870 336
1775880 331
1775890 331
1775900 327
1775910 325
1775920 325
1775930 324
1775940 323
1775950 323
1775960 322
1775970 318
1775980 318
1775990 316
1776000 316
1776010 318
1776020 318
1776030 318
1776040 315
1776050 315
1776060 312
1776070 312
1776080 312
1776090 312
1776100 312
1776110 312
1776120 314
1776130 315
1776140 315
1776150 317
1776160 319
1776170 319
1776180 320
1776190 322
1776200 323
1776210 323
1776220 323
1776230 324
1776240 324
1776250 324
1776260 325
1776270 325
1776280 326
1776290 326
1776300 326
1776310 326
1776320 326
1776330 326
1776340 325
1776350 323
1776360 323
1776370 323
1776380 322
1776390 322
1776400 321
1776410 320
1776420 315
1776430 315
1776440 310
1776450 310
1776460 310
1776470 310
1776480 311
1776490 311
1776500 313
1776510 315
1776520 315
1776530 317
1776540 319
1776550 319
1776560 320
1776570 322
1776580 322
1776590 325
1776600 328
1776610 331
1776620 331
1776630 334
1776640 336
1776650 336
1776660 341
1776670 343
1776680 343
1776690 346
1776700 349
1776710 349
1776720 352
1776730 355
1776740 355
1776750 357
1776760 360
1776770 360
1776780 362
1776790 364
1776800 366
1776810 366
1776820 366
1776830 366
1776840 366
1776850 366
1776860 365
1776870 365
1776880 364
1776890 362
1776900 362
1776910 361
1776920 360
1776930 360
1776940 359
1776950 358
1776960 358
1776970 357
1776980 357
1776990 357
1777000 356
1777010 355
1777020 354
1777030 354
1777040 353
1777050 351
1777060 351
1777070 348
1777080 347
1777090 347
1777100 347
1777110 347
1777120 347
1777130 349
1777140 346
1777150 346
1777160 347
1777170 348
1777180 348
1777190 348
1777200 347
1777210 347
1777220 347
1777230 346
1777240 347
1777250 347
1777260 348
1777270 349
1777280 349
1777290 350
1777300 352
1777310 352
1777320 356
1777330 357
1777340 357
1777350 358
1777360 358
1777370 358
1777380 358
1777390 359
1777400 359
1777410 360
1777420 361
1777430 363
1777440 363
1777450 364
1777460 365
1777470 365
1777480 367
1777490 368
1777500 368
1777510 369
1777520 370
1777530 370
1777540 371
1777550 372
1777560 372
1777570 373
1777580 374
1777590 374
1777600 375
1777610 376
1777620 376
1777630 375
1777640 375
1777650 375
1777660 375
1777670 372
1777680 370
1777690 370
1777700 366
1777710 362
1777720 362
1777730 360
1777740 359
1777750 359
1777760 358
1777770 356
1777780 356
1777790 354
1777800 352
1777810 352
1777820 349
1777830 346
1777840 342
1777850 342
1777860 339
1777870 336
1777880 336
1777890 334
1777900 333
1777910 333
1777920 331
1777930 327
1777940 327
1777950 325
1777960 322
1777970 322
1777980 321
1777990 319
1778000 319
1778010 316
1778020 315
1778030 313
1778040 313
1778050 312
1778060 310
1778070 310
1778080 309
1778090 307
1778100 307
1778110 305
1778120 303
1778130 303
1778140 301
1778150 300
1778160 300
1778170 300
1778180 299
1778190 299
1778200 297
1778210 295
1778220 293
1778230 293
1778240 292
1778250 291
1778260 291
1778270 289
1778280 288
1778290 288
1778300 289
1778310 289
1778320 289
1778330 289
1778340 289
1778350 289
1778360 288
1778370 288
1778380 288
1778390 288
1778400 292
1778410 292
1778420 295
1778430 298
1778440 299
1778450 299
1778460 300
1778470 299
1778480 299
1778490 298
1778500 297
1778510 297
1778520 296
1778530 296
1778540 296
1778550 295
1778560 296
1778570 296
1778580 296
1778590 297
1778600 297
1778610 299
1778620 303
1778630 306
1778640 306
1778650 307
1778660 308
1778670 308
1778680 309
1778690 311
1778700 311
1778710 315
1778720 318
1778730 318
1778740 317
1778750 312
1778760 312
1778770 310
1778780 309
1778790 309
1778800 308
1778810 303
1778820 303
1778830 301
1778840 300
1778850 299
1778860 299
1778870 300
1778880 300
1778890 300
1778900 300
1778910 300
1778920 300
1778930 300
1778940 299
1778950 299
1778960 299
1778970 298
1778980 298
1778990 297
1779000 296
1779010 296
1779020 295
1779030 294
1779040 296
1779050 296
1779060 296
1779070 296
1779080 296
1779090 296
1779100 295
1779110 295
1779120 298
1779130 301
1779140 301
1779150 301
1779160 300
1779170 300
1779180 301
1779190 300
1779200 300
1779210 297
1779220 294
1779230 294
1779240 294
1779250 294
1779260 294
1779270 294
1779280 295
1779290 300
1779300 300
1779310 302
1779320 302
1779330 302
1779340 302
1779350 300
1779360 300
1779370 302
1779380 301
1779390 301
1779400 300
1779410 299
1779420 299
1779430 298
1779440 297
1779450 297
1779460 297
1779470 296
1779480 297
1779490 297
1779500 296
1779510 296
1779520 296
1779530 296
1779540 296
1779550 296
1779560 294
1779570 295
1779580 295
1779590 295
1779600 294
1779610 294
1779620 294
1779630 294
1779640 296
1779650 296
1779660 297
1779670 296
1779680 296
1779690 294
1779700 293
1779710 293
1779720 292
1779730 290
1779740 290
1779750 289
1779760 285
1779770 285
1779780 287
1779790 287
1779800 287
1779810 288
1779820 288
1779830 288
1779840 287
1779850 286
1779860 285
1779870 285
1779880 284
1779890 283
1779900 283
1779910 282
1779920 281
1779930 281
1779940 281
1779950 281
1779960 281
1779970 277
1779980 277
1779990 277
