1760000 382
1760010 385
1760020 389
1760030 389
1760040 392
1760050 394
1760060 394
1760070 400
1760080 405
1760090 407
1760100 407
1760110 409
1760120 410
1760130 410
1760140 411
1760150 412
1760160 412
1760170 412
1760180 412
1760190 412
1760200 412
1760210 412
1760220 412
1760230 412
1760240 412
1760250 412
1760260 413
1760270 412
1760280 412
1760290 412
1760300 413
1760310 413
1760320 413
1760330 413
1760340 413
1760350 413
1760360 413
1760370 412
1760380 412
1760390 412
1760400 413
1760410 413
1760420 415
1760430 415
1760440 415
1760450 415
1760460 415
1760470 415
1760480 416
1760490 418
1760500 419
1760510 419
1760520 419
1760530 420
1760540 420
1760550 420
1760560 421
1760570 421
1760580 421
1760590 421
1760600 421
1760610 420
1760620 420
1760630 420
1760640 418
1760650 415
1760660 415
1760670 410
1760680 406
1760690 406
1760700 402
1760710 399
1760720 397
1760730 397
1760740 393
1760750 391
1760760 391
1760770 389
1760780 388
1760790 388
1760800 387
1760810 386
1760820 386
1760830 384
1760840 382
1760850 382
1760860 380
1760870 377
1760880 377
1760890 374
1760900 371
1760910 370
1760920 370
1760930 369
1760940 366
1760950 366
1760960 362
1760970 360
1760980 360
1760990 357
1761000 356
1761010 356
1761020 355
1761030 354
1761040 354
1761050 354
1761060 352
1761070 352
1761080 350
1761090 348
1761100 348
1761110 346
1761120 344
1761130 341
1761140 341
1761150 339
1761160 339
1761170 339
1761180 340
1761190 342
1761200 342
1761210 345
1761220 350
1761230 350
1761240 352
1761250 354
1761260 354
1761270 357
1761280 358
1761290 358
1761300 359
1761310 360
1761320 360
1761330 360
1761340 358
1761350 356
1761360 356
1761370 353
1761380 350
1761390 350
1761400 348
1761410 345
1761420 345
1761430 341
1761440 340
1761450 340
1761460 340
1761470 340
1761480 340
1761490 341
1761500 343
1761510 343
1761520 345
1761530 348
1761540 351
1761550 351
1761560 355
1761570 357
1761580 357
1761590 359
1761600 361
1761610 361
1761620 363
1761630 365
1761640 365
1761650 366
1761660 367
1761670 367
1761680 369
1761690 371
1761700 371
1761710 374
1761720 377
1761730 378
1761740 378
1761750 379
1761760 379
1761770 379
1761780 380
1761790 380
1761800 380
1761810 381
1761820 381
1761830 381
1761840 382
1761850 383
1761860 383
1761870 383
1761880 384
1761890 384
1761900 384
1761910 385
1761920 385
1761930 386
1761940 387
1761950 387
1761960 387
1761970 389
1761980 391
1761990 391
1762000 392
1762010 393
1762020 393
1762030 393
1762040 392
1762050 392
1762060 390
1762070 388
1762080 388
1762090 385
1762100 384
1762110 384
1762120 380
1762130 379
1762140 375
1762150 375
1762160 373
1762170 370
1762180 370
1762190 367
1762200 363
1762210 363
1762220 357
1762230 357
1762240 357
1762250 357
1762260 355
1762270 355
1762280 354
1762290 353
1762300 353
1762310 352
1762320 351
1762330 351
1762340 350
1762350 347
1762360 348
1762370 348
1762380 348
1762390 347
1762400 347
1762410 344
1762420 342
1762430 342
1762440 340
1762450 338
1762460 338
1762470 334
1762480 333
1762490 333
1762500 332
1762510 330
1762520 330
1762530 327
1762540 326
1762550 325
1762560 325
1762570 324
1762580 322
1762590 322
1762600 319
1762610 318
1762620 318
1762630 317
1762640 315
1762650 315
1762660 313
1762670 312
1762680 312
1762690 311
1762700 310
1762710 310
1762720 309
1762730 307
1762740 307
1762750 309
1762760 310
1762770 310
1762780 310
1762790 309
1762800 311
1762810 311
1762820 312
1762830 314
1762840 314
1762850 317
1762860 318
1762870 318
1762880 319
1762890 321
1762900 321
1762910 321
1762920 323
1762930 323
1762940 324
1762950 326
1762960 327
1762970 327
1762980 330
1762990 331
1763000 331
1763010 332
1763020 332
1763030 332
1763040 332
1763050 333
1763060 333
1763070 333
1763080 334
1763090 334
1763100 336
1763110 340
1763120 340
1763130 344
1763140 347
1763150 347
1763160 347
1763170 347
1763180 347
1763190 347
1763200 348
1763210 350
1763220 350
1763230 355
1763240 359
1763250 359
1763260 363
1763270 366
1763280 366
1763290 368
1763300 370
1763310 370
1763320 373
1763330 376
1763340 376
1763350 379
1763360 383
1763370 386
1763380 386
1763390 389
1763400 392
1763410 392
1763420 394
1763430 390
1763440 390
1763450 386
1763460 381
1763470 381
1763480 377
1763490 373
1763500 373
1763510 369
1763520 366
1763530 366
1763540 363
1763550 361
1763560 360
1763570 360
1763580 359
1763590 357
1763600 357
1763610 355
1763620 354
1763630 354
1763640 353
1763650 351
1763660 351
1763670 350
1763680 348
1763690 348
1763700 346
1763710 345
1763720 345
1763730 346
1763740 347
1763750 347
1763760 346
1763770 345
1763780 344
1763790 344
1763800 344
1763810 344
1763820 344
1763830 345
1763840 346
1763850 346
1763860 347
1763870 349
1763880 349
1763890 351
1763900 352
1763910 352
1763920 354
1763930 356
1763940 356
1763950 358
1763960 360
1763970 363
1763980 363
1763990 366
1764000 369
1764010 369
1764020 371
1764030 373
1764040 373
1764050 374
1764060 376
1764070 376
1764080 378
1764090 382
1764100 382
1764110 385
1764120 386
1764130 386
1764140 387
1764150 389
1764160 389
1764170 390
1764180 392
1764190 393
1764200 393
1764210 395
1764220 396
1764230 396
1764240 398
1764250 398
1764260 398
1764270 399
1764280 401
1764290 401
1764300 402
1764310 402
1764320 402
1764330 403
1764340 404
1764350 404
1764360 405
1764370 407
1764380 409
1764390 409
1764400 410
1764410 412
1764420 412
1764430 414
1764440 416
1764450 416
1764460 417
1764470 418
1764480 418
1764490 419
1764500 420
1764510 420
1764520 420
1764530 420
1764540 420
1764550 420
1764560 418
1764570 418
1764580 417
1764590 413
1764600 410
1764610 410
1764620 406
1764630 402
1764640 402
1764650 400
1764660 398
1764670 398
1764680 398
1764690 397
1764700 397
1764710 394
1764720 392
1764730 392
1764740 390
1764750 389
1764760 389
1764770 387
1764780 385
1764790 381
1764800 381
1764810 375
1764820 371
1764830 371
1764840 370
1764850 365
1764860 365
1764870 362
1764880 361
1764890 361
1764900 357
1764910 355
1764920 355
1764930 357
1764940 357
1764950 357
1764960 358
1764970 359
1764980 359
1764990 358
1765000 356
1765010 356
1765020 356
1765030 358
1765040 357
1765050 357
1765060 357
1765070 357
1765080 357
1765090 357
1765100 358
1765110 358
1765120 358
1765130 359
1765140 359
1765150 361
1765160 361
1765170 361
1765180 362
1765190 363
1765200 364
1765210 364
1765220 365
1765230 364
1765240 364
1765250 359
1765260 356
1765270 356
1765280 357
1765290 357
1765300 357
1765310 357
1765320 356
1765330 356
1765340 356
1765350 356
1765360 356
1765370 356
1765380 355
1765390 355
1765400 352
1765410 350
1765420 348
1765430 348
1765440 346
1765450 344
1765460 344
1765470 343
1765480 341
1765490 341
1765500 341
1765510 343
1765520 343
1765530 342
1765540 343
1765550 343
1765560 342
1765570 340
1765580 340
1765590 338
1765600 336
1765610 336
1765620 336
1765630 336
1765640 337
1765650 337
1765660 337
1765670 337
1765680 337
1765690 337
1765700 336
1765710 336
1765720 336
1765730 334
1765740 334
1765750 333
1765760 331
1765770 331
1765780 330
1765790 330
1765800 330
1765810 331
1765820 331
1765830 330
1765840 330
1765850 329
1765860 328
1765870 328
1765880 328
1765890 327
1765900 327
1765910 327
1765920 327
1765930 327
1765940 326
1765950 325
1765960 325
1765970 324
1765980 322
1765990 322
1766000 322
1766010 322
1766020 321
1766030 321
1766040 320
1766050 320
1766060 320
1766070 319
1766080 318
1766090 318
1766100 316
1766110 315
1766120 315
1766130 313
1766140 312
1766150 312
1766160 311
1766170 310
1766180 310
1766190 310
1766200 310
1766210 310
1766220 308
1766230 310
1766240 307
1766250 307
1766260 305
1766270 305
1766280 305
1766290 304
1766300 304
1766310 304
1766320 303
1766330 302
1766340 302
1766350 301
1766360 300
1766370 300
1766380 301
1766390 302
1766400 302
1766410 302
1766420 303
1766430 303
1766440 303
1766450 303
1766460 303
1766470 303
1766480 303
1766490 303
1766500 303
1766510 303
1766520 304
1766530 304
1766540 304
1766550 304
1766560 304
1766570 304
1766580 305
1766590 305
1766600 305
1766610 305
1766620 305
1766630 306
1766640 307
1766650 308
1766660 308
1766670 309
1766680 311
1766690 311
1766700 313
1766710 315
1766720 315
1766730 318
1766740 320
1766750 320
1766760 322
1766770 324
1766780 324
1766790 325
1766800 326
1766810 326
1766820 327
1766830 328
1766840 331
1766850 331
1766860 337
1766870 339
1766880 339
1766890 339
1766900 339
1766910 339
1766920 339
1766930 340
1766940 340
1766950 341
1766960 342
1766970 342
1766980 342
1766990 343
1767000 343
1767010 344
1767020 346
1767030 346
1767040 350
1767050 351
1767060 353
1767070 353
1767080 355
1767090 357
1767100 357
1767110 359
1767120 360
1767130 360
1767140 362
1767150 363
1767160 363
1767170 358
1767180 356
1767190 356
1767200 354
1767210 353
1767220 353
1767230 355
1767240 354
1767250 350
1767260 350
1767270 347
1767280 345
1767290 345
1767300 342
1767310 339
1767320 339
1767330 337
1767340 335
1767350 335
1767360 333
1767370 330
1767380 330
1767390 327
1767400 324
1767410 324
1767420 322
1767430 320
1767440 320
1767450 318
1767460 317
1767470 317
1767480 317
1767490 317
1767500 318
1767510 318
1767520 317
1767530 317
1767540 317
1767550 316
1767560 314
1767570 314
1767580 313
1767590 313
1767600 313
1767610 313
1767620 312
1767630 312
1767640 314
1767650 314
1767660 315
1767670 315
1767680 315
1767690 316
1767700 316
1767710 321
1767720 322
1767730 322
1767740 323
1767750 324
1767760 324
1767770 326
1767780 329
1767790 329
1767800 332
1767810 334
1767820 334
1767830 338
1767840 342
1767850 342
1767860 347
1767870 351
1767880 354
1767890 354
1767900 356
1767910 358
1767920 358
1767930 359
1767940 361
1767950 361
1767960 363
1767970 365
1767980 365
1767990 366
1768000 368
1768010 368
1768020 370
1768030 372
1768040 372
1768050 375
1768060 377
1768070 379
1768080 379
1768090 381
1768100 385
1768110 385
1768120 386
1768130 389
1768140 389
1768150 393
1768160 396
1768170 396
1768180 396
1768190 393
1768200 393
1768210 391
1768220 390
1768230 390
1768240 388
1768250 387
1768260 387
1768270 387
1768280 387
1768290 387
1768300 387
1768310 386
1768320 384
1768330 384
1768340 381
1768350 379
1768360 379
1768370 375
1768380 375
1768390 375
1768400 374
1768410 373
1768420 373
1768430 372
1768440 370
1768450 370
1768460 368
1768470 366
1768480 364
1768490 364
1768500 362
1768510 360
1768520 360
1768530 359
1768540 356
1768550 356
1768560 355
1768570 354
1768580 354
1768590 352
1768600 350
1768610 350
1768620 349
1768630 347
1768640 347
1768650 346
1768660 343
1768670 343
1768680 340
1768690 339
1768700 336
1768710 336
1768720 337
1768730 343
1768740 343
1768750 346
1768760 349
1768770 349
1768780 352
1768790 355
1768800 355
1768810 357
1768820 357
1768830 357
1768840 361
1768850 367
1768860 367
1768870 371
1768880 374
1768890 377
1768900 377
1768910 378
1768920 379
1768930 379
1768940 381
1768950 386
1768960 386
1768970 390
1768980 392
1768990 392
1769000 395
1769010 397
1769020 397
1769030 399
1769040 401
1769050 401
1769060 403
1769070 406
1769080 406
1769090 406
1769100 405
1769110 404
1769120 404
1769130 403
1769140 401
1769150 401
1769160 398
1769170 395
1769180 395
1769190 393
1769200 392
1769210 392
1769220 390
1769230 389
1769240 389
1769250 387
1769260 386
1769270 386
1769280 384
1769290 382
1769300 379
1769310 379
1769320 376
1769330 374
1769340 374
1769350 371
1769360 369
1769370 369
1769380 362
1769390 355
1769400 355
1769410 351
1769420 350
1769430 350
1769440 349
1769450 347
1769460 347
1769470 343
1769480 344
1769490 344
1769500 348
1769510 349
1769520 351
1769530 351
1769540 352
1769550 351
1769560 351
1769570 350
1769580 349
1769590 349
1769600 349
1769610 349
1769620 349
1769630 348
1769640 348
1769650 348
1769660 347
1769670 345
1769680 345
1769690 343
1769700 342
1769710 340
1769720 340
1769730 338
1769740 335
1769750 335
1769760 334
1769770 333
1769780 333
1769790 333
1769800 332
1769810 332
1769820 332
1769830 332
1769840 332
1769850 331
1769860 331
1769870 331
1769880 330
1769890 329
1769900 328
1769910 328
1769920 327
1769930 326
1769940 326
1769950 325
1769960 326
1769970 326
1769980 325
1769990 324
1770000 324
1770010 324
1770020 323
1770030 323
1770040 323
1770050 323
1770060 323
1770070 323
1770080 322
1770090 322
1770100 322
1770110 322
1770120 322
1770130 322
1770140 321
1770150 322
1770160 322
1770170 322
1770180 323
1770190 323
1770200 323
1770210 323
1770220 323
1770230 323
1770240 324
1770250 324
1770260 324
1770270 324
1770280 324
1770290 324
1770300 324
1770310 324
1770320 324
1770330 324
1770340 323
1770350 323
1770360 323
1770370 322
1770380 322
1770390 321
1770400 321
1770410 321
1770420 320
1770430 320
1770440 320
1770450 320
1770460 319
1770470 319
1770480 319
1770490 319
1770500 319
1770510 318
1770520 318
1770530 318
1770540 318
1770550 318
1770560 321
1770570 321
1770580 322
1770590 324
1770600 324
1770610 325
1770620 327
1770630 327
1770640 329
1770650 330
1770660 330
1770670 331
1770680 331
1770690 331
1770700 330
1770710 329
1770720 332
1770730 332
1770740 335
1770750 340
1770760 340
1770770 345
1770780 348
1770790 348
1770800 352
1770810 354
1770820 354
1770830 356
1770840 357
1770850 357
1770860 362
1770870 368
1770880 368
1770890 373
1770900 375
1770910 375
1770920 377
1770930 379
1770940 382
1770950 382
1770960 384
1770970 386
1770980 386
1770990 387
1771000 388
1771010 388
1771020 388
1771030 388
1771040 388
1771050 388
1771060 389
1771070 389
1771080 389
1771090 390
1771100 390
1771110 391
1771120 392
1771130 393
1771140 393
1771150 394
1771160 394
1771170 394
1771180 395
1771190 396
1771200 396
1771210 397
1771220 398
1771230 398
1771240 398
1771250 398
1771260 398
1771270 398
1771280 397
1771290 397
1771300 396
1771310 393
1771320 393
1771330 391
1771340 389
1771350 385
1771360 385
1771370 383
1771380 382
1771390 382
1771400 380
1771410 379
1771420 379
1771430 375
1771440 371
1771450 371
1771460 368
1771470 367
1771480 367
1771490 364
1771500 360
1771510 360
1771520 356
1771530 351
1771540 348
1771550 346
1771560 343
1771570 340
1771580 340
1771590 341
1771600 338
1771610 338
1771620 334
1771630 333
1771640 333
1771650 336
1771660 342
1771670 342
1771680 345
1771690 345
1771700 345
1771710 345
1771720 345
1771730 345
1771740 345
1771750 342
1771760 339
1771770 339
1771780 338
1771790 336
1771800 336
1771810 334
1771820 332
1771830 332
1771840 330
1771850 328
1771860 328
1771870 325
1771880 324
1771890 324
1771900 322
1771910 321
1771920 321
1771930 321
1771940 320
1771950 320
1771960 320
1771970 319
1771980 317
1771990 317
1772000 316
1772010 314
1772020 314
1772030 313
1772040 311
1772050 311
1772060 310
1772070 309
1772080 309
1772090 308
1772100 309
1772110 309
1772120 309
1772130 309
1772140 309
1772150 309
1772160 309
1772170 310
1772180 310
1772190 311
1772200 312
1772210 312
1772220 314
1772230 317
1772240 317
1772250 318
1772260 319
1772270 319
1772280 320
1772290 324
1772300 324
1772310 327
1772320 331
1772330 331
1772340 332
1772350 333
1772360 333
1772370 333
1772380 335
1772390 337
1772400 337
1772410 340
1772420 344
1772430 344
1772440 346
1772450 350
1772460 350
1772470 353
1772480 355
1772490 355
1772500 358
1772510 359
1772520 359
1772530 361
1772540 362
1772550 362
1772560 365
1772570 365
1772580 365
1772590 365
1772600 365
1772610 364
1772620 364
1772630 361
1772640 359
1772650 359
1772660 356
1772670 356
1772680 356
1772690 355
1772700 354
1772710 354
1772720 352
1772730 348
1772740 348
1772750 348
1772760 346
1772770 344
1772780 344
1772790 341
1772800 338
1772810 338
1772820 336
1772830 334
1772840 334
1772850 332
1772860 330
1772870 330
1772880 327
1772890 325
1772900 325
1772910 322
1772920 320
1772930 320
1772940 319
1772950 317
1772960 317
1772970 316
1772980 315
1772990 313
1773000 313
1773010 311
1773020 309
1773030 309
1773040 307
1773050 306
1773060 306
1773070 304
1773080 303
1773090 303
1773100 302
1773110 301
1773120 301
1773130 301
1773140 300
1773150 300
1773160 300
1773170 299
1773180 299
1773190 299
1773200 300
1773210 299
1773220 299
1773230 299
1773240 299
1773250 299
1773260 299
1773270 299
1773280 299
1773290 299
1773300 299
1773310 299
1773320 297
1773330 298
1773340 298
1773350 298
1773360 299
1773370 299
1773380 299
1773390 300
1773400 301
1773410 301
1773420 301
1773430 302
1773440 302
1773450 302
1773460 303
1773470 303
1773480 303
1773490 304
1773500 304
1773510 304
1773520 305
1773530 305
1773540 305
1773550 305
1773560 305
1773570 306
1773580 306
1773590 306
1773600 306
1773610 307
1773620 307
1773630 307
1773640 307
1773650 308
1773660 308
1773670 308
1773680 308
1773690 308
1773700 308
1773710 308
1773720 308
1773730 308
1773740 310
1773750 310
1773760 310
1773770 310
1773780 310
1773790 311
1773800 311
1773810 311
1773820 311
1773830 311
1773840 311
1773850 311
1773860 311
1773870 312
1773880 312
1773890 312
1773900 313
1773910 313
1773920 314
1773930 315
1773940 315
1773950 315
1773960 315
1773970 315
1773980 316
1773990 319
1774000 319
1774010 319
1774020 318
1774030 320
1774040 320
1774050 320
1774060 320
1774070 320
1774080 320
1774090 320
1774100 320
1774110 320
1774120 320
1774130 320
1774140 321
1774150 321
1774160 321
1774170 321
1774180 322
1774190 322
1774200 322
1774210 321
1774220 321
1774230 321
1774240 320
1774250 319
1774260 319
1774270 316
1774280 315
1774290 315
1774300 313
1774310 311
1774320 311
1774330 308
1774340 307
1774350 307
1774360 304
1774370 302
1774380 302
1774390 301
1774400 301
1774410 301
1774420 301
1774430 301
1774440 301
1774450 301
1774460 301
1774470 301
1774480 301
1774490 301
1774500 301
1774510 301
1774520 301
1774530 301
1774540 301
1774550 302
1774560 303
1774570 303
1774580 305
1774590 307
1774600 307
1774610 309
1774620 311
1774630 313
1774640 313
1774650 316
1774660 318
1774670 318
1774680 318
1774690 318
1774700 318
1774710 318
1774720 316
1774730 316
1774740 313
1774750 311
1774760 311
1774770 309
1774780 306
1774790 306
1774800 305
1774810 305
1774820 305
1774830 305
1774840 306
1774850 308
1774860 308
1774870 309
1774880 311
1774890 311
1774900 313
1774910 315
1774920 315
1774930 317
1774940 319
1774950 319
1774960 322
1774970 324
1774980 324
1774990 326
1775000 329
1775010 329
1775020 331
1775030 333
1775040 334
1775050 334
1775060 335
1775070 335
1775080 335
1775090 336
1775100 337
1775110 337
1775120 338
1775130 338
1775140 338
1775150 338
1775160 338
1775170 338
1775180 338
1775190 337
1775200 337
1775210 337
1775220 336
1775230 334
1775240 336
1775250 335
1775260 333
1775270 333
1775280 332
1775290 331
1775300 331
1775310 330
1775320 328
1775330 328
1775340 327
1775350 325
1775360 325
1775370 323
1775380 321
1775390 321
1775400 319
1775410 317
1775420 317
1775430 316
1775440 314
1775450 313
1775460 313
1775470 312
1775480 314
1775490 314
1775500 315
1775510 317
1775520 317
1775530 319
1775540 322
1775550 322
1775560 324
1775570 325
1775580 325
1775590 326
1775600 327
1775610 327
1775620 328
1775630 329
1775640 330
1775650 330
1775660 330
1775670 329
1775680 329
1775690 328
1775700 326
1775710 326
1775720 324
1775730 321
1775740 321
1775750 317
1775760 314
1775770 314
1775780 313
1775790 310
1775800 310
1775810 307
1775820 303
1775830 303
1775840 301
1775850 300
1775860 299
1775870 299
1775880 299
1775890 298
1775900 298
1775910 298
1775920 299
1775930 299
1775940 300
1775950 302
1775960 302
1775970 304
1775980 306
1775990 306
1776000 309
1776010 311
1776020 311
1776030 312
1776040 314
1776050 315
1776060 315
1776070 316
1776080 317
1776090 317
1776100 317
1776110 317
1776120 317
1776130 317
1776140 317
1776150 317
1776160 317
1776170 317
1776180 317
1776190 316
1776200 317
1776210 317
1776220 317
1776230 316
1776240 316
1776250 316
1776260 316
1776270 317
1776280 317
1776290 317
1776300 316
1776310 316
1776320 315
1776330 314
1776340 314
1776350 313
1776360 313
1776370 313
1776380 311
1776390 309
1776400 309
1776410 308
1776420 307
1776430 307
1776440 306
1776450 306
1776460 304
1776470 304
1776480 302
1776490 301
1776500 301
1776510 300
1776520 299
1776530 299
1776540 297
1776550 296
1776560 296
1776570 294
1776580 291
1776590 291
1776600 289
1776610 287
1776620 287
1776630 287
1776640 285
1776650 286
1776660 286
1776670 286
1776680 287
1776690 287
1776700 287
1776710 288
1776720 288
1776730 290
1776740 291
1776750 291
1776760 292
1776770 294
1776780 294
1776790 296
1776800 297
1776810 297
1776820 299
1776830 301
1776840 301
1776850 303
1776860 303
1776870 303
1776880 303
1776890 302
1776900 302
1776910 302
1776920 302
1776930 304
1776940 304
1776950 307
1776960 307
1776970 307
1776980 307
1776990 307
1777000 307
1777010 307
1777020 307
1777030 307
1777040 306
1777050 306
1777060 305
1777070 305
1777080 304
1777090 302
1777100 302
1777110 301
1777120 299
1777130 299
1777140 298
1777150 297
1777160 297
1777170 296
1777180 295
1777190 295
1777200 294
1777210 293
1777220 293
1777230 289
1777240 288
1777250 288
1777260 288
1777270 289
1777280 291
1777290 291
1777300 292
1777310 294
1777320 294
1777330 296
1777340 296
1777350 296
1777360 299
1777370 300
1777380 300
1777390 298
1777400 297
1777410 297
1777420 301
1777430 302
1777440 302
1777450 302
1777460 302
1777470 302
1777480 302
1777490 302
1777500 302
1777510 302
1777520 302
1777530 302
1777540 302
1777550 301
1777560 300
1777570 300
1777580 299
1777590 298
1777600 298
1777610 300
1777620 298
1777630 298
1777640 297
1777650 297
1777660 297
1777670 299
1777680 297
1777690 295
1777700 295
1777710 294
1777720 294
1777730 294
1777740 294
1777750 293
1777760 293
1777770 292
1777780 293
1777790 293
1777800 293
1777810 294
1777820 294
1777830 295
1777840 296
1777850 296
1777860 297
1777870 297
1777880 297
1777890 297
1777900 295
1777910 295
1777920 295
1777930 296
1777940 299
1777950 299
1777960 299
1777970 296
1777980 296
1777990 297
1778000 300
1778010 300
1778020 300
1778030 299
1778040 299
1778050 296
1778060 301
1778070 301
1778080 301
1778090 302
1778100 299
1778110 299
1778120 300
1778130 301
1778140 301
1778150 303
1778160 303
1778170 303
1778180 305
1778190 302
1778200 302
1778210 304
1778220 306
1778230 306
1778240 308
1778250 309
1778260 309
1778270 310
1778280 311
1778290 312
1778300 312
1778310 312
1778320 311
1778330 311
1778340 310
1778350 309
1778360 309
1778370 307
1778380 305
1778390 305
1778400 303
1778410 300
1778420 300
1778430 298
1778440 297
1778450 297
1778460 295
1778470 294
1778480 294
1778490 293
1778500 293
1778510 291
1778520 291
1778530 288
1778540 286
1778550 286
1778560 284
1778570 282
1778580 282
1778590 281
1778600 280
1778610 280
1778620 279
1778630 280
1778640 280
1778650 281
1778660 282
1778670 282
1778680 282
1778690 282
1778700 283
1778710 283
1778720 283
1778730 283
1778740 283
1778750 283
1778760 283
1778770 283
1778780 283
1778790 283
1778800 283
1778810 282
1778820 283
1778830 283
1778840 283
1778850 283
1778860 283
1778870 283
1778880 284
1778890 284
1778900 284
1778910 285
1778920 286
1778930 286
1778940 287
1778950 288
1778960 288
1778970 290
1778980 291
1778990 291
1779000 292
1779010 297
1779020 297
1779030 301
1779040 303
1779050 303
1779060 304
1779070 307
1779080 307
1779090 308
1779100 310
1779110 313
1779120 313
1779130 315
1779140 317
1779150 317
1779160 320
1779170 323
1779180 323
1779190 325
1779200 326
1779210 326
1779220 328
1779230 329
1779240 329
1779250 330
1779260 333
1779270 333
1779280 335
1779290 337
1779300 337
1779310 338
1779320 340
1779330 342
1779340 342
1779350 344
1779360 344
1779370 344
1779380 346
1779390 347
1779400 347
1779410 347
1779420 349
1779430 349
1779440 349
1779450 348
1779460 348
1779470 348
1779480 347
1779490 347
1779500 346
1779510 345
1779520 344
1779530 344
1779540 343
1779550 342
1779560 342
1779570 341
1779580 340
1779590 340
1779600 339
1779610 338
1779620 338
1779630 336
1779640 333
1779650 333
1779660 331
1779670 329
1779680 329
1779690 328
1779700 325
1779710 325
1779720 319
1779730 320
1779740 316
1779750 316
1779760 314
1779770 311
1779780 311
1779790 310
1779800 308
1779810 308
1779820 306
1779830 305
1779840 305
1779850 304
1779860 304
1779870 304
1779880 306
1779890 307
1779900 307
1779910 309
1779920 311
1779930 312
1779940 312
1779950 315
1779960 317
1779970 317
1779980 320
1779990 323
