1760000 343
1760010 343
1760020 344
1760030 345
1760040 345
1760050 347
1760060 348
1760070 348
1760080 349
1760090 350
1760100 350
1760110 351
1760120 352
1760130 352
1760140 353
1760150 356
1760160 359
1760170 359
1760180 361
1760190 362
1760200 362
1760210 364
1760220 367
1760230 367
1760240 371
1760250 372
1760260 372
1760270 373
1760280 373
1760290 373
1760300 372
1760310 372
1760320 372
1760330 372
1760340 372
1760350 373
1760360 373
1760370 374
1760380 374
1760390 374
1760400 375
1760410 375
1760420 375
1760430 376
1760440 376
1760450 376
1760460 377
1760470 377
1760480 377
1760490 378
1760500 379
1760510 379
1760520 379
1760530 379
1760540 379
1760550 380
1760560 380
1760570 381
1760580 381
1760590 381
1760600 382
1760610 382
1760620 383
1760630 386
1760640 386
1760650 389
1760660 391
1760670 391
1760680 395
1760690 398
1760700 398
1760710 400
1760720 401
1760730 401
1760740 403
1760750 404
1760760 405
1760770 405
1760780 406
1760790 407
1760800 407
1760810 409
1760820 411
1760830 411
1760840 414
1760850 415
1760860 415
1760870 416
1760880 416
1760890 416
1760900 416
1760910 415
1760920 415
1760930 413
1760940 411
1760950 411
1760960 410
1760970 409
1760980 407
1760990 407
1761000 406
1761010 404
1761020 404
1761030 400
1761040 395
1761050 395
1761060 393
1761070 391
1761080 391
1761090 389
1761100 387
1761110 387
1761120 384
1761130 382
1761140 382
1761150 378
1761160 376
1761170 373
1761180 373
1761190 370
1761200 367
1761210 367
1761220 362
1761230 359
1761240 359
1761250 359
1761260 355
1761270 355
1761280 352
1761290 349
1761300 349
1761310 347
1761320 345
1761330 345
1761340 344
1761350 342
1761360 342
1761370 343
1761380 344
1761390 344
1761400 344
1761410 341
1761420 340
1761430 340
1761440 339
1761450 336
1761460 336
1761470 336
1761480 337
1761490 337
1761500 337
1761510 339
1761520 339
1761530 343
1761540 344
1761550 344
1761560 346
1761570 346
1761580 347
1761590 347
1761600 348
1761610 348
1761620 348
1761630 349
1761640 350
1761650 350
1761660 350
1761670 348
1761680 348
1761690 345
1761700 345
1761710 345
1761720 345
1761730 344
1761740 344
1761750 341
1761760 339
1761770 339
1761780 337
1761790 336
1761800 335
1761810 335
1761820 333
1761830 331
1761840 331
1761850 329
1761860 327
1761870 327
1761880 325
1761890 322
1761900 322
1761910 321
1761920 319
1761930 319
1761940 319
1761950 318
1761960 318
1761970 317
1761980 316
1761990 316
1762000 316
1762010 317
1762020 317
1762030 317
1762040 318
1762050 318
1762060 318
1762070 318
1762080 318
1762090 318
1762100 318
1762110 318
1762120 318
1762130 318
1762140 319
1762150 319
1762160 319
1762170 320
1762180 320
1762190 320
1762200 320
1762210 320
1762220 320
1762230 321
1762240 321
1762250 321
1762260 321
1762270 320
1762280 320
1762290 320
1762300 319
1762310 319
1762320 319
1762330 319
1762340 319
1762350 319
1762360 319
1762370 319
1762380 318
1762390 318
1762400 318
1762410 318
1762420 317
1762430 317
1762440 317
1762450 319
1762460 320
1762470 320
1762480 322
1762490 323
1762500 323
1762510 324
1762520 326
1762530 326
1762540 328
1762550 330
1762560 329
1762570 332
1762580 334
1762590 334
1762600 336
1762610 339
1762620 342
1762630 342
1762640 343
1762650 344
1762660 344
1762670 347
1762680 348
1762690 348
1762700 350
1762710 352
1762720 352
1762730 355
1762740 357
1762750 357
1762760 358
1762770 359
1762780 359
1762790 360
1762800 360
1762810 361
1762820 361
1762830 362
1762840 364
1762850 364
1762860 364
1762870 365
1762880 365
1762890 368
1762900 374
1762910 374
1762920 377
1762930 379
1762940 379
1762950 379
1762960 379
1762970 379
1762980 379
1762990 378
1763000 378
1763010 375
1763020 373
1763030 371
1763040 371
1763050 369
1763060 368
1763070 368
1763080 366
1763090 365
1763100 365
1763110 364
1763120 363
1763130 363
1763140 362
1763150 360
1763160 360
1763170 359
1763180 357
1763190 357
1763200 356
1763210 355
1763220 355
1763230 354
1763240 352
1763250 351
1763260 351
1763270 350
1763280 349
1763290 349
1763300 348
1763310 346
1763320 346
1763330 344
1763340 344
1763350 344
1763360 343
1763370 341
1763380 341
1763390 340
1763400 339
1763410 339
1763420 338
1763430 339
1763440 343
1763450 343
1763460 344
1763470 345
1763480 345
1763490 348
1763500 350
1763510 350
1763520 352
1763530 353
1763540 353
1763550 354
1763560 355
1763570 355
1763580 357
1763590 359
1763600 359
1763610 361
1763620 363
1763630 363
1763640 365
1763650 366
1763660 368
1763670 368
1763680 369
1763690 370
1763700 370
1763710 371
1763720 372
1763730 372
1763740 373
1763750 374
1763760 374
1763770 374
1763780 381
1763790 381
1763800 384
1763810 386
1763820 386
1763830 387
1763840 390
1763850 394
1763860 394
1763870 401
1763880 407
1763890 407
1763900 409
1763910 410
1763920 410
1763930 411
1763940 411
1763950 411
1763960 411
1763970 410
1763980 410
1763990 409
1764000 408
1764010 408
1764020 407
1764030 406
1764040 406
1764050 404
1764060 400
1764070 396
1764080 396
1764090 392
1764100 388
1764110 388
1764120 386
1764130 385
1764140 385
1764150 383
1764160 380
1764170 380
1764180 377
1764190 375
1764200 375
1764210 372
1764220 368
1764230 368
1764240 365
1764250 362
1764260 358
1764270 358
1764280 356
1764290 355
1764300 355
1764310 353
1764320 350
1764330 350
1764340 348
1764350 347
1764360 347
1764370 345
1764380 343
1764390 343
1764400 341
1764410 340
1764420 340
1764430 340
1764440 340
1764450 340
1764460 341
1764470 341
1764480 343
1764490 343
1764500 344
1764510 345
1764520 345
1764530 346
1764540 347
1764550 347
1764560 347
1764570 348
1764580 348
1764590 348
1764600 349
1764610 349
1764620 350
1764630 352
1764640 352
1764650 354
1764660 356
1764670 357
1764680 357
1764690 360
1764700 363
1764710 363
1764720 365
1764730 367
1764740 367
1764750 369
1764760 370
1764770 370
1764780 372
1764790 374
1764800 374
1764810 375
1764820 376
1764830 376
1764840 377
1764850 378
1764860 378
1764870 379
1764880 380
1764890 381
1764900 381
1764910 382
1764920 382
1764930 382
1764940 383
1764950 383
1764960 383
1764970 383
1764980 384
1764990 384
1765000 384
1765010 385
1765020 385
1765030 385
1765040 384
1765050 384
1765060 384
1765070 383
1765080 381
1765090 381
1765100 379
1765110 377
1765120 377
1765130 373
1765140 370
1765150 370
1765160 368
1765170 368
1765180 368
1765190 366
1765200 364
1765210 364
1765220 361
1765230 360
1765240 360
1765250 356
1765260 353
1765270 351
1765280 349
1765290 347
1765300 346
1765310 346
1765320 345
1765330 342
1765340 342
1765350 340
1765360 338
1765370 338
1765380 336
1765390 333
1765400 333
1765410 330
1765420 327
1765430 327
1765440 323
1765450 322
1765460 322
1765470 322
1765480 321
1765490 319
1765500 319
1765510 318
1765520 317
1765530 317
1765540 315
1765550 314
1765560 314
1765570 312
1765580 310
1765590 310
1765600 309
1765610 308
1765620 308
1765630 308
1765640 307
1765650 307
1765660 306
1765670 305
1765680 305
1765690 306
1765700 307
1765710 307
1765720 307
1765730 308
1765740 307
1765750 307
1765760 307
1765770 309
1765780 309
1765790 309
1765800 310
1765810 310
1765820 311
1765830 313
1765840 313
1765850 316
1765860 319
1765870 319
1765880 321
1765890 322
1765900 323
1765910 323
1765920 324
1765930 326
1765940 326
1765950 324
1765960 328
1765970 328
1765980 330
1765990 333
1766000 333
1766010 335
1766020 337
1766030 337
1766040 339
1766050 342
1766060 342
1766070 344
1766080 345
1766090 345
1766100 347
1766110 348
1766120 349
1766130 349
1766140 350
1766150 351
1766160 351
1766170 351
1766180 353
1766190 353
1766200 354
1766210 352
1766220 352
1766230 351
1766240 349
1766250 349
1766260 348
1766270 347
1766280 347
1766290 346
1766300 345
1766310 344
1766320 344
1766330 342
1766340 341
1766350 341
1766360 340
1766370 337
1766380 337
1766390 333
1766400 331
1766410 331
1766420 329
1766430 328
1766440 328
1766450 326
1766460 325
1766470 325
1766480 324
1766490 322
1766500 322
1766510 320
1766520 318
1766530 316
1766540 316
1766550 315
1766560 314
1766570 314
1766580 313
1766590 312
1766600 313
1766610 312
1766620 311
1766630 311
1766640 309
1766650 307
1766660 307
1766670 307
1766680 307
1766690 307
1766700 307
1766710 308
1766720 308
1766730 308
1766740 309
1766750 309
1766760 309
1766770 310
1766780 311
1766790 311
1766800 312
1766810 314
1766820 314
1766830 315
1766840 317
1766850 317
1766860 318
1766870 320
1766880 320
1766890 321
1766900 323
1766910 323
1766920 325
1766930 327
1766940 331
1766950 331
1766960 333
1766970 334
1766980 334
1766990 335
1767000 336
1767010 336
1767020 337
1767030 340
1767040 340
1767050 344
1767060 348
1767070 348
1767080 352
1767090 354
1767100 354
1767110 357
1767120 359
1767130 361
1767140 361
1767150 364
1767160 367
1767170 367
1767180 370
1767190 371
1767200 371
1767210 372
1767220 372
1767230 372
1767240 371
1767250 371
1767260 371
1767270 371
1767280 371
1767290 371
1767300 371
1767310 370
1767320 370
1767330 370
1767340 370
1767350 370
1767360 370
1767370 370
1767380 370
1767390 370
1767400 370
1767410 369
1767420 369
1767430 367
1767440 365
1767450 365
1767460 362
1767470 361
1767480 361
1767490 361
1767500 360
1767510 360
1767520 361
1767530 361
1767540 362
1767550 362
1767560 363
1767570 365
1767580 365
1767590 366
1767600 367
1767610 367
1767620 368
1767630 370
1767640 370
1767650 372
1767660 374
1767670 374
1767680 375
1767690 377
1767700 377
1767710 381
1767720 383
1767730 383
1767740 387
1767750 389
1767760 390
1767770 390
1767780 391
1767790 392
1767800 392
1767810 392
1767820 391
1767830 391
1767840 391
1767850 390
1767860 390
1767870 389
1767880 386
1767890 386
1767900 382
1767910 379
1767920 379
1767930 372
1767940 369
1767950 368
1767960 368
1767970 366
1767980 365
1767990 365
1768000 364
1768010 363
1768020 363
1768030 362
1768040 361
1768050 361
1768060 360
1768070 360
1768080 360
1768090 359
1768100 358
1768110 358
1768120 357
1768130 356
1768140 356
1768150 355
1768160 355
1768170 354
1768180 354
1768190 353
1768200 354
1768210 354
1768220 355
1768230 355
1768240 355
1768250 356
1768260 357
1768270 357
1768280 358
1768290 360
1768300 360
1768310 361
1768320 364
1768330 364
1768340 366
1768350 368
1768360 371
1768370 371
1768380 375
1768390 378
1768400 378
1768410 381
1768420 385
1768430 385
1768440 386
1768450 388
1768460 388
1768470 390
1768480 392
1768490 392
1768500 393
1768510 395
1768520 395
1768530 396
1768540 397
1768550 397
1768560 398
1768570 400
1768580 404
1768590 404
1768600 405
1768610 405
1768620 405
1768630 404
1768640 403
1768650 403
1768660 402
1768670 400
1768680 400
1768690 398
1768700 397
1768710 397
1768720 395
1768730 393
1768740 393
1768750 391
1768760 389
1768770 389
1768780 386
1768790 383
1768800 380
1768810 380
1768820 377
1768830 375
1768840 375
1768850 372
1768860 369
1768870 369
1768880 365
1768890 362
1768900 362
1768910 358
1768920 356
1768930 356
1768940 354
1768950 352
1768960 352
1768970 350
1768980 347
1768990 345
1769000 345
1769010 347
1769020 352
1769030 352
1769040 353
1769050 354
1769060 354
1769070 356
1769080 358
1769090 358
1769100 364
1769110 366
1769120 366
1769130 369
1769140 371
1769150 371
1769160 372
1769170 373
1769180 373
1769190 373
1769200 376
1769210 378
1769220 378
1769230 381
1769240 382
1769250 382
1769260 383
1769270 383
1769280 383
1769290 382
1769300 381
1769310 381
1769320 380
1769330 378
1769340 378
1769350 373
1769360 367
1769370 367
1769380 363
1769390 362
1769400 363
1769410 363
1769420 361
1769430 361
1769440 361
1769450 363
1769460 370
1769470 370
1769480 372
1769490 376
1769500 376
1769510 377
1769520 379
1769530 379
1769540 380
1769550 382
1769560 382
1769570 382
1769580 383
1769590 383
1769600 384
1769610 387
1769620 390
1769630 390
1769640 395
1769650 399
1769660 399
1769670 401
1769680 404
1769690 404
1769700 403
1769710 402
1769720 402
1769730 402
1769740 401
1769750 401
1769760 398
1769770 395
1769780 395
1769790 393
1769800 390
1769810 384
1769820 384
1769830 381
1769840 379
1769850 379
1769860 379
1769870 379
1769880 379
1769890 380
1769900 384
1769910 384
1769920 384
1769930 384
1769940 384
1769950 384
1769960 383
1769970 383
1769980 380
1769990 375
1770000 375
1770010 370
1770020 371
1770030 379
1770040 379
1770050 385
1770060 386
1770070 386
1770080 386
1770090 388
1770100 388
1770110 389
1770120 391
1770130 391
1770140 392
1770150 393
1770160 393
1770170 393
1770180 395
1770190 395
1770200 397
1770210 397
1770220 397
1770230 397
1770240 397
1770250 397
1770260 397
1770270 398
1770280 399
1770290 399
1770300 398
1770310 397
1770320 397
1770330 396
1770340 392
1770350 392
1770360 389
1770370 386
1770380 386
1770390 384
1770400 382
1770410 382
1770420 381
1770430 380
1770440 378
1770450 378
1770460 374
1770470 368
1770480 371
1770490 366
1770500 362
1770510 362
1770520 360
1770530 357
1770540 357
1770550 355
1770560 354
1770570 354
1770580 352
1770590 351
1770600 351
1770610 350
1770620 349
1770630 349
1770640 349
1770650 349
1770660 349
1770670 349
1770680 348
1770690 348
1770700 348
1770710 347
1770720 346
1770730 346
1770740 345
1770750 343
1770760 343
1770770 338
1770780 337
1770790 337
1770800 337
1770810 335
1770820 335
1770830 331
1770840 329
1770850 328
1770860 328
1770870 324
1770880 318
1770890 318
1770900 317
1770910 315
1770920 315
1770930 314
1770940 313
1770950 313
1770960 312
1770970 312
1770980 312
1770990 312
1771000 312
1771010 312
1771020 312
1771030 311
1771040 311
1771050 311
1771060 311
1771070 311
1771080 311
1771090 311
1771100 311
1771110 311
1771120 311
1771130 312
1771140 312
1771150 311
1771160 313
1771170 313
1771180 313
1771190 312
1771200 312
1771210 312
1771220 312
1771230 312
1771240 312
1771250 311
1771260 311
1771270 311
1771280 310
1771290 310
1771300 310
1771310 310
1771320 310
1771330 310
1771340 310
1771350 310
1771360 310
1771370 310
1771380 309
1771390 309
1771400 309
1771410 309
1771420 309
1771430 310
1771440 310
1771450 310
1771460 310
1771470 310
1771480 310
1771490 310
1771500 310
1771510 309
1771520 309
1771530 309
1771540 309
1771550 309
1771560 308
1771570 308
1771580 308
1771590 308
1771600 308
1771610 308
1771620 307
1771630 307
1771640 307
1771650 307
1771660 307
1771670 307
1771680 307
1771690 307
1771700 307
1771710 307
1771720 307
1771730 307
1771740 307
1771750 307
1771760 307
1771770 307
1771780 307
1771790 308
1771800 308
1771810 308
1771820 309
1771830 309
1771840 309
1771850 309
1771860 309
1771870 309
1771880 309
1771890 309
1771900 309
1771910 309
1771920 309
1771930 309
1771940 309
1771950 310
1771960 310
1771970 311
1771980 312
1771990 312
1772000 314
1772010 316
1772020 316
1772030 317
1772040 318
1772050 318
1772060 319
1772070 320
1772080 321
1772090 321
1772100 322
1772110 322
1772120 322
1772130 322
1772140 323
1772150 323
1772160 324
1772170 325
1772180 325
1772190 327
1772200 328
1772210 328
1772220 328
1772230 329
1772240 329
1772250 331
1772260 332
1772270 333
1772280 333
1772290 334
1772300 336
1772310 336
1772320 337
1772330 337
1772340 337
1772350 338
1772360 339
1772370 339
1772380 338
1772390 335
1772400 335
1772410 333
1772420 331
1772430 331
1772440 329
1772450 327
1772460 327
1772470 325
1772480 323
1772490 319
1772500 319
1772510 317
1772520 315
1772530 315
1772540 314
1772550 312
1772560 312
1772570 310
1772580 309
1772590 309
1772600 307
1772610 306
1772620 306
1772630 305
1772640 305
1772650 305
1772660 305
1772670 305
1772680 306
1772690 306
1772700 306
1772710 306
1772720 306
1772730 306
1772740 307
1772750 307
1772760 307
1772770 307
1772780 307
1772790 307
1772800 308
1772810 308
1772820 308
1772830 309
1772840 309
1772850 309
1772860 310
1772870 310
1772880 311
1772890 312
1772900 315
1772910 315
1772920 317
1772930 319
1772940 319
1772950 321
1772960 322
1772970 322
1772980 324
1772990 325
1773000 325
1773010 326
1773020 328
1773030 328
1773040 329
1773050 330
1773060 330
1773070 330
1773080 331
1773090 334
1773100 334
1773110 336
1773120 339
1773130 339
1773140 342
1773150 345
1773160 345
1773170 348
1773180 350
1773190 350
1773200 352
1773210 354
1773220 354
1773230 356
1773240 358
1773250 358
1773260 360
1773270 363
1773280 363
1773290 366
1773300 369
1773310 371
1773320 371
1773330 373
1773340 374
1773350 374
1773360 378
1773370 379
1773380 379
1773390 383
1773400 384
1773410 384
1773420 387
1773430 390
1773440 390
1773450 394
1773460 397
1773470 397
1773480 401
1773490 406
1773500 413
1773510 413
1773520 429
1773530 443
1773540 443
1773550 452
1773560 460
1773570 460
1773580 470
1773590 473
1773600 473
1773610 473
1773620 472
1773630 472
1773640 466
1773650 469
1773660 469
1773670 466
1773680 463
1773690 463
1773700 460
1773710 457
1773720 454
1773730 454
1773740 451
1773750 448
1773760 448
1773770 444
1773780 441
1773790 441
1773800 439
1773810 438
1773820 438
1773830 434
1773840 428
1773850 428
1773860 422
1773870 423
1773880 423
1773890 421
1773900 412
1773910 412
1773920 401
1773930 386
1773940 372
1773950 372
1773960 363
1773970 358
1773980 358
1773990 354
1774000 352
1774010 352
1774020 351
1774030 351
1774040 351
1774050 350
1774060 345
1774070 345
1774080 342
1774090 340
1774100 340
1774110 338
1774120 337
1774130 336
1774140 336
1774150 335
1774160 333
1774170 333
1774180 331
1774190 330
1774200 330
1774210 327
1774220 326
1774230 326
1774240 324
1774250 323
1774260 323
1774270 321
1774280 320
1774290 320
1774300 318
1774310 316
1774320 316
1774330 315
1774340 314
1774350 313
1774360 313
1774370 312
1774380 312
1774390 312
1774400 312
1774410 312
1774420 312
1774430 313
1774440 314
1774450 314
1774460 316
1774470 318
1774480 318
1774490 321
1774500 324
1774510 324
1774520 326
1774530 328
1774540 329
1774550 329
1774560 332
1774570 336
1774580 336
1774590 339
1774600 342
1774610 342
1774620 345
1774630 348
1774640 348
1774650 350
1774660 353
1774670 353
1774680 357
1774690 359
1774700 359
1774710 362
1774720 365
1774730 365
1774740 367
1774750 369
1774760 371
1774770 371
1774780 372
1774790 373
1774800 373
1774810 373
1774820 373
1774830 373
1774840 372
1774850 370
1774860 370
1774870 369
1774880 368
1774890 368
1774900 366
1774910 364
1774920 364
1774930 363
1774940 363
1774950 363
1774960 363
1774970 363
1774980 364
1774990 364
1775000 365
1775010 365
1775020 365
1775030 366
1775040 367
1775050 367
1775060 368
1775070 370
1775080 370
1775090 371
1775100 372
1775110 372
1775120 373
1775130 374
1775140 374
1775150 375
1775160 376
1775170 378
1775180 378
1775190 378
1775200 378
1775210 378
1775220 376
1775230 376
1775240 376
1775250 372
1775260 369
1775270 369
1775280 365
1775290 360
1775300 360
1775310 358
1775320 357
1775330 357
1775340 356
1775350 355
1775360 354
1775370 354
1775380 353
1775390 352
1775400 352
1775410 350
1775420 348
1775430 348
1775440 347
1775450 346
1775460 346
1775470 345
1775480 343
1775490 343
1775500 342
1775510 341
1775520 341
1775530 339
1775540 338
1775550 338
1775560 335
1775570 339
1775580 337
1775590 337
1775600 332
1775610 329
1775620 329
1775630 328
1775640 328
1775650 328
1775660 327
1775670 326
1775680 326
1775690 323
1775700 321
1775710 321
1775720 319
1775730 319
1775740 319
1775750 319
1775760 319
1775770 321
1775780 321
1775790 323
1775800 327
1775810 327
1775820 332
1775830 336
1775840 336
1775850 337
1775860 338
1775870 338
1775880 335
1775890 333
1775900 333
1775910 330
1775920 327
1775930 327
1775940 324
1775950 320
1775960 320
1775970 317
1775980 314
1775990 309
1776000 309
1776010 306
1776020 303
1776030 303
1776040 303
1776050 300
1776060 300
1776070 299
1776080 299
1776090 299
1776100 299
1776110 299
1776120 299
1776130 301
1776140 302
1776150 302
1776160 303
1776170 304
1776180 304
1776190 304
1776200 305
1776210 307
1776220 307
1776230 308
1776240 310
1776250 310
1776260 312
1776270 313
1776280 313
1776290 313
1776300 313
1776310 313
1776320 313
1776330 314
1776340 314
1776350 315
1776360 317
1776370 317
1776380 318
1776390 319
1776400 320
1776410 320
1776420 320
1776430 321
1776440 321
1776450 323
1776460 325
1776470 325
1776480 327
1776490 329
1776500 329
1776510 331
1776520 334
1776530 334
1776540 336
1776550 337
1776560 337
1776570 338
1776580 338
1776590 338
1776600 338
1776610 338
1776620 339
1776630 342
1776640 343
1776650 344
1776660 344
1776670 345
1776680 347
1776690 347
1776700 349
1776710 351
1776720 351
1776730 353
1776740 355
1776750 355
1776760 358
1776770 360
1776780 360
1776790 362
1776800 365
1776810 367
1776820 367
1776830 369
1776840 371
1776850 371
1776860 371
1776870 371
1776880 371
1776890 372
1776900 373
1776910 373
1776920 373
1776930 373
1776940 373
1776950 373
1776960 374
1776970 374
1776980 373
1776990 373
1777000 372
1777010 372
1777020 370
1777030 369
1777040 369
1777050 367
1777060 366
1777070 366
1777080 364
1777090 363
1777100 363
1777110 361
1777120 360
1777130 360
1777140 358
1777150 356
1777160 356
1777170 354
1777180 354
1777190 354
1777200 353
1777210 352
1777220 351
1777230 351
1777240 351
1777250 350
1777260 350
1777270 349
1777280 348
1777290 348
1777300 345
1777310 345
1777320 345
1777330 346
1777340 345
1777350 345
1777360 344
1777370 343
1777380 343
1777390 342
1777400 342
1777410 342
1777420 342
1777430 342
1777440 342
1777450 342
1777460 342
1777470 341
1777480 341
1777490 340
1777500 338
1777510 338
1777520 337
1777530 335
1777540 335
1777550 334
1777560 333
1777570 333
1777580 332
1777590 330
1777600 330
1777610 329
1777620 329
1777630 328
1777640 328
1777650 326
1777660 325
1777670 325
1777680 325
1777690 323
1777700 323
1777710 322
1777720 321
1777730 321
1777740 321
1777750 319
1777760 319
1777770 316
1777780 314
1777790 314
1777800 312
1777810 312
1777820 310
1777830 310
1777840 310
1777850 309
1777860 309
1777870 309
1777880 308
1777890 308
1777900 308
1777910 306
1777920 306
1777930 305
1777940 303
1777950 303
1777960 301
1777970 301
1777980 301
1777990 299
1778000 298
1778010 298
1778020 296
1778030 295
1778040 293
1778050 293
1778060 288
1778070 287
1778080 287
1778090 286
1778100 286
1778110 286
1778120 285
1778130 284
1778140 284
1778150 286
1778160 284
1778170 284
1778180 285
1778190 287
1778200 287
1778210 287
1778220 288
1778230 288
1778240 288
1778250 288
1778260 288
1778270 288
1778280 288
1778290 288
1778300 288
1778310 289
1778320 289
1778330 289
1778340 289
1778350 290
1778360 290
1778370 291
1778380 294
1778390 294
1778400 295
1778410 295
1778420 295
1778430 296
1778440 299
1778450 300
1778460 300
1778470 301
1778480 304
1778490 304
1778500 306
1778510 307
1778520 307
1778530 309
1778540 309
1778550 309
1778560 311
1778570 314
1778580 314
1778590 316
1778600 318
1778610 318
1778620 320
1778630 321
1778640 322
1778650 322
1778660 323
1778670 324
1778680 324
1778690 326
1778700 328
1778710 328
1778720 331
1778730 332
1778740 332
1778750 333
1778760 338
1778770 338
1778780 339
1778790 342
1778800 342
1778810 343
1778820 345
1778830 345
1778840 346
1778850 347
1778860 346
1778870 346
1778880 347
1778890 346
1778900 346
1778910 346
1778920 344
1778930 344
1778940 343
1778950 340
1778960 340
1778970 338
1778980 335
1778990 335
1779000 335
1779010 334
1779020 334
1779030 331
1779040 328
1779050 326
1779060 326
1779070 323
1779080 320
1779090 320
1779100 318
1779110 319
1779120 319
1779130 320
1779140 320
1779150 320
1779160 321
1779170 322
1779180 322
1779190 322
1779200 323
1779210 323
1779220 324
1779230 325
1779240 325
1779250 327
1779260 331
1779270 334
1779280 334
1779290 337
1779300 340
1779310 340
1779320 342
1779330 343
1779340 343
1779350 345
1779360 347
1779370 347
1779380 348
1779390 350
1779400 350
1779410 352
1779420 353
1779430 353
1779440 356
1779450 359
1779460 359
1779470 362
1779480 363
1779490 363
1779500 363
1779510 364
1779520 365
1779530 365
1779540 365
1779550 366
1779560 366
1779570 366
1779580 365
1779590 365
1779600 365
1779610 365
1779620 365
1779630 366
1779640 366
1779650 366
1779660 366
1779670 367
1779680 367
1779690 367
1779700 367
1779710 368
1779720 368
1779730 367
1779740 367
1779750 367
1779760 366
1779770 366
1779780 366
1779790 365
1779800 364
1779810 364
1779820 363
1779830 362
1779840 362
1779850 360
1779860 359
1779870 359
1779880 356
1779890 353
1779900 348
1779910 348
1779920 343
1779930 343
1779940 343
1779950 342
1779960 341
1779970 341
1779980 340
1779990 338
