1700000 367
1700010 367
1700020 368
1700030 369
1700040 369
1700050 370
1700060 371
1700070 371
1700080 372
1700090 372
1700100 372
1700110 373
1700120 373
1700130 373
1700140 374
1700150 374
1700160 375
1700170 375
1700180 375
1700190 376
1700200 376
1700210 376
1700220 376
1700230 376
1700240 377
1700250 377
1700260 377
1700270 377
1700280 378
1700290 378
1700300 379
1700310 380
1700320 380
1700330 381
1700340 382
1700350 382
1700360 382
1700370 383
1700380 384
1700390 384
1700400 385
1700410 386
1700420 386
1700430 387
1700440 386
1700450 386
1700460 385
1700470 384
1700480 384
1700490 382
1700500 379
1700510 379
1700520 378
1700530 375
1700540 375
1700550 373
1700560 370
1700570 370
1700580 368
1700590 367
1700600 366
1700610 366
1700620 365
1700630 363
1700640 363
1700650 364
1700660 365
1700670 365
1700680 368
1700690 369
1700700 369
1700710 370
1700720 371
1700730 371
1700740 372
1700750 372
1700760 372
1700770 374
1700780 374
1700790 375
1700800 375
1700810 374
1700820 374
1700830 374
1700840 374
1700850 373
1700860 373
1700870 374
1700880 373
1700890 373
1700900 373
1700910 372
1700920 372
1700930 371
1700940 371
1700950 371
1700960 370
1700970 370
1700980 370
1700990 369
1701000 369
1701010 369
1701020 369
1701030 368
1701040 367
1701050 367
1701060 368
1701070 372
1701080 372
1701090 375
1701100 374
1701110 374
1701120 374
1701130 375
1701140 375
1701150 378
1701160 382
1701170 382
1701180 382
1701190 383
1701200 383
1701210 381
1701220 383
1701230 384
1701240 384
1701250 386
1701260 387
1701270 387
1701280 389
1701290 391
1701300 391
1701310 392
1701320 393
1701330 393
1701340 396
1701350 398
1701360 398
1701370 400
1701380 401
1701390 401
1701400 403
1701410 404
1701420 405
1701430 405
1701440 407
1701450 408
1701460 408
1701470 409
1701480 410
1701490 410
1701500 411
1701510 412
1701520 412
1701530 414
1701540 416
1701550 416
1701560 417
1701570 418
1701580 418
1701590 419
1701600 420
1701610 420
1701620 420
1701630 418
1701640 417
1701650 417
1701660 414
1701670 411
1701680 411
1701690 409
1701700 406
1701710 406
1701720 404
1701730 403
1701740 403
1701750 401
1701760 399
1701770 399
1701780 398
1701790 397
1701800 397
1701810 395
1701820 393
1701830 390
1701840 390
1701850 385
1701860 385
1701870 385
1701880 387
1701890 387
1701900 387
1701910 390
1701920 392
1701930 392
1701940 393
1701950 395
1701960 395
1701970 396
1701980 397
1701990 397
1702000 398
1702010 400
1702020 400
1702030 401
1702040 401
1702050 402
1702060 402
1702070 403
1702080 403
1702090 403
1702100 402
1702110 402
1702120 402
1702130 402
1702140 401
1702150 401
1702160 400
1702170 400
1702180 400
1702190 399
1702200 398
1702210 398
1702220 397
1702230 397
1702240 397
1702250 396
1702260 395
1702270 395
1702280 395
1702290 394
1702300 393
1702310 393
1702320 392
1702330 390
1702340 390
1702350 389
1702360 388
1702370 388
1702380 386
1702390 383
1702400 383
1702410 387
1702420 393
1702430 393
1702440 394
1702450 395
1702460 396
1702470 396
1702480 397
1702490 398
1702500 398
1702510 399
1702520 400
1702530 400
1702540 400
1702550 401
1702560 401
1702570 403
1702580 404
1702590 404
1702600 404
1702610 405
1702620 405
1702630 405
1702640 406
1702650 406
1702660 406
1702670 407
1702680 407
1702690 407
1702700 408
1702710 409
1702720 409
1702730 409
1702740 410
1702750 410
1702760 410
1702770 411
1702780 411
1702790 412
1702800 412
1702810 412
1702820 412
1702830 412
1702840 412
1702850 412
1702860 412
1702870 413
1702880 413
1702890 414
1702900 414
1702910 414
1702920 414
1702930 415
1702940 415
1702950 416
1702960 415
1702970 415
1702980 417
1702990 417
1703000 417
1703010 417
1703020 417
1703030 417
1703040 418
1703050 418
1703060 418
1703070 418
1703080 418
1703090 418
1703100 418
1703110 418
1703120 415
1703130 415
1703140 415
1703150 412
1703160 412
1703170 411
1703180 407
1703190 407
1703200 403
1703210 399
1703220 399
1703230 398
1703240 394
1703250 394
1703260 390
1703270 390
1703280 390
1703290 389
1703300 386
1703310 383
1703320 383
1703330 381
1703340 380
1703350 380
1703360 377
1703370 375
1703380 375
1703390 373
1703400 371
1703410 371
1703420 369
1703430 367
1703440 367
1703450 366
1703460 365
1703470 365
1703480 364
1703490 363
1703500 363
1703510 363
1703520 362
1703530 362
1703540 362
1703550 362
1703560 361
1703570 361
1703580 361
1703590 361
1703600 361
1703610 361
1703620 361
1703630 361
1703640 361
1703650 361
1703660 361
1703670 361
1703680 361
1703690 361
1703700 361
1703710 360
1703720 360
1703730 360
1703740 360
1703750 360
1703760 360
1703770 360
1703780 361
1703790 361
1703800 361
1703810 361
1703820 361
1703830 361
1703840 361
1703850 361
1703860 361
1703870 361
1703880 361
1703890 361
1703900 361
1703910 361
1703920 361
1703930 361
1703940 361
1703950 361
1703960 361
1703970 361
1703980 361
1703990 361
1704000 361
1704010 361
1704020 361
1704030 361
1704040 361
1704050 361
1704060 361
1704070 361
1704080 362
1704090 362
1704100 362
1704110 362
1704120 362
1704130 362
1704140 362
1704150 362
1704160 362
1704170 362
1704180 363
1704190 363
1704200 363
1704210 363
1704220 363
1704230 363
1704240 364
1704250 364
1704260 364
1704270 365
1704280 365
1704290 365
1704300 366
1704310 366
1704320 366
1704330 367
1704340 367
1704350 367
1704360 367
1704370 367
1704380 367
1704390 367
1704400 367
1704410 367
1704420 367
1704430 366
1704440 366
1704450 366
1704460 366
1704470 366
1704480 366
1704490 365
1704500 366
1704510 366
1704520 367
1704530 367
1704540 367
1704550 367
1704560 368
1704570 368
1704580 368
1704590 368
1704600 369
1704610 369
1704620 369
1704630 369
1704640 369
1704650 369
1704660 369
1704670 369
1704680 370
1704690 370
1704700 370
1704710 370
1704720 370
1704730 370
1704740 371
1704750 371
1704760 372
1704770 372
1704780 372
1704790 373
1704800 373
1704810 374
1704820 374
1704830 374
1704840 377
1704850 378
1704860 378
1704870 378
1704880 378
1704890 378
1704900 378
1704910 379
1704920 379
1704930 379
1704940 380
1704950 380
1704960 380
1704970 380
1704980 381
1704990 381
1705000 382
1705010 382
1705020 382
1705030 383
1705040 383
1705050 383
1705060 384
1705070 384
1705080 384
1705090 385
1705100 385
1705110 385
1705120 386
1705130 386
1705140 386
1705150 387
1705160 387
1705170 387
1705180 387
1705190 387
1705200 387
1705210 387
1705220 386
1705230 386
1705240 386
1705250 386
1705260 386
1705270 386
1705280 386
1705290 385
1705300 385
1705310 384
1705320 383
1705330 383
1705340 383
1705350 382
1705360 382
1705370 382
1705380 382
1705390 381
1705400 381
1705410 381
1705420 380
1705430 380
1705440 381
1705450 381
1705460 381
1705470 381
1705480 382
1705490 382
1705500 383
1705510 384
1705520 384
1705530 385
1705540 386
1705550 386
1705560 387
1705570 388
1705580 388
1705590 388
1705600 389
1705610 391
1705620 391
1705630 394
1705640 394
1705650 394
1705660 394
1705670 396
1705680 396
1705690 397
1705700 397
1705710 397
1705720 398
1705730 400
1705740 400
1705750 400
1705760 401
1705770 401
1705780 401
1705790 401
1705800 402
1705810 402
1705820 403
1705830 402
1705840 402
1705850 401
1705860 399
1705870 399
1705880 396
1705890 394
1705900 394
1705910 391
1705920 394
1705930 394
1705940 396
1705950 397
1705960 397
1705970 402
1705980 404
1705990 404
1706000 405
1706010 407
1706020 409
1706030 409
1706040 410
1706050 412
1706060 412
1706070 413
1706080 415
1706090 415
1706100 416
1706110 417
1706120 417
1706130 418
1706140 419
1706150 419
1706160 420
1706170 421
1706180 421
1706190 423
1706200 425
1706210 427
1706220 427
1706230 429
1706240 431
1706250 431
1706260 432
1706270 433
1706280 433
1706290 434
1706300 434
1706310 434
1706320 434
1706330 433
1706340 433
1706350 433
1706360 433
1706370 433
1706380 433
1706390 434
1706400 434
1706410 435
1706420 435
1706430 436
1706440 436
1706450 436
1706460 436
1706470 436
1706480 437
1706490 437
1706500 437
1706510 437
1706520 438
1706530 438
1706540 439
1706550 439
1706560 439
1706570 440
1706580 441
1706590 441
1706600 441
1706610 441
1706620 441
1706630 440
1706640 439
1706650 437
1706660 437
1706670 436
1706680 435
1706690 435
1706700 434
1706710 433
1706720 433
1706730 433
1706740 432
1706750 432
1706760 431
1706770 430
1706780 430
1706790 427
1706800 424
1706810 424
1706820 421
1706830 420
1706840 421
1706850 421
1706860 422
1706870 423
1706880 423
1706890 424
1706900 424
1706910 424
1706920 425
1706930 425
1706940 425
1706950 425
1706960 424
1706970 424
1706980 424
1706990 423
1707000 424
1707010 424
1707020 424
1707030 424
1707040 426
1707050 427
1707060 429
1707070 429
1707080 431
1707090 433
1707100 433
1707110 434
1707120 435
1707130 435
1707140 437
1707150 438
1707160 438
1707170 440
1707180 441
1707190 441
1707200 441
1707210 442
1707220 442
1707230 442
1707240 442
1707250 442
1707260 442
1707270 443
1707280 443
1707290 443
1707300 443
1707310 443
1707320 443
1707330 442
1707340 442
1707350 442
1707360 441
1707370 441
1707380 441
1707390 440
1707400 439
1707410 439
1707420 439
1707430 438
1707440 438
1707450 437
1707460 436
1707470 435
1707480 435
1707490 435
1707500 434
1707510 434
1707520 434
1707530 433
1707540 433
1707550 433
1707560 432
1707570 432
1707580 430
1707590 429
1707600 429
1707610 428
1707620 425
1707630 425
1707640 422
1707650 421
1707660 421
1707670 417
1707680 415
1707690 412
1707700 412
1707710 411
1707720 409
1707730 409
1707740 405
1707750 403
1707760 403
1707770 403
1707780 403
1707790 403
1707800 402
1707810 402
1707820 402
1707830 402
1707840 402
1707850 402
1707860 402
1707870 402
1707880 403
1707890 403
1707900 408
1707910 416
1707920 416
1707930 423
1707940 426
1707950 426
1707960 429
1707970 429
1707980 429
1707990 429
1708000 426
1708010 426
1708020 425
1708030 422
1708040 422
1708050 421
1708060 424
1708070 424
1708080 424
1708090 425
1708100 425
1708110 425
1708120 424
1708130 425
1708140 425
1708150 426
1708160 426
1708170 426
1708180 428
1708190 430
1708200 430
1708210 432
1708220 434
1708230 434
1708240 437
1708250 441
1708260 441
1708270 442
1708280 443
1708290 443
1708300 443
1708310 442
1708320 441
1708330 441
1708340 440
1708350 437
1708360 437
1708370 435
1708380 434
1708390 434
1708400 432
1708410 431
1708420 431
1708430 430
1708440 429
1708450 429
1708460 428
1708470 426
1708480 426
1708490 425
1708500 424
1708510 423
1708520 423
1708530 421
1708540 420
1708550 420
1708560 418
1708570 417
1708580 417
1708590 416
1708600 416
1708610 416
1708620 416
1708630 416
1708640 416
1708650 415
1708660 415
1708670 415
1708680 415
1708690 415
1708700 415
1708710 415
1708720 414
1708730 413
1708740 413
1708750 411
1708760 410
1708770 410
1708780 408
1708790 406
1708800 406
1708810 405
1708820 403
1708830 403
1708840 401
1708850 400
1708860 400
1708870 398
1708880 397
1708890 397
1708900 397
1708910 396
1708920 394
1708930 394
1708940 393
1708950 390
1708960 390
1708970 388
1708980 385
1708990 385
1709000 384
1709010 384
1709020 384
1709030 383
1709040 383
1709050 383
1709060 382
1709070 383
1709080 383
1709090 383
1709100 383
1709110 383
1709120 383
1709130 384
1709140 385
1709150 385
1709160 386
1709170 388
1709180 388
1709190 390
1709200 391
1709210 391
1709220 393
1709230 395
1709240 395
1709250 397
1709260 399
1709270 399
1709280 401
1709290 403
1709300 403
1709310 405
1709320 407
1709330 407
1709340 409
1709350 410
1709360 412
1709370 412
1709380 412
1709390 415
1709400 415
1709410 416
1709420 419
1709430 419
1709440 422
1709450 423
1709460 423
1709470 420
1709480 421
1709490 421
1709500 424
1709510 424
1709520 424
1709530 424
1709540 424
1709550 424
1709560 424
1709570 424
1709580 423
1709590 423
1709600 421
1709610 419
1709620 419
1709630 416
1709640 413
1709650 413
1709660 411
1709670 410
1709680 410
1709690 411
1709700 410
1709710 410
1709720 408
1709730 407
1709740 407
1709750 405
1709760 403
1709770 399
1709780 399
1709790 395
1709800 389
1709810 389
1709820 388
1709830 389
1709840 389
1709850 391
1709860 397
1709870 397
1709880 403
1709890 409
1709900 409
1709910 413
1709920 419
1709930 419
1709940 424
1709950 428
1709960 428
1709970 432
1709980 436
1709990 439
1710000 439
1710010 442
1710020 445
1710030 445
1710040 447
1710050 449
1710060 449
1710070 452
1710080 456
1710090 456
1710100 459
1710110 462
1710120 462
1710130 464
1710140 466
1710150 466
1710160 468
1710170 470
1710180 471
1710190 471
1710200 472
1710210 472
1710220 472
1710230 475
1710240 476
1710250 476
1710260 479
1710270 481
1710280 481
1710290 482
1710300 483
1710310 483
1710320 484
1710330 485
1710340 485
1710350 486
1710360 488
1710370 488
1710380 489
1710390 490
1710400 492
1710410 492
1710420 493
1710430 495
1710440 495
1710450 496
1710460 499
1710470 499
1710480 500
1710490 502
1710500 502
1710510 504
1710520 505
1710530 505
1710540 507
1710550 508
1710560 508
1710570 509
1710580 510
1710590 511
1710600 511
1710610 512
1710620 513
1710630 513
1710640 515
1710650 515
1710660 515
1710670 516
1710680 517
1710690 517
1710700 518
1710710 520
1710720 520
1710730 522
1710740 524
1710750 524
1710760 526
1710770 527
1710780 527
1710790 529
1710800 530
1710810 532
1710820 532
1710830 533
1710840 533
1710850 533
1710860 534
1710870 535
1710880 535
1710890 536
1710900 536
1710910 536
1710920 536
1710930 535
1710940 535
1710950 535
1710960 534
1710970 534
1710980 533
1710990 533
1711000 533
1711010 532
1711020 531
1711030 531
1711040 531
1711050 530
1711060 529
1711070 529
1711080 528
1711090 527
1711100 527
1711110 525
1711120 523
1711130 523
1711140 521
1711150 518
1711160 518
1711170 516
1711180 514
1711190 514
1711200 511
1711210 509
1711220 507
1711230 507
1711240 505
1711250 504
1711260 504
1711270 503
1711280 503
1711290 503
1711300 503
1711310 503
1711320 503
1711330 504
1711340 504
1711350 504
1711360 506
1711370 507
1711380 507
1711390 509
1711400 511
1711410 511
1711420 514
1711430 516
1711440 518
1711450 518
1711460 519
1711470 519
1711480 519
1711490 518
1711500 517
1711510 517
1711520 516
1711530 515
1711540 515
1711550 513
1711560 511
1711570 511
1711580 509
1711590 507
1711600 507
1711610 505
1711620 503
1711630 503
1711640 502
1711650 501
1711660 501
1711670 501
1711680 501
1711690 501
1711700 501
1711710 500
1711720 501
1711730 501
1711740 501
1711750 501
1711760 501
1711770 502
1711780 502
1711790 502
1711800 502
1711810 502
1711820 502
1711830 501
1711840 501
1711850 500
1711860 500
1711870 499
1711880 497
1711890 497
1711900 494
1711910 491
1711920 491
1711930 489
1711940 486
1711950 486
1711960 483
1711970 481
1711980 481
1711990 478
1712000 475
1712010 475
1712020 473
1712030 470
1712040 470
1712050 468
1712060 466
1712070 464
1712080 464
1712090 462
1712100 460
1712110 460
1712120 458
1712130 455
1712140 455
1712150 453
1712160 451
1712170 451
1712180 449
1712190 447
1712200 447
1712210 445
1712220 443
1712230 443
1712240 443
1712250 443
1712260 443
1712270 443
1712280 444
1712290 444
1712300 444
1712310 445
1712320 446
1712330 446
1712340 447
1712350 448
1712360 448
1712370 449
1712380 450
1712390 450
1712400 452
1712410 453
1712420 453
1712430 454
1712440 453
1712450 453
1712460 452
1712470 450
1712480 448
1712490 448
1712500 445
1712510 443
1712520 443
1712530 441
1712540 439
1712550 439
1712560 436
1712570 434
1712580 434
1712590 432
1712600 430
1712610 430
1712620 428
1712630 426
1712640 426
1712650 423
1712660 418
1712670 418
1712680 414
1712690 412
1712700 412
1712710 412
1712720 415
1712730 415
1712740 415
1712750 416
1712760 417
1712770 417
1712780 416
1712790 414
1712800 414
1712810 413
1712820 411
1712830 411
1712840 410
1712850 407
1712860 407
1712870 400
1712880 397
1712890 402
1712900 402
1712910 403
1712920 404
1712930 404
1712940 403
1712950 404
1712960 404
1712970 406
1712980 406
1712990 406
1713000 406
1713010 405
1713020 405
1713030 405
1713040 404
1713050 404
1713060 403
1713070 403
1713080 403
1713090 402
1713100 401
1713110 400
1713120 400
1713130 399
1713140 397
1713150 397
1713160 396
1713170 394
1713180 394
1713190 393
1713200 392
1713210 392
1713220 390
1713230 390
1713240 390
1713250 390
1713260 387
1713270 387
1713280 388
1713290 391
1713300 391
1713310 391
1713320 392
1713330 390
1713340 390
1713350 391
1713360 391
1713370 391
1713380 390
1713390 391
1713400 391
1713410 392
1713420 392
1713430 392
1713440 393
1713450 392
1713460 392
1713470 392
1713480 392
1713490 392
1713500 392
1713510 393
1713520 392
1713530 392
1713540 392
1713550 392
1713560 392
1713570 392
1713580 392
1713590 392
1713600 392
1713610 392
1713620 392
1713630 392
1713640 392
1713650 392
1713660 391
1713670 390
1713680 390
1713690 389
1713700 388
1713710 388
1713720 387
1713730 385
1713740 384
1713750 384
1713760 381
1713770 380
1713780 380
1713790 378
1713800 377
1713810 377
1713820 375
1713830 363
1713840 363
1713850 361
1713860 361
1713870 361
1713880 361
1713890 359
1713900 359
1713910 357
1713920 355
1713930 355
1713940 355
1713950 354
1713960 354
1713970 354
1713980 355
1713990 355
1714000 355
1714010 355
1714020 354
1714030 354
1714040 354
1714050 355
1714060 355
1714070 355
1714080 355
1714090 355
1714100 355
1714110 354
1714120 354
1714130 353
1714140 352
1714150 352
1714160 352
1714170 353
1714180 352
1714190 352
1714200 351
1714210 351
1714220 351
1714230 351
1714240 351
1714250 351
1714260 351
1714270 351
1714280 351
1714290 351
1714300 351
1714310 351
1714320 351
1714330 351
1714340 351
1714350 351
1714360 351
1714370 351
1714380 351
1714390 350
1714400 350
1714410 350
1714420 350
1714430 350
1714440 350
1714450 349
1714460 350
1714470 350
1714480 350
1714490 350
1714500 350
1714510 349
1714520 349
1714530 349
1714540 349
1714550 349
1714560 349
1714570 349
1714580 349
1714590 349
1714600 349
1714610 349
1714620 349
1714630 349
1714640 348
1714650 348
1714660 348
1714670 348
1714680 348
1714690 348
1714700 348
1714710 348
1714720 348
1714730 348
1714740 348
1714750 348
1714760 348
1714770 348
1714780 348
1714790 348
1714800 348
1714810 348
1714820 348
1714830 348
1714840 348
1714850 348
1714860 348
1714870 348
1714880 348
1714890 348
1714900 348
1714910 348
1714920 348
1714930 348
1714940 348
1714950 348
1714960 348
1714970 347
1714980 347
1714990 348
1715000 348
1715010 348
1715020 348
1715030 348
1715040 348
1715050 347
1715060 347
1715070 347
1715080 347
1715090 347
1715100 347
1715110 348
1715120 347
1715130 347
1715140 347
1715150 347
1715160 347
1715170 347
1715180 348
1715190 348
1715200 348
1715210 348
1715220 348
1715230 348
1715240 348
1715250 348
1715260 348
1715270 348
1715280 348
1715290 348
1715300 348
1715310 347
1715320 347
1715330 347
1715340 347
1715350 347
1715360 347
1715370 347
1715380 347
1715390 347
1715400 347
1715410 347
1715420 347
1715430 347
1715440 347
1715450 347
1715460 347
1715470 347
1715480 347
1715490 347
1715500 347
1715510 347
1715520 347
1715530 349
1715540 349
1715550 352
1715560 352
1715570 352
1715580 352
1715590 352
1715600 348
1715610 348
1715620 348
1715630 350
1715640 350
1715650 348
1715660 348
1715670 348
1715680 348
1715690 346
1715700 346
1715710 344
1715720 344
1715730 344
1715740 344
1715750 349
1715760 349
1715770 347
1715780 347
1715790 347
1715800 347
1715810 347
1715820 347
1715830 347
1715840 349
1715850 348
1715860 348
1715870 347
1715880 347
1715890 347
1715900 347
1715910 349
1715920 349
1715930 355
1715940 352
1715950 352
1715960 347
1715970 347
1715980 347
1715990 346
1716000 351
1716010 351
1716020 352
1716030 348
1716040 346
1716050 346
1716060 346
1716070 346
1716080 346
1716090 346
1716100 346
1716110 346
1716120 346
1716130 346
1716140 346
1716150 346
1716160 346
1716170 346
1716180 346
1716190 346
1716200 346
1716210 347
1716220 348
1716230 349
1716240 349
1716250 349
1716260 348
1716270 348
1716280 347
1716290 347
1716300 347
1716310 347
1716320 347
1716330 347
1716340 347
1716350 347
1716360 347
1716370 347
1716380 347
1716390 347
1716400 347
1716410 347
1716420 347
1716430 347
1716440 347
1716450 347
1716460 347
1716470 347
1716480 347
1716490 347
1716500 347
1716510 347
1716520 347
1716530 347
1716540 347
1716550 347
1716560 347
1716570 347
1716580 347
1716590 347
1716600 347
1716610 347
1716620 347
1716630 347
1716640 347
1716650 347
1716660 347
1716670 347
1716680 347
1716690 347
1716700 347
1716710 347
1716720 347
1716730 348
1716740 348
1716750 348
1716760 348
1716770 348
1716780 348
1716790 348
1716800 348
1716810 348
1716820 348
1716830 348
1716840 348
1716850 348
1716860 348
1716870 348
1716880 348
1716890 348
1716900 348
1716910 348
1716920 347
1716930 347
1716940 347
1716950 347
1716960 347
1716970 347
1716980 347
1716990 347
1717000 348
1717010 348
1717020 348
1717030 347
1717040 347
1717050 347
1717060 347
1717070 347
1717080 347
1717090 347
1717100 347
1717110 347
1717120 347
1717130 347
1717140 347
1717150 347
1717160 347
1717170 347
1717180 347
1717190 347
1717200 347
1717210 347
1717220 347
1717230 347
1717240 347
1717250 346
1717260 347
1717270 347
1717280 347
1717290 347
1717300 347
1717310 347
1717320 347
1717330 347
1717340 347
1717350 347
1717360 347
1717370 347
1717380 347
1717390 347
1717400 347
1717410 347
1717420 347
1717430 347
1717440 347
1717450 347
1717460 347
1717470 347
1717480 347
1717490 347
1717500 347
1717510 347
1717520 347
1717530 347
1717540 347
1717550 347
1717560 347
1717570 347
1717580 347
1717590 347
1717600 347
1717610 346
1717620 346
1717630 346
1717640 346
1717650 346
1717660 346
1717670 347
1717680 347
1717690 347
1717700 346
1717710 346
1717720 346
1717730 346
1717740 346
1717750 346
1717760 346
1717770 346
1717780 346
1717790 346
1717800 345
1717810 345
1717820 345
1717830 345
1717840 345
1717850 347
1717860 344
1717870 344
1717880 344
1717890 344
1717900 344
1717910 344
1717920 344
1717930 344
1717940 344
1717950 344
1717960 344
1717970 344
1717980 344
1717990 344
1718000 344
1718010 344
1718020 344
1718030 344
1718040 344
1718050 344
1718060 344
1718070 345
1718080 345
1718090 345
1718100 344
1718110 344
1718120 344
1718130 344
1718140 344
1718150 344
1718160 344
1718170 344
1718180 344
1718190 344
1718200 344
1718210 344
1718220 344
1718230 344
1718240 344
1718250 344
1718260 344
1718270 344
1718280 344
1718290 344
1718300 344
1718310 345
1718320 345
1718330 345
1718340 345
1718350 345
1718360 344
1718370 344
1718380 344
1718390 345
1718400 345
1718410 345
1718420 344
1718430 344
1718440 344
1718450 344
1718460 344
1718470 344
1718480 344
1718490 344
1718500 344
1718510 344
1718520 344
1718530 344
1718540 344
1718550 343
1718560 343
1718570 343
1718580 342
1718590 341
1718600 341
1718610 340
1718620 339
1718630 339
1718640 338
1718650 338
1718660 338
1718670 338
1718680 338
1718690 338
1718700 338
1718710 338
1718720 338
1718730 338
1718740 337
1718750 337
1718760 337
1718770 337
1718780 337
1718790 337
1718800 337
1718810 337
1718820 337
1718830 337
1718840 337
1718850 337
1718860 337
1718870 337
1718880 337
1718890 338
1718900 338
1718910 338
1718920 338
1718930 338
1718940 338
1718950 338
1718960 338
1718970 337
1718980 337
1718990 338
1719000 338
1719010 338
1719020 337
1719030 333
1719040 333
1719050 333
1719060 334
1719070 334
1719080 334
1719090 334
1719100 334
1719110 334
1719120 334
1719130 334
1719140 334
1719150 334
1719160 334
1719170 334
1719180 334
1719190 334
1719200 334
1719210 334
1719220 334
1719230 334
1719240 334
1719250 334
1719260 334
1719270 335
1719280 334
1719290 334
1719300 334
1719310 334
1719320 334
1719330 334
1719340 334
1719350 334
1719360 334
1719370 334
1719380 334
1719390 334
1719400 335
1719410 335
1719420 335
1719430 334
1719440 334
1719450 334
1719460 334
1719470 334
1719480 334
1719490 334
1719500 334
1719510 334
1719520 334
1719530 334
1719540 334
1719550 334
1719560 335
1719570 335
1719580 335
1719590 334
1719600 334
1719610 334
1719620 334
1719630 334
1719640 334
1719650 333
1719660 333
1719670 333
1719680 333
1719690 333
1719700 333
1719710 333
1719720 333
1719730 333
1719740 333
1719750 334
1719760 334
1719770 334
1719780 334
1719790 334
1719800 334
1719810 334
1719820 334
1719830 334
1719840 334
1719850 334
1719860 334
1719870 334
1719880 334
1719890 334
1719900 334
1719910 334
1719920 334
1719930 334
1719940 334
1719950 334
1719960 334
1719970 334
1719980 334
1719990 334
