1760000 332
1760010 330
1760020 330
1760030 329
1760040 331
1760050 331
1760060 332
1760070 333
1760080 333
1760090 333
1760100 334
1760110 334
1760120 334
1760130 335
1760140 336
1760150 336
1760160 337
1760170 338
1760180 338
1760190 340
1760200 341
1760210 341
1760220 342
1760230 344
1760240 344
1760250 346
1760260 348
1760270 348
1760280 349
1760290 351
1760300 351
1760310 355
1760320 358
1760330 359
1760340 359
1760350 363
1760360 367
1760370 367
1760380 369
1760390 372
1760400 372
1760410 373
1760420 374
1760430 374
1760440 376
1760450 378
1760460 378
1760470 379
1760480 381
1760490 381
1760500 382
1760510 384
1760520 386
1760530 386
1760540 388
1760550 389
1760560 389
1760570 391
1760580 392
1760590 392
1760600 393
1760610 394
1760620 394
1760630 394
1760640 393
1760650 393
1760660 393
1760670 393
1760680 393
1760690 392
1760700 392
1760710 392
1760720 392
1760730 392
1760740 392
1760750 392
1760760 393
1760770 393
1760780 393
1760790 394
1760800 395
1760810 395
1760820 396
1760830 397
1760840 397
1760850 398
1760860 399
1760870 399
1760880 400
1760890 400
1760900 400
1760910 400
1760920 401
1760930 401
1760940 402
1760950 403
1760960 404
1760970 404
1760980 406
1760990 407
1761000 407
1761010 407
1761020 408
1761030 408
1761040 408
1761050 407
1761060 407
1761070 405
1761080 403
1761090 403
1761100 401
1761110 399
1761120 399
1761130 397
1761140 395
1761150 392
1761160 392
1761170 389
1761180 386
1761190 386
1761200 385
1761210 383
1761220 383
1761230 381
1761240 380
1761250 380
1761260 378
1761270 375
1761280 375
1761290 372
1761300 370
1761310 370
1761320 369
1761330 367
1761340 367
1761350 366
1761360 365
1761370 364
1761380 364
1761390 363
1761400 362
1761410 362
1761420 361
1761430 359
1761440 359
1761450 358
1761460 358
1761470 358
1761480 358
1761490 359
1761500 359
1761510 358
1761520 360
1761530 360
1761540 361
1761550 364
1761560 369
1761570 369
1761580 372
1761590 373
1761600 373
1761610 376
1761620 379
1761630 379
1761640 380
1761650 382
1761660 382
1761670 384
1761680 386
1761690 386
1761700 388
1761710 389
1761720 389
1761730 390
1761740 391
1761750 391
1761760 392
1761770 392
1761780 393
1761790 393
1761800 394
1761810 396
1761820 396
1761830 397
1761840 399
1761850 399
1761860 400
1761870 401
1761880 401
1761890 401
1761900 400
1761910 400
1761920 398
1761930 396
1761940 396
1761950 393
1761960 389
1761970 389
1761980 386
1761990 385
1762000 382
1762010 382
1762020 380
1762030 379
1762040 379
1762050 378
1762060 377
1762070 377
1762080 373
1762090 370
1762100 370
1762110 366
1762120 362
1762130 362
1762140 361
1762150 360
1762160 360
1762170 357
1762180 355
1762190 352
1762200 352
1762210 349
1762220 348
1762230 348
1762240 346
1762250 344
1762260 344
1762270 343
1762280 342
1762290 342
1762300 340
1762310 338
1762320 338
1762330 338
1762340 338
1762350 338
1762360 338
1762370 338
1762380 338
1762390 339
1762400 340
1762410 341
1762420 341
1762430 342
1762440 341
1762450 341
1762460 340
1762470 339
1762480 339
1762490 338
1762500 336
1762510 336
1762520 335
1762530 335
1762540 335
1762550 335
1762560 336
1762570 336
1762580 337
1762590 337
1762600 338
1762610 338
1762620 339
1762630 340
1762640 340
1762650 340
1762660 342
1762670 342
1762680 342
1762690 343
1762700 343
1762710 344
1762720 344
1762730 344
1762740 344
1762750 344
1762760 344
1762770 345
1762780 346
1762790 346
1762800 347
1762810 348
1762820 351
1762830 351
1762840 353
1762850 353
1762860 353
1762870 353
1762880 355
1762890 355
1762900 359
1762910 358
1762920 358
1762930 360
1762940 361
1762950 361
1762960 363
1762970 367
1762980 367
1762990 369
1763000 371
1763010 371
1763020 374
1763030 376
1763040 377
1763050 377
1763060 378
1763070 379
1763080 379
1763090 381
1763100 384
1763110 384
1763120 387
1763130 389
1763140 389
1763150 390
1763160 394
1763170 394
1763180 395
1763190 397
1763200 397
1763210 398
1763220 402
1763230 404
1763240 404
1763250 407
1763260 409
1763270 409
1763280 411
1763290 411
1763300 411
1763310 410
1763320 407
1763330 407
1763340 404
1763350 400
1763360 400
1763370 396
1763380 393
1763390 393
1763400 390
1763410 387
1763420 387
1763430 385
1763440 384
1763450 382
1763460 382
1763470 380
1763480 377
1763490 377
1763500 373
1763510 370
1763520 370
1763530 367
1763540 365
1763550 365
1763560 363
1763570 362
1763580 362
1763590 361
1763600 360
1763610 360
1763620 359
1763630 358
1763640 357
1763650 357
1763660 356
1763670 357
1763680 357
1763690 355
1763700 354
1763710 354
1763720 353
1763730 353
1763740 353
1763750 353
1763760 353
1763770 353
1763780 353
1763790 354
1763800 354
1763810 353
1763820 353
1763830 353
1763840 354
1763850 354
1763860 354
1763870 354
1763880 354
1763890 354
1763900 354
1763910 354
1763920 355
1763930 355
1763940 355
1763950 356
1763960 356
1763970 356
1763980 356
1763990 356
1764000 357
1764010 358
1764020 358
1764030 358
1764040 356
1764050 354
1764060 354
1764070 350
1764080 346
1764090 346
1764100 342
1764110 337
1764120 337
1764130 333
1764140 330
1764150 330
1764160 328
1764170 327
1764180 327
1764190 328
1764200 330
1764210 330
1764220 331
1764230 332
1764240 332
1764250 333
1764260 335
1764270 336
1764280 336
1764290 338
1764300 339
1764310 339
1764320 340
1764330 340
1764340 340
1764350 341
1764360 342
1764370 342
1764380 345
1764390 347
1764400 347
1764410 349
1764420 351
1764430 351
1764440 351
1764450 352
1764460 352
1764470 352
1764480 352
1764490 353
1764500 353
1764510 356
1764520 357
1764530 357
1764540 356
1764550 363
1764560 363
1764570 367
1764580 368
1764590 368
1764600 370
1764610 371
1764620 371
1764630 373
1764640 376
1764650 376
1764660 379
1764670 382
1764680 383
1764690 383
1764700 385
1764710 386
1764720 386
1764730 386
1764740 388
1764750 388
1764760 388
1764770 389
1764780 389
1764790 390
1764800 391
1764810 391
1764820 392
1764830 394
1764840 394
1764850 394
1764860 392
1764870 392
1764880 391
1764890 389
1764900 388
1764910 388
1764920 387
1764930 385
1764940 385
1764950 384
1764960 383
1764970 383
1764980 382
1764990 380
1765000 380
1765010 378
1765020 374
1765030 374
1765040 372
1765050 369
1765060 369
1765070 367
1765080 364
1765090 363
1765100 363
1765110 361
1765120 359
1765130 359
1765140 358
1765150 356
1765160 356
1765170 355
1765180 354
1765190 354
1765200 352
1765210 351
1765220 351
1765230 350
1765240 348
1765250 348
1765260 347
1765270 345
1765280 345
1765290 344
1765300 342
1765310 341
1765320 341
1765330 338
1765340 334
1765350 334
1765360 335
1765370 336
1765380 336
1765390 333
1765400 333
1765410 333
1765420 333
1765430 334
1765440 334
1765450 332
1765460 331
1765470 331
1765480 329
1765490 328
1765500 328
1765510 326
1765520 325
1765530 323
1765540 323
1765550 322
1765560 321
1765570 321
1765580 320
1765590 319
1765600 319
1765610 319
1765620 319
1765630 319
1765640 319
1765650 319
1765660 319
1765670 319
1765680 319
1765690 319
1765700 319
1765710 320
1765720 321
1765730 321
1765740 320
1765750 320
1765760 320
1765770 321
1765780 321
1765790 321
1765800 321
1765810 322
1765820 322
1765830 324
1765840 325
1765850 325
1765860 328
1765870 333
1765880 333
1765890 335
1765900 338
1765910 338
1765920 340
1765930 342
1765940 344
1765950 344
1765960 345
1765970 346
1765980 346
1765990 348
1766000 351
1766010 351
1766020 353
1766030 355
1766040 355
1766050 357
1766060 359
1766070 359
1766080 361
1766090 363
1766100 363
1766110 365
1766120 366
1766130 366
1766140 366
1766150 366
1766160 365
1766170 365
1766180 365
1766190 364
1766200 364
1766210 364
1766220 365
1766230 365
1766240 365
1766250 365
1766260 365
1766270 366
1766280 365
1766290 365
1766300 365
1766310 365
1766320 365
1766330 365
1766340 368
1766350 367
1766360 367
1766370 367
1766380 368
1766390 368
1766400 370
1766410 371
1766420 371
1766430 373
1766440 374
1766450 374
1766460 376
1766470 377
1766480 377
1766490 378
1766500 380
1766510 380
1766520 381
1766530 383
1766540 383
1766550 386
1766560 389
1766570 392
1766580 392
1766590 394
1766600 396
1766610 396
1766620 398
1766630 401
1766640 401
1766650 402
1766660 404
1766670 404
1766680 405
1766690 406
1766700 406
1766710 407
1766720 407
1766730 407
1766740 407
1766750 406
1766760 405
1766770 405
1766780 404
1766790 404
1766800 404
1766810 403
1766820 402
1766830 402
1766840 402
1766850 402
1766860 402
1766870 402
1766880 400
1766890 400
1766900 400
1766910 400
1766920 400
1766930 399
1766940 397
1766950 397
1766960 396
1766970 394
1766980 392
1766990 392
1767000 390
1767010 388
1767020 388
1767030 386
1767040 385
1767050 385
1767060 384
1767070 382
1767080 382
1767090 382
1767100 381
1767110 381
1767120 380
1767130 378
1767140 378
1767150 377
1767160 376
1767170 376
1767180 376
1767190 375
1767200 375
1767210 375
1767220 374
1767230 374
1767240 374
1767250 374
1767260 373
1767270 373
1767280 374
1767290 374
1767300 374
1767310 375
1767320 375
1767330 375
1767340 375
1767350 376
1767360 376
1767370 377
1767380 378
1767390 378
1767400 378
1767410 378
1767420 377
1767430 377
1767440 378
1767450 379
1767460 379
1767470 381
1767480 383
1767490 383
1767500 383
1767510 384
1767520 384
1767530 385
1767540 386
1767550 386
1767560 386
1767570 386
1767580 386
1767590 386
1767600 386
1767610 386
1767620 386
1767630 386
1767640 385
1767650 385
1767660 384
1767670 383
1767680 383
1767690 381
1767700 380
1767710 380
1767720 378
1767730 374
1767740 374
1767750 371
1767760 369
1767770 369
1767780 366
1767790 365
1767800 361
1767810 361
1767820 357
1767830 353
1767840 353
1767850 352
1767860 350
1767870 350
1767880 348
1767890 346
1767900 346
1767910 344
1767920 343
1767930 343
1767940 340
1767950 338
1767960 338
1767970 336
1767980 334
1767990 334
1768000 332
1768010 331
1768020 330
1768030 330
1768040 328
1768050 327
1768060 327
1768070 325
1768080 324
1768090 324
1768100 323
1768110 322
1768120 322
1768130 321
1768140 320
1768150 320
1768160 319
1768170 319
1768180 319
1768190 319
1768200 318
1768210 317
1768220 317
1768230 317
1768240 316
1768250 316
1768260 315
1768270 315
1768280 315
1768290 314
1768300 313
1768310 313
1768320 313
1768330 312
1768340 312
1768350 312
1768360 312
1768370 312
1768380 311
1768390 311
1768400 311
1768410 310
1768420 309
1768430 309
1768440 309
1768450 308
1768460 308
1768470 308
1768480 307
1768490 307
1768500 307
1768510 306
1768520 306
1768530 306
1768540 305
1768550 305
1768560 305
1768570 304
1768580 303
1768590 303
1768600 304
1768610 304
1768620 304
1768630 305
1768640 305
1768650 306
1768660 306
1768670 307
1768680 308
1768690 308
1768700 309
1768710 310
1768720 310
1768730 313
1768740 314
1768750 314
1768760 316
1768770 317
1768780 317
1768790 319
1768800 321
1768810 321
1768820 323
1768830 326
1768840 329
1768850 329
1768860 331
1768870 333
1768880 333
1768890 335
1768900 336
1768910 336
1768920 338
1768930 340
1768940 340
1768950 341
1768960 343
1768970 343
1768980 347
1768990 349
1769000 349
1769010 352
1769020 355
1769030 355
1769040 357
1769050 360
1769060 362
1769070 362
1769080 364
1769090 365
1769100 365
1769110 366
1769120 365
1769130 365
1769140 364
1769150 363
1769160 363
1769170 362
1769180 358
1769190 358
1769200 357
1769210 355
1769220 355
1769230 353
1769240 354
1769250 351
1769260 351
1769270 349
1769280 347
1769290 347
1769300 346
1769310 346
1769320 346
1769330 345
1769340 344
1769350 344
1769360 343
1769370 341
1769380 341
1769390 339
1769400 337
1769410 337
1769420 335
1769430 334
1769440 334
1769450 332
1769460 330
1769470 329
1769480 329
1769490 327
1769500 325
1769510 325
1769520 326
1769530 329
1769540 329
1769550 331
1769560 333
1769570 333
1769580 336
1769590 338
1769600 338
1769610 341
1769620 344
1769630 344
1769640 346
1769650 348
1769660 348
1769670 349
1769680 352
1769690 356
1769700 356
1769710 364
1769720 367
1769730 367
1769740 370
1769750 372
1769760 372
1769770 375
1769780 380
1769790 380
1769800 380
1769810 383
1769820 383
1769830 383
1769840 383
1769850 383
1769860 382
1769870 379
1769880 374
1769890 374
1769900 371
1769910 367
1769920 367
1769930 362
1769940 360
1769950 360
1769960 359
1769970 358
1769980 358
1769990 357
1770000 356
1770010 356
1770020 355
1770030 355
1770040 355
1770050 354
1770060 351
1770070 351
1770080 351
1770090 352
1770100 352
1770110 352
1770120 351
1770130 351
1770140 351
1770150 350
1770160 348
1770170 348
1770180 348
1770190 347
1770200 347
1770210 347
1770220 347
1770230 347
1770240 345
1770250 343
1770260 343
1770270 342
1770280 340
1770290 338
1770300 338
1770310 340
1770320 342
1770330 342
1770340 342
1770350 342
1770360 342
1770370 342
1770380 342
1770390 342
1770400 342
1770410 342
1770420 342
1770430 341
1770440 341
1770450 341
1770460 340
1770470 340
1770480 340
1770490 341
1770500 344
1770510 345
1770520 345
1770530 346
1770540 349
1770550 349
1770560 351
1770570 354
1770580 354
1770590 355
1770600 358
1770610 358
1770620 360
1770630 362
1770640 362
1770650 364
1770660 367
1770670 367
1770680 369
1770690 374
1770700 374
1770710 375
1770720 377
1770730 382
1770740 382
1770750 385
1770760 387
1770770 387
1770780 389
1770790 391
1770800 391
1770810 394
1770820 395
1770830 395
1770840 399
1770850 402
1770860 402
1770870 404
1770880 406
1770890 406
1770900 407
1770910 408
1770920 409
1770930 409
1770940 409
1770950 408
1770960 408
1770970 406
1770980 403
1770990 403
1771000 399
1771010 394
1771020 394
1771030 390
1771040 389
1771050 389
1771060 388
1771070 386
1771080 386
1771090 385
1771100 384
1771110 384
1771120 382
1771130 379
1771140 377
1771150 377
1771160 375
1771170 373
1771180 373
1771190 372
1771200 371
1771210 371
1771220 370
1771230 369
1771240 369
1771250 369
1771260 368
1771270 368
1771280 367
1771290 366
1771300 366
1771310 365
1771320 364
1771330 364
1771340 364
1771350 363
1771360 364
1771370 364
1771380 367
1771390 369
1771400 369
1771410 370
1771420 372
1771430 372
1771440 375
1771450 377
1771460 377
1771470 379
1771480 381
1771490 381
1771500 384
1771510 386
1771520 386
1771530 387
1771540 387
1771550 388
1771560 388
1771570 388
1771580 388
1771590 388
1771600 389
1771610 389
1771620 389
1771630 390
1771640 389
1771650 389
1771660 388
1771670 387
1771680 387
1771690 386
1771700 385
1771710 385
1771720 384
1771730 383
1771740 382
1771750 382
1771760 381
1771770 381
1771780 381
1771790 381
1771800 382
1771810 382
1771820 383
1771830 383
1771840 383
1771850 384
1771860 385
1771870 385
1771880 387
1771890 389
1771900 389
1771910 390
1771920 391
1771930 391
1771940 392
1771950 394
1771960 394
1771970 394
1771980 396
1771990 396
1772000 396
1772010 397
1772020 397
1772030 397
1772040 397
1772050 397
1772060 397
1772070 396
1772080 394
1772090 394
1772100 392
1772110 390
1772120 390
1772130 388
1772140 386
1772150 386
1772160 385
1772170 385
1772180 383
1772190 383
1772200 383
1772210 383
1772220 383
1772230 382
1772240 382
1772250 382
1772260 382
1772270 381
1772280 381
1772290 380
1772300 379
1772310 379
1772320 378
1772330 377
1772340 377
1772350 376
1772360 376
1772370 376
1772380 376
1772390 377
1772400 377
1772410 377
1772420 376
1772430 377
1772440 377
1772450 377
1772460 377
1772470 377
1772480 377
1772490 378
1772500 378
1772510 379
1772520 381
1772530 381
1772540 383
1772550 384
1772560 384
1772570 386
1772580 389
1772590 391
1772600 391
1772610 394
1772620 398
1772630 398
1772640 400
1772650 400
1772660 400
1772670 401
1772680 401
1772690 401
1772700 400
1772710 398
1772720 398
1772730 394
1772740 390
1772750 383
1772760 382
1772770 380
1772780 379
1772790 379
1772800 377
1772810 377
1772820 377
1772830 377
1772840 378
1772850 378
1772860 378
1772870 378
1772880 378
1772890 378
1772900 378
1772910 378
1772920 376
1772930 376
1772940 376
1772950 376
1772960 376
1772970 376
1772980 376
1772990 376
1773000 376
1773010 376
1773020 375
1773030 375
1773040 375
1773050 374
1773060 374
1773070 374
1773080 374
1773090 374
1773100 374
1773110 375
1773120 375
1773130 375
1773140 375
1773150 375
1773160 375
1773170 376
1773180 378
1773190 378
1773200 380
1773210 383
1773220 384
1773230 384
1773240 388
1773250 390
1773260 390
1773270 392
1773280 393
1773290 393
1773300 394
1773310 395
1773320 395
1773330 396
1773340 398
1773350 398
1773360 399
1773370 400
1773380 400
1773390 401
1773400 403
1773410 404
1773420 404
1773430 406
1773440 407
1773450 407
1773460 407
1773470 406
1773480 406
1773490 403
1773500 401
1773510 401
1773520 399
1773530 398
1773540 398
1773550 396
1773560 395
1773570 395
1773580 394
1773590 393
1773600 393
1773610 391
1773620 391
1773630 388
1773640 388
1773650 386
1773660 383
1773670 383
1773680 380
1773690 376
1773700 376
1773710 372
1773720 369
1773730 369
1773740 365
1773750 362
1773760 362
1773770 359
1773780 358
1773790 358
1773800 357
1773810 358
1773820 358
1773830 358
1773840 358
1773850 357
1773860 357
1773870 356
1773880 355
1773890 355
1773900 355
1773910 354
1773920 354
1773930 353
1773940 352
1773950 352
1773960 351
1773970 350
1773980 348
1773990 347
1774000 346
1774010 346
1774020 345
1774030 344
1774040 343
1774050 343
1774060 342
1774070 340
1774080 340
1774090 338
1774100 336
1774110 336
1774120 335
1774130 334
1774140 334
1774150 332
1774160 331
1774170 331
1774180 330
1774190 330
1774200 330
1774210 328
1774220 326
1774230 326
1774240 327
1774250 329
1774260 330
1774270 330
1774280 331
1774290 331
1774300 331
1774310 332
1774320 331
1774330 331
1774340 331
1774350 331
1774360 331
1774370 330
1774380 330
1774390 330
1774400 330
1774410 329
1774420 329
1774430 330
1774440 330
1774450 330
1774460 330
1774470 332
1774480 333
1774490 333
1774500 334
1774510 336
1774520 336
1774530 337
1774540 339
1774550 339
1774560 341
1774570 342
1774580 342
1774590 344
1774600 346
1774610 346
1774620 347
1774630 349
1774640 349
1774650 350
1774660 351
1774670 351
1774680 351
1774690 352
1774700 353
1774710 353
1774720 354
1774730 355
1774740 355
1774750 357
1774760 357
1774770 357
1774780 357
1774790 357
1774800 357
1774810 354
1774820 351
1774830 351
1774840 351
1774850 351
1774860 351
1774870 351
1774880 352
1774890 352
1774900 352
1774910 353
1774920 355
1774930 355
1774940 357
1774950 359
1774960 359
1774970 361
1774980 362
1774990 362
1775000 363
1775010 364
1775020 364
1775030 365
1775040 366
1775050 366
1775060 368
1775070 368
1775080 368
1775090 368
1775100 367
1775110 366
1775120 366
1775130 364
1775140 362
1775150 362
1775160 359
1775170 354
1775180 354
1775190 351
1775200 346
1775210 346
1775220 342
1775230 340
1775240 340
1775250 338
1775260 337
1775270 337
1775280 336
1775290 335
1775300 333
1775310 333
1775320 331
1775330 330
1775340 330
1775350 328
1775360 326
1775370 326
1775380 324
1775390 323
1775400 323
1775410 322
1775420 321
1775430 321
1775440 320
1775450 320
1775460 320
1775470 319
1775480 319
1775490 319
1775500 319
1775510 319
1775520 320
1775530 320
1775540 320
1775550 322
1775560 322
1775570 323
1775580 325
1775590 325
1775600 326
1775610 327
1775620 327
1775630 328
1775640 329
1775650 329
1775660 329
1775670 329
1775680 329
1775690 328
1775700 326
1775710 326
1775720 326
1775730 325
1775740 325
1775750 325
1775760 325
1775770 325
1775780 325
1775790 326
1775800 326
1775810 326
1775820 327
1775830 327
1775840 327
1775850 331
1775860 334
1775870 334
1775880 338
1775890 340
1775900 344
1775910 344
1775920 345
1775930 348
1775940 348
1775950 354
1775960 358
1775970 358
1775980 360
1775990 361
1776000 361
1776010 362
1776020 363
1776030 363
1776040 364
1776050 365
1776060 365
1776070 366
1776080 366
1776090 366
1776100 366
1776110 366
1776120 365
1776130 365
1776140 363
1776150 361
1776160 361
1776170 358
1776180 356
1776190 356
1776200 354
1776210 352
1776220 352
1776230 352
1776240 353
1776250 353
1776260 354
1776270 356
1776280 356
1776290 357
1776300 358
1776310 358
1776320 358
1776330 360
1776340 362
1776350 362
1776360 364
1776370 366
1776380 366
1776390 368
1776400 370
1776410 371
1776420 372
1776430 373
1776440 373
1776450 372
1776460 372
1776470 372
1776480 371
1776490 369
1776500 369
1776510 368
1776520 367
1776530 365
1776540 365
1776550 363
1776560 362
1776570 362
1776580 360
1776590 358
1776600 358
1776610 356
1776620 353
1776630 353
1776640 350
1776650 346
1776660 346
1776670 342
1776680 340
1776690 340
1776700 339
1776710 337
1776720 337
1776730 335
1776740 333
1776750 331
1776760 331
1776770 329
1776780 327
1776790 327
1776800 325
1776810 324
1776820 324
1776830 322
1776840 321
1776850 321
1776860 319
1776870 317
1776880 317
1776890 316
1776900 316
1776910 316
1776920 315
1776930 315
1776940 316
1776950 316
1776960 316
1776970 317
1776980 317
1776990 317
1777000 319
1777010 319
1777020 320
1777030 321
1777040 321
1777050 322
1777060 323
1777070 323
1777080 324
1777090 324
1777100 324
1777110 323
1777120 322
1777130 322
1777140 320
1777150 319
1777160 318
1777170 318
1777180 318
1777190 317
1777200 317
1777210 318
1777220 318
1777230 318
1777240 318
1777250 317
1777260 317
1777270 317
1777280 317
1777290 317
1777300 316
1777310 316
1777320 316
1777330 317
1777340 317
1777350 317
1777360 319
1777370 320
1777380 321
1777390 321
1777400 323
1777410 325
1777420 325
1777430 330
1777440 333
1777450 333
1777460 336
1777470 338
1777480 338
1777490 340
1777500 342
1777510 342
1777520 344
1777530 345
1777540 345
1777550 347
1777560 349
1777570 350
1777580 350
1777590 352
1777600 354
1777610 354
1777620 355
1777630 356
1777640 356
1777650 358
1777660 359
1777670 359
1777680 360
1777690 361
1777700 361
1777710 362
1777720 363
1777730 363
1777740 364
1777750 364
1777760 364
1777770 365
1777780 366
1777790 366
1777800 366
1777810 367
1777820 367
1777830 367
1777840 368
1777850 369
1777860 369
1777870 372
1777880 373
1777890 373
1777900 375
1777910 377
1777920 377
1777930 379
1777940 381
1777950 381
1777960 383
1777970 383
1777980 383
1777990 383
1778000 383
1778010 383
1778020 383
1778030 381
1778040 378
1778050 378
1778060 376
1778070 374
1778080 374
1778090 372
1778100 369
1778110 369
1778120 367
1778130 365
1778140 365
1778150 363
1778160 358
1778170 358
1778180 357
1778190 357
1778200 356
1778210 356
1778220 355
1778230 354
1778240 354
1778250 353
1778260 353
1778270 353
1778280 352
1778290 351
1778300 351
1778310 349
1778320 347
1778330 347
1778340 345
1778350 344
1778360 344
1778370 343
1778380 342
1778390 342
1778400 340
1778410 339
1778420 337
1778430 337
1778440 336
1778450 334
1778460 334
1778470 330
1778480 326
1778490 326
1778500 322
1778510 320
1778520 320
1778530 318
1778540 317
1778550 317
1778560 315
1778570 315
1778580 315
1778590 314
1778600 314
1778610 313
1778620 313
1778630 312
1778640 311
1778650 311
1778660 311
1778670 313
1778680 313
1778690 314
1778700 313
1778710 313
1778720 313
1778730 314
1778740 314
1778750 314
1778760 315
1778770 316
1778780 317
1778790 318
1778800 318
1778810 318
1778820 319
1778830 320
1778840 320
1778850 320
1778860 319
1778870 319
1778880 317
1778890 315
1778900 315
1778910 314
1778920 313
1778930 313
1778940 313
1778950 313
1778960 313
1778970 313
1778980 315
1778990 315
1779000 318
1779010 320
1779020 323
1779030 323
1779040 325
1779050 328
1779060 328
1779070 330
1779080 332
1779090 332
1779100 337
1779110 339
1779120 339
1779130 341
1779140 342
1779150 342
1779160 343
1779170 344
1779180 344
1779190 347
1779200 350
1779210 350
1779220 352
1779230 355
1779240 359
1779250 359
1779260 363
1779270 365
1779280 365
1779290 366
1779300 368
1779310 368
1779320 369
1779330 370
1779340 370
1779350 368
1779360 369
1779370 369
1779380 368
1779390 366
1779400 366
1779410 364
1779420 363
1779430 363
1779440 360
1779450 356
1779460 351
1779470 351
1779480 349
1779490 348
1779500 348
1779510 347
1779520 344
1779530 344
1779540 340
1779550 337
1779560 337
1779570 334
1779580 330
1779590 330
1779600 326
1779610 324
1779620 324
1779630 322
1779640 321
1779650 319
1779660 319
1779670 317
1779680 315
1779690 315
1779700 314
1779710 312
1779720 312
1779730 310
1779740 309
1779750 309
1779760 307
1779770 306
1779780 306
1779790 307
1779800 309
1779810 309
1779820 311
1779830 312
1779840 312
1779850 315
1779860 318
1779870 322
1779880 322
1779890 324
1779900 325
1779910 325
1779920 327
1779930 328
1779940 330
1779950 332
1779960 334
1779970 334
1779980 336
1779990 337
