1760000 407
1760010 407
1760020 407
1760030 406
1760040 405
1760050 405
1760060 405
1760070 405
1760080 405
1760090 405
1760100 405
1760110 405
1760120 405
1760130 405
1760140 405
1760150 405
1760160 406
1760170 406
1760180 406
1760190 407
1760200 408
1760210 408
1760220 408
1760230 407
1760240 407
1760250 406
1760260 406
1760270 406
1760280 405
1760290 404
1760300 404
1760310 403
1760320 403
1760330 403
1760340 402
1760350 401
1760360 401
1760370 399
1760380 397
1760390 397
1760400 395
1760410 392
1760420 389
1760430 389
1760440 385
1760450 380
1760460 380
1760470 378
1760480 374
1760490 374
1760500 371
1760510 369
1760520 369
1760530 365
1760540 363
1760550 363
1760560 361
1760570 360
1760580 360
1760590 359
1760600 358
1760610 358
1760620 357
1760630 356
1760640 354
1760650 354
1760660 353
1760670 351
1760680 351
1760690 350
1760700 348
1760710 348
1760720 347
1760730 346
1760740 346
1760750 345
1760760 345
1760770 345
1760780 345
1760790 346
1760800 346
1760810 348
1760820 349
1760830 349
1760840 349
1760850 350
1760860 353
1760870 353
1760880 355
1760890 358
1760900 358
1760910 360
1760920 361
1760930 361
1760940 362
1760950 362
1760960 362
1760970 363
1760980 364
1760990 364
1761000 365
1761010 365
1761020 365
1761030 366
1761040 366
1761050 367
1761060 367
1761070 363
1761080 363
1761090 363
1761100 370
1761110 373
1761120 373
1761130 377
1761140 381
1761150 381
1761160 385
1761170 387
1761180 387
1761190 390
1761200 393
1761210 393
1761220 397
1761230 399
1761240 399
1761250 402
1761260 405
1761270 408
1761280 408
1761290 411
1761300 415
1761310 415
1761320 418
1761330 420
1761340 420
1761350 421
1761360 421
1761370 421
1761380 420
1761390 418
1761400 418
1761410 417
1761420 415
1761430 415
1761440 414
1761450 412
1761460 412
1761470 411
1761480 410
1761490 410
1761500 410
1761510 410
1761520 409
1761530 409
1761540 408
1761550 408
1761560 408
1761570 407
1761580 407
1761590 407
1761600 406
1761610 405
1761620 405
1761630 404
1761640 404
1761650 404
1761660 403
1761670 403
1761680 403
1761690 403
1761700 403
1761710 400
1761720 400
1761730 398
1761740 397
1761750 397
1761760 396
1761770 395
1761780 395
1761790 394
1761800 394
1761810 394
1761820 393
1761830 393
1761840 393
1761850 392
1761860 392
1761870 392
1761880 391
1761890 389
1761900 387
1761910 387
1761920 387
1761930 386
1761940 386
1761950 385
1761960 382
1761970 382
1761980 382
1761990 381
1762000 381
1762010 380
1762020 378
1762030 378
1762040 377
1762050 377
1762060 377
1762070 377
1762080 376
1762090 376
1762100 376
1762110 377
1762120 375
1762130 375
1762140 375
1762150 374
1762160 374
1762170 373
1762180 373
1762190 373
1762200 372
1762210 370
1762220 370
1762230 370
1762240 370
1762250 370
1762260 369
1762270 368
1762280 368
1762290 367
1762300 366
1762310 366
1762320 365
1762330 365
1762340 363
1762350 363
1762360 362
1762370 361
1762380 361
1762390 360
1762400 358
1762410 358
1762420 356
1762430 355
1762440 355
1762450 354
1762460 351
1762470 351
1762480 350
1762490 349
1762500 349
1762510 348
1762520 348
1762530 348
1762540 347
1762550 346
1762560 344
1762570 344
1762580 343
1762590 342
1762600 342
1762610 340
1762620 338
1762630 338
1762640 338
1762650 338
1762660 338
1762670 334
1762680 333
1762690 333
1762700 332
1762710 331
1762720 331
1762730 329
1762740 327
1762750 327
1762760 326
1762770 325
1762780 324
1762790 324
1762800 324
1762810 322
1762820 322
1762830 325
1762840 324
1762850 324
1762860 324
1762870 324
1762880 324
1762890 324
1762900 324
1762910 324
1762920 324
1762930 324
1762940 324
1762950 324
1762960 324
1762970 324
1762980 324
1762990 324
1763000 324
1763010 324
1763020 324
1763030 324
1763040 324
1763050 324
1763060 325
1763070 325
1763080 325
1763090 325
1763100 325
1763110 326
1763120 326
1763130 326
1763140 326
1763150 326
1763160 326
1763170 326
1763180 326
1763190 326
1763200 326
1763210 325
1763220 324
1763230 324
1763240 324
1763250 324
1763260 324
1763270 324
1763280 323
1763290 323
1763300 323
1763310 323
1763320 323
1763330 323
1763340 323
1763350 323
1763360 323
1763370 324
1763380 324
1763390 324
1763400 324
1763410 324
1763420 324
1763430 324
1763440 325
1763450 325
1763460 326
1763470 326
1763480 326
1763490 327
1763500 326
1763510 326
1763520 325
1763530 325
1763540 325
1763550 326
1763560 325
1763570 325
1763580 326
1763590 328
1763600 328
1763610 328
1763620 329
1763630 330
1763640 330
1763650 331
1763660 331
1763670 331
1763680 332
1763690 332
1763700 332
1763710 332
1763720 335
1763730 335
1763740 335
1763750 337
1763760 337
1763770 337
1763780 338
1763790 338
1763800 339
1763810 340
1763820 340
1763830 341
1763840 341
1763850 342
1763860 342
1763870 342
1763880 343
1763890 343
1763900 343
1763910 344
1763920 344
1763930 345
1763940 345
1763950 345
1763960 347
1763970 347
1763980 347
1763990 347
1764000 347
1764010 347
1764020 348
1764030 348
1764040 347
1764050 347
1764060 347
1764070 347
1764080 347
1764090 347
1764100 348
1764110 348
1764120 349
1764130 350
1764140 350
1764150 351
1764160 353
1764170 353
1764180 354
1764190 355
1764200 355
1764210 355
1764220 358
1764230 358
1764240 360
1764250 359
1764260 359
1764270 359
1764280 360
1764290 362
1764300 362
1764310 362
1764320 361
1764330 361
1764340 360
1764350 359
1764360 359
1764370 360
1764380 361
1764390 361
1764400 361
1764410 362
1764420 362
1764430 363
1764440 364
1764450 364
1764460 364
1764470 364
1764480 364
1764490 364
1764500 364
1764510 364
1764520 364
1764530 364
1764540 363
1764550 363
1764560 363
1764570 363
1764580 363
1764590 362
1764600 362
1764610 362
1764620 361
1764630 360
1764640 360
1764650 359
1764660 357
1764670 357
1764680 353
1764690 350
1764700 348
1764710 348
1764720 346
1764730 348
1764740 348
1764750 351
1764760 353
1764770 353
1764780 355
1764790 356
1764800 356
1764810 356
1764820 357
1764830 357
1764840 358
1764850 358
1764860 358
1764870 357
1764880 356
1764890 356
1764900 355
1764910 351
1764920 350
1764930 350
1764940 349
1764950 348
1764960 348
1764970 346
1764980 343
1764990 343
1765000 339
1765010 337
1765020 337
1765030 338
1765040 339
1765050 339
1765060 339
1765070 342
1765080 342
1765090 345
1765100 346
1765110 347
1765120 347
1765130 348
1765140 349
1765150 349
1765160 350
1765170 351
1765180 351
1765190 352
1765200 352
1765210 352
1765220 353
1765230 354
1765240 354
1765250 354
1765260 355
1765270 355
1765280 355
1765290 355
1765300 355
1765310 356
1765320 356
1765330 356
1765340 356
1765350 356
1765360 355
1765370 355
1765380 355
1765390 354
1765400 354
1765410 353
1765420 352
1765430 352
1765440 351
1765450 349
1765460 349
1765470 348
1765480 347
1765490 347
1765500 346
1765510 344
1765520 344
1765530 343
1765540 342
1765550 340
1765560 340
1765570 336
1765580 335
1765590 335
1765600 333
1765610 332
1765620 332
1765630 333
1765640 335
1765650 335
1765660 338
1765670 340
1765680 340
1765690 341
1765700 342
1765710 342
1765720 343
1765730 344
1765740 344
1765750 344
1765760 345
1765770 346
1765780 346
1765790 346
1765800 347
1765810 347
1765820 348
1765830 348
1765840 348
1765850 346
1765860 346
1765870 346
1765880 345
1765890 343
1765900 343
1765910 342
1765920 341
1765930 341
1765940 340
1765950 339
1765960 339
1765970 337
1765980 335
1765990 333
1766000 333
1766010 330
1766020 327
1766030 327
1766040 325
1766050 324
1766060 324
1766070 322
1766080 320
1766090 320
1766100 318
1766110 317
1766120 317
1766130 316
1766140 316
1766150 316
1766160 316
1766170 316
1766180 318
1766190 318
1766200 318
1766210 319
1766220 319
1766230 321
1766240 322
1766250 322
1766260 323
1766270 325
1766280 325
1766290 326
1766300 328
1766310 328
1766320 329
1766330 330
1766340 330
1766350 331
1766360 332
1766370 332
1766380 333
1766390 334
1766400 335
1766410 335
1766420 336
1766430 338
1766440 338
1766450 339
1766460 341
1766470 341
1766480 341
1766490 341
1766500 341
1766510 340
1766520 339
1766530 339
1766540 337
1766550 335
1766560 335
1766570 333
1766580 331
1766590 331
1766600 330
1766610 329
1766620 328
1766630 328
1766640 327
1766650 326
1766660 326
1766670 326
1766680 325
1766690 325
1766700 326
1766710 327
1766720 327
1766730 329
1766740 331
1766750 331
1766760 333
1766770 336
1766780 336
1766790 338
1766800 340
1766810 340
1766820 342
1766830 344
1766840 344
1766850 344
1766860 346
1766870 349
1766880 349
1766890 349
1766900 348
1766910 348
1766920 348
1766930 346
1766940 346
1766950 344
1766960 342
1766970 342
1766980 341
1766990 339
1767000 339
1767010 338
1767020 337
1767030 337
1767040 336
1767050 335
1767060 334
1767070 334
1767080 333
1767090 332
1767100 332
1767110 331
1767120 330
1767130 330
1767140 329
1767150 328
1767160 328
1767170 328
1767180 327
1767190 327
1767200 326
1767210 324
1767220 324
1767230 323
1767240 322
1767250 321
1767260 321
1767270 320
1767280 319
1767290 319
1767300 318
1767310 317
1767320 317
1767330 316
1767340 314
1767350 314
1767360 312
1767370 313
1767380 313
1767390 315
1767400 316
1767410 316
1767420 318
1767430 320
1767440 320
1767450 320
1767460 322
1767470 324
1767480 324
1767490 327
1767500 330
1767510 330
1767520 331
1767530 334
1767540 334
1767550 337
1767560 339
1767570 339
1767580 343
1767590 345
1767600 345
1767610 347
1767620 350
1767630 350
1767640 353
1767650 355
1767660 355
1767670 352
1767680 349
1767690 344
1767700 344
1767710 342
1767720 346
1767730 346
1767740 348
1767750 346
1767760 346
1767770 350
1767780 351
1767790 351
1767800 352
1767810 350
1767820 350
1767830 350
1767840 354
1767850 354
1767860 355
1767870 354
1767880 354
1767890 354
1767900 354
1767910 354
1767920 354
1767930 354
1767940 354
1767950 354
1767960 354
1767970 354
1767980 354
1767990 353
1768000 353
1768010 353
1768020 353
1768030 352
1768040 352
1768050 351
1768060 351
1768070 351
1768080 349
1768090 350
1768100 350
1768110 350
1768120 349
1768130 349
1768140 349
1768150 349
1768160 348
1768170 348
1768180 348
1768190 348
1768200 348
1768210 347
1768220 347
1768230 347
1768240 347
1768250 346
1768260 346
1768270 346
1768280 346
1768290 346
1768300 345
1768310 345
1768320 344
1768330 344
1768340 343
1768350 342
1768360 342
1768370 341
1768380 340
1768390 340
1768400 338
1768410 337
1768420 337
1768430 334
1768440 332
1768450 332
1768460 330
1768470 326
1768480 326
1768490 323
1768500 322
1768510 322
1768520 322
1768530 322
1768540 322
1768550 322
1768560 321
1768570 319
1768580 319
1768590 317
1768600 316
1768610 316
1768620 315
1768630 314
1768640 314
1768650 312
1768660 311
1768670 311
1768680 309
1768690 308
1768700 308
1768710 308
1768720 307
1768730 307
1768740 307
1768750 307
1768760 307
1768770 307
1768780 307
1768790 303
1768800 303
1768810 305
1768820 309
1768830 309
1768840 309
1768850 310
1768860 310
1768870 310
1768880 310
1768890 310
1768900 310
1768910 311
1768920 311
1768930 311
1768940 312
1768950 312
1768960 313
1768970 313
1768980 314
1768990 314
1769000 316
1769010 317
1769020 317
1769030 319
1769040 321
1769050 321
1769060 323
1769070 325
1769080 325
1769090 328
1769100 331
1769110 331
1769120 333
1769130 335
1769140 335
1769150 336
1769160 338
1769170 338
1769180 339
1769190 339
1769200 340
1769210 340
1769220 340
1769230 340
1769240 340
1769250 340
1769260 340
1769270 340
1769280 339
1769290 338
1769300 338
1769310 337
1769320 338
1769330 338
1769340 336
1769350 335
1769360 335
1769370 334
1769380 335
1769390 334
1769400 334
1769410 334
1769420 333
1769430 333
1769440 330
1769450 331
1769460 331
1769470 331
1769480 330
1769490 330
1769500 330
1769510 329
1769520 329
1769530 329
1769540 328
1769550 328
1769560 327
1769570 327
1769580 327
1769590 326
1769600 325
1769610 325
1769620 325
1769630 325
1769640 324
1769650 324
1769660 324
1769670 324
1769680 324
1769690 323
1769700 323
1769710 323
1769720 323
1769730 322
1769740 322
1769750 321
1769760 321
1769770 321
1769780 319
1769790 318
1769800 318
1769810 317
1769820 317
1769830 315
1769840 315
1769850 313
1769860 311
1769870 311
1769880 311
1769890 312
1769900 312
1769910 312
1769920 312
1769930 312
1769940 313
1769950 313
1769960 313
1769970 313
1769980 314
1769990 314
1770000 314
1770010 314
1770020 314
1770030 314
1770040 314
1770050 314
1770060 314
1770070 314
1770080 314
1770090 314
1770100 314
1770110 314
1770120 314
1770130 315
1770140 315
1770150 315
1770160 315
1770170 315
1770180 315
1770190 315
1770200 315
1770210 315
1770220 315
1770230 314
1770240 314
1770250 314
1770260 313
1770270 311
1770280 311
1770290 309
1770300 308
1770310 308
1770320 310
1770330 310
1770340 310
1770350 310
1770360 308
1770370 308
1770380 307
1770390 306
1770400 306
1770410 305
1770420 304
1770430 304
1770440 304
1770450 303
1770460 302
1770470 302
1770480 302
1770490 301
1770500 301
1770510 300
1770520 300
1770530 300
1770540 299
1770550 299
1770560 299
1770570 299
1770580 299
1770590 299
1770600 299
1770610 298
1770620 298
1770630 298
1770640 297
1770650 297
1770660 297
1770670 297
1770680 297
1770690 297
1770700 297
1770710 297
1770720 297
1770730 296
1770740 296
1770750 296
1770760 296
1770770 295
1770780 295
1770790 295
1770800 295
1770810 295
1770820 295
1770830 295
1770840 295
1770850 294
1770860 294
1770870 294
1770880 294
1770890 294
1770900 294
1770910 294
1770920 294
1770930 293
1770940 293
1770950 293
1770960 293
1770970 293
1770980 293
1770990 293
1771000 293
1771010 293
1771020 292
1771030 292
1771040 292
1771050 292
1771060 292
1771070 292
1771080 292
1771090 292
1771100 292
1771110 291
1771120 291
1771130 291
1771140 291
1771150 291
1771160 291
1771170 291
1771180 290
1771190 290
1771200 292
1771210 292
1771220 292
1771230 294
1771240 295
1771250 295
1771260 296
1771270 296
1771280 296
1771290 296
1771300 295
1771310 295
1771320 295
1771330 295
1771340 295
1771350 295
1771360 294
1771370 294
1771380 294
1771390 293
1771400 292
1771410 292
1771420 292
1771430 292
1771440 292
1771450 291
1771460 290
1771470 290
1771480 291
1771490 291
1771500 291
1771510 290
1771520 289
1771530 289
1771540 289
1771550 289
1771560 288
1771570 288
1771580 288
1771590 288
1771600 288
1771610 287
1771620 287
1771630 287
1771640 287
1771650 287
1771660 287
1771670 287
1771680 287
1771690 287
1771700 286
1771710 286
1771720 286
1771730 286
1771740 286
1771750 286
1771760 286
1771770 286
1771780 286
1771790 286
1771800 286
1771810 286
1771820 286
1771830 286
1771840 286
1771850 286
1771860 286
1771870 286
1771880 286
1771890 286
1771900 286
1771910 286
1771920 286
1771930 286
1771940 286
1771950 286
1771960 286
1771970 286
1771980 286
1771990 286
1772000 286
1772010 286
1772020 286
1772030 286
1772040 286
1772050 287
1772060 287
1772070 287
1772080 287
1772090 287
1772100 287
1772110 287
1772120 287
1772130 287
1772140 287
1772150 287
1772160 287
1772170 287
1772180 287
1772190 287
1772200 287
1772210 287
1772220 287
1772230 287
1772240 287
1772250 287
1772260 287
1772270 287
1772280 287
1772290 287
1772300 287
1772310 287
1772320 287
1772330 286
1772340 287
1772350 287
1772360 287
1772370 287
1772380 287
1772390 287
1772400 287
1772410 287
1772420 287
1772430 287
1772440 287
1772450 287
1772460 287
1772470 287
1772480 287
1772490 287
1772500 287
1772510 287
1772520 287
1772530 287
1772540 287
1772550 287
1772560 287
1772570 287
1772580 287
1772590 287
1772600 287
1772610 287
1772620 287
1772630 287
1772640 287
1772650 287
1772660 287
1772670 287
1772680 287
1772690 287
1772700 287
1772710 286
1772720 286
1772730 286
1772740 287
1772750 286
1772760 286
1772770 286
1772780 286
1772790 286
1772800 286
1772810 286
1772820 286
1772830 286
1772840 286
1772850 286
1772860 286
1772870 286
1772880 285
1772890 285
1772900 284
1772910 285
1772920 285
1772930 285
1772940 285
1772950 285
1772960 285
1772970 285
1772980 285
1772990 285
1773000 285
1773010 285
1773020 285
1773030 285
1773040 285
1773050 285
1773060 285
1773070 285
1773080 285
1773090 285
1773100 285
1773110 285
1773120 285
1773130 285
1773140 285
1773150 285
1773160 285
1773170 285
1773180 285
1773190 285
1773200 285
1773210 285
1773220 285
1773230 285
1773240 285
1773250 285
1773260 286
1773270 286
1773280 286
1773290 286
1773300 286
1773310 287
1773320 286
1773330 286
1773340 286
1773350 286
1773360 286
1773370 287
1773380 287
1773390 287
1773400 287
1773410 287
1773420 287
1773430 287
1773440 288
1773450 288
1773460 288
1773470 288
1773480 288
1773490 288
1773500 288
1773510 288
1773520 288
1773530 288
1773540 288
1773550 288
1773560 288
1773570 288
1773580 288
1773590 288
1773600 288
1773610 288
1773620 289
1773630 289
1773640 289
1773650 289
1773660 289
1773670 290
1773680 290
1773690 291
1773700 292
1773710 292
1773720 293
1773730 294
1773740 294
1773750 294
1773760 295
1773770 295
1773780 295
1773790 295
1773800 295
1773810 296
1773820 295
1773830 295
1773840 296
1773850 296
1773860 296
1773870 297
1773880 297
1773890 298
1773900 298
1773910 299
1773920 299
1773930 299
1773940 300
1773950 301
1773960 301
1773970 301
1773980 302
1773990 302
1774000 302
1774010 303
1774020 303
1774030 304
1774040 304
1774050 304
1774060 305
1774070 305
1774080 305
1774090 305
1774100 304
1774110 303
1774120 303
1774130 303
1774140 304
1774150 304
1774160 305
1774170 306
1774180 306
1774190 308
1774200 309
1774210 309
1774220 310
1774230 311
1774240 311
1774250 312
1774260 314
1774270 314
1774280 315
1774290 316
1774300 316
1774310 316
1774320 318
1774330 318
1774340 318
1774350 318
1774360 317
1774370 317
1774380 317
1774390 317
1774400 317
1774410 317
1774420 316
1774430 316
1774440 315
1774450 313
1774460 313
1774470 312
1774480 310
1774490 310
1774500 308
1774510 306
1774520 304
1774530 304
1774540 303
1774550 302
1774560 302
1774570 301
1774580 300
1774590 300
1774600 298
1774610 296
1774620 296
1774630 295
1774640 294
1774650 294
1774660 293
1774670 293
1774680 293
1774690 293
1774700 292
1774710 292
1774720 293
1774730 294
1774740 295
1774750 295
1774760 297
1774770 299
1774780 299
1774790 302
1774800 304
1774810 304
1774820 307
1774830 308
1774840 308
1774850 310
1774860 312
1774870 312
1774880 314
1774890 315
1774900 315
1774910 316
1774920 317
1774930 317
1774940 318
1774950 320
1774960 323
1774970 323
1774980 323
1774990 323
1775000 323
1775010 323
1775020 323
1775030 323
1775040 323
1775050 322
1775060 322
1775070 322
1775080 321
1775090 321
1775100 320
1775110 320
1775120 320
1775130 319
1775140 319
1775150 319
1775160 319
1775170 319
1775180 319
1775190 319
1775200 320
1775210 320
1775220 320
1775230 321
1775240 321
1775250 321
1775260 320
1775270 319
1775280 319
1775290 318
1775300 316
1775310 316
1775320 314
1775330 313
1775340 313
1775350 316
1775360 315
1775370 315
1775380 315
1775390 317
1775400 318
1775410 318
1775420 319
1775430 319
1775440 319
1775450 320
1775460 321
1775470 321
1775480 322
1775490 322
1775500 322
1775510 323
1775520 323
1775530 323
1775540 323
1775550 322
1775560 322
1775570 321
1775580 319
1775590 316
1775600 316
1775610 316
1775620 315
1775630 315
1775640 313
1775650 312
1775660 312
1775670 311
1775680 310
1775690 310
1775700 309
1775710 308
1775720 308
1775730 307
1775740 306
1775750 306
1775760 305
1775770 305
1775780 305
1775790 305
1775800 305
1775810 305
1775820 305
1775830 305
1775840 307
1775850 307
1775860 308
1775870 309
1775880 309
1775890 310
1775900 311
1775910 311
1775920 312
1775930 313
1775940 313
1775950 315
1775960 316
1775970 316
1775980 318
1775990 318
1776000 318
1776010 318
1776020 315
1776030 312
1776040 312
1776050 311
1776060 310
1776070 310
1776080 309
1776090 308
1776100 308
1776110 306
1776120 304
1776130 304
1776140 303
1776150 302
1776160 302
1776170 301
1776180 300
1776190 300
1776200 299
1776210 298
1776220 298
1776230 299
1776240 298
1776250 301
1776260 301
1776270 302
1776280 303
1776290 303
1776300 304
1776310 305
1776320 305
1776330 307
1776340 308
1776350 308
1776360 309
1776370 311
1776380 311
1776390 312
1776400 314
1776410 314
1776420 315
1776430 315
1776440 315
1776450 315
1776460 314
1776470 314
1776480 314
1776490 313
1776500 313
1776510 313
1776520 313
1776530 312
1776540 312
1776550 311
1776560 310
1776570 310
1776580 309
1776590 308
1776600 308
1776610 308
1776620 307
1776630 307
1776640 306
1776650 305
1776660 307
1776670 307
1776680 306
1776690 307
1776700 307
1776710 308
1776720 308
1776730 308
1776740 309
1776750 309
1776760 309
1776770 309
1776780 308
1776790 309
1776800 307
1776810 307
1776820 307
1776830 306
1776840 306
1776850 306
1776860 305
1776870 304
1776880 303
1776890 303
1776900 302
1776910 301
1776920 301
1776930 299
1776940 298
1776950 298
1776960 298
1776970 297
1776980 297
1776990 296
1777000 296
1777010 296
1777020 295
1777030 295
1777040 295
1777050 295
1777060 294
1777070 294
1777080 294
1777090 294
1777100 293
1777110 293
1777120 293
1777130 293
1777140 293
1777150 293
1777160 293
1777170 293
1777180 293
1777190 294
1777200 294
1777210 294
1777220 295
1777230 295
1777240 296
1777250 298
1777260 298
1777270 301
1777280 304
1777290 304
1777300 308
1777310 313
1777320 317
1777330 317
1777340 319
1777350 320
1777360 320
1777370 320
1777380 318
1777390 318
1777400 316
1777410 314
1777420 314
1777430 313
1777440 313
1777450 313
1777460 317
1777470 318
1777480 318
1777490 318
1777500 319
1777510 319
1777520 320
1777530 321
1777540 322
1777550 322
1777560 323
1777570 325
1777580 325
1777590 326
1777600 327
1777610 327
1777620 327
1777630 329
1777640 329
1777650 330
1777660 330
1777670 330
1777680 330
1777690 329
1777700 329
1777710 326
1777720 324
1777730 322
1777740 322
1777750 320
1777760 317
1777770 317
1777780 315
1777790 313
1777800 313
1777810 311
1777820 310
1777830 310
1777840 308
1777850 307
1777860 307
1777870 306
1777880 304
1777890 304
1777900 302
1777910 301
1777920 301
1777930 300
1777940 299
1777950 302
1777960 302
1777970 304
1777980 306
1777990 306
1778000 309
1778010 311
1778020 311
1778030 313
1778040 315
1778050 315
1778060 316
1778070 318
1778080 318
1778090 320
1778100 322
1778110 322
1778120 323
1778130 325
1778140 325
1778150 325
1778160 324
1778170 322
1778180 322
1778190 320
1778200 318
1778210 318
1778220 316
1778230 315
1778240 315
1778250 313
1778260 311
1778270 311
1778280 309
1778290 307
1778300 307
1778310 306
1778320 305
1778330 305
1778340 306
1778350 308
1778360 308
1778370 312
1778380 315
1778390 318
1778400 318
1778410 321
1778420 324
1778430 324
1778440 326
1778450 329
1778460 329
1778470 332
1778480 333
1778490 333
1778500 334
1778510 335
1778520 335
1778530 336
1778540 336
1778550 336
1778560 336
1778570 335
1778580 335
1778590 334
1778600 332
1778610 331
1778620 331
1778630 329
1778640 327
1778650 327
1778660 324
1778670 321
1778680 321
1778690 318
1778700 316
1778710 316
1778720 315
1778730 310
1778740 310
1778750 309
1778760 306
1778770 306
1778780 303
1778790 302
1778800 302
1778810 302
1778820 302
1778830 299
1778840 299
1778850 295
1778860 294
1778870 294
1778880 294
1778890 294
1778900 294
1778910 295
1778920 296
1778930 296
1778940 298
1778950 300
1778960 300
1778970 303
1778980 306
1778990 306
1779000 309
1779010 312
1779020 314
1779030 314
1779040 317
1779050 319
1779060 319
1779070 321
1779080 323
1779090 323
1779100 326
1779110 328
1779120 328
1779130 329
1779140 331
1779150 331
1779160 333
1779170 337
1779180 337
1779190 339
1779200 341
1779210 341
1779220 343
1779230 344
1779240 346
1779250 346
1779260 347
1779270 349
1779280 349
1779290 350
1779300 351
1779310 351
1779320 351
1779330 351
1779340 351
1779350 350
1779360 349
1779370 349
1779380 347
1779390 345
1779400 345
1779410 342
1779420 340
1779430 340
1779440 337
1779450 336
1779460 334
1779470 334
1779480 331
1779490 328
1779500 328
1779510 326
1779520 324
1779530 324
1779540 323
1779550 321
1779560 321
1779570 320
1779580 318
1779590 318
1779600 316
1779610 313
1779620 313
1779630 311
1779640 309
1779650 309
1779660 307
1779670 307
1779680 306
1779690 306
1779700 305
1779710 306
1779720 306
1779730 308
1779740 309
1779750 309
1779760 311
1779770 313
1779780 313
1779790 315
1779800 317
1779810 317
1779820 320
1779830 322
1779840 322
1779850 325
1779860 326
1779870 331
1779880 331
1779890 335
1779900 338
1779910 338
1779920 340
1779930 343
1779940 343
1779950 345
1779960 348
1779970 348
1779980 350
1779990 353
