1760000 427
1760010 427
1760020 426
1760030 425
1760040 424
1760050 424
1760060 423
1760070 422
1760080 422
1760090 421
1760100 420
1760110 420
1760120 420
1760130 419
1760140 419
1760150 419
1760160 419
1760170 421
1760180 421
1760190 420
1760200 420
1760210 419
1760220 417
1760230 417
1760240 416
1760250 414
1760260 412
1760270 412
1760280 410
1760290 409
1760300 409
1760310 407
1760320 406
1760330 406
1760340 404
1760350 404
1760360 404
1760370 401
1760380 398
1760390 398
1760400 397
1760410 397
1760420 397
1760430 395
1760440 394
1760450 394
1760460 392
1760470 390
1760480 387
1760490 387
1760500 385
1760510 382
1760520 382
1760530 380
1760540 378
1760550 378
1760560 376
1760570 372
1760580 372
1760590 370
1760600 367
1760610 367
1760620 365
1760630 364
1760640 364
1760650 363
1760660 361
1760670 361
1760680 358
1760690 357
1760700 355
1760710 355
1760720 353
1760730 352
1760740 352
1760750 350
1760760 349
1760770 349
1760780 348
1760790 346
1760800 346
1760810 345
1760820 344
1760830 344
1760840 343
1760850 343
1760860 343
1760870 343
1760880 344
1760890 345
1760900 345
1760910 346
1760920 346
1760930 346
1760940 348
1760950 350
1760960 350
1760970 351
1760980 353
1760990 353
1761000 353
1761010 355
1761020 355
1761030 357
1761040 359
1761050 359
1761060 362
1761070 364
1761080 364
1761090 365
1761100 367
1761110 370
1761120 370
1761130 374
1761140 377
1761150 377
1761160 381
1761170 385
1761180 385
1761190 389
1761200 393
1761210 393
1761220 396
1761230 398
1761240 398
1761250 400
1761260 402
1761270 402
1761280 403
1761290 404
1761300 404
1761310 405
1761320 406
1761330 406
1761340 406
1761350 406
1761360 405
1761370 405
1761380 403
1761390 401
1761400 401
1761410 399
1761420 396
1761430 396
1761440 396
1761450 396
1761460 396
1761470 394
1761480 391
1761490 391
1761500 388
1761510 384
1761520 384
1761530 383
1761540 383
1761550 383
1761560 383
1761570 382
1761580 381
1761590 381
1761600 381
1761610 380
1761620 380
1761630 379
1761640 378
1761650 378
1761660 377
1761670 376
1761680 376
1761690 376
1761700 374
1761710 374
1761720 375
1761730 375
1761740 375
1761750 374
1761760 373
1761770 373
1761780 373
1761790 372
1761800 371
1761810 371
1761820 371
1761830 370
1761840 370
1761850 369
1761860 369
1761870 369
1761880 369
1761890 368
1761900 368
1761910 368
1761920 367
1761930 367
1761940 366
1761950 365
1761960 365
1761970 365
1761980 364
1761990 364
1762000 364
1762010 363
1762020 362
1762030 362
1762040 362
1762050 361
1762060 361
1762070 359
1762080 358
1762090 358
1762100 358
1762110 358
1762120 358
1762130 358
1762140 357
1762150 357
1762160 357
1762170 357
1762180 357
1762190 357
1762200 356
1762210 356
1762220 356
1762230 357
1762240 359
1762250 359
1762260 359
1762270 358
1762280 358
1762290 356
1762300 355
1762310 355
1762320 353
1762330 352
1762340 352
1762350 351
1762360 349
1762370 349
1762380 348
1762390 348
1762400 346
1762410 346
1762420 346
1762430 345
1762440 345
1762450 343
1762460 343
1762470 343
1762480 341
1762490 341
1762500 341
1762510 340
1762520 340
1762530 340
1762540 338
1762550 337
1762560 337
1762570 335
1762580 334
1762590 334
1762600 333
1762610 332
1762620 331
1762630 331
1762640 329
1762650 328
1762660 328
1762670 327
1762680 326
1762690 326
1762700 326
1762710 325
1762720 325
1762730 324
1762740 324
1762750 324
1762760 324
1762770 324
1762780 324
1762790 323
1762800 325
1762810 325
1762820 324
1762830 325
1762840 325
1762850 325
1762860 326
1762870 326
1762880 326
1762890 326
1762900 326
1762910 326
1762920 325
1762930 326
1762940 326
1762950 326
1762960 326
1762970 326
1762980 326
1762990 327
1763000 327
1763010 327
1763020 328
1763030 329
1763040 329
1763050 329
1763060 331
1763070 331
1763080 333
1763090 336
1763100 336
1763110 337
1763120 338
1763130 338
1763140 337
1763150 337
1763160 337
1763170 337
1763180 335
1763190 335
1763200 334
1763210 332
1763220 332
1763230 331
1763240 328
1763250 328
1763260 328
1763270 326
1763280 324
1763290 324
1763300 324
1763310 325
1763320 325
1763330 326
1763340 327
1763350 327
1763360 329
1763370 330
1763380 330
1763390 332
1763400 333
1763410 333
1763420 334
1763430 334
1763440 334
1763450 333
1763460 333
1763470 333
1763480 333
1763490 333
1763500 332
1763510 332
1763520 332
1763530 331
1763540 331
1763550 330
1763560 330
1763570 330
1763580 329
1763590 328
1763600 328
1763610 328
1763620 329
1763630 329
1763640 330
1763650 330
1763660 330
1763670 331
1763680 332
1763690 334
1763700 334
1763710 335
1763720 338
1763730 338
1763740 338
1763750 340
1763760 340
1763770 340
1763780 342
1763790 342
1763800 344
1763810 346
1763820 346
1763830 348
1763840 350
1763850 350
1763860 354
1763870 356
1763880 356
1763890 358
1763900 360
1763910 361
1763920 361
1763930 360
1763940 362
1763950 362
1763960 362
1763970 364
1763980 364
1763990 363
1764000 365
1764010 365
1764020 365
1764030 364
1764040 364
1764050 363
1764060 362
1764070 362
1764080 361
1764090 358
1764100 355
1764110 355
1764120 355
1764130 356
1764140 356
1764150 358
1764160 359
1764170 359
1764180 359
1764190 363
1764200 363
1764210 364
1764220 365
1764230 365
1764240 366
1764250 367
1764260 367
1764270 368
1764280 368
1764290 368
1764300 369
1764310 371
1764320 371
1764330 371
1764340 371
1764350 371
1764360 371
1764370 371
1764380 371
1764390 371
1764400 371
1764410 371
1764420 371
1764430 371
1764440 371
1764450 371
1764460 371
1764470 371
1764480 371
1764490 371
1764500 370
1764510 370
1764520 369
1764530 368
1764540 367
1764550 367
1764560 365
1764570 363
1764580 363
1764590 362
1764600 359
1764610 359
1764620 356
1764630 357
1764640 357
1764650 360
1764660 361
1764670 361
1764680 362
1764690 363
1764700 363
1764710 364
1764720 365
1764730 365
1764740 365
1764750 366
1764760 366
1764770 366
1764780 366
1764790 365
1764800 365
1764810 364
1764820 363
1764830 363
1764840 361
1764850 359
1764860 359
1764870 358
1764880 356
1764890 356
1764900 355
1764910 351
1764920 351
1764930 348
1764940 347
1764950 347
1764960 346
1764970 346
1764980 344
1764990 344
1765000 341
1765010 341
1765020 341
1765030 340
1765040 342
1765050 342
1765060 346
1765070 349
1765080 349
1765090 351
1765100 352
1765110 352
1765120 354
1765130 356
1765140 356
1765150 357
1765160 358
1765170 359
1765180 359
1765190 359
1765200 359
1765210 359
1765220 359
1765230 359
1765240 359
1765250 360
1765260 360
1765270 360
1765280 360
1765290 359
1765300 359
1765310 358
1765320 357
1765330 357
1765340 356
1765350 354
1765360 354
1765370 353
1765380 352
1765390 351
1765400 351
1765410 349
1765420 348
1765430 348
1765440 346
1765450 343
1765460 343
1765470 343
1765480 340
1765490 340
1765500 339
1765510 336
1765520 336
1765530 335
1765540 336
1765550 336
1765560 338
1765570 340
1765580 340
1765590 342
1765600 344
1765610 345
1765620 345
1765630 346
1765640 347
1765650 347
1765660 348
1765670 349
1765680 349
1765690 350
1765700 351
1765710 351
1765720 351
1765730 352
1765740 352
1765750 352
1765760 353
1765770 353
1765780 354
1765790 352
1765800 352
1765810 351
1765820 350
1765830 347
1765840 347
1765850 344
1765860 340
1765870 340
1765880 339
1765890 339
1765900 339
1765910 338
1765920 337
1765930 337
1765940 336
1765950 333
1765960 333
1765970 331
1765980 330
1765990 330
1766000 329
1766010 327
1766020 327
1766030 326
1766040 324
1766050 323
1766060 323
1766070 321
1766080 320
1766090 320
1766100 318
1766110 318
1766120 318
1766130 318
1766140 318
1766150 318
1766160 319
1766170 320
1766180 320
1766190 321
1766200 322
1766210 322
1766220 324
1766230 327
1766240 328
1766250 328
1766260 329
1766270 330
1766280 330
1766290 331
1766300 332
1766310 332
1766320 333
1766330 334
1766340 334
1766350 335
1766360 337
1766370 337
1766380 338
1766390 340
1766400 340
1766410 341
1766420 342
1766430 342
1766440 343
1766450 345
1766460 345
1766470 345
1766480 345
1766490 344
1766500 344
1766510 343
1766520 341
1766530 341
1766540 339
1766550 337
1766560 337
1766570 336
1766580 335
1766590 335
1766600 334
1766610 332
1766620 332
1766630 330
1766640 329
1766650 329
1766660 329
1766670 329
1766680 331
1766690 331
1766700 333
1766710 335
1766720 335
1766730 339
1766740 341
1766750 341
1766760 343
1766770 346
1766780 346
1766790 348
1766800 350
1766810 350
1766820 353
1766830 354
1766840 354
1766850 356
1766860 355
1766870 355
1766880 358
1766890 358
1766900 351
1766910 351
1766920 348
1766930 343
1766940 343
1766950 341
1766960 341
1766970 341
1766980 341
1766990 340
1767000 340
1767010 339
1767020 338
1767030 338
1767040 337
1767050 336
1767060 336
1767070 335
1767080 334
1767090 334
1767100 333
1767110 332
1767120 331
1767130 331
1767140 330
1767150 329
1767160 329
1767170 328
1767180 326
1767190 326
1767200 324
1767210 323
1767220 323
1767230 323
1767240 321
1767250 321
1767260 320
1767270 318
1767280 318
1767290 318
1767300 317
1767310 317
1767320 317
1767330 314
1767340 312
1767350 312
1767360 316
1767370 318
1767380 318
1767390 319
1767400 321
1767410 321
1767420 323
1767430 324
1767440 324
1767450 326
1767460 329
1767470 329
1767480 331
1767490 333
1767500 333
1767510 336
1767520 340
1767530 344
1767540 344
1767550 347
1767560 350
1767570 350
1767580 353
1767590 355
1767600 355
1767610 357
1767620 357
1767630 357
1767640 356
1767650 355
1767660 355
1767670 352
1767680 352
1767690 352
1767700 354
1767710 355
1767720 355
1767730 356
1767740 357
1767750 358
1767760 358
1767770 359
1767780 359
1767790 359
1767800 360
1767810 361
1767820 361
1767830 361
1767840 362
1767850 362
1767860 362
1767870 362
1767880 362
1767890 362
1767900 362
1767910 362
1767920 362
1767930 361
1767940 361
1767950 361
1767960 360
1767970 360
1767980 360
1767990 359
1768000 358
1768010 358
1768020 357
1768030 356
1768040 356
1768050 354
1768060 353
1768070 353
1768080 351
1768090 350
1768100 350
1768110 348
1768120 346
1768130 346
1768140 345
1768150 342
1768160 342
1768170 342
1768180 338
1768190 337
1768200 337
1768210 334
1768220 335
1768230 335
1768240 334
1768250 333
1768260 333
1768270 332
1768280 327
1768290 327
1768300 324
1768310 320
1768320 320
1768330 320
1768340 320
1768350 320
1768360 321
1768370 319
1768380 318
1768390 318
1768400 317
1768410 315
1768420 315
1768430 314
1768440 314
1768450 314
1768460 314
1768470 314
1768480 314
1768490 314
1768500 315
1768510 315
1768520 315
1768530 314
1768540 314
1768550 312
1768560 313
1768570 313
1768580 314
1768590 313
1768600 313
1768610 313
1768620 312
1768630 308
1768640 308
1768650 308
1768660 308
1768670 308
1768680 308
1768690 306
1768700 306
1768710 304
1768720 307
1768730 307
1768740 308
1768750 308
1768760 308
1768770 309
1768780 310
1768790 310
1768800 311
1768810 312
1768820 313
1768830 313
1768840 313
1768850 314
1768860 314
1768870 314
1768880 315
1768890 315
1768900 316
1768910 317
1768920 317
1768930 317
1768940 318
1768950 318
1768960 319
1768970 320
1768980 320
1768990 322
1769000 324
1769010 324
1769020 326
1769030 329
1769040 331
1769050 331
1769060 334
1769070 335
1769080 335
1769090 337
1769100 338
1769110 338
1769120 340
1769130 341
1769140 341
1769150 342
1769160 342
1769170 342
1769180 342
1769190 342
1769200 342
1769210 342
1769220 341
1769230 341
1769240 341
1769250 341
1769260 341
1769270 341
1769280 340
1769290 340
1769300 340
1769310 340
1769320 340
1769330 340
1769340 339
1769350 339
1769360 339
1769370 339
1769380 339
1769390 339
1769400 338
1769410 338
1769420 338
1769430 338
1769440 337
1769450 337
1769460 337
1769470 336
1769480 336
1769490 336
1769500 335
1769510 334
1769520 334
1769530 334
1769540 333
1769550 333
1769560 332
1769570 331
1769580 331
1769590 330
1769600 329
1769610 329
1769620 328
1769630 327
1769640 327
1769650 326
1769660 325
1769670 325
1769680 325
1769690 324
1769700 323
1769710 323
1769720 321
1769730 319
1769740 319
1769750 318
1769760 316
1769770 316
1769780 315
1769790 315
1769800 315
1769810 317
1769820 318
1769830 318
1769840 319
1769850 320
1769860 320
1769870 320
1769880 321
1769890 322
1769900 322
1769910 322
1769920 322
1769930 322
1769940 322
1769950 322
1769960 322
1769970 322
1769980 322
1769990 322
1770000 321
1770010 321
1770020 321
1770030 321
1770040 320
1770050 320
1770060 320
1770070 320
1770080 320
1770090 319
1770100 319
1770110 318
1770120 318
1770130 318
1770140 317
1770150 317
1770160 315
1770170 313
1770180 313
1770190 317
1770200 316
1770210 316
1770220 316
1770230 316
1770240 316
1770250 315
1770260 312
1770270 312
1770280 311
1770290 310
1770300 310
1770310 309
1770320 308
1770330 307
1770340 307
1770350 306
1770360 305
1770370 305
1770380 304
1770390 303
1770400 303
1770410 302
1770420 302
1770430 302
1770440 302
1770450 302
1770460 302
1770470 302
1770480 301
1770490 301
1770500 302
1770510 302
1770520 302
1770530 302
1770540 301
1770550 301
1770560 301
1770570 301
1770580 301
1770590 301
1770600 301
1770610 301
1770620 301
1770630 301
1770640 300
1770650 300
1770660 300
1770670 300
1770680 300
1770690 300
1770700 299
1770710 299
1770720 299
1770730 299
1770740 299
1770750 299
1770760 299
1770770 299
1770780 299
1770790 299
1770800 299
1770810 299
1770820 299
1770830 298
1770840 299
1770850 299
1770860 299
1770870 299
1770880 299
1770890 298
1770900 298
1770910 298
1770920 297
1770930 297
1770940 296
1770950 295
1770960 295
1770970 295
1770980 294
1770990 294
1771000 294
1771010 294
1771020 293
1771030 293
1771040 293
1771050 293
1771060 293
1771070 292
1771080 292
1771090 292
1771100 292
1771110 292
1771120 292
1771130 292
1771140 292
1771150 292
1771160 292
1771170 292
1771180 293
1771190 293
1771200 296
1771210 296
1771220 296
1771230 297
1771240 298
1771250 298
1771260 299
1771270 300
1771280 300
1771290 300
1771300 301
1771310 301
1771320 301
1771330 301
1771340 301
1771350 301
1771360 301
1771370 301
1771380 301
1771390 300
1771400 300
1771410 300
1771420 300
1771430 300
1771440 300
1771450 299
1771460 299
1771470 299
1771480 298
1771490 298
1771500 298
1771510 296
1771520 295
1771530 295
1771540 294
1771550 294
1771560 294
1771570 293
1771580 293
1771590 293
1771600 292
1771610 291
1771620 290
1771630 290
1771640 290
1771650 291
1771660 291
1771670 291
1771680 291
1771690 291
1771700 291
1771710 290
1771720 290
1771730 289
1771740 289
1771750 289
1771760 288
1771770 288
1771780 288
1771790 288
1771800 288
1771810 288
1771820 288
1771830 288
1771840 288
1771850 288
1771860 288
1771870 288
1771880 288
1771890 287
1771900 288
1771910 288
1771920 288
1771930 288
1771940 288
1771950 288
1771960 288
1771970 288
1771980 288
1771990 288
1772000 288
1772010 288
1772020 288
1772030 288
1772040 288
1772050 288
1772060 288
1772070 288
1772080 288
1772090 288
1772100 288
1772110 288
1772120 288
1772130 288
1772140 288
1772150 288
1772160 288
1772170 288
1772180 288
1772190 288
1772200 288
1772210 288
1772220 288
1772230 288
1772240 288
1772250 288
1772260 288
1772270 288
1772280 288
1772290 288
1772300 288
1772310 288
1772320 288
1772330 288
1772340 288
1772350 288
1772360 288
1772370 288
1772380 288
1772390 288
1772400 288
1772410 288
1772420 288
1772430 288
1772440 288
1772450 289
1772460 288
1772470 288
1772480 288
1772490 288
1772500 288
1772510 288
1772520 288
1772530 288
1772540 288
1772550 288
1772560 288
1772570 288
1772580 288
1772590 288
1772600 288
1772610 288
1772620 288
1772630 288
1772640 288
1772650 288
1772660 288
1772670 288
1772680 288
1772690 288
1772700 288
1772710 288
1772720 288
1772730 288
1772740 288
1772750 288
1772760 288
1772770 287
1772780 287
1772790 287
1772800 287
1772810 287
1772820 287
1772830 287
1772840 287
1772850 287
1772860 286
1772870 286
1772880 286
1772890 286
1772900 286
1772910 286
1772920 286
1772930 285
1772940 286
1772950 286
1772960 286
1772970 286
1772980 286
1772990 287
1773000 287
1773010 287
1773020 288
1773030 289
1773040 289
1773050 289
1773060 289
1773070 289
1773080 289
1773090 289
1773100 289
1773110 289
1773120 289
1773130 289
1773140 289
1773150 289
1773160 289
1773170 289
1773180 289
1773190 289
1773200 289
1773210 288
1773220 288
1773230 288
1773240 288
1773250 288
1773260 288
1773270 288
1773280 288
1773290 288
1773300 288
1773310 288
1773320 289
1773330 289
1773340 290
1773350 290
1773360 290
1773370 290
1773380 290
1773390 290
1773400 289
1773410 290
1773420 290
1773430 291
1773440 291
1773450 291
1773460 292
1773470 292
1773480 292
1773490 292
1773500 290
1773510 290
1773520 290
1773530 289
1773540 290
1773550 290
1773560 289
1773570 290
1773580 290
1773590 290
1773600 290
1773610 290
1773620 291
1773630 292
1773640 292
1773650 293
1773660 293
1773670 293
1773680 295
1773690 297
1773700 297
1773710 298
1773720 299
1773730 299
1773740 301
1773750 302
1773760 303
1773770 303
1773780 304
1773790 304
1773800 304
1773810 304
1773820 304
1773830 304
1773840 304
1773850 304
1773860 304
1773870 304
1773880 304
1773890 304
1773900 304
1773910 305
1773920 305
1773930 306
1773940 306
1773950 307
1773960 307
1773970 308
1773980 309
1773990 309
1774000 309
1774010 310
1774020 310
1774030 311
1774040 312
1774050 312
1774060 313
1774070 314
1774080 314
1774090 314
1774100 315
1774110 315
1774120 314
1774130 312
1774140 312
1774150 311
1774160 312
1774170 312
1774180 312
1774190 313
1774200 315
1774210 315
1774220 316
1774230 317
1774240 317
1774250 318
1774260 319
1774270 319
1774280 320
1774290 321
1774300 321
1774310 322
1774320 323
1774330 323
1774340 323
1774350 322
1774360 322
1774370 323
1774380 321
1774390 321
1774400 321
1774410 320
1774420 318
1774430 318
1774440 316
1774450 314
1774460 314
1774470 312
1774480 310
1774490 310
1774500 308
1774510 306
1774520 306
1774530 305
1774540 303
1774550 303
1774560 301
1774570 299
1774580 299
1774590 297
1774600 296
1774610 294
1774620 294
1774630 294
1774640 293
1774650 293
1774660 293
1774670 293
1774680 293
1774690 294
1774700 294
1774710 294
1774720 295
1774730 296
1774740 296
1774750 298
1774760 299
1774770 299
1774780 302
1774790 305
1774800 305
1774810 308
1774820 310
1774830 312
1774840 312
1774850 314
1774860 316
1774870 316
1774880 317
1774890 319
1774900 319
1774910 321
1774920 324
1774930 324
1774940 325
1774950 325
1774960 325
1774970 325
1774980 325
1774990 325
1775000 325
1775010 325
1775020 325
1775030 325
1775040 325
1775050 325
1775060 325
1775070 325
1775080 325
1775090 325
1775100 325
1775110 325
1775120 325
1775130 325
1775140 325
1775150 325
1775160 325
1775170 324
1775180 324
1775190 324
1775200 324
1775210 324
1775220 324
1775230 323
1775240 321
1775250 321
1775260 321
1775270 320
1775280 320
1775290 317
1775300 315
1775310 315
1775320 317
1775330 319
1775340 319
1775350 319
1775360 319
1775370 319
1775380 320
1775390 321
1775400 321
1775410 321
1775420 322
1775430 322
1775440 323
1775450 324
1775460 324
1775470 324
1775480 324
1775490 324
1775500 324
1775510 324
1775520 324
1775530 324
1775540 323
1775550 321
1775560 321
1775570 318
1775580 317
1775590 317
1775600 316
1775610 315
1775620 315
1775630 314
1775640 313
1775650 313
1775660 312
1775670 311
1775680 309
1775690 309
1775700 308
1775710 307
1775720 307
1775730 308
1775740 307
1775750 307
1775760 308
1775770 309
1775780 309
1775790 309
1775800 310
1775810 310
1775820 311
1775830 311
1775840 311
1775850 312
1775860 313
1775870 313
1775880 314
1775890 315
1775900 317
1775910 317
1775920 318
1775930 320
1775940 320
1775950 322
1775960 322
1775970 322
1775980 321
1775990 319
1776000 319
1776010 315
1776020 314
1776030 314
1776040 314
1776050 313
1776060 313
1776070 311
1776080 309
1776090 308
1776100 308
1776110 307
1776120 306
1776130 306
1776140 305
1776150 305
1776160 305
1776170 304
1776180 303
1776190 303
1776200 302
1776210 301
1776220 301
1776230 301
1776240 300
1776250 300
1776260 300
1776270 304
1776280 304
1776290 306
1776300 307
1776310 309
1776320 309
1776330 311
1776340 314
1776350 314
1776360 315
1776370 316
1776380 316
1776390 318
1776400 321
1776410 321
1776420 320
1776430 321
1776440 321
1776450 320
1776460 321
1776470 321
1776480 321
1776490 320
1776500 320
1776510 320
1776520 319
1776530 317
1776540 317
1776550 316
1776560 315
1776570 315
1776580 314
1776590 313
1776600 313
1776610 313
1776620 312
1776630 312
1776640 311
1776650 311
1776660 311
1776670 311
1776680 312
1776690 312
1776700 312
1776710 312
1776720 312
1776730 311
1776740 311
1776750 311
1776760 311
1776770 310
1776780 309
1776790 309
1776800 308
1776810 307
1776820 307
1776830 307
1776840 306
1776850 306
1776860 304
1776870 303
1776880 303
1776890 303
1776900 302
1776910 302
1776920 301
1776930 300
1776940 300
1776950 300
1776960 299
1776970 299
1776980 300
1776990 300
1777000 301
1777010 301
1777020 300
1777030 300
1777040 300
1777050 300
1777060 299
1777070 299
1777080 298
1777090 297
1777100 297
1777110 296
1777120 295
1777130 295
1777140 296
1777150 296
1777160 296
1777170 296
1777180 296
1777190 296
1777200 296
1777210 296
1777220 296
1777230 296
1777240 298
1777250 299
1777260 299
1777270 300
1777280 302
1777290 302
1777300 305
1777310 309
1777320 309
1777330 312
1777340 316
1777350 316
1777360 320
1777370 321
1777380 322
1777390 322
1777400 322
1777410 322
1777420 322
1777430 322
1777440 323
1777450 323
1777460 323
1777470 324
1777480 324
1777490 324
1777500 325
1777510 325
1777520 326
1777530 326
1777540 326
1777550 327
1777560 329
1777570 329
1777580 331
1777590 333
1777600 336
1777610 336
1777620 338
1777630 339
1777640 339
1777650 339
1777660 336
1777670 336
1777680 335
1777690 332
1777700 332
1777710 329
1777720 327
1777730 327
1777740 324
1777750 322
1777760 322
1777770 317
1777780 314
1777790 314
1777800 311
1777810 309
1777820 307
1777830 307
1777840 305
1777850 304
1777860 304
1777870 302
1777880 303
1777890 303
1777900 304
1777910 304
1777920 304
1777930 305
1777940 307
1777950 307
1777960 309
1777970 311
1777980 311
1777990 314
1778000 317
1778010 317
1778020 320
1778030 320
1778040 320
1778050 320
1778060 320
1778070 324
1778080 324
1778090 328
1778100 329
1778110 329
1778120 331
1778130 333
1778140 333
1778150 334
1778160 336
1778170 336
1778180 335
1778190 335
1778200 335
1778210 333
1778220 333
1778230 330
1778240 330
1778250 325
1778260 323
1778270 323
1778280 319
1778290 317
1778300 317
1778310 316
1778320 316
1778330 316
1778340 316
1778350 316
1778360 316
1778370 317
1778380 316
1778390 316
1778400 320
1778410 323
1778420 323
1778430 326
1778440 329
1778450 332
1778460 332
1778470 334
1778480 335
1778490 335
1778500 336
1778510 337
1778520 337
1778530 337
1778540 337
1778550 337
1778560 336
1778570 335
1778580 335
1778590 333
1778600 332
1778610 332
1778620 331
1778630 329
1778640 329
1778650 325
1778660 321
1778670 317
1778680 317
1778690 317
1778700 315
1778710 315
1778720 314
1778730 311
1778740 311
1778750 311
1778760 311
1778770 311
1778780 308
1778790 306
1778800 306
1778810 304
1778820 302
1778830 302
1778840 299
1778850 296
1778860 296
1778870 295
1778880 295
1778890 297
1778900 297
1778910 297
1778920 299
1778930 299
1778940 302
1778950 303
1778960 303
1778970 305
1778980 307
1778990 307
1779000 310
1779010 311
1779020 311
1779030 313
1779040 315
1779050 315
1779060 318
1779070 322
1779080 322
1779090 325
1779100 326
1779110 328
1779120 328
1779130 329
1779140 329
1779150 329
1779160 331
1779170 334
1779180 334
1779190 337
1779200 340
1779210 340
1779220 341
1779230 343
1779240 343
1779250 345
1779260 346
1779270 346
1779280 348
1779290 349
1779300 350
1779310 350
1779320 351
1779330 351
1779340 351
1779350 351
1779360 349
1779370 349
1779380 347
1779390 344
1779400 344
1779410 342
1779420 339
1779430 339
1779440 336
1779450 332
1779460 332
1779470 330
1779480 328
1779490 328
1779500 326
1779510 325
1779520 323
1779530 323
1779540 321
1779550 320
1779560 320
1779570 317
1779580 314
1779590 314
1779600 311
1779610 309
1779620 309
1779630 309
1779640 308
1779650 308
1779660 308
1779670 309
1779680 309
1779690 311
1779700 313
1779710 313
1779720 315
1779730 317
1779740 319
1779750 319
1779760 321
1779770 325
1779780 325
1779790 328
1779800 331
1779810 331
1779820 335
1779830 337
1779840 337
1779850 341
1779860 343
1779870 343
1779880 346
1779890 349
1779900 349
1779910 353
1779920 357
1779930 357
1779940 360
1779950 364
1779960 366
1779970 366
1779980 366
1779990 365
