1700000 470
1700010 468
1700020 463
1700030 463
1700040 456
1700050 460
1700060 464
1700070 464
1700080 467
1700090 467
1700100 467
1700110 466
1700120 467
1700130 467
1700140 467
1700150 469
1700160 469
1700170 468
1700180 467
1700190 467
1700200 468
1700210 470
1700220 470
1700230 473
1700240 476
1700250 476
1700260 478
1700270 479
1700280 481
1700290 481
1700300 483
1700310 484
1700320 484
1700330 486
1700340 488
1700350 488
1700360 490
1700370 492
1700380 492
1700390 494
1700400 495
1700410 495
1700420 497
1700430 499
1700440 499
1700450 500
1700460 502
1700470 502
1700480 504
1700490 506
1700500 507
1700510 507
1700520 508
1700530 509
1700540 509
1700550 510
1700560 510
1700570 510
1700580 511
1700590 510
1700600 510
1700610 508
1700620 507
1700630 507
1700640 505
1700650 503
1700660 503
1700670 501
1700680 499
1700690 499
1700700 497
1700710 495
1700720 492
1700730 492
1700740 489
1700750 485
1700760 485
1700770 481
1700780 478
1700790 478
1700800 473
1700810 467
1700820 467
1700830 466
1700840 466
1700850 466
1700860 465
1700870 464
1700880 464
1700890 464
1700900 468
1700910 470
1700920 470
1700930 472
1700940 473
1700950 473
1700960 473
1700970 475
1700980 475
1700990 476
1701000 478
1701010 478
1701020 481
1701030 483
1701040 483
1701050 486
1701060 487
1701070 487
1701080 487
1701090 482
1701100 482
1701110 475
1701120 474
1701130 481
1701140 481
1701150 487
1701160 492
1701170 492
1701180 495
1701190 497
1701200 497
1701210 499
1701220 499
1701230 499
1701240 499
1701250 499
1701260 499
1701270 500
1701280 500
1701290 500
1701300 497
1701310 493
1701320 493
1701330 492
1701340 488
1701350 484
1701360 484
1701370 481
1701380 478
1701390 478
1701400 476
1701410 473
1701420 473
1701430 470
1701440 467
1701450 467
1701460 464
1701470 462
1701480 462
1701490 461
1701500 460
1701510 460
1701520 458
1701530 457
1701540 457
1701550 456
1701560 456
1701570 455
1701580 455
1701590 454
1701600 455
1701610 455
1701620 459
1701630 464
1701640 464
1701650 469
1701660 472
1701670 472
1701680 476
1701690 480
1701700 480
1701710 483
1701720 485
1701730 485
1701740 487
1701750 489
1701760 489
1701770 490
1701780 489
1701790 488
1701800 488
1701810 489
1701820 490
1701830 490
1701840 495
1701850 499
1701860 499
1701870 503
1701880 506
1701890 506
1701900 508
1701910 510
1701920 510
1701930 511
1701940 512
1701950 512
1701960 513
1701970 513
1701980 513
1701990 514
1702000 514
1702010 514
1702020 514
1702030 513
1702040 512
1702050 512
1702060 510
1702070 509
1702080 509
1702090 505
1702100 499
1702110 499
1702120 494
1702130 490
1702140 490
1702150 484
1702160 480
1702170 480
1702180 478
1702190 476
1702200 476
1702210 475
1702220 474
1702230 472
1702240 472
1702250 470
1702260 468
1702270 468
1702280 466
1702290 462
1702300 462
1702310 462
1702320 464
1702330 464
1702340 465
1702350 466
1702360 466
1702370 467
1702380 468
1702390 468
1702400 469
1702410 470
1702420 470
1702430 471
1702440 472
1702450 472
1702460 472
1702470 474
1702480 476
1702490 476
1702500 479
1702510 479
1702520 479
1702530 482
1702540 482
1702550 482
1702560 484
1702570 486
1702580 486
1702590 488
1702600 491
1702610 491
1702620 494
1702630 496
1702640 496
1702650 502
1702660 508
1702670 514
1702680 514
1702690 517
1702700 519
1702710 519
1702720 521
1702730 523
1702740 523
1702750 526
1702760 528
1702770 528
1702780 531
1702790 534
1702800 534
1702810 538
1702820 540
1702830 540
1702840 541
1702850 543
1702860 543
1702870 542
1702880 544
1702890 540
1702900 540
1702910 537
1702920 535
1702930 535
1702940 533
1702950 530
1702960 530
1702970 529
1702980 528
1702990 528
1703000 527
1703010 525
1703020 525
1703030 523
1703040 522
1703050 522
1703060 522
1703070 521
1703080 521
1703090 520
1703100 519
1703110 518
1703120 518
1703130 518
1703140 517
1703150 517
1703160 516
1703170 515
1703180 515
1703190 513
1703200 510
1703210 510
1703220 504
1703230 498
1703240 498
1703250 497
1703260 496
1703270 496
1703280 495
1703290 494
1703300 494
1703310 493
1703320 491
1703330 489
1703340 489
1703350 487
1703360 485
1703370 485
1703380 485
1703390 484
1703400 484
1703410 484
1703420 484
1703430 484
1703440 483
1703450 483
1703460 483
1703470 481
1703480 479
1703490 479
1703500 477
1703510 474
1703520 474
1703530 471
1703540 468
1703550 466
1703560 466
1703570 464
1703580 462
1703590 462
1703600 461
1703610 461
1703620 461
1703630 461
1703640 459
1703650 459
1703660 457
1703670 455
1703680 455
1703690 453
1703700 452
1703710 452
1703720 451
1703730 451
1703740 451
1703750 450
1703760 450
1703770 449
1703780 449
1703790 449
1703800 450
1703810 450
1703820 451
1703830 451
1703840 451
1703850 451
1703860 452
1703870 452
1703880 452
1703890 452
1703900 452
1703910 453
1703920 455
1703930 455
1703940 456
1703950 458
1703960 458
1703970 460
1703980 462
1703990 464
1704000 464
1704010 466
1704020 465
1704030 465
1704040 468
1704050 469
1704060 469
1704070 470
1704080 469
1704090 469
1704100 468
1704110 467
1704120 467
1704130 465
1704140 461
1704150 461
1704160 457
1704170 453
1704180 453
1704190 450
1704200 447
1704210 445
1704220 445
1704230 444
1704240 444
1704250 444
1704260 443
1704270 443
1704280 443
1704290 443
1704300 443
1704310 443
1704320 443
1704330 443
1704340 443
1704350 443
1704360 445
1704370 445
1704380 446
1704390 448
1704400 448
1704410 451
1704420 454
1704430 457
1704440 457
1704450 463
1704460 466
1704470 466
1704480 467
1704490 470
1704500 470
1704510 473
1704520 476
1704530 476
1704540 477
1704550 478
1704560 478
1704570 479
1704580 480
1704590 480
1704600 481
1704610 481
1704620 481
1704630 481
1704640 481
1704650 480
1704660 480
1704670 478
1704680 476
1704690 476
1704700 474
1704710 473
1704720 473
1704730 472
1704740 472
1704750 472
1704760 472
1704770 472
1704780 472
1704790 472
1704800 472
1704810 472
1704820 471
1704830 469
1704840 467
1704850 467
1704860 466
1704870 465
1704880 465
1704890 463
1704900 462
1704910 462
1704920 460
1704930 457
1704940 457
1704950 454
1704960 452
1704970 452
1704980 452
1704990 451
1705000 451
1705010 451
1705020 451
1705030 451
1705040 451
1705050 451
1705060 451
1705070 451
1705080 451
1705090 451
1705100 451
1705110 452
1705120 452
1705130 452
1705140 454
1705150 455
1705160 455
1705170 456
1705180 459
1705190 459
1705200 461
1705210 463
1705220 463
1705230 468
1705240 468
1705250 468
1705260 470
1705270 473
1705280 476
1705290 476
1705300 478
1705310 481
1705320 481
1705330 483
1705340 484
1705350 484
1705360 486
1705370 488
1705380 488
1705390 490
1705400 492
1705410 492
1705420 494
1705430 495
1705440 495
1705450 497
1705460 500
1705470 500
1705480 502
1705490 507
1705500 510
1705510 510
1705520 512
1705530 513
1705540 513
1705550 516
1705560 518
1705570 518
1705580 518
1705590 521
1705600 521
1705610 524
1705620 526
1705630 526
1705640 529
1705650 532
1705660 532
1705670 536
1705680 540
1705690 540
1705700 544
1705710 547
1705720 549
1705730 549
1705740 550
1705750 552
1705760 552
1705770 553
1705780 555
1705790 555
1705800 556
1705810 558
1705820 558
1705830 559
1705840 560
1705850 560
1705860 562
1705870 563
1705880 563
1705890 563
1705900 564
1705910 564
1705920 566
1705930 567
1705940 568
1705950 568
1705960 569
1705970 571
1705980 571
1705990 572
1706000 575
1706010 575
1706020 577
1706030 580
1706040 580
1706050 582
1706060 583
1706070 583
1706080 587
1706090 589
1706100 589
1706110 591
1706120 593
1706130 593
1706140 595
1706150 597
1706160 599
1706170 599
1706180 602
1706190 604
1706200 603
1706210 605
1706220 606
1706230 606
1706240 606
1706250 605
1706260 605
1706270 603
1706280 600
1706290 600
1706300 598
1706310 594
1706320 594
1706330 590
1706340 586
1706350 586
1706360 581
1706370 576
1706380 573
1706390 573
1706400 571
1706410 569
1706420 569
1706430 567
1706440 564
1706450 564
1706460 562
1706470 559
1706480 559
1706490 556
1706500 554
1706510 554
1706520 550
1706530 547
1706540 547
1706550 544
1706560 541
1706570 541
1706580 538
1706590 534
1706600 530
1706610 530
1706620 526
1706630 523
1706640 523
1706650 520
1706660 517
1706670 517
1706680 513
1706690 509
1706700 509
1706710 505
1706720 501
1706730 501
1706740 498
1706750 496
1706760 496
1706770 493
1706780 491
1706790 491
1706800 489
1706810 488
1706820 487
1706830 487
1706840 487
1706850 486
1706860 486
1706870 486
1706880 486
1706890 486
1706900 486
1706910 486
1706920 486
1706930 485
1706940 486
1706950 486
1706960 486
1706970 486
1706980 486
1706990 486
1707000 486
1707010 486
1707020 485
1707030 486
1707040 486
1707050 486
1707060 486
1707070 486
1707080 486
1707090 486
1707100 488
1707110 488
1707120 490
1707130 492
1707140 492
1707150 494
1707160 497
1707170 497
1707180 499
1707190 502
1707200 502
1707210 503
1707220 504
1707230 504
1707240 506
1707250 507
1707260 508
1707270 508
1707280 508
1707290 508
1707300 508
1707310 508
1707320 508
1707330 508
1707340 507
1707350 507
1707360 507
1707370 507
1707380 506
1707390 506
1707400 507
1707410 507
1707420 507
1707430 507
1707440 508
1707450 508
1707460 510
1707470 510
1707480 510
1707490 510
1707500 511
1707510 510
1707520 510
1707530 510
1707540 509
1707550 509
1707560 508
1707570 508
1707580 508
1707590 505
1707600 505
1707610 505
1707620 505
1707630 503
1707640 503
1707650 502
1707660 500
1707670 500
1707680 498
1707690 497
1707700 496
1707710 496
1707720 494
1707730 493
1707740 493
1707750 491
1707760 490
1707770 490
1707780 488
1707790 488
1707800 488
1707810 485
1707820 482
1707830 482
1707840 481
1707850 480
1707860 480
1707870 478
1707880 478
1707890 478
1707900 476
1707910 475
1707920 475
1707930 475
1707940 474
1707950 472
1707960 472
1707970 471
1707980 470
1707990 470
1708000 470
1708010 469
1708020 469
1708030 469
1708040 469
1708050 469
1708060 466
1708070 465
1708080 465
1708090 463
1708100 462
1708110 462
1708120 460
1708130 458
1708140 456
1708150 456
1708160 454
1708170 453
1708180 453
1708190 453
1708200 452
1708210 452
1708220 452
1708230 453
1708240 453
1708250 452
1708260 450
1708270 450
1708280 450
1708290 453
1708300 453
1708310 456
1708320 457
1708330 457
1708340 457
1708350 456
1708360 456
1708370 456
1708380 455
1708390 454
1708400 454
1708410 454
1708420 453
1708430 453
1708440 452
1708450 452
1708460 452
1708470 451
1708480 451
1708490 451
1708500 450
1708510 450
1708520 450
1708530 449
1708540 448
1708550 447
1708560 447
1708570 447
1708580 446
1708590 446
1708600 444
1708610 444
1708620 444
1708630 444
1708640 444
1708650 444
1708660 444
1708670 444
1708680 444
1708690 444
1708700 444
1708710 444
1708720 444
1708730 442
1708740 442
1708750 440
1708760 440
1708770 441
1708780 441
1708790 441
1708800 441
1708810 441
1708820 441
1708830 441
1708840 441
1708850 441
1708860 441
1708870 441
1708880 441
1708890 440
1708900 440
1708910 440
1708920 439
1708930 439
1708940 439
1708950 438
1708960 438
1708970 438
1708980 437
1708990 437
1709000 437
1709010 437
1709020 437
1709030 437
1709040 437
1709050 436
1709060 436
1709070 437
1709080 437
1709090 437
1709100 437
1709110 437
1709120 437
1709130 437
1709140 437
1709150 437
1709160 437
1709170 437
1709180 437
1709190 438
1709200 438
1709210 438
1709220 438
1709230 439
1709240 439
1709250 439
1709260 439
1709270 440
1709280 440
1709290 440
1709300 441
1709310 441
1709320 442
1709330 443
1709340 443
1709350 444
1709360 444
1709370 444
1709380 445
1709390 446
1709400 446
1709410 445
1709420 446
1709430 447
1709440 447
1709450 447
1709460 447
1709470 447
1709480 447
1709490 448
1709500 448
1709510 449
1709520 449
1709530 449
1709540 449
1709550 449
1709560 450
1709570 450
1709580 451
1709590 451
1709600 451
1709610 451
1709620 451
1709630 451
1709640 451
1709650 451
1709660 451
1709670 451
1709680 451
1709690 451
1709700 450
1709710 450
1709720 450
1709730 449
1709740 448
1709750 448
1709760 446
1709770 445
1709780 445
1709790 444
1709800 443
1709810 443
1709820 443
1709830 441
1709840 441
1709850 441
1709860 440
1709870 440
1709880 440
1709890 438
1709900 438
1709910 438
1709920 433
1709930 431
1709940 431
1709950 430
1709960 429
1709970 429
1709980 429
1709990 429
1710000 429
1710010 430
1710020 433
1710030 433
1710040 436
1710050 437
1710060 437
1710070 436
1710080 436
1710090 435
1710100 435
1710110 433
1710120 433
1710130 433
1710140 432
1710150 432
1710160 432
1710170 431
1710180 430
1710190 430
1710200 429
1710210 429
1710220 429
1710230 428
1710240 428
1710250 428
1710260 428
1710270 428
1710280 428
1710290 428
1710300 428
1710310 428
1710320 428
1710330 428
1710340 428
1710350 428
1710360 428
1710370 428
1710380 428
1710390 428
1710400 427
1710410 427
1710420 427
1710430 427
1710440 427
1710450 425
1710460 427
1710470 427
1710480 428
1710490 428
1710500 428
1710510 429
1710520 433
1710530 435
1710540 435
1710550 436
1710560 438
1710570 438
1710580 441
1710590 444
1710600 444
1710610 448
1710620 452
1710630 452
1710640 456
1710650 460
1710660 460
1710670 465
1710680 469
1710690 469
1710700 473
1710710 478
1710720 478
1710730 484
1710740 489
1710750 494
1710760 494
1710770 499
1710780 504
1710790 504
1710800 509
1710810 514
1710820 514
1710830 518
1710840 523
1710850 523
1710860 529
1710870 532
1710880 532
1710890 538
1710900 543
1710910 543
1710920 548
1710930 553
1710940 553
1710950 557
1710960 561
1710970 566
1710980 566
1710990 570
1711000 574
1711010 574
1711020 578
1711030 582
1711040 582
1711050 586
1711060 589
1711070 589
1711080 593
1711090 597
1711100 597
1711110 601
1711120 606
1711130 606
1711140 610
1711150 614
1711160 614
1711170 619
1711180 624
1711190 628
1711200 628
1711210 633
1711220 638
1711230 638
1711240 642
1711250 647
1711260 647
1711270 652
1711280 656
1711290 656
1711300 660
1711310 662
1711320 662
1711330 665
1711340 666
1711350 666
1711360 667
1711370 668
1711380 668
1711390 669
1711400 670
1711410 670
1711420 670
1711430 670
1711440 671
1711450 671
1711460 672
1711470 672
1711480 672
1711490 673
1711500 673
1711510 673
1711520 674
1711530 674
1711540 674
1711550 674
1711560 674
1711570 674
1711580 676
1711590 677
1711600 677
1711610 677
1711620 678
1711630 678
1711640 678
1711650 678
1711660 677
1711670 677
1711680 677
1711690 678
1711700 678
1711710 678
1711720 678
1711730 678
1711740 677
1711750 677
1711760 677
1711770 677
1711780 676
1711790 676
1711800 675
1711810 675
1711820 675
1711830 674
1711840 673
1711850 671
1711860 671
1711870 673
1711880 673
1711890 673
1711900 673
1711910 673
1711920 673
1711930 670
1711940 668
1711950 668
1711960 667
1711970 664
1711980 664
1711990 660
1712000 654
1712010 654
1712020 648
1712030 643
1712040 638
1712050 638
1712060 634
1712070 631
1712080 631
1712090 630
1712100 628
1712110 628
1712120 626
1712130 624
1712140 624
1712150 620
1712160 615
1712170 615
1712180 609
1712190 603
1712200 603
1712210 597
1712220 592
1712230 592
1712240 590
1712250 588
1712260 585
1712270 585
1712280 581
1712290 577
1712300 577
1712310 573
1712320 569
1712330 569
1712340 565
1712350 561
1712360 561
1712370 556
1712380 552
1712390 552
1712400 547
1712410 543
1712420 543
1712430 539
1712440 534
1712450 534
1712460 532
1712470 529
1712480 527
1712490 527
1712500 525
1712510 523
1712520 523
1712530 519
1712540 516
1712550 516
1712560 512
1712570 508
1712580 508
1712590 506
1712600 506
1712610 506
1712620 505
1712630 502
1712640 502
1712650 502
1712660 497
1712670 497
1712680 496
1712690 493
1712700 492
1712710 492
1712720 490
1712730 486
1712740 486
1712750 484
1712760 484
1712770 484
1712780 481
1712790 479
1712800 479
1712810 477
1712820 475
1712830 475
1712840 472
1712850 469
1712860 469
1712870 466
1712880 463
1712890 463
1712900 459
1712910 456
1712920 453
1712930 453
1712940 454
1712950 455
1712960 455
1712970 455
1712980 455
1712990 455
1713000 455
1713010 454
1713020 454
1713030 449
1713040 448
1713050 448
1713060 446
1713070 445
1713080 445
1713090 443
1713100 442
1713110 442
1713120 439
1713130 436
1713140 433
1713150 433
1713160 430
1713170 427
1713180 427
1713190 424
1713200 421
1713210 421
1713220 419
1713230 417
1713240 417
1713250 414
1713260 412
1713270 412
1713280 408
1713290 405
1713300 405
1713310 401
1713320 398
1713330 398
1713340 397
1713350 398
1713360 399
1713370 399
1713380 399
1713390 399
1713400 399
1713410 399
1713420 397
1713430 397
1713440 396
1713450 394
1713460 394
1713470 392
1713480 389
1713490 389
1713500 388
1713510 389
1713520 389
1713530 389
1713540 389
1713550 389
1713560 388
1713570 388
1713580 387
1713590 387
1713600 386
1713610 386
1713620 386
1713630 387
1713640 384
1713650 384
1713660 384
1713670 383
1713680 383
1713690 382
1713700 381
1713710 381
1713720 381
1713730 381
1713740 381
1713750 381
1713760 380
1713770 380
1713780 380
1713790 380
1713800 380
1713810 380
1713820 380
1713830 381
1713840 381
1713850 381
1713860 380
1713870 380
1713880 379
1713890 380
1713900 380
1713910 380
1713920 380
1713930 380
1713940 380
1713950 380
1713960 380
1713970 380
1713980 379
1713990 379
1714000 380
1714010 380
1714020 379
1714030 379
1714040 379
1714050 378
1714060 378
1714070 377
1714080 377
1714090 377
1714100 377
1714110 377
1714120 377
1714130 377
1714140 372
1714150 372
1714160 372
1714170 375
1714180 375
1714190 377
1714200 377
1714210 377
1714220 377
1714230 377
1714240 375
1714250 375
1714260 375
1714270 376
1714280 376
1714290 376
1714300 374
1714310 374
1714320 374
1714330 373
1714340 373
1714350 373
1714360 372
1714370 372
1714380 372
1714390 371
1714400 371
1714410 372
1714420 371
1714430 371
1714440 371
1714450 371
1714460 371
1714470 371
1714480 371
1714490 371
1714500 371
1714510 370
1714520 370
1714530 370
1714540 370
1714550 370
1714560 370
1714570 370
1714580 370
1714590 370
1714600 370
1714610 370
1714620 370
1714630 370
1714640 370
1714650 370
1714660 369
1714670 369
1714680 369
1714690 369
1714700 369
1714710 369
1714720 369
1714730 368
1714740 369
1714750 369
1714760 368
1714770 369
1714780 369
1714790 369
1714800 368
1714810 368
1714820 368
1714830 368
1714840 368
1714850 368
1714860 368
1714870 368
1714880 368
1714890 367
1714900 368
1714910 368
1714920 368
1714930 368
1714940 368
1714950 367
1714960 367
1714970 367
1714980 367
1714990 367
1715000 367
1715010 368
1715020 367
1715030 367
1715040 368
1715050 367
1715060 367
1715070 367
1715080 367
1715090 367
1715100 367
1715110 367
1715120 367
1715130 367
1715140 367
1715150 367
1715160 367
1715170 367
1715180 367
1715190 367
1715200 367
1715210 367
1715220 367
1715230 367
1715240 367
1715250 367
1715260 367
1715270 367
1715280 367
1715290 367
1715300 367
1715310 367
1715320 367
1715330 367
1715340 367
1715350 367
1715360 367
1715370 367
1715380 367
1715390 367
1715400 367
1715410 367
1715420 367
1715430 367
1715440 367
1715450 366
1715460 367
1715470 367
1715480 367
1715490 366
1715500 366
1715510 366
1715520 366
1715530 366
1715540 366
1715550 366
1715560 366
1715570 366
1715580 367
1715590 367
1715600 367
1715610 367
1715620 367
1715630 367
1715640 367
1715650 367
1715660 367
1715670 367
1715680 367
1715690 367
1715700 367
1715710 367
1715720 367
1715730 367
1715740 366
1715750 366
1715760 366
1715770 366
1715780 366
1715790 366
1715800 366
1715810 366
1715820 366
1715830 365
1715840 365
1715850 365
1715860 365
1715870 365
1715880 365
1715890 365
1715900 365
1715910 365
1715920 365
1715930 366
1715940 366
1715950 365
1715960 364
1715970 364
1715980 364
1715990 364
1716000 364
1716010 364
1716020 364
1716030 364
1716040 364
1716050 364
1716060 364
1716070 364
1716080 364
1716090 365
1716100 365
1716110 365
1716120 365
1716130 365
1716140 364
1716150 365
1716160 365
1716170 365
1716180 365
1716190 365
1716200 365
1716210 365
1716220 365
1716230 365
1716240 365
1716250 364
1716260 364
1716270 364
1716280 364
1716290 364
1716300 364
1716310 364
1716320 364
1716330 364
1716340 364
1716350 364
1716360 364
1716370 364
1716380 364
1716390 364
1716400 364
1716410 364
1716420 364
1716430 364
1716440 364
1716450 364
1716460 361
1716470 360
1716480 360
1716490 357
1716500 357
1716510 357
1716520 357
1716530 357
1716540 357
1716550 356
1716560 357
1716570 357
1716580 357
1716590 357
1716600 357
1716610 356
1716620 356
1716630 354
1716640 354
1716650 353
1716660 353
1716670 353
1716680 353
1716690 353
1716700 353
1716710 353
1716720 352
1716730 352
1716740 351
1716750 351
1716760 351
1716770 352
1716780 352
1716790 352
1716800 352
1716810 352
1716820 352
1716830 353
1716840 353
1716850 353
1716860 353
1716870 353
1716880 353
1716890 353
1716900 353
1716910 353
1716920 353
1716930 353
1716940 353
1716950 353
1716960 353
1716970 353
1716980 353
1716990 353
1717000 353
1717010 353
1717020 353
1717030 353
1717040 353
1717050 353
1717060 352
1717070 352
1717080 352
1717090 351
1717100 351
1717110 351
1717120 351
1717130 351
1717140 351
1717150 351
1717160 351
1717170 351
1717180 351
1717190 351
1717200 351
1717210 351
1717220 351
1717230 351
1717240 351
1717250 351
1717260 351
1717270 351
1717280 352
1717290 352
1717300 352
1717310 351
1717320 351
1717330 351
1717340 352
1717350 352
1717360 352
1717370 351
1717380 351
1717390 351
1717400 351
1717410 351
1717420 351
1717430 351
1717440 351
1717450 351
1717460 350
1717470 351
1717480 351
1717490 351
1717500 350
1717510 350
1717520 350
1717530 351
1717540 351
1717550 351
1717560 351
1717570 351
1717580 351
1717590 350
1717600 350
1717610 350
1717620 350
1717630 351
1717640 351
1717650 350
1717660 350
1717670 350
1717680 350
1717690 350
1717700 350
1717710 350
1717720 350
1717730 351
1717740 351
1717750 351
1717760 350
1717770 350
1717780 350
1717790 351
1717800 351
1717810 351
1717820 351
1717830 351
1717840 350
1717850 347
1717860 347
1717870 344
1717880 344
1717890 344
1717900 344
1717910 344
1717920 344
1717930 344
1717940 345
1717950 350
1717960 350
1717970 350
1717980 350
1717990 350
1718000 352
1718010 351
1718020 351
1718030 351
1718040 351
1718050 351
1718060 350
1718070 350
1718080 350
1718090 351
1718100 351
1718110 351
1718120 352
1718130 351
1718140 351
1718150 351
1718160 351
1718170 351
1718180 351
1718190 351
1718200 351
1718210 351
1718220 352
1718230 352
1718240 351
1718250 352
1718260 352
1718270 352
1718280 352
1718290 352
1718300 352
1718310 352
1718320 352
1718330 352
1718340 352
1718350 353
1718360 353
1718370 353
1718380 353
1718390 353
1718400 353
1718410 354
1718420 354
1718430 354
1718440 355
1718450 355
1718460 355
1718470 355
1718480 354
1718490 354
1718500 355
1718510 355
1718520 355
1718530 355
1718540 355
1718550 355
1718560 356
1718570 356
1718580 356
1718590 356
1718600 356
1718610 356
1718620 356
1718630 356
1718640 356
1718650 356
1718660 356
1718670 356
1718680 356
1718690 356
1718700 356
1718710 356
1718720 356
1718730 357
1718740 357
1718750 357
1718760 357
1718770 357
1718780 357
1718790 357
1718800 357
1718810 357
1718820 357
1718830 356
1718840 356
1718850 356
1718860 356
1718870 356
1718880 356
1718890 356
1718900 356
1718910 356
1718920 356
1718930 356
1718940 356
1718950 357
1718960 357
1718970 358
1718980 359
1718990 359
1719000 359
1719010 360
1719020 360
1719030 360
1719040 360
1719050 360
1719060 360
1719070 361
1719080 360
1719090 360
1719100 359
1719110 360
1719120 360
1719130 361
1719140 361
1719150 361
1719160 361
1719170 361
1719180 361
1719190 361
1719200 361
1719210 361
1719220 361
1719230 362
1719240 362
1719250 363
1719260 364
1719270 365
1719280 365
1719290 365
1719300 365
1719310 365
1719320 365
1719330 365
1719340 365
1719350 365
1719360 365
1719370 365
1719380 365
1719390 365
1719400 365
1719410 365
1719420 365
1719430 365
1719440 365
1719450 365
1719460 365
1719470 365
1719480 365
1719490 365
1719500 365
1719510 364
1719520 364
1719530 364
1719540 364
1719550 364
1719560 364
1719570 365
1719580 365
1719590 365
1719600 365
1719610 365
1719620 365
1719630 365
1719640 365
1719650 365
1719660 365
1719670 365
1719680 365
1719690 365
1719700 365
1719710 365
1719720 365
1719730 366
1719740 366
1719750 366
1719760 367
1719770 367
1719780 367
1719790 367
1719800 367
1719810 367
1719820 366
1719830 366
1719840 366
1719850 366
1719860 366
1719870 366
1719880 366
1719890 366
1719900 366
1719910 366
1719920 365
1719930 364
1719940 364
1719950 363
1719960 363
1719970 363
1719980 367
1719990 367
