1700000 506
1700010 513
1700020 513
1700030 514
1700040 514
1700050 514
1700060 515
1700070 515
1700080 515
1700090 516
1700100 516
1700110 516
1700120 517
1700130 517
1700140 518
1700150 518
1700160 518
1700170 519
1700180 519
1700190 519
1700200 519
1700210 519
1700220 520
1700230 520
1700240 520
1700250 520
1700260 520
1700270 520
1700280 519
1700290 519
1700300 519
1700310 517
1700320 514
1700330 514
1700340 511
1700350 508
1700360 505
1700370 505
1700380 502
1700390 498
1700400 498
1700410 495
1700420 492
1700430 492
1700440 490
1700450 487
1700460 487
1700470 482
1700480 480
1700490 480
1700500 477
1700510 479
1700520 479
1700530 482
1700540 485
1700550 485
1700560 481
1700570 486
1700580 489
1700590 489
1700600 491
1700610 494
1700620 494
1700630 499
1700640 502
1700650 502
1700660 504
1700670 506
1700680 506
1700690 508
1700700 510
1700710 510
1700720 513
1700730 516
1700740 516
1700750 519
1700760 520
1700770 520
1700780 522
1700790 523
1700800 524
1700810 524
1700820 526
1700830 528
1700840 528
1700850 529
1700860 529
1700870 529
1700880 530
1700890 530
1700900 530
1700910 530
1700920 530
1700930 530
1700940 530
1700950 530
1700960 530
1700970 529
1700980 529
1700990 529
1701000 528
1701010 526
1701020 522
1701030 522
1701040 513
1701050 511
1701060 511
1701070 518
1701080 512
1701090 512
1701100 508
1701110 516
1701120 516
1701130 523
1701140 528
1701150 528
1701160 529
1701170 530
1701180 530
1701190 531
1701200 533
1701210 533
1701220 534
1701230 535
1701240 535
1701250 535
1701260 535
1701270 535
1701280 535
1701290 535
1701300 535
1701310 535
1701320 534
1701330 534
1701340 534
1701350 534
1701360 534
1701370 534
1701380 534
1701390 534
1701400 534
1701410 534
1701420 535
1701430 535
1701440 535
1701450 535
1701460 535
1701470 535
1701480 535
1701490 534
1701500 534
1701510 533
1701520 532
1701530 532
1701540 531
1701550 529
1701560 529
1701570 526
1701580 523
1701590 523
1701600 520
1701610 517
1701620 517
1701630 515
1701640 513
1701650 513
1701660 509
1701670 506
1701680 506
1701690 503
1701700 496
1701710 490
1701720 490
1701730 492
1701740 498
1701750 498
1701760 496
1701770 493
1701780 493
1701790 492
1701800 489
1701810 489
1701820 486
1701830 482
1701840 482
1701850 480
1701860 480
1701870 480
1701880 479
1701890 480
1701900 480
1701910 487
1701920 492
1701930 495
1701940 495
1701950 497
1701960 498
1701970 498
1701980 499
1701990 501
1702000 501
1702010 503
1702020 507
1702030 507
1702040 510
1702050 514
1702060 514
1702070 515
1702080 514
1702090 514
1702100 510
1702110 506
1702120 506
1702130 503
1702140 499
1702150 495
1702160 495
1702170 492
1702180 489
1702190 489
1702200 487
1702210 485
1702220 485
1702230 479
1702240 476
1702250 476
1702260 481
1702270 482
1702280 482
1702290 482
1702300 482
1702310 482
1702320 481
1702330 480
1702340 480
1702350 480
1702360 481
1702370 483
1702380 483
1702390 481
1702400 477
1702410 477
1702420 473
1702430 473
1702440 473
1702450 474
1702460 474
1702470 474
1702480 474
1702490 475
1702500 475
1702510 482
1702520 488
1702530 488
1702540 494
1702550 499
1702560 499
1702570 504
1702580 509
1702590 513
1702600 513
1702610 515
1702620 516
1702630 516
1702640 519
1702650 522
1702660 522
1702670 525
1702680 527
1702690 527
1702700 531
1702710 535
1702720 535
1702730 538
1702740 541
1702750 541
1702760 544
1702770 547
1702780 547
1702790 550
1702800 553
1702810 556
1702820 556
1702830 559
1702840 562
1702850 562
1702860 566
1702870 569
1702880 569
1702890 573
1702900 578
1702910 578
1702920 582
1702930 586
1702940 586
1702950 590
1702960 591
1702970 591
1702980 593
1702990 595
1703000 595
1703010 596
1703020 598
1703030 600
1703040 600
1703050 602
1703060 602
1703070 602
1703080 602
1703090 601
1703100 601
1703110 600
1703120 599
1703130 599
1703140 598
1703150 597
1703160 597
1703170 597
1703180 595
1703190 595
1703200 593
1703210 592
1703220 592
1703230 590
1703240 588
1703250 586
1703260 586
1703270 584
1703280 583
1703290 583
1703300 582
1703310 581
1703320 581
1703330 579
1703340 578
1703350 578
1703360 576
1703370 574
1703380 574
1703390 573
1703400 573
1703410 573
1703420 575
1703430 578
1703440 578
1703450 578
1703460 579
1703470 584
1703480 584
1703490 586
1703500 587
1703510 587
1703520 588
1703530 591
1703540 591
1703550 594
1703560 596
1703570 596
1703580 597
1703590 598
1703600 598
1703610 601
1703620 603
1703630 603
1703640 605
1703650 606
1703660 606
1703670 609
1703680 611
1703690 613
1703700 613
1703710 614
1703720 616
1703730 616
1703740 617
1703750 618
1703760 618
1703770 620
1703780 621
1703790 621
1703800 623
1703810 625
1703820 625
1703830 626
1703840 628
1703850 628
1703860 630
1703870 632
1703880 632
1703890 633
1703900 633
1703910 632
1703920 632
1703930 631
1703940 630
1703950 630
1703960 629
1703970 627
1703980 627
1703990 624
1704000 622
1704010 622
1704020 621
1704030 620
1704040 620
1704050 620
1704060 619
1704070 619
1704080 616
1704090 613
1704100 613
1704110 611
1704120 610
1704130 608
1704140 608
1704150 606
1704160 603
1704170 603
1704180 600
1704190 596
1704200 596
1704210 593
1704220 591
1704230 591
1704240 589
1704250 587
1704260 587
1704270 587
1704280 587
1704290 587
1704300 586
1704310 586
1704320 586
1704330 586
1704340 587
1704350 587
1704360 587
1704370 587
1704380 586
1704390 586
1704400 585
1704410 583
1704420 583
1704430 581
1704440 579
1704450 579
1704460 578
1704470 583
1704480 583
1704490 589
1704500 593
1704510 593
1704520 597
1704530 600
1704540 600
1704550 603
1704560 606
1704570 609
1704580 609
1704590 611
1704600 614
1704610 614
1704620 615
1704630 615
1704640 615
1704650 615
1704660 612
1704670 612
1704680 609
1704690 605
1704700 605
1704710 600
1704720 593
1704730 593
1704740 584
1704750 578
1704760 578
1704770 573
1704780 566
1704790 558
1704800 558
1704810 550
1704820 541
1704830 541
1704840 533
1704850 526
1704860 526
1704870 520
1704880 515
1704890 515
1704900 512
1704910 507
1704920 507
1704930 501
1704940 499
1704950 499
1704960 507
1704970 506
1704980 506
1704990 514
1705000 518
1705010 521
1705020 521
1705030 524
1705040 528
1705050 528
1705060 531
1705070 535
1705080 535
1705090 539
1705100 544
1705110 544
1705120 549
1705130 553
1705140 553
1705150 557
1705160 560
1705170 560
1705180 562
1705190 566
1705200 566
1705210 571
1705220 575
1705230 580
1705240 580
1705250 584
1705260 589
1705270 589
1705280 594
1705290 599
1705300 599
1705310 605
1705320 611
1705330 611
1705340 614
1705350 617
1705360 617
1705370 618
1705380 618
1705390 618
1705400 617
1705410 617
1705420 617
1705430 617
1705440 616
1705450 613
1705460 613
1705470 610
1705480 609
1705490 609
1705500 608
1705510 607
1705520 607
1705530 606
1705540 607
1705550 607
1705560 606
1705570 605
1705580 605
1705590 605
1705600 603
1705610 603
1705620 603
1705630 601
1705640 601
1705650 599
1705660 594
1705670 591
1705680 591
1705690 588
1705700 585
1705710 585
1705720 580
1705730 578
1705740 578
1705750 577
1705760 575
1705770 575
1705780 575
1705790 575
1705800 575
1705810 574
1705820 574
1705830 574
1705840 574
1705850 573
1705860 573
1705870 573
1705880 570
1705890 573
1705900 573
1705910 574
1705920 574
1705930 574
1705940 574
1705950 574
1705960 574
1705970 575
1705980 576
1705990 576
1706000 576
1706010 576
1706020 576
1706030 577
1706040 578
1706050 578
1706060 578
1706070 576
1706080 576
1706090 573
1706100 568
1706110 563
1706120 563
1706130 559
1706140 554
1706150 554
1706160 550
1706170 544
1706180 544
1706190 550
1706200 555
1706210 555
1706220 557
1706230 559
1706240 559
1706250 564
1706260 566
1706270 566
1706280 569
1706290 570
1706300 570
1706310 570
1706320 567
1706330 560
1706340 560
1706350 555
1706360 553
1706370 553
1706380 558
1706390 559
1706400 559
1706410 563
1706420 567
1706430 567
1706440 570
1706450 573
1706460 573
1706470 575
1706480 578
1706490 578
1706500 580
1706510 583
1706520 583
1706530 586
1706540 589
1706550 593
1706560 593
1706570 595
1706580 597
1706590 597
1706600 599
1706610 601
1706620 601
1706630 604
1706640 606
1706650 606
1706660 608
1706670 610
1706680 610
1706690 612
1706700 614
1706710 614
1706720 616
1706730 617
1706740 617
1706750 619
1706760 621
1706770 623
1706780 623
1706790 623
1706800 624
1706810 624
1706820 624
1706830 622
1706840 622
1706850 623
1706860 621
1706870 621
1706880 621
1706890 621
1706900 621
1706910 622
1706920 622
1706930 622
1706940 624
1706950 625
1706960 625
1706970 626
1706980 627
1706990 628
1707000 628
1707010 629
1707020 629
1707030 629
1707040 628
1707050 627
1707060 627
1707070 625
1707080 622
1707090 622
1707100 618
1707110 613
1707120 613
1707130 608
1707140 603
1707150 603
1707160 597
1707170 592
1707180 592
1707190 594
1707200 600
1707210 605
1707220 605
1707230 609
1707240 613
1707250 613
1707260 617
1707270 622
1707280 622
1707290 626
1707300 629
1707310 629
1707320 631
1707330 633
1707340 633
1707350 635
1707360 637
1707370 637
1707380 639
1707390 640
1707400 640
1707410 640
1707420 641
1707430 642
1707440 642
1707450 641
1707460 641
1707470 641
1707480 641
1707490 642
1707500 642
1707510 643
1707520 644
1707530 644
1707540 644
1707550 642
1707560 642
1707570 642
1707580 641
1707590 641
1707600 637
1707610 636
1707620 636
1707630 634
1707640 631
1707650 627
1707660 627
1707670 622
1707680 617
1707690 617
1707700 613
1707710 609
1707720 609
1707730 604
1707740 601
1707750 601
1707760 597
1707770 593
1707780 593
1707790 589
1707800 586
1707810 586
1707820 582
1707830 579
1707840 579
1707850 576
1707860 573
1707870 570
1707880 570
1707890 566
1707900 563
1707910 563
1707920 559
1707930 556
1707940 556
1707950 552
1707960 550
1707970 550
1707980 547
1707990 545
1708000 545
1708010 541
1708020 538
1708030 538
1708040 535
1708050 534
1708060 534
1708070 530
1708080 528
1708090 525
1708100 525
1708110 522
1708120 520
1708130 520
1708140 516
1708150 512
1708160 512
1708170 510
1708180 504
1708190 504
1708200 500
1708210 497
1708220 497
1708230 493
1708240 489
1708250 489
1708260 489
1708270 493
1708280 493
1708290 497
1708300 502
1708310 505
1708320 505
1708330 507
1708340 508
1708350 508
1708360 509
1708370 510
1708380 510
1708390 511
1708400 512
1708410 512
1708420 511
1708430 512
1708440 512
1708450 508
1708460 504
1708470 504
1708480 505
1708490 508
1708500 508
1708510 510
1708520 512
1708530 517
1708540 517
1708550 519
1708560 522
1708570 522
1708580 527
1708590 530
1708600 530
1708610 533
1708620 535
1708630 535
1708640 536
1708650 537
1708660 537
1708670 537
1708680 537
1708690 537
1708700 535
1708710 531
1708720 531
1708730 527
1708740 524
1708750 522
1708760 522
1708770 520
1708780 516
1708790 516
1708800 514
1708810 511
1708820 511
1708830 507
1708840 503
1708850 503
1708860 500
1708870 497
1708880 497
1708890 494
1708900 491
1708910 491
1708920 489
1708930 486
1708940 486
1708950 482
1708960 480
1708970 479
1708980 479
1708990 478
1709000 476
1709010 476
1709020 476
1709030 473
1709040 473
1709050 471
1709060 470
1709070 470
1709080 469
1709090 468
1709100 468
1709110 468
1709120 467
1709130 467
1709140 466
1709150 466
1709160 466
1709170 465
1709180 465
1709190 465
1709200 465
1709210 464
1709220 464
1709230 464
1709240 464
1709250 464
1709260 464
1709270 464
1709280 464
1709290 464
1709300 464
1709310 463
1709320 463
1709330 461
1709340 461
1709350 461
1709360 461
1709370 461
1709380 461
1709390 461
1709400 461
1709410 461
1709420 461
1709430 461
1709440 461
1709450 461
1709460 462
1709470 462
1709480 462
1709490 461
1709500 460
1709510 460
1709520 460
1709530 459
1709540 459
1709550 458
1709560 457
1709570 457
1709580 456
1709590 455
1709600 455
1709610 454
1709620 453
1709630 452
1709640 452
1709650 451
1709660 452
1709670 452
1709680 452
1709690 452
1709700 452
1709710 452
1709720 454
1709730 454
1709740 454
1709750 455
1709760 455
1709770 456
1709780 456
1709790 456
1709800 457
1709810 458
1709820 458
1709830 459
1709840 460
1709850 461
1709860 461
1709870 465
1709880 466
1709890 466
1709900 467
1709910 468
1709920 468
1709930 469
1709940 471
1709950 471
1709960 472
1709970 474
1709980 474
1709990 475
1710000 477
1710010 477
1710020 478
1710030 480
1710040 480
1710050 481
1710060 482
1710070 483
1710080 483
1710090 485
1710100 486
1710110 486
1710120 487
1710130 488
1710140 488
1710150 489
1710160 490
1710170 490
1710180 491
1710190 492
1710200 492
1710210 492
1710220 492
1710230 492
1710240 493
1710250 493
1710260 493
1710270 492
1710280 491
1710290 488
1710300 488
1710310 485
1710320 481
1710330 481
1710340 476
1710350 470
1710360 470
1710370 465
1710380 460
1710390 460
1710400 453
1710410 453
1710420 453
1710430 459
1710440 465
1710450 465
1710460 471
1710470 476
1710480 476
1710490 480
1710500 483
1710510 485
1710520 485
1710530 486
1710540 488
1710550 488
1710560 491
1710570 494
1710580 494
1710590 496
1710600 499
1710610 499
1710620 501
1710630 502
1710640 502
1710650 502
1710660 500
1710670 500
1710680 496
1710690 491
1710700 491
1710710 485
1710720 480
1710730 485
1710740 485
1710750 490
1710760 492
1710770 492
1710780 496
1710790 499
1710800 499
1710810 501
1710820 505
1710830 505
1710840 509
1710850 513
1710860 513
1710870 518
1710880 520
1710890 520
1710900 524
1710910 524
1710920 524
1710930 526
1710940 530
1710950 534
1710960 534
1710970 538
1710980 541
1710990 541
1711000 544
1711010 547
1711020 547
1711030 550
1711040 552
1711050 552
1711060 556
1711070 559
1711080 559
1711090 562
1711100 558
1711110 558
1711120 552
1711130 547
1711140 547
1711150 541
1711160 534
1711170 526
1711180 526
1711190 519
1711200 513
1711210 513
1711220 506
1711230 500
1711240 500
1711250 493
1711260 487
1711270 487
1711280 481
1711290 475
1711300 475
1711310 469
1711320 463
1711330 463
1711340 459
1711350 454
1711360 454
1711370 449
1711380 444
1711390 439
1711400 439
1711410 434
1711420 429
1711430 429
1711440 424
1711450 420
1711460 420
1711470 415
1711480 411
1711490 411
1711500 408
1711510 406
1711520 406
1711530 408
1711540 407
1711550 407
1711560 407
1711570 408
1711580 408
1711590 408
1711600 408
1711610 409
1711620 409
1711630 415
1711640 420
1711650 420
1711660 424
1711670 427
1711680 427
1711690 431
1711700 436
1711710 436
1711720 442
1711730 449
1711740 449
1711750 454
1711760 458
1711770 458
1711780 461
1711790 465
1711800 465
1711810 469
1711820 473
1711830 477
1711840 477
1711850 481
1711860 486
1711870 486
1711880 490
1711890 494
1711900 494
1711910 498
1711920 502
1711930 502
1711940 506
1711950 511
1711960 511
1711970 515
1711980 521
1711990 521
1712000 526
1712010 531
1712020 531
1712030 536
1712040 540
1712050 547
1712060 547
1712070 554
1712080 560
1712090 560
1712100 568
1712110 575
1712120 575
1712130 580
1712140 587
1712150 587
1712160 593
1712170 599
1712180 599
1712190 605
1712200 610
1712210 610
1712220 616
1712230 621
1712240 621
1712250 624
1712260 630
1712270 634
1712280 634
1712290 639
1712300 645
1712310 645
1712320 648
1712330 653
1712340 653
1712350 658
1712360 662
1712370 662
1712380 668
1712390 672
1712400 672
1712410 678
1712420 683
1712430 683
1712440 687
1712450 690
1712460 690
1712470 693
1712480 696
1712490 699
1712500 699
1712510 701
1712520 704
1712530 704
1712540 707
1712550 709
1712560 709
1712570 711
1712580 714
1712590 714
1712600 716
1712610 717
1712620 717
1712630 718
1712640 718
1712650 718
1712660 719
1712670 721
1712680 721
1712690 722
1712700 721
1712710 720
1712720 720
1712730 718
1712740 715
1712750 715
1712760 712
1712770 710
1712780 710
1712790 707
1712800 703
1712810 703
1712820 699
1712830 697
1712840 697
1712850 692
1712860 687
1712870 687
1712880 683
1712890 680
1712900 680
1712910 676
1712920 671
1712930 666
1712940 666
1712950 662
1712960 658
1712970 658
1712980 653
1712990 648
1713000 648
1713010 643
1713020 638
1713030 638
1713040 633
1713050 629
1713060 629
1713070 624
1713080 619
1713090 619
1713100 614
1713110 611
1713120 611
1713130 609
1713140 608
1713150 607
1713160 607
1713170 606
1713180 603
1713190 603
1713200 600
1713210 597
1713220 597
1713230 594
1713240 592
1713250 592
1713260 589
1713270 588
1713280 588
1713290 585
1713300 582
1713310 582
1713320 579
1713330 575
1713340 575
1713350 570
1713360 563
1713370 556
1713380 556
1713390 549
1713400 543
1713410 543
1713420 536
1713430 530
1713440 530
1713450 523
1713460 517
1713470 517
1713480 510
1713490 504
1713500 504
1713510 497
1713520 491
1713530 491
1713540 484
1713550 473
1713560 473
1713570 468
1713580 460
1713590 460
1713600 455
1713610 449
1713620 444
1713630 444
1713640 439
1713650 433
1713660 433
1713670 427
1713680 423
1713690 423
1713700 420
1713710 416
1713720 416
1713730 416
1713740 415
1713750 415
1713760 415
1713770 416
1713780 416
1713790 414
1713800 412
1713810 412
1713820 410
1713830 406
1713840 401
1713850 401
1713860 396
1713870 394
1713880 394
1713890 392
1713900 390
1713910 390
1713920 388
1713930 387
1713940 387
1713950 386
1713960 384
1713970 384
1713980 382
1713990 381
1714000 381
1714010 379
1714020 378
1714030 378
1714040 377
1714050 376
1714060 376
1714070 376
1714080 375
1714090 375
1714100 375
1714110 375
1714120 374
1714130 374
1714140 374
1714150 375
1714160 375
1714170 375
1714180 374
1714190 374
1714200 374
1714210 373
1714220 373
1714230 373
1714240 373
1714250 373
1714260 373
1714270 373
1714280 373
1714290 373
1714300 373
1714310 373
1714320 373
1714330 373
1714340 373
1714350 373
1714360 372
1714370 372
1714380 372
1714390 372
1714400 372
1714410 372
1714420 373
1714430 373
1714440 373
1714450 372
1714460 373
1714470 373
1714480 372
1714490 372
1714500 373
1714510 373
1714520 373
1714530 372
1714540 372
1714550 372
1714560 372
1714570 372
1714580 372
1714590 372
1714600 372
1714610 372
1714620 372
1714630 372
1714640 372
1714650 372
1714660 372
1714670 371
1714680 372
1714690 372
1714700 371
1714710 371
1714720 372
1714730 372
1714740 372
1714750 371
1714760 371
1714770 371
1714780 371
1714790 371
1714800 371
1714810 371
1714820 371
1714830 371
1714840 371
1714850 371
1714860 371
1714870 371
1714880 371
1714890 370
1714900 371
1714910 371
1714920 370
1714930 370
1714940 370
1714950 370
1714960 369
1714970 368
1714980 368
1714990 366
1715000 365
1715010 365
1715020 365
1715030 363
1715040 363
1715050 359
1715060 358
1715070 358
1715080 358
1715090 359
1715100 359
1715110 359
1715120 359
1715130 359
1715140 359
1715150 359
1715160 359
1715170 359
1715180 359
1715190 358
1715200 358
1715210 358
1715220 358
1715230 358
1715240 358
1715250 358
1715260 358
1715270 358
1715280 358
1715290 358
1715300 358
1715310 358
1715320 358
1715330 357
1715340 356
1715350 356
1715360 355
1715370 356
1715380 356
1715390 356
1715400 357
1715410 357
1715420 357
1715430 358
1715440 358
1715450 358
1715460 358
1715470 358
1715480 358
1715490 357
1715500 356
1715510 356
1715520 357
1715530 357
1715540 357
1715550 357
1715560 357
1715570 357
1715580 356
1715590 356
1715600 356
1715610 356
1715620 356
1715630 358
1715640 358
1715650 358
1715660 358
1715670 358
1715680 356
1715690 357
1715700 357
1715710 357
1715720 357
1715730 357
1715740 357
1715750 357
1715760 357
1715770 356
1715780 356
1715790 356
1715800 356
1715810 356
1715820 355
1715830 355
1715840 356
1715850 356
1715860 356
1715870 356
1715880 355
1715890 355
1715900 356
1715910 356
1715920 356
1715930 356
1715940 356
1715950 356
1715960 356
1715970 356
1715980 356
1715990 356
1716000 356
1716010 356
1716020 356
1716030 356
1716040 355
1716050 355
1716060 355
1716070 355
1716080 355
1716090 355
1716100 356
1716110 356
1716120 356
1716130 356
1716140 356
1716150 356
1716160 356
1716170 356
1716180 356
1716190 356
1716200 356
1716210 355
1716220 356
1716230 356
1716240 356
1716250 356
1716260 356
1716270 356
1716280 356
1716290 356
1716300 356
1716310 356
1716320 356
1716330 356
1716340 356
1716350 356
1716360 356
1716370 355
1716380 355
1716390 355
1716400 355
1716410 355
1716420 355
1716430 355
1716440 355
1716450 355
1716460 355
1716470 355
1716480 355
1716490 355
1716500 355
1716510 354
1716520 354
1716530 354
1716540 352
1716550 352
1716560 348
1716570 347
1716580 347
1716590 347
1716600 347
1716610 347
1716620 347
1716630 347
1716640 347
1716650 347
1716660 351
1716670 351
1716680 354
1716690 354
1716700 354
1716710 354
1716720 353
1716730 353
1716740 353
1716750 354
1716760 354
1716770 354
1716780 354
1716790 354
1716800 354
1716810 355
1716820 354
1716830 354
1716840 355
1716850 356
1716860 356
1716870 357
1716880 356
1716890 356
1716900 358
1716910 358
1716920 358
1716930 358
1716940 358
1716950 357
1716960 357
1716970 357
1716980 356
1716990 356
1717000 356
1717010 356
1717020 356
1717030 356
1717040 356
1717050 356
1717060 355
1717070 355
1717080 355
1717090 355
1717100 355
1717110 355
1717120 356
1717130 356
1717140 355
1717150 355
1717160 355
1717170 355
1717180 355
1717190 355
1717200 357
1717210 357
1717220 357
1717230 357
1717240 357
1717250 356
1717260 356
1717270 356
1717280 356
1717290 356
1717300 356
1717310 356
1717320 356
1717330 356
1717340 356
1717350 356
1717360 356
1717370 356
1717380 356
1717390 356
1717400 356
1717410 356
1717420 356
1717430 356
1717440 356
1717450 357
1717460 357
1717470 360
1717480 360
1717490 360
1717500 360
1717510 361
1717520 361
1717530 362
1717540 363
1717550 363
1717560 362
1717570 362
1717580 363
1717590 363
1717600 363
1717610 363
1717620 363
1717630 363
1717640 364
1717650 364
1717660 364
1717670 365
1717680 365
1717690 366
1717700 367
1717710 367
1717720 369
1717730 370
1717740 370
1717750 373
1717760 377
1717770 377
1717780 385
1717790 393
1717800 397
1717810 397
1717820 399
1717830 398
1717840 398
1717850 395
1717860 392
1717870 392
1717880 388
1717890 385
1717900 385
1717910 381
1717920 377
1717930 377
1717940 374
1717950 371
1717960 371
1717970 370
1717980 370
1717990 370
1718000 374
1718010 377
1718020 383
1718030 383
1718040 389
1718050 392
1718060 392
1718070 393
1718080 395
1718090 395
1718100 398
1718110 399
1718120 399
1718130 400
1718140 401
1718150 401
1718160 402
1718170 402
1718180 402
1718190 402
1718200 402
1718210 402
1718220 402
1718230 400
1718240 396
1718250 396
1718260 396
1718270 397
1718280 397
1718290 399
1718300 400
1718310 400
1718320 402
1718330 402
1718340 402
1718350 408
1718360 410
1718370 410
1718380 410
1718390 410
1718400 410
1718410 408
1718420 408
1718430 408
1718440 409
1718450 408
1718460 407
1718470 407
1718480 405
1718490 404
1718500 404
1718510 404
1718520 404
1718530 404
1718540 405
1718550 407
1718560 407
1718570 407
1718580 408
1718590 408
1718600 405
1718610 403
1718620 403
1718630 402
1718640 400
1718650 400
1718660 399
1718670 399
1718680 398
1718690 398
1718700 396
1718710 396
1718720 396
1718730 397
1718740 393
1718750 393
1718760 389
1718770 386
1718780 386
1718790 385
1718800 387
1718810 387
1718820 392
1718830 395
1718840 395
1718850 400
1718860 404
1718870 404
1718880 407
1718890 409
1718900 411
1718910 411
1718920 413
1718930 415
1718940 415
1718950 417
1718960 418
1718970 418
1718980 420
1718990 421
1719000 421
1719010 424
1719020 426
1719030 426
1719040 428
1719050 430
1719060 430
1719070 432
1719080 432
1719090 432
1719100 433
1719110 434
1719120 434
1719130 434
1719140 433
1719150 433
1719160 433
1719170 432
1719180 433
1719190 433
1719200 433
1719210 434
1719220 434
1719230 434
1719240 436
1719250 436
1719260 439
1719270 441
1719280 441
1719290 443
1719300 445
1719310 445
1719320 447
1719330 450
1719340 452
1719350 452
1719360 452
1719370 455
1719380 455
1719390 455
1719400 456
1719410 456
1719420 459
1719430 460
1719440 460
1719450 462
1719460 464
1719470 464
1719480 465
1719490 466
1719500 466
1719510 468
1719520 469
1719530 469
1719540 469
1719550 469
1719560 467
1719570 467
1719580 464
1719590 463
1719600 463
1719610 462
1719620 460
1719630 460
1719640 460
1719650 459
1719660 459
1719670 459
1719680 459
1719690 459
1719700 457
1719710 456
1719720 456
1719730 455
1719740 454
1719750 454
1719760 453
1719770 453
1719780 452
1719790 452
1719800 452
1719810 451
1719820 451
1719830 451
1719840 451
1719850 451
1719860 451
1719870 451
1719880 451
1719890 451
1719900 451
1719910 451
1719920 451
1719930 451
1719940 453
1719950 451
1719960 452
1719970 452
1719980 451
1719990 450
