1700000 558
1700010 558
1700020 557
1700030 557
1700040 556
1700050 556
1700060 556
1700070 556
1700080 556
1700090 556
1700100 555
1700110 554
1700120 554
1700130 553
1700140 553
1700150 553
1700160 551
1700170 550
1700180 550
1700190 547
1700200 545
1700210 545
1700220 544
1700230 543
1700240 543
1700250 542
1700260 541
1700270 539
1700280 539
1700290 536
1700300 533
1700310 533
1700320 530
1700330 527
1700340 527
1700350 523
1700360 520
1700370 520
1700380 518
1700390 516
1700400 516
1700410 513
1700420 511
1700430 511
1700440 507
1700450 508
1700460 508
1700470 507
1700480 505
1700490 504
1700500 504
1700510 503
1700520 501
1700530 501
1700540 500
1700550 497
1700560 497
1700570 496
1700580 493
1700590 493
1700600 491
1700610 489
1700620 489
1700630 486
1700640 483
1700650 483
1700660 480
1700670 476
1700680 476
1700690 474
1700700 472
1700710 469
1700720 469
1700730 467
1700740 466
1700750 466
1700760 465
1700770 465
1700780 465
1700790 465
1700800 464
1700810 464
1700820 464
1700830 464
1700840 464
1700850 464
1700860 464
1700870 464
1700880 464
1700890 464
1700900 464
1700910 465
1700920 467
1700930 467
1700940 469
1700950 472
1700960 475
1700970 475
1700980 478
1700990 482
1701000 482
1701010 488
1701020 495
1701030 495
1701040 501
1701050 505
1701060 505
1701070 507
1701080 513
1701090 513
1701100 517
1701110 519
1701120 519
1701130 520
1701140 519
1701150 519
1701160 516
1701170 519
1701180 525
1701190 525
1701200 528
1701210 530
1701220 530
1701230 531
1701240 530
1701250 530
1701260 527
1701270 523
1701280 523
1701290 519
1701300 516
1701310 516
1701320 512
1701330 510
1701340 510
1701350 507
1701360 504
1701370 504
1701380 503
1701390 501
1701400 499
1701410 499
1701420 496
1701430 493
1701440 493
1701450 490
1701460 486
1701470 486
1701480 482
1701490 478
1701500 478
1701510 476
1701520 475
1701530 475
1701540 473
1701550 472
1701560 472
1701570 471
1701580 469
1701590 469
1701600 468
1701610 469
1701620 469
1701630 468
1701640 467
1701650 467
1701660 467
1701670 466
1701680 466
1701690 466
1701700 465
1701710 465
1701720 465
1701730 464
1701740 464
1701750 464
1701760 465
1701770 465
1701780 465
1701790 466
1701800 466
1701810 466
1701820 467
1701830 467
1701840 467
1701850 468
1701860 468
1701870 468
1701880 468
1701890 468
1701900 468
1701910 468
1701920 468
1701930 467
1701940 467
1701950 467
1701960 467
1701970 467
1701980 467
1701990 467
1702000 467
1702010 467
1702020 466
1702030 466
1702040 465
1702050 465
1702060 465
1702070 464
1702080 464
1702090 463
1702100 463
1702110 462
1702120 461
1702130 461
1702140 461
1702150 460
1702160 460
1702170 459
1702180 458
1702190 458
1702200 458
1702210 457
1702220 457
1702230 456
1702240 455
1702250 455
1702260 454
1702270 453
1702280 453
1702290 452
1702300 451
1702310 451
1702320 451
1702330 450
1702340 450
1702350 450
1702360 449
1702370 449
1702380 449
1702390 449
1702400 448
1702410 448
1702420 448
1702430 447
1702440 447
1702450 446
1702460 444
1702470 444
1702480 443
1702490 442
1702500 442
1702510 440
1702520 439
1702530 439
1702540 438
1702550 437
1702560 436
1702570 436
1702580 436
1702590 434
1702600 434
1702610 433
1702620 432
1702630 432
1702640 431
1702650 431
1702660 431
1702670 430
1702680 429
1702690 429
1702700 429
1702710 429
1702720 429
1702730 429
1702740 429
1702750 429
1702760 429
1702770 428
1702780 428
1702790 428
1702800 428
1702810 427
1702820 427
1702830 427
1702840 427
1702850 427
1702860 427
1702870 427
1702880 427
1702890 427
1702900 427
1702910 427
1702920 426
1702930 426
1702940 426
1702950 425
1702960 425
1702970 425
1702980 425
1702990 425
1703000 425
1703010 424
1703020 424
1703030 424
1703040 424
1703050 424
1703060 424
1703070 424
1703080 424
1703090 424
1703100 424
1703110 424
1703120 423
1703130 423
1703140 424
1703150 423
1703160 423
1703170 423
1703180 423
1703190 423
1703200 423
1703210 423
1703220 423
1703230 422
1703240 421
1703250 422
1703260 422
1703270 422
1703280 422
1703290 422
1703300 422
1703310 421
1703320 421
1703330 421
1703340 421
1703350 421
1703360 421
1703370 421
1703380 421
1703390 421
1703400 421
1703410 421
1703420 421
1703430 421
1703440 421
1703450 421
1703460 422
1703470 421
1703480 421
1703490 421
1703500 421
1703510 421
1703520 421
1703530 421
1703540 421
1703550 421
1703560 421
1703570 421
1703580 421
1703590 421
1703600 421
1703610 421
1703620 421
1703630 421
1703640 420
1703650 420
1703660 420
1703670 420
1703680 420
1703690 420
1703700 420
1703710 419
1703720 419
1703730 419
1703740 419
1703750 419
1703760 419
1703770 419
1703780 419
1703790 419
1703800 419
1703810 419
1703820 419
1703830 419
1703840 420
1703850 420
1703860 420
1703870 420
1703880 420
1703890 421
1703900 421
1703910 421
1703920 422
1703930 422
1703940 423
1703950 423
1703960 424
1703970 425
1703980 425
1703990 426
1704000 427
1704010 427
1704020 428
1704030 429
1704040 429
1704050 430
1704060 431
1704070 431
1704080 433
1704090 434
1704100 434
1704110 435
1704120 438
1704130 438
1704140 439
1704150 441
1704160 442
1704170 442
1704180 444
1704190 446
1704200 446
1704210 448
1704220 450
1704230 450
1704240 452
1704250 453
1704260 453
1704270 455
1704280 457
1704290 457
1704300 459
1704310 461
1704320 461
1704330 463
1704340 465
1704350 465
1704360 467
1704370 469
1704380 469
1704390 472
1704400 474
1704410 475
1704420 475
1704430 476
1704440 477
1704450 477
1704460 478
1704470 479
1704480 479
1704490 479
1704500 480
1704510 480
1704520 480
1704530 480
1704540 480
1704550 480
1704560 480
1704570 480
1704580 480
1704590 481
1704600 481
1704610 481
1704620 481
1704630 481
1704640 481
1704650 480
1704660 479
1704670 479
1704680 478
1704690 476
1704700 476
1704710 475
1704720 474
1704730 474
1704740 474
1704750 473
1704760 473
1704770 470
1704780 470
1704790 470
1704800 468
1704810 467
1704820 467
1704830 465
1704840 463
1704850 462
1704860 462
1704870 460
1704880 457
1704890 457
1704900 456
1704910 452
1704920 452
1704930 450
1704940 447
1704950 447
1704960 444
1704970 442
1704980 442
1704990 439
1705000 436
1705010 436
1705020 432
1705030 429
1705040 429
1705050 426
1705060 424
1705070 424
1705080 420
1705090 417
1705100 413
1705110 413
1705120 408
1705130 404
1705140 404
1705150 403
1705160 399
1705170 399
1705180 399
1705190 403
1705200 403
1705210 407
1705220 415
1705230 415
1705240 420
1705250 420
1705260 420
1705270 414
1705280 407
1705290 407
1705300 401
1705310 392
1705320 387
1705330 387
1705340 385
1705350 383
1705360 383
1705370 382
1705380 381
1705390 381
1705400 381
1705410 381
1705420 381
1705430 381
1705440 381
1705450 381
1705460 381
1705470 380
1705480 380
1705490 381
1705500 380
1705510 380
1705520 380
1705530 380
1705540 380
1705550 380
1705560 380
1705570 380
1705580 380
1705590 380
1705600 380
1705610 380
1705620 380
1705630 380
1705640 380
1705650 380
1705660 379
1705670 379
1705680 380
1705690 380
1705700 380
1705710 380
1705720 379
1705730 379
1705740 379
1705750 379
1705760 379
1705770 381
1705780 382
1705790 378
1705800 378
1705810 378
1705820 378
1705830 378
1705840 379
1705850 379
1705860 379
1705870 379
1705880 379
1705890 379
1705900 379
1705910 378
1705920 378
1705930 378
1705940 378
1705950 378
1705960 379
1705970 379
1705980 379
1705990 379
1706000 379
1706010 379
1706020 379
1706030 378
1706040 379
1706050 379
1706060 379
1706070 379
1706080 379
1706090 379
1706100 379
1706110 379
1706120 379
1706130 379
1706140 379
1706150 379
1706160 379
1706170 379
1706180 379
1706190 379
1706200 379
1706210 379
1706220 379
1706230 378
1706240 378
1706250 378
1706260 380
1706270 380
1706280 374
1706290 375
1706300 375
1706310 376
1706320 377
1706330 377
1706340 378
1706350 378
1706360 378
1706370 379
1706380 379
1706390 379
1706400 379
1706410 379
1706420 379
1706430 379
1706440 380
1706450 380
1706460 380
1706470 383
1706480 383
1706490 383
1706500 416
1706510 420
1706520 420
1706530 426
1706540 443
1706550 443
1706560 453
1706570 456
1706580 456
1706590 459
1706600 459
1706610 459
1706620 461
1706630 463
1706640 463
1706650 463
1706660 465
1706670 465
1706680 465
1706690 466
1706700 465
1706710 465
1706720 465
1706730 465
1706740 465
1706750 464
1706760 462
1706770 462
1706780 460
1706790 458
1706800 458
1706810 456
1706820 455
1706830 455
1706840 451
1706850 447
1706860 452
1706870 449
1706880 447
1706890 447
1706900 443
1706910 439
1706920 434
1706930 434
1706940 431
1706950 427
1706960 427
1706970 424
1706980 422
1706990 422
1707000 420
1707010 417
1707020 417
1707030 414
1707040 410
1707050 410
1707060 407
1707070 405
1707080 405
1707090 404
1707100 403
1707110 403
1707120 403
1707130 402
1707140 402
1707150 402
1707160 402
1707170 402
1707180 402
1707190 402
1707200 402
1707210 402
1707220 402
1707230 402
1707240 402
1707250 402
1707260 402
1707270 402
1707280 404
1707290 405
1707300 405
1707310 408
1707320 409
1707330 409
1707340 409
1707350 409
1707360 409
1707370 410
1707380 411
1707390 412
1707400 412
1707410 413
1707420 414
1707430 414
1707440 414
1707450 413
1707460 413
1707470 409
1707480 407
1707490 407
1707500 406
1707510 407
1707520 407
1707530 406
1707540 404
1707550 404
1707560 402
1707570 399
1707580 399
1707590 397
1707600 396
1707610 396
1707620 396
1707630 398
1707640 398
1707650 398
1707660 400
1707670 400
1707680 400
1707690 400
1707700 402
1707710 402
1707720 403
1707730 403
1707740 403
1707750 403
1707760 403
1707770 403
1707780 402
1707790 403
1707800 403
1707810 403
1707820 403
1707830 403
1707840 403
1707850 403
1707860 403
1707870 403
1707880 403
1707890 403
1707900 403
1707910 403
1707920 404
1707930 404
1707940 404
1707950 402
1707960 402
1707970 403
1707980 406
1707990 406
1708000 411
1708010 411
1708020 411
1708030 413
1708040 415
1708050 415
1708060 415
1708070 413
1708080 407
1708090 407
1708100 399
1708110 402
1708120 402
1708130 400
1708140 399
1708150 399
1708160 397
1708170 395
1708180 395
1708190 392
1708200 393
1708210 393
1708220 394
1708230 395
1708240 395
1708250 395
1708260 397
1708270 397
1708280 398
1708290 399
1708300 400
1708310 400
1708320 402
1708330 404
1708340 404
1708350 406
1708360 408
1708370 408
1708380 410
1708390 412
1708400 412
1708410 413
1708420 413
1708430 413
1708440 414
1708450 416
1708460 416
1708470 417
1708480 420
1708490 420
1708500 421
1708510 422
1708520 422
1708530 422
1708540 423
1708550 423
1708560 423
1708570 423
1708580 423
1708590 423
1708600 421
1708610 421
1708620 421
1708630 422
1708640 425
1708650 425
1708660 428
1708670 428
1708680 428
1708690 429
1708700 428
1708710 428
1708720 426
1708730 420
1708740 420
1708750 414
1708760 414
1708770 414
1708780 414
1708790 423
1708800 423
1708810 423
1708820 424
1708830 426
1708840 426
1708850 420
1708860 419
1708870 419
1708880 418
1708890 419
1708900 419
1708910 420
1708920 420
1708930 420
1708940 420
1708950 420
1708960 420
1708970 416
1708980 415
1708990 414
1709000 414
1709010 413
1709020 413
1709030 413
1709040 413
1709050 412
1709060 412
1709070 411
1709080 410
1709090 410
1709100 410
1709110 408
1709120 408
1709130 408
1709140 406
1709150 406
1709160 405
1709170 404
1709180 404
1709190 402
1709200 401
1709210 400
1709220 400
1709230 400
1709240 399
1709250 399
1709260 400
1709270 399
1709280 399
1709290 397
1709300 398
1709310 398
1709320 400
1709330 400
1709340 400
1709350 400
1709360 401
1709370 401
1709380 401
1709390 403
1709400 403
1709410 406
1709420 409
1709430 409
1709440 412
1709450 414
1709460 413
1709470 413
1709480 409
1709490 409
1709500 409
1709510 408
1709520 407
1709530 407
1709540 406
1709550 405
1709560 405
1709570 405
1709580 406
1709590 406
1709600 407
1709610 407
1709620 407
1709630 407
1709640 407
1709650 407
1709660 407
1709670 408
1709680 408
1709690 408
1709700 408
1709710 408
1709720 408
1709730 409
1709740 412
1709750 412
1709760 413
1709770 414
1709780 414
1709790 417
1709800 419
1709810 419
1709820 421
1709830 422
1709840 422
1709850 423
1709860 424
1709870 424
1709880 425
1709890 426
1709900 428
1709910 428
1709920 429
1709930 430
1709940 430
1709950 431
1709960 432
1709970 432
1709980 433
1709990 435
1710000 435
1710010 436
1710020 437
1710030 437
1710040 438
1710050 439
1710060 439
1710070 440
1710080 441
1710090 441
1710100 442
1710110 443
1710120 443
1710130 444
1710140 444
1710150 445
1710160 444
1710170 445
1710180 446
1710190 446
1710200 447
1710210 448
1710220 448
1710230 450
1710240 451
1710250 451
1710260 452
1710270 453
1710280 453
1710290 454
1710300 454
1710310 454
1710320 455
1710330 455
1710340 455
1710350 456
1710360 456
1710370 456
1710380 456
1710390 457
1710400 457
1710410 457
1710420 457
1710430 458
1710440 458
1710450 458
1710460 458
1710470 458
1710480 459
1710490 459
1710500 459
1710510 459
1710520 459
1710530 459
1710540 459
1710550 458
1710560 458
1710570 458
1710580 459
1710590 460
1710600 460
1710610 459
1710620 459
1710630 459
1710640 460
1710650 460
1710660 460
1710670 460
1710680 463
1710690 463
1710700 463
1710710 463
1710720 463
1710730 462
1710740 462
1710750 462
1710760 463
1710770 463
1710780 463
1710790 465
1710800 465
1710810 465
1710820 467
1710830 469
1710840 470
1710850 470
1710860 470
1710870 472
1710880 472
1710890 469
1710900 471
1710910 471
1710920 470
1710930 463
1710940 463
1710950 457
1710960 452
1710970 452
1710980 452
1710990 456
1711000 456
1711010 461
1711020 464
1711030 464
1711040 463
1711050 459
1711060 455
1711070 455
1711080 451
1711090 457
1711100 457
1711110 460
1711120 464
1711130 464
1711140 468
1711150 470
1711160 470
1711170 471
1711180 472
1711190 472
1711200 472
1711210 472
1711220 472
1711230 468
1711240 469
1711250 469
1711260 471
1711270 473
1711280 473
1711290 473
1711300 475
1711310 477
1711320 477
1711330 477
1711340 477
1711350 477
1711360 474
1711370 468
1711380 468
1711390 461
1711400 455
1711410 455
1711420 447
1711430 442
1711440 442
1711450 439
1711460 436
1711470 436
1711480 436
1711490 435
1711500 435
1711510 435
1711520 435
1711530 437
1711540 437
1711550 441
1711560 445
1711570 445
1711580 449
1711590 453
1711600 453
1711610 457
1711620 461
1711630 461
1711640 463
1711650 466
1711660 466
1711670 467
1711680 469
1711690 469
1711700 470
1711710 471
1711720 471
1711730 472
1711740 474
1711750 475
1711760 475
1711770 469
1711780 468
1711790 468
1711800 469
1711810 471
1711820 471
1711830 475
1711840 480
1711850 480
1711860 486
1711870 492
1711880 492
1711890 494
1711900 501
1711910 501
1711920 506
1711930 510
1711940 510
1711950 514
1711960 519
1711970 524
1711980 524
1711990 527
1712000 531
1712010 531
1712020 534
1712030 538
1712040 538
1712050 544
1712060 549
1712070 549
1712080 553
1712090 557
1712100 557
1712110 561
1712120 564
1712130 564
1712140 567
1712150 570
1712160 570
1712170 574
1712180 577
1712190 577
1712200 581
1712210 585
1712220 589
1712230 589
1712240 593
1712250 589
1712260 589
1712270 586
1712280 586
1712290 586
1712300 585
1712310 584
1712320 584
1712330 583
1712340 584
1712350 584
1712360 584
1712370 584
1712380 584
1712390 584
1712400 585
1712410 585
1712420 586
1712430 586
1712440 587
1712450 587
1712460 587
1712470 588
1712480 588
1712490 589
1712500 589
1712510 589
1712520 592
1712530 595
1712540 595
1712550 597
1712560 600
1712570 600
1712580 601
1712590 600
1712600 600
1712610 600
1712620 600
1712630 600
1712640 602
1712650 603
1712660 606
1712670 606
1712680 606
1712690 602
1712700 602
1712710 598
1712720 595
1712730 595
1712740 594
1712750 592
1712760 592
1712770 591
1712780 588
1712790 588
1712800 584
1712810 580
1712820 580
1712830 576
1712840 572
1712850 572
1712860 567
1712870 563
1712880 563
1712890 557
1712900 553
1712910 549
1712920 549
1712930 544
1712940 539
1712950 539
1712960 535
1712970 532
1712980 532
1712990 531
1713000 527
1713010 527
1713020 524
1713030 522
1713040 522
1713050 521
1713060 520
1713070 520
1713080 519
1713090 517
1713100 517
1713110 514
1713120 513
1713130 511
1713140 511
1713150 507
1713160 505
1713170 505
1713180 504
1713190 502
1713200 502
1713210 503
1713220 500
1713230 500
1713240 498
1713250 493
1713260 493
1713270 490
1713280 491
1713290 491
1713300 493
1713310 496
1713320 496
1713330 500
1713340 502
1713350 506
1713360 506
1713370 509
1713380 513
1713390 513
1713400 517
1713410 521
1713420 521
1713430 525
1713440 529
1713450 529
1713460 533
1713470 537
1713480 537
1713490 540
1713500 545
1713510 545
1713520 548
1713530 550
1713540 550
1713550 553
1713560 555
1713570 555
1713580 556
1713590 557
1713600 559
1713610 559
1713620 561
1713630 564
1713640 564
1713650 566
1713660 568
1713670 568
1713680 572
1713690 573
1713700 573
1713710 574
1713720 576
1713730 576
1713740 577
1713750 577
1713760 577
1713770 576
1713780 578
1713790 578
1713800 582
1713810 584
1713820 587
1713830 587
1713840 589
1713850 591
1713860 591
1713870 594
1713880 596
1713890 596
1713900 599
1713910 601
1713920 601
1713930 604
1713940 606
1713950 606
1713960 607
1713970 608
1713980 608
1713990 608
1714000 609
1714010 609
1714020 610
1714030 611
1714040 611
1714050 611
1714060 612
1714070 610
1714080 610
1714090 608
1714100 605
1714110 605
1714120 604
1714130 603
1714140 603
1714150 602
1714160 603
1714170 603
1714180 603
1714190 605
1714200 605
1714210 607
1714220 610
1714230 610
1714240 612
1714250 614
1714260 614
1714270 614
1714280 615
1714290 616
1714300 616
1714310 617
1714320 620
1714330 620
1714340 622
1714350 624
1714360 624
1714370 626
1714380 627
1714390 627
1714400 629
1714410 630
1714420 630
1714430 632
1714440 634
1714450 634
1714460 635
1714470 635
1714480 635
1714490 634
1714500 631
1714510 629
1714520 629
1714530 627
1714540 624
1714550 624
1714560 620
1714570 616
1714580 616
1714590 613
1714600 613
1714610 613
1714620 612
1714630 609
1714640 609
1714650 606
1714660 604
1714670 604
1714680 602
1714690 601
1714700 601
1714710 598
1714720 594
1714730 591
1714740 591
1714750 588
1714760 585
1714770 585
1714780 582
1714790 577
1714800 577
1714810 571
1714820 566
1714830 566
1714840 561
1714850 555
1714860 555
1714870 550
1714880 546
1714890 546
1714900 543
1714910 541
1714920 541
1714930 540
1714940 539
1714950 538
1714960 538
1714970 537
1714980 535
1714990 535
1715000 534
1715010 532
1715020 532
1715030 531
1715040 529
1715050 529
1715060 527
1715070 526
1715080 526
1715090 522
1715100 518
1715110 518
1715120 514
1715130 510
1715140 510
1715150 505
1715160 502
1715170 502
1715180 500
1715190 498
1715200 497
1715210 497
1715220 493
1715230 490
1715240 490
1715250 487
1715260 484
1715270 484
1715280 482
1715290 479
1715300 479
1715310 476
1715320 475
1715330 475
1715340 472
1715350 470
1715360 470
1715370 469
1715380 468
1715390 468
1715400 466
1715410 463
1715420 461
1715430 461
1715440 460
1715450 459
1715460 459
1715470 457
1715480 457
1715490 457
1715500 455
1715510 453
1715520 453
1715530 452
1715540 451
1715550 451
1715560 449
1715570 448
1715580 448
1715590 446
1715600 444
1715610 444
1715620 444
1715630 443
1715640 442
1715650 442
1715660 442
1715670 440
1715680 440
1715690 439
1715700 438
1715710 438
1715720 438
1715730 436
1715740 436
1715750 435
1715760 434
1715770 434
1715780 435
1715790 437
1715800 437
1715810 437
1715820 438
1715830 438
1715840 439
1715850 439
1715860 439
1715870 440
1715880 440
1715890 440
1715900 440
1715910 440
1715920 440
1715930 440
1715940 441
1715950 441
1715960 441
1715970 441
1715980 441
1715990 441
1716000 441
1716010 441
1716020 441
1716030 440
1716040 440
1716050 440
1716060 441
1716070 440
1716080 440
1716090 439
1716100 438
1716110 438
1716120 438
1716130 437
1716140 436
1716150 436
1716160 436
1716170 436
1716180 436
1716190 435
1716200 435
1716210 435
1716220 435
1716230 434
1716240 434
1716250 433
1716260 432
1716270 432
1716280 432
1716290 431
1716300 431
1716310 430
1716320 429
1716330 428
1716340 428
1716350 427
1716360 427
1716370 427
1716380 425
1716390 424
1716400 424
1716410 423
1716420 422
1716430 422
1716440 421
1716450 420
1716460 420
1716470 418
1716480 417
1716490 417
1716500 415
1716510 414
1716520 414
1716530 414
1716540 413
1716550 413
1716560 414
1716570 412
1716580 412
1716590 412
1716600 412
1716610 412
1716620 412
1716630 411
1716640 411
1716650 411
1716660 410
1716670 410
1716680 410
1716690 410
1716700 409
1716710 409
1716720 409
1716730 409
1716740 409
1716750 409
1716760 409
1716770 409
1716780 409
1716790 410
1716800 410
1716810 410
1716820 409
1716830 410
1716840 410
1716850 411
1716860 408
1716870 408
1716880 409
1716890 412
1716900 412
1716910 412
1716920 413
1716930 413
1716940 415
1716950 414
1716960 414
1716970 415
1716980 416
1716990 416
1717000 423
1717010 429
1717020 430
1717030 430
1717040 431
1717050 432
1717060 432
1717070 440
1717080 448
1717090 448
1717100 459
1717110 463
1717120 463
1717130 469
1717140 472
1717150 472
1717160 474
1717170 475
1717180 475
1717190 477
1717200 478
1717210 478
1717220 479
1717230 480
1717240 480
1717250 480
1717260 480
1717270 480
1717280 480
1717290 482
1717300 483
1717310 483
1717320 484
1717330 485
1717340 485
1717350 485
1717360 487
1717370 487
1717380 488
1717390 489
1717400 489
1717410 492
1717420 494
1717430 494
1717440 494
1717450 496
1717460 496
1717470 496
1717480 498
1717490 497
1717500 497
1717510 493
1717520 499
1717530 499
1717540 503
1717550 507
1717560 507
1717570 512
1717580 515
1717590 515
1717600 519
1717610 522
1717620 522
1717630 526
1717640 530
1717650 530
1717660 534
1717670 537
1717680 537
1717690 540
1717700 544
1717710 547
1717720 547
1717730 549
1717740 551
1717750 551
1717760 553
1717770 555
1717780 555
1717790 557
1717800 558
1717810 558
1717820 559
1717830 558
1717840 558
1717850 558
1717860 557
1717870 557
1717880 556
1717890 555
1717900 555
1717910 554
1717920 554
1717930 554
1717940 553
1717950 553
1717960 552
1717970 552
1717980 550
1717990 543
1718000 543
1718010 548
1718020 553
1718030 553
1718040 555
1718050 556
1718060 556
1718070 556
1718080 556
1718090 556
1718100 555
1718110 554
1718120 554
1718130 555
1718140 554
1718150 554
1718160 556
1718170 555
1718180 556
1718190 556
1718200 556
1718210 554
1718220 554
1718230 552
1718240 550
1718250 550
1718260 550
1718270 553
1718280 553
1718290 561
1718300 566
1718310 566
1718320 571
1718330 576
1718340 576
1718350 582
1718360 587
1718370 587
1718380 591
1718390 595
1718400 597
1718410 597
1718420 600
1718430 602
1718440 602
1718450 604
1718460 607
1718470 607
1718480 609
1718490 611
1718500 611
1718510 613
1718520 614
1718530 614
1718540 615
1718550 617
1718560 617
1718570 618
1718580 620
1718590 620
1718600 623
1718610 626
1718620 626
1718630 627
1718640 629
1718650 631
1718660 631
1718670 632
1718680 633
1718690 633
1718700 635
1718710 636
1718720 636
1718730 638
1718740 641
1718750 641
1718760 641
1718770 638
1718780 638
1718790 645
1718800 646
1718810 646
1718820 647
1718830 649
1718840 649
1718850 648
1718860 646
1718870 644
1718880 644
1718890 641
1718900 637
1718910 637
1718920 634
1718930 631
1718940 631
1718950 627
1718960 623
1718970 623
1718980 620
1718990 615
1719000 615
1719010 608
1719020 603
1719030 603
1719040 598
1719050 594
1719060 594
1719070 593
1719080 601
1719090 606
1719100 606
1719110 607
1719120 606
1719130 606
1719140 605
1719150 605
1719160 605
1719170 603
1719180 604
1719190 604
1719200 608
1719210 611
1719220 611
1719230 612
1719240 614
1719250 614
1719260 615
1719270 618
1719280 618
1719290 620
1719300 621
1719310 621
1719320 622
1719330 628
1719340 630
1719350 630
1719360 632
1719370 638
1719380 638
1719390 638
1719400 639
1719410 639
1719420 639
1719430 640
1719440 640
1719450 640
1719460 641
1719470 641
1719480 642
1719490 644
1719500 644
1719510 646
1719520 648
1719530 648
1719540 650
1719550 652
1719560 653
1719570 653
1719580 655
1719590 656
1719600 656
1719610 658
1719620 661
1719630 661
1719640 662
1719650 664
1719660 664
1719670 667
1719680 664
1719690 664
1719700 664
1719710 663
1719720 663
1719730 661
1719740 660
1719750 660
1719760 658
1719770 657
1719780 655
1719790 655
1719800 654
1719810 652
1719820 652
1719830 650
1719840 649
1719850 649
1719860 648
1719870 646
1719880 646
1719890 645
1719900 643
1719910 643
1719920 642
1719930 639
1719940 639
1719950 638
1719960 637
1719970 637
1719980 635
1719990 634
