1700000 642
1700010 640
1700020 640
1700030 639
1700040 637
1700050 637
1700060 634
1700070 632
1700080 632
1700090 629
1700100 627
1700110 627
1700120 624
1700130 622
1700140 622
1700150 621
1700160 619
1700170 619
1700180 618
1700190 617
1700200 616
1700210 616
1700220 615
1700230 614
1700240 614
1700250 612
1700260 611
1700270 611
1700280 610
1700290 610
1700300 610
1700310 610
1700320 610
1700330 610
1700340 610
1700350 610
1700360 610
1700370 609
1700380 608
1700390 608
1700400 606
1700410 604
1700420 604
1700430 602
1700440 598
1700450 594
1700460 594
1700470 591
1700480 588
1700490 588
1700500 586
1700510 584
1700520 584
1700530 582
1700540 580
1700550 580
1700560 579
1700570 579
1700580 579
1700590 579
1700600 579
1700610 579
1700620 579
1700630 577
1700640 577
1700650 572
1700660 566
1700670 562
1700680 562
1700690 559
1700700 556
1700710 556
1700720 552
1700730 550
1700740 550
1700750 547
1700760 545
1700770 545
1700780 540
1700790 536
1700800 536
1700810 532
1700820 526
1700830 526
1700840 523
1700850 516
1700860 516
1700870 523
1700880 528
1700890 531
1700900 531
1700910 535
1700920 538
1700930 538
1700940 539
1700950 536
1700960 536
1700970 532
1700980 527
1700990 527
1701000 522
1701010 517
1701020 517
1701030 512
1701040 508
1701050 508
1701060 503
1701070 498
1701080 498
1701090 493
1701100 488
1701110 488
1701120 484
1701130 480
1701140 477
1701150 477
1701160 477
1701170 476
1701180 476
1701190 476
1701200 476
1701210 476
1701220 475
1701230 474
1701240 474
1701250 474
1701260 473
1701270 473
1701280 472
1701290 471
1701300 471
1701310 471
1701320 470
1701330 470
1701340 469
1701350 468
1701360 468
1701370 468
1701380 467
1701390 467
1701400 467
1701410 466
1701420 466
1701430 466
1701440 466
1701450 465
1701460 465
1701470 465
1701480 464
1701490 464
1701500 464
1701510 463
1701520 463
1701530 463
1701540 462
1701550 462
1701560 461
1701570 461
1701580 461
1701590 460
1701600 459
1701610 459
1701620 459
1701630 458
1701640 458
1701650 458
1701660 458
1701670 457
1701680 457
1701690 457
1701700 456
1701710 456
1701720 456
1701730 456
1701740 456
1701750 455
1701760 455
1701770 455
1701780 455
1701790 454
1701800 454
1701810 454
1701820 453
1701830 453
1701840 453
1701850 452
1701860 452
1701870 452
1701880 451
1701890 452
1701900 452
1701910 451
1701920 450
1701930 450
1701940 450
1701950 449
1701960 449
1701970 448
1701980 448
1701990 448
1702000 448
1702010 447
1702020 447
1702030 447
1702040 447
1702050 447
1702060 447
1702070 447
1702080 447
1702090 447
1702100 447
1702110 447
1702120 447
1702130 446
1702140 447
1702150 447
1702160 446
1702170 446
1702180 446
1702190 446
1702200 448
1702210 448
1702220 450
1702230 450
1702240 450
1702250 451
1702260 451
1702270 451
1702280 452
1702290 452
1702300 453
1702310 453
1702320 453
1702330 454
1702340 454
1702350 454
1702360 454
1702370 454
1702380 454
1702390 454
1702400 454
1702410 454
1702420 453
1702430 453
1702440 453
1702450 452
1702460 452
1702470 455
1702480 457
1702490 457
1702500 460
1702510 465
1702520 468
1702530 468
1702540 471
1702550 475
1702560 475
1702570 479
1702580 482
1702590 482
1702600 486
1702610 490
1702620 490
1702630 493
1702640 496
1702650 496
1702660 499
1702670 501
1702680 501
1702690 503
1702700 504
1702710 504
1702720 501
1702730 501
1702740 500
1702750 500
1702760 499
1702770 499
1702780 499
1702790 498
1702800 498
1702810 498
1702820 497
1702830 497
1702840 497
1702850 497
1702860 496
1702870 496
1702880 496
1702890 495
1702900 495
1702910 493
1702920 492
1702930 492
1702940 491
1702950 490
1702960 490
1702970 489
1702980 487
1702990 486
1703000 486
1703010 483
1703020 485
1703030 485
1703040 488
1703050 491
1703060 491
1703070 493
1703080 494
1703090 494
1703100 494
1703110 494
1703120 494
1703130 496
1703140 496
1703150 496
1703160 497
1703170 498
1703180 498
1703190 499
1703200 499
1703210 500
1703220 500
1703230 502
1703240 504
1703250 504
1703260 507
1703270 511
1703280 511
1703290 512
1703300 515
1703310 515
1703320 519
1703330 522
1703340 522
1703350 525
1703360 527
1703370 527
1703380 529
1703390 531
1703400 531
1703410 533
1703420 535
1703430 536
1703440 536
1703450 536
1703460 537
1703470 537
1703480 537
1703490 538
1703500 538
1703510 537
1703520 537
1703530 537
1703540 537
1703550 536
1703560 536
1703570 536
1703580 537
1703590 537
1703600 536
1703610 533
1703620 533
1703630 529
1703640 529
1703650 529
1703660 531
1703670 535
1703680 537
1703690 537
1703700 538
1703710 538
1703720 538
1703730 538
1703740 537
1703750 537
1703760 535
1703770 533
1703780 533
1703790 528
1703800 523
1703810 523
1703820 517
1703830 516
1703840 516
1703850 521
1703860 524
1703870 524
1703880 525
1703890 525
1703900 524
1703910 524
1703920 524
1703930 521
1703940 521
1703950 517
1703960 523
1703970 523
1703980 525
1703990 524
1704000 524
1704010 522
1704020 519
1704030 519
1704040 518
1704050 513
1704060 513
1704070 517
1704080 523
1704090 523
1704100 527
1704110 529
1704120 529
1704130 530
1704140 531
1704150 532
1704160 532
1704170 534
1704180 535
1704190 535
1704200 534
1704210 532
1704220 532
1704230 531
1704240 528
1704250 528
1704260 525
1704270 522
1704280 522
1704290 519
1704300 517
1704310 517
1704320 524
1704330 528
1704340 528
1704350 529
1704360 530
1704370 529
1704380 529
1704390 529
1704400 529
1704410 529
1704420 529
1704430 529
1704440 529
1704450 528
1704460 527
1704470 527
1704480 526
1704490 527
1704500 527
1704510 524
1704520 525
1704530 525
1704540 525
1704550 525
1704560 525
1704570 523
1704580 521
1704590 520
1704600 520
1704610 521
1704620 523
1704630 523
1704640 522
1704650 522
1704660 522
1704670 521
1704680 521
1704690 521
1704700 518
1704710 514
1704720 514
1704730 510
1704740 506
1704750 506
1704760 503
1704770 499
1704780 499
1704790 494
1704800 484
1704810 484
1704820 486
1704830 493
1704840 500
1704850 500
1704860 506
1704870 511
1704880 511
1704890 516
1704900 519
1704910 519
1704920 521
1704930 524
1704940 524
1704950 527
1704960 529
1704970 529
1704980 530
1704990 532
1705000 532
1705010 532
1705020 531
1705030 531
1705040 532
1705050 538
1705060 540
1705070 540
1705080 542
1705090 546
1705100 546
1705110 551
1705120 553
1705130 553
1705140 555
1705150 558
1705160 558
1705170 560
1705180 562
1705190 562
1705200 564
1705210 565
1705220 565
1705230 565
1705240 563
1705250 563
1705260 557
1705270 552
1705280 546
1705290 546
1705300 539
1705310 532
1705320 532
1705330 525
1705340 518
1705350 518
1705360 511
1705370 504
1705380 504
1705390 498
1705400 491
1705410 491
1705420 484
1705430 477
1705440 477
1705450 469
1705460 461
1705470 461
1705480 453
1705490 445
1705500 445
1705510 438
1705520 429
1705530 422
1705540 422
1705550 415
1705560 409
1705570 409
1705580 404
1705590 401
1705600 401
1705610 399
1705620 397
1705630 397
1705640 394
1705650 393
1705660 393
1705670 392
1705680 391
1705690 391
1705700 390
1705710 390
1705720 390
1705730 389
1705740 389
1705750 388
1705760 388
1705770 388
1705780 387
1705790 387
1705800 387
1705810 386
1705820 386
1705830 386
1705840 386
1705850 386
1705860 386
1705870 386
1705880 386
1705890 385
1705900 382
1705910 382
1705920 382
1705930 384
1705940 384
1705950 384
1705960 380
1705970 380
1705980 381
1705990 381
1706000 381
1706010 381
1706020 381
1706030 381
1706040 381
1706050 381
1706060 380
1706070 380
1706080 380
1706090 380
1706100 380
1706110 381
1706120 381
1706130 381
1706140 380
1706150 380
1706160 380
1706170 380
1706180 382
1706190 382
1706200 379
1706210 379
1706220 379
1706230 379
1706240 379
1706250 379
1706260 379
1706270 379
1706280 379
1706290 379
1706300 379
1706310 380
1706320 380
1706330 380
1706340 380
1706350 380
1706360 380
1706370 381
1706380 381
1706390 381
1706400 381
1706410 381
1706420 381
1706430 380
1706440 381
1706450 381
1706460 381
1706470 380
1706480 380
1706490 380
1706500 381
1706510 381
1706520 381
1706530 381
1706540 381
1706550 383
1706560 383
1706570 383
1706580 388
1706590 392
1706600 392
1706610 392
1706620 392
1706630 392
1706640 392
1706650 391
1706660 391
1706670 392
1706680 392
1706690 391
1706700 391
1706710 393
1706720 394
1706730 394
1706740 393
1706750 395
1706760 395
1706770 392
1706780 387
1706790 387
1706800 383
1706810 381
1706820 381
1706830 382
1706840 383
1706850 383
1706860 383
1706870 386
1706880 386
1706890 392
1706900 396
1706910 401
1706920 401
1706930 408
1706940 413
1706950 413
1706960 420
1706970 429
1706980 429
1706990 436
1707000 444
1707010 444
1707020 450
1707030 457
1707040 457
1707050 463
1707060 471
1707070 471
1707080 477
1707090 484
1707100 484
1707110 487
1707120 489
1707130 491
1707140 491
1707150 491
1707160 490
1707170 490
1707180 489
1707190 487
1707200 487
1707210 484
1707220 480
1707230 480
1707240 476
1707250 472
1707260 472
1707270 468
1707280 465
1707290 465
1707300 461
1707310 458
1707320 458
1707330 455
1707340 452
1707350 452
1707360 449
1707370 447
1707380 442
1707390 442
1707400 434
1707410 431
1707420 431
1707430 434
1707440 438
1707450 438
1707460 439
1707470 440
1707480 440
1707490 438
1707500 434
1707510 434
1707520 430
1707530 426
1707540 426
1707550 422
1707560 421
1707570 421
1707580 417
1707590 418
1707600 413
1707610 413
1707620 410
1707630 408
1707640 408
1707650 415
1707660 420
1707670 420
1707680 420
1707690 423
1707700 423
1707710 427
1707720 429
1707730 429
1707740 432
1707750 434
1707760 434
1707770 435
1707780 436
1707790 436
1707800 438
1707810 439
1707820 441
1707830 441
1707840 443
1707850 445
1707860 445
1707870 446
1707880 447
1707890 447
1707900 449
1707910 451
1707920 451
1707930 452
1707940 454
1707950 454
1707960 455
1707970 457
1707980 457
1707990 458
1708000 459
1708010 459
1708020 461
1708030 463
1708040 463
1708050 463
1708060 463
1708070 463
1708080 463
1708090 464
1708100 460
1708110 460
1708120 458
1708130 456
1708140 456
1708150 454
1708160 453
1708170 453
1708180 451
1708190 449
1708200 449
1708210 448
1708220 446
1708230 446
1708240 444
1708250 439
1708260 439
1708270 436
1708280 436
1708290 435
1708300 435
1708310 432
1708320 429
1708330 429
1708340 427
1708350 426
1708360 426
1708370 426
1708380 427
1708390 427
1708400 425
1708410 422
1708420 422
1708430 419
1708440 417
1708450 417
1708460 420
1708470 426
1708480 426
1708490 429
1708500 432
1708510 432
1708520 437
1708530 440
1708540 443
1708550 443
1708560 446
1708570 449
1708580 449
1708590 451
1708600 452
1708610 452
1708620 453
1708630 455
1708640 455
1708650 456
1708660 458
1708670 458
1708680 461
1708690 465
1708700 465
1708710 468
1708720 472
1708730 472
1708740 474
1708750 476
1708760 477
1708770 477
1708780 477
1708790 477
1708800 477
1708810 477
1708820 476
1708830 476
1708840 476
1708850 475
1708860 475
1708870 474
1708880 473
1708890 473
1708900 473
1708910 471
1708920 471
1708930 470
1708940 468
1708950 468
1708960 466
1708970 463
1708980 461
1708990 461
1709000 458
1709010 456
1709020 456
1709030 454
1709040 453
1709050 453
1709060 451
1709070 451
1709080 451
1709090 448
1709100 445
1709110 445
1709120 444
1709130 444
1709140 444
1709150 443
1709160 441
1709170 441
1709180 440
1709190 438
1709200 438
1709210 438
1709220 438
1709230 436
1709240 436
1709250 433
1709260 427
1709270 427
1709280 423
1709290 423
1709300 423
1709310 425
1709320 425
1709330 425
1709340 427
1709350 430
1709360 430
1709370 433
1709380 433
1709390 433
1709400 429
1709410 426
1709420 426
1709430 425
1709440 423
1709450 420
1709460 420
1709470 420
1709480 420
1709490 420
1709500 418
1709510 418
1709520 418
1709530 418
1709540 418
1709550 418
1709560 418
1709570 418
1709580 418
1709590 417
1709600 418
1709610 418
1709620 418
1709630 419
1709640 419
1709650 420
1709660 421
1709670 426
1709680 426
1709690 432
1709700 433
1709710 433
1709720 434
1709730 435
1709740 435
1709750 433
1709760 434
1709770 434
1709780 434
1709790 435
1709800 435
1709810 437
1709820 438
1709830 438
1709840 439
1709850 439
1709860 439
1709870 441
1709880 441
1709890 441
1709900 442
1709910 443
1709920 445
1709930 445
1709940 445
1709950 445
1709960 445
1709970 448
1709980 449
1709990 449
1710000 449
1710010 447
1710020 447
1710030 445
1710040 444
1710050 444
1710060 443
1710070 442
1710080 442
1710090 442
1710100 442
1710110 442
1710120 442
1710130 442
1710140 443
1710150 443
1710160 444
1710170 446
1710180 446
1710190 447
1710200 446
1710210 446
1710220 445
1710230 446
1710240 446
1710250 449
1710260 448
1710270 448
1710280 447
1710290 446
1710300 446
1710310 449
1710320 451
1710330 451
1710340 454
1710350 456
1710360 456
1710370 457
1710380 460
1710390 464
1710400 464
1710410 467
1710420 469
1710430 469
1710440 471
1710450 472
1710460 472
1710470 473
1710480 473
1710490 473
1710500 474
1710510 474
1710520 474
1710530 475
1710540 476
1710550 476
1710560 478
1710570 482
1710580 482
1710590 486
1710600 490
1710610 493
1710620 493
1710630 494
1710640 494
1710650 494
1710660 494
1710670 495
1710680 495
1710690 499
1710700 503
1710710 503
1710720 504
1710730 506
1710740 506
1710750 507
1710760 508
1710770 508
1710780 509
1710790 509
1710800 509
1710810 510
1710820 511
1710830 512
1710840 512
1710850 513
1710860 514
1710870 514
1710880 516
1710890 518
1710900 518
1710910 520
1710920 523
1710930 523
1710940 527
1710950 529
1710960 529
1710970 534
1710980 540
1710990 540
1711000 546
1711010 552
1711020 552
1711030 556
1711040 554
1711050 554
1711060 551
1711070 547
1711080 544
1711090 544
1711100 540
1711110 536
1711120 536
1711130 532
1711140 530
1711150 530
1711160 524
1711170 521
1711180 521
1711190 520
1711200 517
1711210 517
1711220 515
1711230 513
1711240 513
1711250 510
1711260 505
1711270 505
1711280 505
1711290 504
1711300 504
1711310 504
1711320 502
1711330 501
1711340 501
1711350 500
1711360 496
1711370 496
1711380 495
1711390 494
1711400 494
1711410 492
1711420 490
1711430 490
1711440 490
1711450 490
1711460 490
1711470 490
1711480 489
1711490 489
1711500 487
1711510 485
1711520 484
1711530 484
1711540 485
1711550 486
1711560 486
1711570 485
1711580 484
1711590 484
1711600 482
1711610 481
1711620 481
1711630 480
1711640 478
1711650 478
1711660 474
1711670 475
1711680 475
1711690 483
1711700 490
1711710 490
1711720 493
1711730 496
1711740 496
1711750 497
1711760 497
1711770 494
1711780 494
1711790 490
1711800 486
1711810 486
1711820 482
1711830 477
1711840 477
1711850 474
1711860 469
1711870 469
1711880 467
1711890 468
1711900 468
1711910 469
1711920 473
1711930 473
1711940 479
1711950 483
1711960 483
1711970 487
1711980 490
1711990 493
1712000 493
1712010 496
1712020 498
1712030 498
1712040 501
1712050 503
1712060 503
1712070 505
1712080 507
1712090 507
1712100 508
1712110 507
1712120 507
1712130 506
1712140 503
1712150 503
1712160 500
1712170 503
1712180 503
1712190 506
1712200 508
1712210 510
1712220 508
1712230 513
1712240 515
1712250 515
1712260 516
1712270 516
1712280 516
1712290 516
1712300 518
1712310 518
1712320 521
1712330 524
1712340 524
1712350 524
1712360 526
1712370 526
1712380 528
1712390 530
1712400 530
1712410 533
1712420 536
1712430 536
1712440 538
1712450 540
1712460 542
1712470 542
1712480 544
1712490 546
1712500 546
1712510 548
1712520 551
1712530 551
1712540 553
1712550 557
1712560 557
1712570 561
1712580 565
1712590 565
1712600 568
1712610 572
1712620 572
1712630 575
1712640 579
1712650 579
1712660 582
1712670 586
1712680 587
1712690 587
1712700 588
1712710 590
1712720 590
1712730 592
1712740 594
1712750 594
1712760 598
1712770 602
1712780 602
1712790 604
1712800 606
1712810 606
1712820 611
1712830 614
1712840 614
1712850 617
1712860 621
1712870 621
1712880 623
1712890 625
1712900 625
1712910 627
1712920 628
1712930 629
1712940 629
1712950 630
1712960 631
1712970 631
1712980 632
1712990 633
1713000 633
1713010 633
1713020 634
1713030 634
1713040 635
1713050 635
1713060 635
1713070 637
1713080 639
1713090 639
1713100 642
1713110 643
1713120 643
1713130 643
1713140 643
1713150 642
1713160 642
1713170 642
1713180 639
1713190 639
1713200 638
1713210 637
1713220 637
1713230 637
1713240 636
1713250 636
1713260 636
1713270 635
1713280 635
1713290 635
1713300 635
1713310 635
1713320 634
1713330 634
1713340 634
1713350 634
1713360 634
1713370 634
1713380 634
1713390 635
1713400 635
1713410 635
1713420 630
1713430 625
1713440 625
1713450 619
1713460 614
1713470 614
1713480 611
1713490 609
1713500 609
1713510 608
1713520 607
1713530 607
1713540 606
1713550 608
1713560 608
1713570 611
1713580 614
1713590 614
1713600 616
1713610 616
1713620 613
1713630 613
1713640 612
1713650 611
1713660 611
1713670 609
1713680 608
1713690 608
1713700 603
1713710 599
1713720 599
1713730 595
1713740 590
1713750 590
1713760 594
1713770 600
1713780 600
1713790 602
1713800 604
1713810 604
1713820 607
1713830 608
1713840 609
1713850 609
1713860 613
1713870 615
1713880 615
1713890 618
1713900 621
1713910 621
1713920 624
1713930 627
1713940 627
1713950 629
1713960 630
1713970 630
1713980 635
1713990 636
1714000 636
1714010 638
1714020 639
1714030 639
1714040 642
1714050 644
1714060 647
1714070 647
1714080 650
1714090 652
1714100 652
1714110 654
1714120 656
1714130 656
1714140 658
1714150 659
1714160 659
1714170 660
1714180 661
1714190 661
1714200 662
1714210 664
1714220 664
1714230 665
1714240 667
1714250 667
1714260 669
1714270 672
1714280 672
1714290 675
1714300 677
1714310 678
1714320 678
1714330 679
1714340 681
1714350 681
1714360 681
1714370 682
1714380 682
1714390 682
1714400 682
1714410 682
1714420 682
1714430 682
1714440 682
1714450 680
1714460 679
1714470 679
1714480 678
1714490 677
1714500 677
1714510 677
1714520 676
1714530 675
1714540 675
1714550 674
1714560 673
1714570 673
1714580 672
1714590 670
1714600 670
1714610 669
1714620 668
1714630 668
1714640 667
1714650 666
1714660 666
1714670 664
1714680 662
1714690 662
1714700 660
1714710 659
1714720 659
1714730 658
1714740 656
1714750 656
1714760 653
1714770 650
1714780 646
1714790 646
1714800 642
1714810 637
1714820 637
1714830 632
1714840 627
1714850 627
1714860 623
1714870 619
1714880 619
1714890 614
1714900 610
1714910 610
1714920 606
1714930 602
1714940 602
1714950 599
1714960 595
1714970 595
1714980 586
1714990 583
1715000 587
1715010 587
1715020 591
1715030 593
1715040 593
1715050 595
1715060 593
1715070 593
1715080 591
1715090 590
1715100 590
1715110 588
1715120 585
1715130 586
1715140 583
1715150 579
1715160 579
1715170 574
1715180 571
1715190 571
1715200 567
1715210 564
1715220 561
1715230 561
1715240 558
1715250 555
1715260 555
1715270 554
1715280 551
1715290 551
1715300 548
1715310 545
1715320 545
1715330 542
1715340 539
1715350 539
1715360 535
1715370 532
1715380 532
1715390 530
1715400 528
1715410 528
1715420 526
1715430 523
1715440 523
1715450 519
1715460 514
1715470 508
1715480 508
1715490 500
1715500 499
1715510 499
1715520 499
1715530 496
1715540 496
1715550 489
1715560 494
1715570 494
1715580 492
1715590 490
1715600 490
1715610 487
1715620 486
1715630 486
1715640 485
1715650 481
1715660 481
1715670 477
1715680 476
1715690 478
1715700 478
1715710 479
1715720 480
1715730 480
1715740 480
1715750 481
1715760 481
1715770 483
1715780 482
1715790 482
1715800 483
1715810 483
1715820 483
1715830 482
1715840 481
1715850 481
1715860 480
1715870 479
1715880 479
1715890 478
1715900 477
1715910 475
1715920 475
1715930 474
1715940 472
1715950 472
1715960 467
1715970 464
1715980 464
1715990 464
1716000 464
1716010 464
1716020 463
1716030 462
1716040 462
1716050 461
1716060 460
1716070 460
1716080 460
1716090 458
1716100 458
1716110 457
1716120 455
1716130 455
1716140 454
1716150 452
1716160 450
1716170 450
1716180 448
1716190 447
1716200 447
1716210 446
1716220 443
1716230 443
1716240 441
1716250 440
1716260 440
1716270 439
1716280 439
1716290 439
1716300 436
1716310 434
1716320 434
1716330 432
1716340 432
1716350 432
1716360 432
1716370 432
1716380 432
1716390 432
1716400 433
1716410 437
1716420 437
1716430 441
1716440 445
1716450 445
1716460 450
1716470 454
1716480 454
1716490 457
1716500 459
1716510 459
1716520 465
1716530 471
1716540 471
1716550 475
1716560 479
1716570 479
1716580 482
1716590 486
1716600 489
1716610 489
1716620 492
1716630 494
1716640 494
1716650 495
1716660 497
1716670 497
1716680 500
1716690 502
1716700 502
1716710 504
1716720 506
1716730 506
1716740 507
1716750 509
1716760 509
1716770 510
1716780 511
1716790 511
1716800 512
1716810 512
1716820 512
1716830 511
1716840 510
1716850 506
1716860 506
1716870 503
1716880 499
1716890 499
1716900 496
1716910 494
1716920 494
1716930 492
1716940 490
1716950 490
1716960 487
1716970 484
1716980 484
1716990 481
1717000 480
1717010 480
1717020 483
1717030 488
1717040 488
1717050 494
1717060 501
1717070 510
1717080 510
1717090 517
1717100 521
1717110 521
1717120 523
1717130 526
1717140 526
1717150 527
1717160 529
1717170 529
1717180 531
1717190 533
1717200 533
1717210 535
1717220 538
1717230 538
1717240 541
1717250 544
1717260 544
1717270 547
1717280 550
1717290 550
1717300 554
1717310 557
1717320 561
1717330 561
1717340 565
1717350 569
1717360 569
1717370 573
1717380 576
1717390 576
1717400 580
1717410 584
1717420 584
1717430 588
1717440 593
1717450 593
1717460 597
1717470 600
1717480 600
1717490 604
1717500 608
1717510 608
1717520 611
1717530 616
1717540 620
1717550 620
1717560 624
1717570 628
1717580 628
1717590 632
1717600 637
1717610 637
1717620 641
1717630 645
1717640 645
1717650 649
1717660 652
1717670 652
1717680 656
1717690 659
1717700 659
1717710 663
1717720 665
1717730 665
1717740 669
1717750 672
1717760 675
1717770 675
1717780 677
1717790 680
1717800 680
1717810 683
1717820 686
1717830 686
1717840 689
1717850 692
1717860 692
1717870 695
1717880 697
1717890 697
1717900 699
1717910 700
1717920 700
1717930 701
1717940 702
1717950 702
1717960 702
1717970 703
1717980 703
1717990 703
1718000 704
1718010 704
1718020 704
1718030 705
1718040 705
1718050 705
1718060 706
1718070 707
1718080 707
1718090 708
1718100 709
1718110 709
1718120 710
1718130 712
1718140 712
1718150 712
1718160 713
1718170 713
1718180 715
1718190 717
1718200 717
1718210 718
1718220 720
1718230 723
1718240 723
1718250 727
1718260 730
1718270 730
1718280 732
1718290 734
1718300 734
1718310 736
1718320 736
1718330 736
1718340 737
1718350 738
1718360 738
1718370 738
1718380 739
1718390 739
1718400 740
1718410 740
1718420 740
1718430 743
1718440 745
1718450 746
1718460 746
1718470 745
1718480 744
1718490 744
1718500 744
1718510 743
1718520 743
1718530 742
1718540 741
1718550 741
1718560 740
1718570 739
1718580 739
1718590 739
1718600 737
1718610 737
1718620 735
1718630 734
1718640 734
1718650 733
1718660 733
1718670 733
1718680 732
1718690 731
1718700 731
1718710 731
1718720 729
1718730 727
1718740 727
1718750 724
1718760 720
1718770 720
1718780 716
1718790 711
1718800 711
1718810 707
1718820 703
1718830 703
1718840 703
1718850 701
1718860 701
1718870 700
1718880 698
1718890 698
1718900 697
1718910 697
1718920 697
1718930 697
1718940 696
1718950 693
1718960 693
1718970 692
1718980 688
1718990 688
1719000 685
1719010 682
1719020 682
1719030 676
1719040 676
1719050 676
1719060 678
1719070 678
1719080 678
1719090 680
1719100 679
1719110 679
1719120 680
1719130 681
1719140 681
1719150 681
1719160 680
1719170 679
1719180 679
1719190 679
1719200 678
1719210 678
1719220 678
1719230 677
1719240 677
1719250 677
1719260 676
1719270 676
1719280 676
1719290 675
1719300 675
1719310 674
1719320 673
1719330 673
1719340 672
1719350 672
1719360 672
1719370 670
1719380 667
1719390 664
1719400 664
1719410 662
1719420 660
1719430 660
1719440 660
1719450 659
1719460 659
1719470 658
1719480 657
1719490 657
1719500 657
1719510 656
1719520 656
1719530 656
1719540 656
1719550 656
1719560 654
1719570 651
1719580 651
1719590 650
1719600 649
1719610 649
1719620 649
1719630 648
1719640 647
1719650 647
1719660 647
1719670 646
1719680 646
1719690 647
1719700 647
1719710 647
1719720 647
1719730 647
1719740 647
1719750 647
1719760 647
1719770 647
1719780 646
1719790 646
1719800 646
1719810 645
1719820 644
1719830 644
1719840 643
1719850 642
1719860 641
1719870 641
1719880 641
1719890 639
1719900 639
1719910 637
1719920 635
1719930 635
1719940 632
1719950 629
1719960 629
1719970 627
1719980 625
1719990 625
