1700000 573
1700010 573
1700020 573
1700030 575
1700040 575
1700050 579
1700060 580
1700070 580
1700080 580
1700090 580
1700100 578
1700110 578
1700120 576
1700130 572
1700140 572
1700150 569
1700160 564
1700170 564
1700180 558
1700190 554
1700200 554
1700210 549
1700220 548
1700230 548
1700240 549
1700250 553
1700260 553
1700270 557
1700280 561
1700290 565
1700300 565
1700310 570
1700320 578
1700330 578
1700340 586
1700350 587
1700360 587
1700370 591
1700380 594
1700390 594
1700400 596
1700410 597
1700420 597
1700430 600
1700440 609
1700450 609
1700460 617
1700470 618
1700480 618
1700490 618
1700500 617
1700510 617
1700520 619
1700530 621
1700540 631
1700550 631
1700560 632
1700570 634
1700580 634
1700590 634
1700600 633
1700610 633
1700620 631
1700630 628
1700640 628
1700650 632
1700660 633
1700670 633
1700680 634
1700690 635
1700700 635
1700710 635
1700720 632
1700730 632
1700740 626
1700750 619
1700760 613
1700770 613
1700780 610
1700790 612
1700800 612
1700810 614
1700820 618
1700830 618
1700840 620
1700850 624
1700860 624
1700870 627
1700880 630
1700890 630
1700900 633
1700910 635
1700920 635
1700930 636
1700940 636
1700950 636
1700960 636
1700970 635
1700980 635
1700990 633
1701000 630
1701010 627
1701020 627
1701030 623
1701040 619
1701050 619
1701060 615
1701070 610
1701080 610
1701090 606
1701100 599
1701110 599
1701120 594
1701130 588
1701140 588
1701150 583
1701160 576
1701170 576
1701180 575
1701190 579
1701200 579
1701210 581
1701220 584
1701230 587
1701240 587
1701250 588
1701260 588
1701270 588
1701280 586
1701290 581
1701300 581
1701310 576
1701320 572
1701330 572
1701340 571
1701350 575
1701360 575
1701370 578
1701380 577
1701390 577
1701400 572
1701410 568
1701420 568
1701430 566
1701440 569
1701450 573
1701460 573
1701470 577
1701480 580
1701490 580
1701500 582
1701510 583
1701520 583
1701530 584
1701540 583
1701550 583
1701560 582
1701570 580
1701580 580
1701590 580
1701600 577
1701610 577
1701620 574
1701630 571
1701640 571
1701650 568
1701660 565
1701670 565
1701680 562
1701690 559
1701700 555
1701710 555
1701720 552
1701730 548
1701740 548
1701750 543
1701760 538
1701770 538
1701780 534
1701790 530
1701800 530
1701810 526
1701820 523
1701830 523
1701840 518
1701850 514
1701860 514
1701870 509
1701880 504
1701890 504
1701900 499
1701910 494
1701920 489
1701930 489
1701940 483
1701950 477
1701960 477
1701970 472
1701980 468
1701990 468
1702000 463
1702010 459
1702020 459
1702030 458
1702040 457
1702050 457
1702060 457
1702070 457
1702080 457
1702090 457
1702100 458
1702110 458
1702120 458
1702130 462
1702140 465
1702150 465
1702160 466
1702170 468
1702180 468
1702190 470
1702200 472
1702210 472
1702220 473
1702230 474
1702240 474
1702250 475
1702260 477
1702270 477
1702280 478
1702290 479
1702300 479
1702310 480
1702320 481
1702330 481
1702340 482
1702350 483
1702360 483
1702370 484
1702380 485
1702390 487
1702400 487
1702410 489
1702420 489
1702430 489
1702440 490
1702450 490
1702460 490
1702470 491
1702480 490
1702490 490
1702500 491
1702510 492
1702520 492
1702530 492
1702540 493
1702550 493
1702560 493
1702570 494
1702580 494
1702590 495
1702600 495
1702610 499
1702620 499
1702630 500
1702640 502
1702650 502
1702660 504
1702670 505
1702680 505
1702690 507
1702700 511
1702710 511
1702720 514
1702730 517
1702740 517
1702750 519
1702760 521
1702770 521
1702780 523
1702790 526
1702800 526
1702810 528
1702820 531
1702830 531
1702840 534
1702850 538
1702860 542
1702870 542
1702880 544
1702890 546
1702900 546
1702910 550
1702920 554
1702930 554
1702940 558
1702950 562
1702960 562
1702970 565
1702980 568
1702990 568
1703000 570
1703010 573
1703020 573
1703030 576
1703040 579
1703050 579
1703060 581
1703070 583
1703080 585
1703090 585
1703100 586
1703110 586
1703120 586
1703130 587
1703140 587
1703150 587
1703160 588
1703170 588
1703180 588
1703190 588
1703200 588
1703210 588
1703220 588
1703230 589
1703240 589
1703250 590
1703260 589
1703270 589
1703280 588
1703290 587
1703300 586
1703310 586
1703320 585
1703330 583
1703340 583
1703350 582
1703360 581
1703370 581
1703380 580
1703390 580
1703400 580
1703410 578
1703420 576
1703430 576
1703440 572
1703450 569
1703460 569
1703470 568
1703480 566
1703490 566
1703500 565
1703510 564
1703520 564
1703530 562
1703540 562
1703550 562
1703560 562
1703570 563
1703580 563
1703590 563
1703600 565
1703610 566
1703620 566
1703630 568
1703640 570
1703650 570
1703660 571
1703670 573
1703680 573
1703690 576
1703700 578
1703710 578
1703720 580
1703730 582
1703740 582
1703750 584
1703760 586
1703770 588
1703780 588
1703790 590
1703800 593
1703810 593
1703820 595
1703830 597
1703840 597
1703850 599
1703860 601
1703870 601
1703880 603
1703890 606
1703900 606
1703910 609
1703920 611
1703930 611
1703940 613
1703950 615
1703960 615
1703970 617
1703980 619
1703990 619
1704000 621
1704010 623
1704020 625
1704030 625
1704040 627
1704050 629
1704060 629
1704070 631
1704080 634
1704090 634
1704100 636
1704110 638
1704120 638
1704130 640
1704140 641
1704150 641
1704160 642
1704170 643
1704180 643
1704190 644
1704200 646
1704210 646
1704220 647
1704230 648
1704240 649
1704250 649
1704260 649
1704270 650
1704280 650
1704290 651
1704300 652
1704310 652
1704320 653
1704330 655
1704340 655
1704350 656
1704360 659
1704370 659
1704380 662
1704390 663
1704400 663
1704410 665
1704420 667
1704430 667
1704440 667
1704450 667
1704460 666
1704470 666
1704480 664
1704490 661
1704500 661
1704510 658
1704520 655
1704530 655
1704540 652
1704550 648
1704560 648
1704570 644
1704580 641
1704590 641
1704600 638
1704610 634
1704620 634
1704630 629
1704640 624
1704650 624
1704660 621
1704670 618
1704680 618
1704690 613
1704700 610
1704710 609
1704720 609
1704730 609
1704740 608
1704750 608
1704760 606
1704770 603
1704780 603
1704790 599
1704800 595
1704810 595
1704820 590
1704830 584
1704840 584
1704850 582
1704860 588
1704870 588
1704880 593
1704890 597
1704900 597
1704910 601
1704920 604
1704930 606
1704940 606
1704950 608
1704960 610
1704970 610
1704980 613
1704990 615
1705000 615
1705010 616
1705020 620
1705030 620
1705040 623
1705050 626
1705060 626
1705070 629
1705080 632
1705090 632
1705100 633
1705110 632
1705120 632
1705130 630
1705140 626
1705150 626
1705160 622
1705170 617
1705180 614
1705190 614
1705200 608
1705210 602
1705220 602
1705230 596
1705240 589
1705250 589
1705260 583
1705270 575
1705280 575
1705290 568
1705300 561
1705310 561
1705320 554
1705330 546
1705340 546
1705350 540
1705360 533
1705370 533
1705380 526
1705390 519
1705400 514
1705410 514
1705420 507
1705430 500
1705440 500
1705450 493
1705460 487
1705470 487
1705480 480
1705490 473
1705500 473
1705510 469
1705520 466
1705530 466
1705540 459
1705550 453
1705560 453
1705570 449
1705580 451
1705590 451
1705600 452
1705610 450
1705620 450
1705630 450
1705640 449
1705650 447
1705660 447
1705670 446
1705680 443
1705690 443
1705700 439
1705710 433
1705720 433
1705730 428
1705740 423
1705750 423
1705760 418
1705770 413
1705780 413
1705790 406
1705800 398
1705810 398
1705820 394
1705830 392
1705840 392
1705850 390
1705860 386
1705870 385
1705880 385
1705890 385
1705900 383
1705910 383
1705920 382
1705930 381
1705940 381
1705950 379
1705960 379
1705970 379
1705980 379
1705990 379
1706000 379
1706010 379
1706020 379
1706030 379
1706040 379
1706050 379
1706060 379
1706070 379
1706080 379
1706090 382
1706100 382
1706110 382
1706120 382
1706130 382
1706140 382
1706150 381
1706160 381
1706170 381
1706180 381
1706190 381
1706200 382
1706210 382
1706220 382
1706230 382
1706240 382
1706250 382
1706260 381
1706270 381
1706280 381
1706290 381
1706300 382
1706310 382
1706320 382
1706330 384
1706340 384
1706350 384
1706360 382
1706370 389
1706380 389
1706390 389
1706400 389
1706410 389
1706420 389
1706430 389
1706440 389
1706450 386
1706460 382
1706470 382
1706480 381
1706490 381
1706500 381
1706510 381
1706520 381
1706530 381
1706540 381
1706550 381
1706560 381
1706570 381
1706580 381
1706590 381
1706600 381
1706610 382
1706620 383
1706630 383
1706640 383
1706650 384
1706660 384
1706670 385
1706680 386
1706690 386
1706700 385
1706710 386
1706720 386
1706730 387
1706740 390
1706750 390
1706760 392
1706770 396
1706780 399
1706790 399
1706800 403
1706810 412
1706820 412
1706830 421
1706840 429
1706850 429
1706860 432
1706870 439
1706880 439
1706890 447
1706900 455
1706910 455
1706920 461
1706930 468
1706940 468
1706950 475
1706960 483
1706970 483
1706980 491
1706990 497
1707000 497
1707010 503
1707020 508
1707030 512
1707040 512
1707050 515
1707060 519
1707070 519
1707080 522
1707090 527
1707100 527
1707110 533
1707120 538
1707130 538
1707140 540
1707150 539
1707160 539
1707170 538
1707180 536
1707190 536
1707200 535
1707210 534
1707220 534
1707230 532
1707240 530
1707250 528
1707260 528
1707270 525
1707280 522
1707290 522
1707300 519
1707310 516
1707320 516
1707330 513
1707340 510
1707350 510
1707360 506
1707370 502
1707380 502
1707390 499
1707400 495
1707410 495
1707420 491
1707430 487
1707440 487
1707450 482
1707460 478
1707470 474
1707480 474
1707490 470
1707500 467
1707510 467
1707520 464
1707530 461
1707540 461
1707550 458
1707560 455
1707570 455
1707580 453
1707590 452
1707600 452
1707610 449
1707620 446
1707630 446
1707640 442
1707650 439
1707660 439
1707670 441
1707680 446
1707690 446
1707700 447
1707710 444
1707720 442
1707730 442
1707740 440
1707750 439
1707760 439
1707770 439
1707780 438
1707790 438
1707800 435
1707810 434
1707820 434
1707830 433
1707840 433
1707850 433
1707860 432
1707870 431
1707880 431
1707890 430
1707900 430
1707910 430
1707920 436
1707930 441
1707940 442
1707950 442
1707960 441
1707970 444
1707980 444
1707990 446
1708000 446
1708010 446
1708020 447
1708030 449
1708040 449
1708050 451
1708060 453
1708070 453
1708080 456
1708090 459
1708100 459
1708110 461
1708120 464
1708130 464
1708140 468
1708150 471
1708160 471
1708170 473
1708180 474
1708190 475
1708200 475
1708210 477
1708220 476
1708230 476
1708240 474
1708250 472
1708260 472
1708270 470
1708280 469
1708290 469
1708300 467
1708310 465
1708320 465
1708330 462
1708340 460
1708350 460
1708360 458
1708370 456
1708380 456
1708390 454
1708400 453
1708410 452
1708420 452
1708430 451
1708440 450
1708450 450
1708460 447
1708470 443
1708480 443
1708490 440
1708500 438
1708510 438
1708520 441
1708530 441
1708540 441
1708550 440
1708560 435
1708570 435
1708580 430
1708590 432
1708600 432
1708610 435
1708620 436
1708630 437
1708640 437
1708650 437
1708660 438
1708670 438
1708680 438
1708690 439
1708700 439
1708710 441
1708720 442
1708730 442
1708740 443
1708750 444
1708760 444
1708770 445
1708780 447
1708790 447
1708800 449
1708810 451
1708820 451
1708830 453
1708840 455
1708850 455
1708860 457
1708870 460
1708880 464
1708890 464
1708900 467
1708910 470
1708920 470
1708930 470
1708940 471
1708950 471
1708960 472
1708970 474
1708980 474
1708990 475
1709000 476
1709010 476
1709020 478
1709030 479
1709040 479
1709050 480
1709060 482
1709070 482
1709080 482
1709090 483
1709100 484
1709110 484
1709120 485
1709130 486
1709140 486
1709150 487
1709160 487
1709170 487
1709180 487
1709190 487
1709200 487
1709210 487
1709220 486
1709230 486
1709240 484
1709250 483
1709260 483
1709270 482
1709280 480
1709290 480
1709300 479
1709310 477
1709320 477
1709330 476
1709340 474
1709350 473
1709360 473
1709370 472
1709380 470
1709390 470
1709400 467
1709410 462
1709420 462
1709430 459
1709440 456
1709450 456
1709460 453
1709470 452
1709480 452
1709490 453
1709500 452
1709510 452
1709520 450
1709530 448
1709540 448
1709550 444
1709560 438
1709570 436
1709580 436
1709590 436
1709600 435
1709610 435
1709620 436
1709630 436
1709640 436
1709650 435
1709660 435
1709670 435
1709680 437
1709690 438
1709700 438
1709710 437
1709720 436
1709730 436
1709740 435
1709750 433
1709760 433
1709770 432
1709780 431
1709790 428
1709800 428
1709810 428
1709820 427
1709830 427
1709840 430
1709850 431
1709860 431
1709870 431
1709880 431
1709890 431
1709900 432
1709910 439
1709920 439
1709930 443
1709940 444
1709950 444
1709960 445
1709970 445
1709980 445
1709990 446
1710000 447
1710010 447
1710020 448
1710030 450
1710040 452
1710050 452
1710060 454
1710070 456
1710080 456
1710090 458
1710100 460
1710110 460
1710120 461
1710130 463
1710140 463
1710150 464
1710160 465
1710170 465
1710180 466
1710190 467
1710200 467
1710210 468
1710220 469
1710230 469
1710240 469
1710250 470
1710260 471
1710270 471
1710280 471
1710290 473
1710300 473
1710310 474
1710320 475
1710330 475
1710340 476
1710350 477
1710360 477
1710370 479
1710380 480
1710390 480
1710400 481
1710410 483
1710420 483
1710430 484
1710440 485
1710450 485
1710460 486
1710470 488
1710480 488
1710490 489
1710500 490
1710510 492
1710520 492
1710530 493
1710540 495
1710550 495
1710560 496
1710570 498
1710580 498
1710590 499
1710600 501
1710610 501
1710620 502
1710630 504
1710640 504
1710650 505
1710660 507
1710670 507
1710680 510
1710690 513
1710700 513
1710710 515
1710720 517
1710730 520
1710740 520
1710750 522
1710760 524
1710770 524
1710780 527
1710790 530
1710800 530
1710810 532
1710820 535
1710830 535
1710840 536
1710850 538
1710860 538
1710870 540
1710880 542
1710890 542
1710900 544
1710910 545
1710920 545
1710930 546
1710940 546
1710950 545
1710960 545
1710970 547
1710980 547
1710990 547
1711000 547
1711010 547
1711020 547
1711030 548
1711040 548
1711050 548
1711060 548
1711070 548
1711080 548
1711090 547
1711100 546
1711110 546
1711120 544
1711130 542
1711140 542
1711150 540
1711160 538
1711170 538
1711180 537
1711190 535
1711200 534
1711210 534
1711220 533
1711230 532
1711240 532
1711250 531
1711260 531
1711270 531
1711280 532
1711290 533
1711300 533
1711310 533
1711320 534
1711330 534
1711340 534
1711350 534
1711360 534
1711370 533
1711380 533
1711390 533
1711400 533
1711410 533
1711420 534
1711430 534
1711440 537
1711450 538
1711460 538
1711470 538
1711480 539
1711490 539
1711500 539
1711510 540
1711520 540
1711530 541
1711540 541
1711550 541
1711560 541
1711570 538
1711580 538
1711590 537
1711600 536
1711610 536
1711620 535
1711630 534
1711640 534
1711650 532
1711660 530
1711670 529
1711680 529
1711690 528
1711700 526
1711710 526
1711720 525
1711730 524
1711740 524
1711750 522
1711760 521
1711770 521
1711780 520
1711790 519
1711800 519
1711810 517
1711820 516
1711830 516
1711840 515
1711850 512
1711860 512
1711870 511
1711880 509
1711890 508
1711900 508
1711910 506
1711920 503
1711930 503
1711940 501
1711950 500
1711960 500
1711970 496
1711980 489
1711990 489
1712000 487
1712010 488
1712020 488
1712030 490
1712040 493
1712050 493
1712060 495
1712070 494
1712080 494
1712090 488
1712100 487
1712110 488
1712120 488
1712130 488
1712140 489
1712150 489
1712160 492
1712170 496
1712180 496
1712190 499
1712200 501
1712210 501
1712220 501
1712230 501
1712240 501
1712250 502
1712260 506
1712270 506
1712280 508
1712290 510
1712300 510
1712310 511
1712320 516
1712330 516
1712340 518
1712350 521
1712360 524
1712370 524
1712380 527
1712390 531
1712400 531
1712410 536
1712420 540
1712430 540
1712440 543
1712450 545
1712460 545
1712470 546
1712480 545
1712490 545
1712500 547
1712510 552
1712520 552
1712530 554
1712540 556
1712550 556
1712560 558
1712570 560
1712580 562
1712590 562
1712600 564
1712610 568
1712620 568
1712630 570
1712640 573
1712650 573
1712660 575
1712670 577
1712680 577
1712690 581
1712700 586
1712710 586
1712720 590
1712730 593
1712740 593
1712750 597
1712760 600
1712770 600
1712780 601
1712790 603
1712800 604
1712810 604
1712820 604
1712830 606
1712840 606
1712850 607
1712860 609
1712870 609
1712880 612
1712890 613
1712900 613
1712910 615
1712920 616
1712930 616
1712940 617
1712950 620
1712960 620
1712970 622
1712980 624
1712990 624
1713000 625
1713010 627
1713020 627
1713030 630
1713040 632
1713050 632
1713060 632
1713070 633
1713080 635
1713090 635
1713100 638
1713110 640
1713120 640
1713130 641
1713140 644
1713150 644
1713160 645
1713170 646
1713180 646
1713190 647
1713200 649
1713210 649
1713220 651
1713230 652
1713240 652
1713250 654
1713260 655
1713270 656
1713280 656
1713290 657
1713300 658
1713310 658
1713320 659
1713330 660
1713340 660
1713350 661
1713360 662
1713370 662
1713380 663
1713390 664
1713400 664
1713410 665
1713420 665
1713430 665
1713440 666
1713450 666
1713460 666
1713470 667
1713480 667
1713490 667
1713500 667
1713510 669
1713520 669
1713530 669
1713540 671
1713550 673
1713560 673
1713570 676
1713580 678
1713590 678
1713600 680
1713610 681
1713620 681
1713630 680
1713640 680
1713650 680
1713660 680
1713670 681
1713680 681
1713690 682
1713700 683
1713710 683
1713720 683
1713730 682
1713740 680
1713750 680
1713760 679
1713770 679
1713780 679
1713790 681
1713800 683
1713810 683
1713820 684
1713830 683
1713840 683
1713850 685
1713860 687
1713870 687
1713880 688
1713890 690
1713900 690
1713910 693
1713920 695
1713930 695
1713940 697
1713950 699
1713960 701
1713970 701
1713980 704
1713990 706
1714000 706
1714010 707
1714020 709
1714030 709
1714040 711
1714050 713
1714060 713
1714070 716
1714080 719
1714090 719
1714100 721
1714110 723
1714120 723
1714130 724
1714140 725
1714150 727
1714160 729
1714170 730
1714180 730
1714190 730
1714200 731
1714210 731
1714220 731
1714230 731
1714240 731
1714250 731
1714260 730
1714270 729
1714280 729
1714290 727
1714300 726
1714310 726
1714320 723
1714330 721
1714340 721
1714350 718
1714360 716
1714370 716
1714380 716
1714390 716
1714400 716
1714410 717
1714420 717
1714430 717
1714440 717
1714450 715
1714460 714
1714470 714
1714480 713
1714490 713
1714500 713
1714510 713
1714520 712
1714530 712
1714540 713
1714550 714
1714560 714
1714570 715
1714580 715
1714590 715
1714600 714
1714610 711
1714620 711
1714630 712
1714640 712
1714650 712
1714660 712
1714670 711
1714680 709
1714690 709
1714700 707
1714710 704
1714720 704
1714730 701
1714740 698
1714750 698
1714760 696
1714770 693
1714780 693
1714790 690
1714800 688
1714810 688
1714820 685
1714830 682
1714840 682
1714850 680
1714860 677
1714870 677
1714880 675
1714890 672
1714900 670
1714910 670
1714920 668
1714930 663
1714940 663
1714950 659
1714960 655
1714970 655
1714980 653
1714990 650
1715000 650
1715010 647
1715020 645
1715030 645
1715040 642
1715050 639
1715060 639
1715070 636
1715080 633
1715090 633
1715100 631
1715110 629
1715120 626
1715130 626
1715140 624
1715150 622
1715160 622
1715170 619
1715180 616
1715190 616
1715200 614
1715210 611
1715220 611
1715230 608
1715240 606
1715250 606
1715260 604
1715270 601
1715280 601
1715290 599
1715300 595
1715310 595
1715320 591
1715330 588
1715340 588
1715350 584
1715360 580
1715370 576
1715380 576
1715390 571
1715400 566
1715410 566
1715420 562
1715430 557
1715440 557
1715450 551
1715460 546
1715470 546
1715480 542
1715490 537
1715500 537
1715510 533
1715520 530
1715530 530
1715540 526
1715550 523
1715560 523
1715570 520
1715580 517
1715590 513
1715600 513
1715610 509
1715620 506
1715630 506
1715640 502
1715650 499
1715660 499
1715670 495
1715680 492
1715690 492
1715700 490
1715710 486
1715720 486
1715730 482
1715740 477
1715750 477
1715760 478
1715770 481
1715780 481
1715790 481
1715800 481
1715810 481
1715820 483
1715830 483
1715840 481
1715850 481
1715860 478
1715870 476
1715880 476
1715890 474
1715900 471
1715910 471
1715920 469
1715930 467
1715940 467
1715950 465
1715960 463
1715970 463
1715980 462
1715990 459
1716000 459
1716010 458
1716020 456
1716030 456
1716040 454
1716050 453
1716060 452
1716070 452
1716080 450
1716090 448
1716100 448
1716110 447
1716120 447
1716130 447
1716140 446
1716150 447
1716160 447
1716170 445
1716180 446
1716190 446
1716200 446
1716210 447
1716220 447
1716230 448
1716240 448
1716250 448
1716260 449
1716270 450
1716280 452
1716290 452
1716300 453
1716310 455
1716320 455
1716330 457
1716340 458
1716350 458
1716360 459
1716370 462
1716380 462
1716390 465
1716400 468
1716410 468
1716420 472
1716430 475
1716440 475
1716450 480
1716460 485
1716470 485
1716480 490
1716490 496
1716500 496
1716510 502
1716520 508
1716530 514
1716540 514
1716550 519
1716560 524
1716570 524
1716580 529
1716590 534
1716600 534
1716610 538
1716620 543
1716630 543
1716640 547
1716650 551
1716660 551
1716670 555
1716680 560
1716690 560
1716700 564
1716710 568
1716720 568
1716730 573
1716740 577
1716750 581
1716760 581
1716770 586
1716780 589
1716790 589
1716800 593
1716810 597
1716820 597
1716830 602
1716840 607
1716850 607
1716860 610
1716870 616
1716880 616
1716890 620
1716900 624
1716910 624
1716920 628
1716930 632
1716940 632
1716950 635
1716960 639
1716970 639
1716980 642
1716990 645
1717000 646
1717010 646
1717020 645
1717030 644
1717040 644
1717050 643
1717060 643
1717070 643
1717080 643
1717090 644
1717100 644
1717110 644
1717120 644
1717130 644
1717140 643
1717150 641
1717160 641
1717170 638
1717180 635
1717190 635
1717200 633
1717210 629
1717220 626
1717230 626
1717240 622
1717250 619
1717260 619
1717270 615
1717280 611
1717290 611
1717300 607
1717310 603
1717320 603
1717330 599
1717340 596
1717350 596
1717360 591
1717370 587
1717380 587
1717390 582
1717400 578
1717410 578
1717420 573
1717430 567
1717440 563
1717450 563
1717460 568
1717470 576
1717480 576
1717490 582
1717500 587
1717510 587
1717520 592
1717530 597
1717540 597
1717550 602
1717560 606
1717570 606
1717580 610
1717590 615
1717600 615
1717610 619
1717620 623
1717630 623
1717640 628
1717650 632
1717660 632
1717670 637
1717680 641
1717690 645
1717700 645
1717710 650
1717720 654
1717730 654
1717740 659
1717750 663
1717760 663
1717770 668
1717780 670
1717790 670
1717800 675
1717810 679
1717820 679
1717830 683
1717840 686
1717850 686
1717860 689
1717870 691
1717880 691
1717890 693
1717900 693
1717910 694
1717920 694
1717930 695
1717940 695
1717950 695
1717960 696
1717970 697
1717980 697
1717990 698
1718000 699
1718010 699
1718020 700
1718030 701
1718040 701
1718050 701
1718060 702
1718070 702
1718080 703
1718090 704
1718100 704
1718110 705
1718120 706
1718130 706
1718140 706
1718150 707
1718160 708
1718170 708
1718180 708
1718190 709
1718200 709
1718210 710
1718220 711
1718230 711
1718240 713
1718250 715
1718260 715
1718270 716
1718280 719
1718290 719
1718300 722
1718310 724
1718320 724
1718330 727
1718340 730
1718350 730
1718360 732
1718370 735
1718380 738
1718390 738
1718400 740
1718410 742
1718420 742
1718430 746
1718440 749
1718450 749
1718460 750
1718470 751
1718480 751
1718490 752
1718500 752
1718510 752
1718520 753
1718530 754
1718540 754
1718550 755
1718560 756
1718570 756
1718580 757
1718590 758
1718600 759
1718610 759
1718620 760
1718630 761
1718640 761
1718650 763
1718660 764
1718670 764
1718680 764
1718690 763
1718700 763
1718710 763
1718720 762
1718730 762
1718740 762
1718750 761
1718760 761
1718770 760
1718780 759
1718790 759
1718800 757
1718810 755
1718820 755
1718830 752
1718840 750
1718850 747
1718860 747
1718870 743
1718880 741
1718890 741
1718900 737
1718910 735
1718920 735
1718930 730
1718940 729
1718950 729
1718960 727
1718970 725
1718980 725
1718990 723
1719000 722
1719010 722
1719020 720
1719030 719
1719040 719
1719050 718
1719060 716
1719070 716
1719080 716
1719090 714
1719100 713
1719110 713
1719120 711
1719130 709
1719140 709
1719150 707
1719160 702
1719170 702
1719180 697
1719190 694
1719200 694
1719210 695
1719220 696
1719230 696
1719240 697
1719250 697
1719260 697
1719270 697
1719280 697
1719290 697
1719300 697
1719310 697
1719320 697
1719330 697
1719340 697
1719350 697
1719360 697
1719370 696
1719380 696
1719390 696
1719400 695
1719410 694
1719420 694
1719430 693
1719440 692
1719450 692
1719460 691
1719470 689
1719480 689
1719490 688
1719500 686
1719510 686
1719520 685
1719530 683
1719540 682
1719550 682
1719560 680
1719570 678
1719580 677
1719590 675
1719600 671
1719610 671
1719620 667
1719630 661
1719640 661
1719650 655
1719660 648
1719670 648
1719680 653
1719690 657
1719700 657
1719710 659
1719720 660
1719730 660
1719740 662
1719750 663
1719760 665
1719770 665
1719780 666
1719790 667
1719800 667
1719810 667
1719820 668
1719830 668
1719840 669
1719850 670
1719860 670
1719870 670
1719880 670
1719890 670
1719900 670
1719910 668
1719920 668
1719930 665
1719940 663
1719950 663
1719960 661
1719970 659
1719980 659
1719990 659
