1760000 376
1760010 377
1760020 377
1760030 378
1760040 379
1760050 379
1760060 380
1760070 379
1760080 379
1760090 378
1760100 378
1760110 378
1760120 380
1760130 381
1760140 382
1760150 382
1760160 384
1760170 385
1760180 385
1760190 387
1760200 390
1760210 390
1760220 392
1760230 394
1760240 394
1760250 396
1760260 399
1760270 399
1760280 401
1760290 401
1760300 401
1760310 401
1760320 403
1760330 403
1760340 401
1760350 400
1760360 400
1760370 400
1760380 399
1760390 397
1760400 397
1760410 394
1760420 393
1760430 393
1760440 392
1760450 390
1760460 390
1760470 389
1760480 387
1760490 387
1760500 385
1760510 383
1760520 383
1760530 381
1760540 379
1760550 379
1760560 378
1760570 376
1760580 376
1760590 375
1760600 374
1760610 373
1760620 373
1760630 371
1760640 370
1760650 370
1760660 369
1760670 366
1760680 366
1760690 365
1760700 363
1760710 363
1760720 361
1760730 361
1760740 361
1760750 360
1760760 359
1760770 359
1760780 362
1760790 363
1760800 363
1760810 363
1760820 364
1760830 365
1760840 365
1760850 365
1760860 366
1760870 366
1760880 367
1760890 369
1760900 369
1760910 370
1760920 371
1760930 371
1760940 372
1760950 373
1760960 373
1760970 375
1760980 378
1760990 378
1761000 380
1761010 381
1761020 381
1761030 381
1761040 383
1761050 383
1761060 384
1761070 385
1761080 386
1761090 386
1761100 387
1761110 389
1761120 389
1761130 392
1761140 394
1761150 394
1761160 396
1761170 397
1761180 397
1761190 397
1761200 396
1761210 396
1761220 396
1761230 395
1761240 395
1761250 393
1761260 392
1761270 392
1761280 389
1761290 387
1761300 385
1761310 385
1761320 384
1761330 382
1761340 382
1761350 381
1761360 379
1761370 379
1761380 377
1761390 375
1761400 375
1761410 374
1761420 373
1761430 373
1761440 372
1761450 371
1761460 371
1761470 369
1761480 368
1761490 368
1761500 367
1761510 365
1761520 364
1761530 364
1761540 364
1761550 363
1761560 363
1761570 362
1761580 362
1761590 362
1761600 362
1761610 362
1761620 362
1761630 363
1761640 363
1761650 363
1761660 364
1761670 364
1761680 364
1761690 365
1761700 365
1761710 365
1761720 366
1761730 367
1761740 367
1761750 368
1761760 369
1761770 370
1761780 370
1761790 371
1761800 372
1761810 372
1761820 373
1761830 373
1761840 373
1761850 373
1761860 374
1761870 374
1761880 375
1761890 376
1761900 376
1761910 376
1761920 377
1761930 377
1761940 377
1761950 378
1761960 378
1761970 379
1761980 381
1761990 382
1762000 382
1762010 382
1762020 383
1762030 383
1762040 383
1762050 383
1762060 383
1762070 384
1762080 384
1762090 384
1762100 385
1762110 386
1762120 386
1762130 386
1762140 387
1762150 387
1762160 388
1762170 390
1762180 390
1762190 392
1762200 394
1762210 394
1762220 395
1762230 396
1762240 397
1762250 397
1762260 398
1762270 399
1762280 399
1762290 401
1762300 403
1762310 403
1762320 405
1762330 408
1762340 408
1762350 409
1762360 410
1762370 410
1762380 408
1762390 409
1762400 409
1762410 409
1762420 409
1762430 409
1762440 409
1762450 408
1762460 408
1762470 408
1762480 408
1762490 405
1762500 405
1762510 403
1762520 401
1762530 401
1762540 400
1762550 399
1762560 399
1762570 397
1762580 395
1762590 395
1762600 393
1762610 390
1762620 390
1762630 387
1762640 387
1762650 387
1762660 386
1762670 386
1762680 386
1762690 385
1762700 384
1762710 383
1762720 383
1762730 382
1762740 380
1762750 380
1762760 379
1762770 379
1762780 379
1762790 379
1762800 378
1762810 378
1762820 376
1762830 374
1762840 374
1762850 373
1762860 371
1762870 371
1762880 369
1762890 367
1762900 367
1762910 367
1762920 365
1762930 362
1762940 362
1762950 363
1762960 363
1762970 363
1762980 363
1762990 363
1763000 363
1763010 366
1763020 367
1763030 367
1763040 371
1763050 377
1763060 377
1763070 379
1763080 381
1763090 381
1763100 383
1763110 385
1763120 385
1763130 388
1763140 389
1763150 389
1763160 388
1763170 388
1763180 387
1763190 387
1763200 386
1763210 382
1763220 382
1763230 388
1763240 388
1763250 388
1763260 387
1763270 386
1763280 386
1763290 386
1763300 385
1763310 385
1763320 382
1763330 378
1763340 378
1763350 376
1763360 375
1763370 375
1763380 375
1763390 375
1763400 375
1763410 375
1763420 374
1763430 373
1763440 373
1763450 372
1763460 372
1763470 372
1763480 371
1763490 371
1763500 371
1763510 370
1763520 370
1763530 370
1763540 368
1763550 368
1763560 368
1763570 368
1763580 368
1763590 368
1763600 368
1763610 368
1763620 368
1763630 369
1763640 369
1763650 370
1763660 370
1763670 371
1763680 372
1763690 372
1763700 372
1763710 374
1763720 374
1763730 376
1763740 379
1763750 378
1763760 380
1763770 381
1763780 381
1763790 384
1763800 386
1763810 386
1763820 390
1763830 394
1763840 394
1763850 396
1763860 398
1763870 399
1763880 399
1763890 399
1763900 398
1763910 398
1763920 398
1763930 396
1763940 396
1763950 393
1763960 391
1763970 391
1763980 388
1763990 387
1764000 387
1764010 386
1764020 385
1764030 385
1764040 384
1764050 384
1764060 384
1764070 382
1764080 381
1764090 380
1764100 380
1764110 379
1764120 378
1764130 378
1764140 377
1764150 375
1764160 375
1764170 373
1764180 371
1764190 371
1764200 370
1764210 370
1764220 370
1764230 371
1764240 371
1764250 371
1764260 373
1764270 374
1764280 374
1764290 376
1764300 379
1764310 379
1764320 381
1764330 385
1764340 386
1764350 386
1764360 388
1764370 387
1764380 387
1764390 387
1764400 387
1764410 387
1764420 386
1764430 386
1764440 386
1764450 384
1764460 383
1764470 383
1764480 380
1764490 379
1764500 379
1764510 380
1764520 378
1764530 378
1764540 377
1764550 376
1764560 374
1764570 374
1764580 373
1764590 373
1764600 373
1764610 372
1764620 371
1764630 371
1764640 370
1764650 369
1764660 369
1764670 368
1764680 367
1764690 367
1764700 366
1764710 364
1764720 364
1764730 363
1764740 362
1764750 362
1764760 362
1764770 361
1764780 361
1764790 360
1764800 360
1764810 359
1764820 359
1764830 357
1764840 356
1764850 356
1764860 355
1764870 354
1764880 354
1764890 353
1764900 353
1764910 353
1764920 352
1764930 351
1764940 351
1764950 350
1764960 349
1764970 349
1764980 347
1764990 347
1765000 347
1765010 346
1765020 345
1765030 344
1765040 344
1765050 343
1765060 343
1765070 343
1765080 342
1765090 341
1765100 340
1765110 339
1765120 339
1765130 339
1765140 338
1765150 337
1765160 337
1765170 337
1765180 336
1765190 336
1765200 335
1765210 335
1765220 335
1765230 334
1765240 334
1765250 334
1765260 334
1765270 333
1765280 333
1765290 333
1765300 333
1765310 333
1765320 333
1765330 332
1765340 332
1765350 332
1765360 332
1765370 332
1765380 332
1765390 332
1765400 332
1765410 332
1765420 332
1765430 332
1765440 332
1765450 331
1765460 331
1765470 331
1765480 331
1765490 331
1765500 330
1765510 330
1765520 330
1765530 330
1765540 330
1765550 330
1765560 330
1765570 330
1765580 330
1765590 330
1765600 330
1765610 330
1765620 330
1765630 330
1765640 330
1765650 330
1765660 330
1765670 330
1765680 330
1765690 330
1765700 329
1765710 329
1765720 329
1765730 329
1765740 329
1765750 329
1765760 329
1765770 329
1765780 329
1765790 329
1765800 329
1765810 329
1765820 329
1765830 329
1765840 329
1765850 329
1765860 329
1765870 329
1765880 329
1765890 328
1765900 328
1765910 328
1765920 328
1765930 328
1765940 328
1765950 328
1765960 328
1765970 328
1765980 328
1765990 328
1766000 328
1766010 328
1766020 328
1766030 328
1766040 328
1766050 328
1766060 328
1766070 328
1766080 328
1766090 328
1766100 328
1766110 328
1766120 328
1766130 328
1766140 328
1766150 328
1766160 328
1766170 328
1766180 328
1766190 328
1766200 328
1766210 328
1766220 328
1766230 328
1766240 328
1766250 328
1766260 328
1766270 327
1766280 327
1766290 327
1766300 327
1766310 327
1766320 327
1766330 327
1766340 327
1766350 327
1766360 326
1766370 327
1766380 327
1766390 325
1766400 325
1766410 325
1766420 325
1766430 327
1766440 327
1766450 327
1766460 327
1766470 327
1766480 327
1766490 327
1766500 327
1766510 327
1766520 327
1766530 327
1766540 327
1766550 326
1766560 326
1766570 326
1766580 326
1766590 326
1766600 326
1766610 326
1766620 326
1766630 326
1766640 326
1766650 326
1766660 326
1766670 326
1766680 326
1766690 326
1766700 326
1766710 326
1766720 327
1766730 327
1766740 327
1766750 327
1766760 327
1766770 326
1766780 327
1766790 327
1766800 327
1766810 327
1766820 327
1766830 327
1766840 327
1766850 327
1766860 327
1766870 327
1766880 327
1766890 326
1766900 326
1766910 326
1766920 326
1766930 326
1766940 326
1766950 326
1766960 326
1766970 327
1766980 327
1766990 326
1767000 326
1767010 326
1767020 326
1767030 326
1767040 326
1767050 326
1767060 326
1767070 326
1767080 326
1767090 326
1767100 326
1767110 326
1767120 326
1767130 326
1767140 326
1767150 326
1767160 326
1767170 326
1767180 326
1767190 326
1767200 326
1767210 326
1767220 326
1767230 326
1767240 326
1767250 326
1767260 326
1767270 326
1767280 326
1767290 326
1767300 326
1767310 326
1767320 326
1767330 326
1767340 326
1767350 326
1767360 326
1767370 326
1767380 326
1767390 326
1767400 326
1767410 325
1767420 325
1767430 325
1767440 325
1767450 325
1767460 325
1767470 325
1767480 325
1767490 326
1767500 325
1767510 325
1767520 326
1767530 326
1767540 326
1767550 326
1767560 326
1767570 326
1767580 326
1767590 326
1767600 326
1767610 326
1767620 326
1767630 326
1767640 326
1767650 327
1767660 327
1767670 327
1767680 327
1767690 327
1767700 327
1767710 327
1767720 328
1767730 328
1767740 328
1767750 328
1767760 328
1767770 328
1767780 328
1767790 328
1767800 328
1767810 328
1767820 328
1767830 328
1767840 329
1767850 329
1767860 329
1767870 330
1767880 330
1767890 330
1767900 332
1767910 333
1767920 333
1767930 333
1767940 333
1767950 333
1767960 333
1767970 333
1767980 333
1767990 334
1768000 334
1768010 334
1768020 334
1768030 334
1768040 334
1768050 335
1768060 335
1768070 335
1768080 335
1768090 335
1768100 335
1768110 335
1768120 335
1768130 336
1768140 336
1768150 336
1768160 336
1768170 336
1768180 336
1768190 336
1768200 336
1768210 336
1768220 337
1768230 337
1768240 337
1768250 337
1768260 337
1768270 337
1768280 337
1768290 337
1768300 337
1768310 338
1768320 337
1768330 337
1768340 337
1768350 338
1768360 338
1768370 338
1768380 338
1768390 338
1768400 338
1768410 338
1768420 338
1768430 338
1768440 338
1768450 338
1768460 338
1768470 338
1768480 338
1768490 338
1768500 338
1768510 338
1768520 338
1768530 338
1768540 337
1768550 337
1768560 338
1768570 339
1768580 339
1768590 339
1768600 339
1768610 339
1768620 339
1768630 340
1768640 340
1768650 341
1768660 342
1768670 342
1768680 343
1768690 344
1768700 344
1768710 345
1768720 346
1768730 346
1768740 346
1768750 347
1768760 347
1768770 348
1768780 349
1768790 349
1768800 349
1768810 350
1768820 351
1768830 351
1768840 351
1768850 352
1768860 352
1768870 352
1768880 353
1768890 353
1768900 354
1768910 355
1768920 355
1768930 355
1768940 355
1768950 355
1768960 356
1768970 356
1768980 356
1768990 357
1769000 357
1769010 357
1769020 357
1769030 358
1769040 358
1769050 358
1769060 358
1769070 358
1769080 358
1769090 358
1769100 358
1769110 358
1769120 358
1769130 358
1769140 358
1769150 358
1769160 358
1769170 358
1769180 358
1769190 357
1769200 357
1769210 357
1769220 356
1769230 356
1769240 356
1769250 357
1769260 357
1769270 357
1769280 357
1769290 358
1769300 358
1769310 358
1769320 358
1769330 358
1769340 358
1769350 358
1769360 358
1769370 358
1769380 358
1769390 358
1769400 358
1769410 359
1769420 359
1769430 359
1769440 359
1769450 359
1769460 359
1769470 359
1769480 359
1769490 359
1769500 359
1769510 359
1769520 359
1769530 359
1769540 359
1769550 359
1769560 359
1769570 359
1769580 359
1769590 359
1769600 359
1769610 359
1769620 359
1769630 359
1769640 359
1769650 359
1769660 359
1769670 359
1769680 359
1769690 359
1769700 359
1769710 359
1769720 359
1769730 359
1769740 359
1769750 360
1769760 360
1769770 360
1769780 360
1769790 360
1769800 360
1769810 360
1769820 360
1769830 360
1769840 360
1769850 360
1769860 360
1769870 361
1769880 361
1769890 361
1769900 361
1769910 361
1769920 361
1769930 362
1769940 362
1769950 362
1769960 362
1769970 363
1769980 363
1769990 363
1770000 363
1770010 363
1770020 363
1770030 363
1770040 362
1770050 362
1770060 361
1770070 361
1770080 361
1770090 362
1770100 363
1770110 363
1770120 364
1770130 365
1770140 365
1770150 364
1770160 365
1770170 366
1770180 366
1770190 366
1770200 367
1770210 367
1770220 367
1770230 368
1770240 368
1770250 368
1770260 367
1770270 367
1770280 367
1770290 367
1770300 367
1770310 367
1770320 366
1770330 366
1770340 365
1770350 364
1770360 364
1770370 363
1770380 362
1770390 362
1770400 361
1770410 361
1770420 359
1770430 359
1770440 359
1770450 359
1770460 359
1770470 362
1770480 363
1770490 363
1770500 364
1770510 365
1770520 365
1770530 366
1770540 366
1770550 366
1770560 367
1770570 368
1770580 368
1770590 369
1770600 370
1770610 370
1770620 370
1770630 371
1770640 373
1770650 373
1770660 374
1770670 375
1770680 375
1770690 375
1770700 377
1770710 377
1770720 377
1770730 377
1770740 377
1770750 377
1770760 377
1770770 377
1770780 378
1770790 378
1770800 378
1770810 379
1770820 380
1770830 380
1770840 381
1770850 382
1770860 382
1770870 382
1770880 383
1770890 383
1770900 383
1770910 383
1770920 384
1770930 384
1770940 384
1770950 385
1770960 385
1770970 385
1770980 386
1770990 386
1771000 386
1771010 386
1771020 386
1771030 387
1771040 387
1771050 387
1771060 387
1771070 387
1771080 387
1771090 388
1771100 388
1771110 388
1771120 388
1771130 388
1771140 388
1771150 388
1771160 388
1771170 387
1771180 387
1771190 386
1771200 386
1771210 386
1771220 386
1771230 386
1771240 386
1771250 385
1771260 385
1771270 385
1771280 385
1771290 384
1771300 384
1771310 384
1771320 384
1771330 384
1771340 384
1771350 383
1771360 383
1771370 383
1771380 383
1771390 382
1771400 382
1771410 382
1771420 382
1771430 382
1771440 381
1771450 381
1771460 381
1771470 381
1771480 380
1771490 380
1771500 380
1771510 380
1771520 380
1771530 380
1771540 379
1771550 379
1771560 379
1771570 378
1771580 377
1771590 377
1771600 377
1771610 377
1771620 377
1771630 376
1771640 376
1771650 376
1771660 375
1771670 374
1771680 374
1771690 373
1771700 372
1771710 372
1771720 371
1771730 371
1771740 371
1771750 371
1771760 371
1771770 371
1771780 371
1771790 373
1771800 373
1771810 374
1771820 374
1771830 374
1771840 374
1771850 375
1771860 375
1771870 375
1771880 376
1771890 376
1771900 376
1771910 376
1771920 377
1771930 377
1771940 378
1771950 378
1771960 378
1771970 379
1771980 379
1771990 379
1772000 380
1772010 381
1772020 381
1772030 381
1772040 381
1772050 380
1772060 380
1772070 379
1772080 379
1772090 379
1772100 381
1772110 383
1772120 383
1772130 384
1772140 384
1772150 384
1772160 385
1772170 386
1772180 386
1772190 386
1772200 387
1772210 387
1772220 387
1772230 388
1772240 388
1772250 388
1772260 389
1772270 389
1772280 389
1772290 388
1772300 388
1772310 388
1772320 387
1772330 387
1772340 387
1772350 386
1772360 388
1772370 388
1772380 389
1772390 389
1772400 389
1772410 390
1772420 390
1772430 390
1772440 390
1772450 391
1772460 391
1772470 391
1772480 391
1772490 391
1772500 392
1772510 392
1772520 392
1772530 392
1772540 392
1772550 392
1772560 392
1772570 391
1772580 390
1772590 390
1772600 389
1772610 387
1772620 387
1772630 386
1772640 384
1772650 384
1772660 381
1772670 379
1772680 379
1772690 381
1772700 382
1772710 382
1772720 383
1772730 384
1772740 385
1772750 385
1772760 386
1772770 387
1772780 387
1772790 389
1772800 390
1772810 390
1772820 391
1772830 392
1772840 392
1772850 393
1772860 393
1772870 393
1772880 394
1772890 394
1772900 394
1772910 395
1772920 395
1772930 395
1772940 396
1772950 397
1772960 397
1772970 397
1772980 397
1772990 398
1773000 398
1773010 398
1773020 398
1773030 398
1773040 398
1773050 398
1773060 398
1773070 399
1773080 399
1773090 399
1773100 399
1773110 399
1773120 399
1773130 399
1773140 399
1773150 399
1773160 399
1773170 399
1773180 399
1773190 398
1773200 397
1773210 397
1773220 397
1773230 396
1773240 396
1773250 396
1773260 395
1773270 395
1773280 395
1773290 394
1773300 393
1773310 393
1773320 392
1773330 391
1773340 391
1773350 390
1773360 389
1773370 389
1773380 388
1773390 386
1773400 386
1773410 385
1773420 383
1773430 383
1773440 381
1773450 379
1773460 378
1773470 378
1773480 378
1773490 378
1773500 378
1773510 380
1773520 382
1773530 382
1773540 383
1773550 385
1773560 385
1773570 386
1773580 387
1773590 387
1773600 388
1773610 389
1773620 389
1773630 390
1773640 391
1773650 391
1773660 393
1773670 393
1773680 394
1773690 394
1773700 395
1773710 395
1773720 395
1773730 396
1773740 397
1773750 397
1773760 397
1773770 398
1773780 398
1773790 398
1773800 398
1773810 398
1773820 398
1773830 399
1773840 399
1773850 399
1773860 399
1773870 399
1773880 399
1773890 399
1773900 399
1773910 399
1773920 399
1773930 399
1773940 399
1773950 399
1773960 399
1773970 399
1773980 399
1773990 399
1774000 399
1774010 398
1774020 398
1774030 398
1774040 398
1774050 398
1774060 398
1774070 398
1774080 398
1774090 398
1774100 398
1774110 399
1774120 399
1774130 398
1774140 398
1774150 398
1774160 398
1774170 397
1774180 397
1774190 397
1774200 396
1774210 395
1774220 395
1774230 395
1774240 394
1774250 394
1774260 394
1774270 393
1774280 393
1774290 393
1774300 393
1774310 393
1774320 392
1774330 392
1774340 392
1774350 392
1774360 392
1774370 392
1774380 393
1774390 393
1774400 393
1774410 393
1774420 394
1774430 394
1774440 394
1774450 395
1774460 395
1774470 395
1774480 395
1774490 396
1774500 396
1774510 396
1774520 396
1774530 396
1774540 397
1774550 397
1774560 397
1774570 397
1774580 397
1774590 397
1774600 397
1774610 397
1774620 398
1774630 398
1774640 398
1774650 398
1774660 398
1774670 398
1774680 397
1774690 397
1774700 398
1774710 397
1774720 397
1774730 397
1774740 398
1774750 398
1774760 398
1774770 397
1774780 397
1774790 397
1774800 397
1774810 397
1774820 397
1774830 397
1774840 397
1774850 397
1774860 397
1774870 397
1774880 397
1774890 397
1774900 396
1774910 396
1774920 396
1774930 396
1774940 396
1774950 396
1774960 395
1774970 395
1774980 395
1774990 395
1775000 395
1775010 394
1775020 394
1775030 394
1775040 395
1775050 393
1775060 393
1775070 393
1775080 392
1775090 391
1775100 391
1775110 391
1775120 391
1775130 391
1775140 391
1775150 390
1775160 390
1775170 391
1775180 391
1775190 391
1775200 391
1775210 392
1775220 392
1775230 392
1775240 393
1775250 393
1775260 394
1775270 396
1775280 396
1775290 397
1775300 397
1775310 398
1775320 398
1775330 398
1775340 398
1775350 398
1775360 398
1775370 398
1775380 398
1775390 399
1775400 399
1775410 399
1775420 399
1775430 399
1775440 399
1775450 399
1775460 399
1775470 399
1775480 399
1775490 399
1775500 399
1775510 399
1775520 400
1775530 400
1775540 400
1775550 400
1775560 400
1775570 400
1775580 400
1775590 400
1775600 400
1775610 400
1775620 400
1775630 400
1775640 401
1775650 401
1775660 401
1775670 401
1775680 401
1775690 401
1775700 401
1775710 400
1775720 400
1775730 400
1775740 400
1775750 400
1775760 400
1775770 400
1775780 400
1775790 400
1775800 400
1775810 399
1775820 399
1775830 399
1775840 399
1775850 399
1775860 398
1775870 398
1775880 398
1775890 398
1775900 397
1775910 397
1775920 397
1775930 396
1775940 396
1775950 396
1775960 395
1775970 395
1775980 395
1775990 394
1776000 394
1776010 393
1776020 392
1776030 391
1776040 391
1776050 389
1776060 389
1776070 389
1776080 388
1776090 386
1776100 386
1776110 385
1776120 384
1776130 384
1776140 383
1776150 382
1776160 382
1776170 381
1776180 380
1776190 380
1776200 379
1776210 377
1776220 377
1776230 376
1776240 374
1776250 375
1776260 375
1776270 377
1776280 378
1776290 378
1776300 379
1776310 380
1776320 380
1776330 381
1776340 382
1776350 382
1776360 384
1776370 386
1776380 386
1776390 384
1776400 385
1776410 385
1776420 386
1776430 386
1776440 386
1776450 388
1776460 390
1776470 390
1776480 390
1776490 390
1776500 390
1776510 390
1776520 391
1776530 390
1776540 390
1776550 390
1776560 390
1776570 390
1776580 390
1776590 389
1776600 389
1776610 389
1776620 392
1776630 392
1776640 392
1776650 392
1776660 392
1776670 392
1776680 392
1776690 392
1776700 392
1776710 392
1776720 392
1776730 392
1776740 392
1776750 392
1776760 392
1776770 392
1776780 393
1776790 393
1776800 393
1776810 393
1776820 393
1776830 393
1776840 396
1776850 396
1776860 394
1776870 397
1776880 397
1776890 396
1776900 395
1776910 395
1776920 395
1776930 395
1776940 395
1776950 395
1776960 395
1776970 395
1776980 395
1776990 395
1777000 395
1777010 395
1777020 395
1777030 395
1777040 395
1777050 395
1777060 395
1777070 395
1777080 395
1777090 395
1777100 395
1777110 395
1777120 395
1777130 395
1777140 394
1777150 394
1777160 394
1777170 394
1777180 394
1777190 394
1777200 394
1777210 393
1777220 393
1777230 393
1777240 393
1777250 393
1777260 393
1777270 392
1777280 392
1777290 392
1777300 392
1777310 392
1777320 392
1777330 391
1777340 391
1777350 391
1777360 390
1777370 390
1777380 390
1777390 390
1777400 390
1777410 390
1777420 390
1777430 390
1777440 390
1777450 390
1777460 390
1777470 390
1777480 390
1777490 390
1777500 390
1777510 390
1777520 390
1777530 390
1777540 390
1777550 390
1777560 390
1777570 390
1777580 390
1777590 390
1777600 390
1777610 390
1777620 390
1777630 390
1777640 390
1777650 390
1777660 390
1777670 390
1777680 390
1777690 390
1777700 390
1777710 390
1777720 390
1777730 390
1777740 390
1777750 390
1777760 390
1777770 390
1777780 390
1777790 390
1777800 390
1777810 390
1777820 390
1777830 389
1777840 389
1777850 389
1777860 389
1777870 389
1777880 389
1777890 389
1777900 390
1777910 390
1777920 390
1777930 390
1777940 390
1777950 390
1777960 390
1777970 390
1777980 390
1777990 390
1778000 390
1778010 390
1778020 390
1778030 391
1778040 391
1778050 391
1778060 391
1778070 391
1778080 391
1778090 391
1778100 391
1778110 391
1778120 391
1778130 391
1778140 391
1778150 391
1778160 391
1778170 391
1778180 391
1778190 391
1778200 391
1778210 391
1778220 391
1778230 391
1778240 390
1778250 390
1778260 390
1778270 389
1778280 389
1778290 389
1778300 389
1778310 389
1778320 389
1778330 389
1778340 390
1778350 390
1778360 390
1778370 388
1778380 387
1778390 387
1778400 387
1778410 387
1778420 387
1778430 388
1778440 389
1778450 389
1778460 389
1778470 390
1778480 390
1778490 390
1778500 391
1778510 391
1778520 391
1778530 392
1778540 392
1778550 392
1778560 392
1778570 392
1778580 393
1778590 393
1778600 393
1778610 393
1778620 393
1778630 393
1778640 393
1778650 393
1778660 393
1778670 393
1778680 393
1778690 393
1778700 393
1778710 393
1778720 393
1778730 393
1778740 393
1778750 393
1778760 393
1778770 393
1778780 393
1778790 393
1778800 393
1778810 393
1778820 393
1778830 393
1778840 393
1778850 393
1778860 393
1778870 393
1778880 393
1778890 393
1778900 394
1778910 394
1778920 394
1778930 394
1778940 394
1778950 394
1778960 394
1778970 394
1778980 394
1778990 394
1779000 394
1779010 394
1779020 394
1779030 393
1779040 393
1779050 393
1779060 393
1779070 393
1779080 393
1779090 393
1779100 393
1779110 393
1779120 393
1779130 393
1779140 393
1779150 393
1779160 393
1779170 393
1779180 393
1779190 393
1779200 393
1779210 393
1779220 393
1779230 393
1779240 393
1779250 393
1779260 393
1779270 393
1779280 393
1779290 393
1779300 393
1779310 393
1779320 393
1779330 393
1779340 393
1779350 393
1779360 393
1779370 393
1779380 392
1779390 392
1779400 392
1779410 392
1779420 392
1779430 392
1779440 392
1779450 392
1779460 392
1779470 393
1779480 393
1779490 392
1779500 392
1779510 392
1779520 392
1779530 392
1779540 392
1779550 392
1779560 392
1779570 392
1779580 392
1779590 392
1779600 392
1779610 392
1779620 392
1779630 392
1779640 392
1779650 392
1779660 392
1779670 392
1779680 392
1779690 391
1779700 391
1779710 391
1779720 391
1779730 391
1779740 391
1779750 391
1779760 390
1779770 390
1779780 390
1779790 390
1779800 390
1779810 389
1779820 389
1779830 389
1779840 389
1779850 390
1779860 390
1779870 389
1779880 388
1779890 388
1779900 388
1779910 388
1779920 388
1779930 388
1779940 388
1779950 388
1779960 388
1779970 388
1779980 388
1779990 388
