1700000 747
1700010 745
1700020 742
1700030 742
1700040 739
1700050 735
1700060 735
1700070 730
1700080 726
1700090 726
1700100 722
1700110 718
1700120 718
1700130 714
1700140 710
1700150 705
1700160 705
1700170 701
1700180 697
1700190 697
1700200 693
1700210 689
1700220 689
1700230 686
1700240 683
1700250 683
1700260 679
1700270 676
1700280 676
1700290 672
1700300 669
1700310 669
1700320 666
1700330 663
1700340 663
1700350 660
1700360 657
1700370 653
1700380 653
1700390 649
1700400 646
1700410 646
1700420 643
1700430 640
1700440 640
1700450 636
1700460 630
1700470 630
1700480 625
1700490 620
1700500 620
1700510 615
1700520 610
1700530 610
1700540 604
1700550 597
1700560 597
1700570 591
1700580 585
1700590 585
1700600 579
1700610 570
1700620 564
1700630 564
1700640 558
1700650 552
1700660 552
1700670 547
1700680 548
1700690 548
1700700 547
1700710 546
1700720 546
1700730 547
1700740 548
1700750 548
1700760 548
1700770 550
1700780 550
1700790 551
1700800 551
1700810 551
1700820 554
1700830 558
1700840 559
1700850 559
1700860 567
1700870 574
1700880 574
1700890 576
1700900 582
1700910 582
1700920 589
1700930 592
1700940 592
1700950 592
1700960 591
1700970 591
1700980 598
1700990 603
1701000 603
1701010 609
1701020 609
1701030 609
1701040 615
1701050 625
1701060 625
1701070 633
1701080 639
1701090 645
1701100 645
1701110 645
1701120 640
1701130 640
1701140 634
1701150 630
1701160 630
1701170 624
1701180 618
1701190 618
1701200 612
1701210 607
1701220 607
1701230 603
1701240 597
1701250 597
1701260 593
1701270 590
1701280 590
1701290 589
1701300 586
1701310 584
1701320 584
1701330 582
1701340 580
1701350 580
1701360 580
1701370 580
1701380 580
1701390 581
1701400 583
1701410 583
1701420 586
1701430 589
1701440 589
1701450 591
1701460 593
1701470 593
1701480 595
1701490 595
1701500 595
1701510 591
1701520 585
1701530 585
1701540 580
1701550 578
1701560 582
1701570 582
1701580 587
1701590 592
1701600 592
1701610 596
1701620 600
1701630 600
1701640 605
1701650 609
1701660 609
1701670 613
1701680 618
1701690 618
1701700 622
1701710 626
1701720 626
1701730 628
1701740 630
1701750 630
1701760 632
1701770 634
1701780 635
1701790 635
1701800 637
1701810 638
1701820 638
1701830 638
1701840 638
1701850 638
1701860 636
1701870 633
1701880 633
1701890 630
1701900 627
1701910 627
1701920 624
1701930 621
1701940 621
1701950 618
1701960 614
1701970 614
1701980 611
1701990 608
1702000 608
1702010 604
1702020 600
1702030 597
1702040 597
1702050 595
1702060 592
1702070 592
1702080 589
1702090 586
1702100 586
1702110 583
1702120 581
1702130 581
1702140 579
1702150 577
1702160 577
1702170 573
1702180 571
1702190 571
1702200 570
1702210 568
1702220 568
1702230 567
1702240 566
1702250 566
1702260 566
1702270 566
1702280 567
1702290 567
1702300 565
1702310 564
1702320 564
1702330 564
1702340 563
1702350 563
1702360 559
1702370 554
1702380 554
1702390 550
1702400 546
1702410 546
1702420 543
1702430 541
1702440 541
1702450 539
1702460 536
1702470 536
1702480 535
1702490 534
1702500 534
1702510 534
1702520 534
1702530 540
1702540 540
1702550 545
1702560 549
1702570 549
1702580 553
1702590 557
1702600 557
1702610 560
1702620 565
1702630 565
1702640 570
1702650 575
1702660 575
1702670 581
1702680 586
1702690 586
1702700 591
1702710 596
1702720 602
1702730 602
1702740 607
1702750 612
1702760 612
1702770 617
1702780 623
1702790 623
1702800 628
1702810 633
1702820 633
1702830 637
1702840 642
1702850 642
1702860 648
1702870 652
1702880 652
1702890 655
1702900 659
1702910 659
1702920 661
1702930 664
1702940 664
1702950 667
1702960 669
1702970 671
1702980 671
1702990 672
1703000 672
1703010 672
1703020 670
1703030 668
1703040 668
1703050 665
1703060 662
1703070 662
1703080 659
1703090 656
1703100 656
1703110 653
1703120 650
1703130 650
1703140 647
1703150 645
1703160 645
1703170 642
1703180 639
1703190 636
1703200 636
1703210 633
1703220 631
1703230 631
1703240 629
1703250 626
1703260 626
1703270 624
1703280 621
1703290 621
1703300 620
1703310 618
1703320 618
1703330 617
1703340 617
1703350 617
1703360 617
1703370 617
1703380 617
1703390 616
1703400 614
1703410 614
1703420 613
1703430 614
1703440 616
1703450 616
1703460 619
1703470 620
1703480 620
1703490 621
1703500 622
1703510 622
1703520 622
1703530 623
1703540 623
1703550 624
1703560 625
1703570 625
1703580 625
1703590 626
1703600 626
1703610 627
1703620 626
1703630 626
1703640 625
1703650 623
1703660 623
1703670 623
1703680 622
1703690 622
1703700 622
1703710 622
1703720 621
1703730 621
1703740 620
1703750 619
1703760 619
1703770 619
1703780 618
1703790 618
1703800 615
1703810 616
1703820 616
1703830 616
1703840 616
1703850 616
1703860 615
1703870 618
1703880 618
1703890 619
1703900 620
1703910 621
1703920 621
1703930 619
1703940 615
1703950 615
1703960 612
1703970 615
1703980 615
1703990 617
1704000 616
1704010 616
1704020 612
1704030 607
1704040 607
1704050 605
1704060 610
1704070 610
1704080 611
1704090 611
1704100 611
1704110 610
1704120 607
1704130 604
1704140 604
1704150 605
1704160 605
1704170 605
1704180 603
1704190 601
1704200 601
1704210 600
1704220 597
1704230 597
1704240 596
1704250 595
1704260 595
1704270 594
1704280 592
1704290 592
1704300 589
1704310 584
1704320 584
1704330 579
1704340 572
1704350 565
1704360 565
1704370 558
1704380 550
1704390 550
1704400 542
1704410 536
1704420 536
1704430 533
1704440 537
1704450 537
1704460 541
1704470 544
1704480 544
1704490 545
1704500 548
1704510 554
1704520 557
1704530 559
1704540 559
1704550 560
1704560 559
1704570 559
1704580 554
1704590 548
1704600 543
1704610 543
1704620 539
1704630 534
1704640 534
1704650 527
1704660 523
1704670 523
1704680 519
1704690 514
1704700 514
1704710 509
1704720 504
1704730 504
1704740 498
1704750 492
1704760 492
1704770 486
1704780 479
1704790 479
1704800 471
1704810 463
1704820 455
1704830 455
1704840 449
1704850 442
1704860 442
1704870 432
1704880 417
1704890 417
1704900 410
1704910 402
1704920 402
1704930 396
1704940 395
1704950 395
1704960 392
1704970 389
1704980 389
1704990 388
1705000 385
1705010 385
1705020 385
1705030 386
1705040 386
1705050 383
1705060 382
1705070 382
1705080 382
1705090 382
1705100 382
1705110 382
1705120 382
1705130 382
1705140 382
1705150 383
1705160 384
1705170 384
1705180 384
1705190 384
1705200 384
1705210 384
1705220 384
1705230 384
1705240 384
1705250 385
1705260 385
1705270 385
1705280 385
1705290 385
1705300 385
1705310 385
1705320 385
1705330 385
1705340 385
1705350 385
1705360 385
1705370 385
1705380 385
1705390 385
1705400 386
1705410 386
1705420 386
1705430 386
1705440 386
1705450 386
1705460 386
1705470 386
1705480 386
1705490 386
1705500 386
1705510 386
1705520 386
1705530 385
1705540 385
1705550 385
1705560 386
1705570 386
1705580 386
1705590 386
1705600 385
1705610 385
1705620 385
1705630 385
1705640 385
1705650 386
1705660 386
1705670 386
1705680 386
1705690 386
1705700 386
1705710 386
1705720 386
1705730 386
1705740 386
1705750 386
1705760 386
1705770 386
1705780 386
1705790 386
1705800 386
1705810 386
1705820 386
1705830 386
1705840 386
1705850 386
1705860 386
1705870 386
1705880 386
1705890 386
1705900 386
1705910 387
1705920 387
1705930 387
1705940 387
1705950 387
1705960 387
1705970 387
1705980 387
1705990 390
1706000 390
1706010 390
1706020 390
1706030 391
1706040 395
1706050 395
1706060 395
1706070 395
1706080 395
1706090 395
1706100 394
1706110 394
1706120 389
1706130 386
1706140 386
1706150 387
1706160 390
1706170 390
1706180 391
1706190 393
1706200 393
1706210 394
1706220 391
1706230 394
1706240 394
1706250 398
1706260 403
1706270 403
1706280 407
1706290 412
1706300 412
1706310 416
1706320 423
1706330 423
1706340 434
1706350 439
1706360 439
1706370 441
1706380 449
1706390 449
1706400 476
1706410 478
1706420 478
1706430 481
1706440 491
1706450 491
1706460 494
1706470 498
1706480 500
1706490 500
1706500 500
1706510 502
1706520 502
1706530 507
1706540 512
1706550 512
1706560 516
1706570 518
1706580 518
1706590 526
1706600 533
1706610 533
1706620 539
1706630 545
1706640 545
1706650 549
1706660 553
1706670 553
1706680 555
1706690 558
1706700 561
1706710 561
1706720 565
1706730 569
1706740 569
1706750 577
1706760 583
1706770 583
1706780 589
1706790 595
1706800 595
1706810 599
1706820 604
1706830 604
1706840 608
1706850 609
1706860 609
1706870 609
1706880 607
1706890 607
1706900 605
1706910 603
1706920 603
1706930 602
1706940 598
1706950 598
1706960 598
1706970 595
1706980 593
1706990 593
1707000 591
1707010 590
1707020 590
1707030 589
1707040 588
1707050 588
1707060 587
1707070 586
1707080 586
1707090 583
1707100 581
1707110 581
1707120 577
1707130 574
1707140 574
1707150 571
1707160 567
1707170 565
1707180 565
1707190 561
1707200 556
1707210 556
1707220 551
1707230 546
1707240 546
1707250 540
1707260 534
1707270 534
1707280 535
1707290 537
1707300 537
1707310 539
1707320 540
1707330 540
1707340 540
1707350 539
1707360 539
1707370 538
1707380 534
1707390 534
1707400 533
1707410 530
1707420 527
1707430 527
1707440 523
1707450 520
1707460 520
1707470 517
1707480 512
1707490 512
1707500 507
1707510 502
1707520 502
1707530 508
1707540 514
1707550 514
1707560 520
1707570 525
1707580 525
1707590 531
1707600 536
1707610 536
1707620 540
1707630 545
1707640 550
1707650 550
1707660 553
1707670 556
1707680 556
1707690 556
1707700 556
1707710 556
1707720 555
1707730 554
1707740 554
1707750 553
1707760 552
1707770 552
1707780 551
1707790 551
1707800 551
1707810 549
1707820 548
1707830 548
1707840 546
1707850 544
1707860 544
1707870 542
1707880 539
1707890 538
1707900 538
1707910 536
1707920 534
1707930 534
1707940 531
1707950 528
1707960 528
1707970 525
1707980 521
1707990 521
1708000 516
1708010 508
1708020 508
1708030 504
1708040 500
1708050 500
1708060 497
1708070 495
1708080 495
1708090 493
1708100 491
1708110 489
1708120 489
1708130 486
1708140 481
1708150 481
1708160 478
1708170 473
1708180 473
1708190 470
1708200 468
1708210 468
1708220 466
1708230 465
1708240 465
1708250 462
1708260 459
1708270 459
1708280 455
1708290 449
1708300 449
1708310 448
1708320 446
1708330 446
1708340 447
1708350 450
1708360 452
1708370 452
1708380 455
1708390 457
1708400 457
1708410 460
1708420 463
1708430 463
1708440 466
1708450 469
1708460 469
1708470 473
1708480 476
1708490 476
1708500 478
1708510 481
1708520 481
1708530 483
1708540 486
1708550 486
1708560 488
1708570 490
1708580 492
1708590 492
1708600 494
1708610 494
1708620 494
1708630 493
1708640 493
1708650 493
1708660 495
1708670 496
1708680 496
1708690 498
1708700 499
1708710 499
1708720 500
1708730 504
1708740 504
1708750 507
1708760 508
1708770 508
1708780 509
1708790 512
1708800 515
1708810 515
1708820 516
1708830 520
1708840 520
1708850 521
1708860 523
1708870 523
1708880 525
1708890 527
1708900 527
1708910 529
1708920 531
1708930 531
1708940 534
1708950 536
1708960 536
1708970 537
1708980 538
1708990 538
1709000 538
1709010 538
1709020 538
1709030 538
1709040 538
1709050 539
1709060 539
1709070 540
1709080 543
1709090 543
1709100 544
1709110 545
1709120 545
1709130 546
1709140 547
1709150 547
1709160 548
1709170 548
1709180 548
1709190 548
1709200 547
1709210 547
1709220 547
1709230 547
1709240 547
1709250 547
1709260 547
1709270 548
1709280 548
1709290 548
1709300 549
1709310 549
1709320 550
1709330 551
1709340 551
1709350 552
1709360 552
1709370 552
1709380 555
1709390 556
1709400 556
1709410 558
1709420 560
1709430 560
1709440 561
1709450 562
1709460 562
1709470 564
1709480 566
1709490 566
1709500 567
1709510 568
1709520 570
1709530 570
1709540 572
1709550 573
1709560 573
1709570 575
1709580 576
1709590 576
1709600 577
1709610 578
1709620 578
1709630 579
1709640 579
1709650 579
1709660 580
1709670 580
1709680 580
1709690 580
1709700 580
1709710 580
1709720 580
1709730 580
1709740 580
1709750 580
1709760 580
1709770 580
1709780 580
1709790 579
1709800 580
1709810 580
1709820 579
1709830 580
1709840 580
1709850 580
1709860 580
1709870 580
1709880 581
1709890 581
1709900 581
1709910 581
1709920 581
1709930 581
1709940 581
1709950 581
1709960 581
1709970 580
1709980 579
1709990 577
1710000 577
1710010 575
1710020 574
1710030 574
1710040 573
1710050 572
1710060 572
1710070 571
1710080 569
1710090 569
1710100 568
1710110 566
1710120 566
1710130 564
1710140 562
1710150 562
1710160 561
1710170 559
1710180 559
1710190 557
1710200 556
1710210 556
1710220 556
1710230 555
1710240 554
1710250 554
1710260 553
1710270 552
1710280 552
1710290 550
1710300 550
1710310 550
1710320 550
1710330 549
1710340 549
1710350 549
1710360 548
1710370 548
1710380 547
1710390 547
1710400 547
1710410 547
1710420 546
1710430 546
1710440 546
1710450 545
1710460 545
1710470 545
1710480 545
1710490 544
1710500 544
1710510 545
1710520 543
1710530 543
1710540 542
1710550 541
1710560 541
1710570 541
1710580 540
1710590 540
1710600 540
1710610 540
1710620 540
1710630 540
1710640 540
1710650 540
1710660 539
1710670 541
1710680 540
1710690 540
1710700 540
1710710 539
1710720 539
1710730 538
1710740 537
1710750 537
1710760 536
1710770 535
1710780 535
1710790 534
1710800 532
1710810 532
1710820 531
1710830 530
1710840 530
1710850 529
1710860 529
1710870 529
1710880 528
1710890 528
1710900 528
1710910 528
1710920 527
1710930 527
1710940 527
1710950 527
1710960 527
1710970 527
1710980 528
1710990 527
1711000 527
1711010 527
1711020 528
1711030 528
1711040 527
1711050 526
1711060 526
1711070 524
1711080 524
1711090 524
1711100 523
1711110 523
1711120 523
1711130 521
1711140 527
1711150 530
1711160 530
1711170 532
1711180 534
1711190 534
1711200 535
1711210 537
1711220 536
1711230 538
1711240 539
1711250 539
1711260 539
1711270 540
1711280 540
1711290 540
1711300 540
1711310 540
1711320 539
1711330 538
1711340 538
1711350 537
1711360 535
1711370 535
1711380 527
1711390 524
1711400 526
1711410 526
1711420 531
1711430 534
1711440 534
1711450 536
1711460 538
1711470 538
1711480 539
1711490 543
1711500 543
1711510 546
1711520 549
1711530 549
1711540 552
1711550 555
1711560 555
1711570 558
1711580 561
1711590 561
1711600 564
1711610 568
1711620 572
1711630 572
1711640 577
1711650 582
1711660 582
1711670 587
1711680 592
1711690 592
1711700 595
1711710 599
1711720 599
1711730 601
1711740 604
1711750 604
1711760 606
1711770 608
1711780 608
1711790 610
1711800 613
1711810 613
1711820 615
1711830 618
1711840 618
1711850 622
1711860 626
1711870 629
1711880 629
1711890 633
1711900 636
1711910 636
1711920 637
1711930 639
1711940 639
1711950 641
1711960 643
1711970 643
1711980 645
1711990 646
1712000 646
1712010 648
1712020 651
1712030 651
1712040 654
1712050 658
1712060 658
1712070 661
1712080 662
1712090 665
1712100 665
1712110 666
1712120 668
1712130 668
1712140 669
1712150 670
1712160 670
1712170 671
1712180 671
1712190 671
1712200 671
1712210 671
1712220 671
1712230 670
1712240 670
1712250 670
1712260 670
1712270 670
1712280 670
1712290 670
1712300 668
1712310 668
1712320 671
1712330 672
1712340 672
1712350 672
1712360 669
1712370 665
1712380 665
1712390 662
1712400 658
1712410 658
1712420 653
1712430 649
1712440 649
1712450 643
1712460 639
1712470 639
1712480 630
1712490 624
1712500 624
1712510 624
1712520 630
1712530 630
1712540 633
1712550 637
1712560 640
1712570 640
1712580 646
1712590 650
1712600 650
1712610 655
1712620 661
1712630 661
1712640 666
1712650 670
1712660 670
1712670 674
1712680 677
1712690 677
1712700 678
1712710 680
1712720 680
1712730 681
1712740 685
1712750 685
1712760 689
1712770 692
1712780 693
1712790 693
1712800 694
1712810 694
1712820 694
1712830 696
1712840 698
1712850 698
1712860 700
1712870 702
1712880 702
1712890 703
1712900 709
1712910 709
1712920 712
1712930 714
1712940 714
1712950 716
1712960 716
1712970 716
1712980 716
1712990 716
1713000 716
1713010 716
1713020 717
1713030 717
1713040 717
1713050 718
1713060 718
1713070 718
1713080 718
1713090 719
1713100 719
1713110 719
1713120 720
1713130 720
1713140 721
1713150 721
1713160 721
1713170 721
1713180 722
1713190 722
1713200 722
1713210 723
1713220 723
1713230 724
1713240 725
1713250 726
1713260 726
1713270 727
1713280 727
1713290 727
1713300 728
1713310 730
1713320 730
1713330 732
1713340 733
1713350 733
1713360 733
1713370 731
1713380 731
1713390 730
1713400 730
1713410 730
1713420 732
1713430 733
1713440 733
1713450 734
1713460 735
1713470 735
1713480 733
1713490 732
1713500 732
1713510 732
1713520 735
1713530 738
1713540 738
1713550 741
1713560 741
1713570 741
1713580 740
1713590 739
1713600 739
1713610 738
1713620 737
1713630 737
1713640 735
1713650 734
1713660 734
1713670 734
1713680 733
1713690 733
1713700 732
1713710 730
1713720 726
1713730 726
1713740 723
1713750 721
1713760 721
1713770 719
1713780 717
1713790 717
1713800 714
1713810 712
1713820 712
1713830 709
1713840 707
1713850 707
1713860 711
1713870 714
1713880 714
1713890 718
1713900 721
1713910 721
1713920 726
1713930 730
1713940 730
1713950 734
1713960 738
1713970 742
1713980 742
1713990 745
1714000 749
1714010 749
1714020 752
1714030 756
1714040 756
1714050 759
1714060 763
1714070 763
1714080 766
1714090 770
1714100 770
1714110 774
1714120 778
1714130 778
1714140 782
1714150 786
1714160 786
1714170 790
1714180 792
1714190 796
1714200 792
1714210 795
1714220 798
1714230 798
1714240 801
1714250 804
1714260 804
1714270 806
1714280 808
1714290 808
1714300 809
1714310 811
1714320 811
1714330 813
1714340 815
1714350 815
1714360 817
1714370 819
1714380 819
1714390 820
1714400 821
1714410 821
1714420 823
1714430 825
1714440 827
1714450 827
1714460 828
1714470 828
1714480 828
1714490 829
1714500 830
1714510 830
1714520 831
1714530 832
1714540 832
1714550 833
1714560 835
1714570 835
1714580 836
1714590 837
1714600 837
1714610 838
1714620 839
1714630 839
1714640 838
1714650 836
1714660 835
1714670 835
1714680 834
1714690 833
1714700 833
1714710 830
1714720 829
1714730 829
1714740 828
1714750 828
1714760 828
1714770 827
1714780 827
1714790 827
1714800 826
1714810 825
1714820 825
1714830 824
1714840 822
1714850 822
1714860 820
1714870 818
1714880 818
1714890 816
1714900 813
1714910 810
1714920 810
1714930 807
1714940 802
1714950 802
1714960 799
1714970 795
1714980 795
1714990 791
1715000 788
1715010 788
1715020 785
1715030 782
1715040 782
1715050 779
1715060 775
1715070 775
1715080 773
1715090 770
1715100 770
1715110 766
1715120 763
1715130 760
1715140 760
1715150 757
1715160 754
1715170 754
1715180 751
1715190 748
1715200 748
1715210 746
1715220 742
1715230 742
1715240 739
1715250 738
1715260 738
1715270 735
1715280 732
1715290 732
1715300 730
1715310 729
1715320 729
1715330 728
1715340 726
1715350 726
1715360 724
1715370 721
1715380 716
1715390 716
1715400 713
1715410 710
1715420 710
1715430 708
1715440 705
1715450 705
1715460 702
1715470 697
1715480 697
1715490 693
1715500 689
1715510 689
1715520 685
1715530 681
1715540 681
1715550 677
1715560 673
1715570 673
1715580 669
1715590 664
1715600 659
1715610 659
1715620 654
1715630 649
1715640 649
1715650 644
1715660 639
1715670 639
1715680 633
1715690 626
1715700 626
1715710 617
1715720 616
1715730 616
1715740 615
1715750 608
1715760 608
1715770 607
1715780 609
1715790 609
1715800 610
1715810 611
1715820 611
1715830 610
1715840 610
1715850 608
1715860 608
1715870 607
1715880 605
1715890 605
1715900 601
1715910 594
1715920 594
1715930 587
1715940 581
1715950 581
1715960 576
1715970 571
1715980 571
1715990 570
1716000 567
1716010 567
1716020 564
1716030 563
1716040 563
1716050 560
1716060 559
1716070 557
1716080 557
1716090 554
1716100 553
1716110 553
1716120 554
1716130 550
1716140 550
1716150 544
1716160 542
1716170 542
1716180 550
1716190 557
1716200 557
1716210 563
1716220 567
1716230 567
1716240 571
1716250 575
1716260 575
1716270 580
1716280 583
1716290 583
1716300 583
1716310 588
1716320 591
1716330 591
1716340 589
1716350 592
1716360 592
1716370 590
1716380 584
1716390 584
1716400 578
1716410 572
1716420 572
1716430 565
1716440 559
1716450 559
1716460 553
1716470 544
1716480 544
1716490 539
1716500 547
1716510 547
1716520 552
1716530 554
1716540 557
1716550 557
1716560 559
1716570 561
1716580 561
1716590 565
1716600 569
1716610 569
1716620 572
1716630 575
1716640 575
1716650 579
1716660 583
1716670 583
1716680 588
1716690 594
1716700 594
1716710 600
1716720 606
1716730 606
1716740 612
1716750 618
1716760 624
1716770 624
1716780 630
1716790 636
1716800 636
1716810 641
1716820 647
1716830 647
1716840 652
1716850 656
1716860 656
1716870 662
1716880 667
1716890 667
1716900 672
1716910 673
1716920 673
1716930 668
1716940 664
1716950 664
1716960 660
1716970 659
1716980 659
1716990 660
1717000 659
1717010 658
1717020 658
1717030 657
1717040 657
1717050 657
1717060 657
1717070 656
1717080 656
1717090 658
1717100 662
1717110 662
1717120 665
1717130 669
1717140 669
1717150 672
1717160 675
1717170 675
1717180 678
1717190 681
1717200 681
1717210 684
1717220 687
1717230 689
1717240 689
1717250 691
1717260 692
1717270 692
1717280 693
1717290 694
1717300 694
1717310 694
1717320 694
1717330 694
1717340 697
1717350 700
1717360 700
1717370 703
1717380 705
1717390 705
1717400 707
1717410 708
1717420 708
1717430 709
1717440 709
1717450 709
1717460 710
1717470 709
1717480 709
1717490 709
1717500 709
1717510 709
1717520 709
1717530 709
1717540 709
1717550 709
1717560 708
1717570 707
1717580 707
1717590 706
1717600 706
1717610 706
1717620 703
1717630 703
1717640 703
1717650 703
1717660 704
1717670 704
1717680 706
1717690 707
1717700 709
1717710 709
1717720 710
1717730 712
1717740 712
1717750 714
1717760 715
1717770 715
1717780 715
1717790 715
1717800 715
1717810 715
1717820 714
1717830 714
1717840 715
1717850 718
1717860 718
1717870 723
1717880 725
1717890 725
1717900 725
1717910 726
1717920 726
1717930 727
1717940 728
1717950 730
1717960 730
1717970 731
1717980 733
1717990 733
1718000 734
1718010 736
1718020 736
1718030 738
1718040 739
1718050 739
1718060 742
1718070 744
1718080 744
1718090 745
1718100 747
1718110 747
1718120 749
1718130 751
1718140 751
1718150 754
1718160 756
1718170 758
1718180 758
1718190 760
1718200 762
1718210 762
1718220 764
1718230 766
1718240 766
1718250 768
1718260 770
1718270 770
1718280 773
1718290 776
1718300 776
1718310 779
1718320 781
1718330 781
1718340 784
1718350 787
1718360 787
1718370 790
1718380 793
1718390 793
1718400 796
1718410 799
1718420 802
1718430 802
1718440 805
1718450 807
1718460 807
1718470 811
1718480 813
1718490 813
1718500 817
1718510 820
1718520 820
1718530 823
1718540 827
1718550 827
1718560 831
1718570 834
1718580 834
1718590 838
1718600 842
1718610 842
1718620 846
1718630 850
1718640 854
1718650 854
1718660 858
1718670 861
1718680 861
1718690 865
1718700 870
1718710 870
1718720 874
1718730 878
1718740 878
1718750 882
1718760 886
1718770 886
1718780 890
1718790 894
1718800 894
1718810 898
1718820 903
1718830 903
1718840 907
1718850 911
1718860 911
1718870 915
1718880 919
1718890 923
1718900 923
1718910 925
1718920 929
1718930 929
1718940 932
1718950 935
1718960 935
1718970 938
1718980 940
1718990 940
1719000 942
1719010 943
1719020 943
1719030 944
1719040 946
1719050 946
1719060 948
1719070 944
1719080 944
1719090 932
1719100 925
1719110 920
1719120 920
1719130 915
1719140 913
1719150 913
1719160 911
1719170 910
1719180 910
1719190 909
1719200 906
1719210 906
1719220 908
1719230 907
1719240 907
1719250 906
1719260 905
1719270 905
1719280 905
1719290 907
1719300 907
1719310 910
1719320 914
1719330 914
1719340 918
1719350 920
1719360 921
1719370 921
1719380 922
1719390 922
1719400 922
1719410 921
1719420 920
1719430 920
1719440 919
1719450 917
1719460 917
1719470 915
1719480 913
1719490 913
1719500 910
1719510 908
1719520 908
1719530 905
1719540 902
1719550 902
1719560 900
1719570 898
1719580 895
1719590 895
1719600 893
1719610 890
1719620 893
1719630 891
1719640 890
1719650 890
1719660 890
1719670 890
1719680 890
1719690 891
1719700 891
1719710 891
1719720 892
1719730 892
1719740 892
1719750 891
1719760 891
1719770 891
1719780 890
1719790 889
1719800 889
1719810 888
1719820 887
1719830 885
1719840 885
1719850 884
1719860 882
1719870 882
1719880 880
1719890 878
1719900 878
1719910 876
1719920 874
1719930 874
1719940 873
1719950 871
1719960 871
1719970 870
1719980 869
1719990 869
