1700000 725
1700010 723
1700020 723
1700030 720
1700040 717
1700050 717
1700060 714
1700070 711
1700080 708
1700090 708
1700100 705
1700110 705
1700120 705
1700130 702
1700140 698
1700150 698
1700160 692
1700170 686
1700180 686
1700190 680
1700200 674
1700210 674
1700220 669
1700230 661
1700240 661
1700250 655
1700260 649
1700270 649
1700280 642
1700290 636
1700300 636
1700310 628
1700320 620
1700330 611
1700340 611
1700350 604
1700360 601
1700370 601
1700380 605
1700390 611
1700400 611
1700410 617
1700420 623
1700430 623
1700440 629
1700450 634
1700460 634
1700470 640
1700480 645
1700490 645
1700500 650
1700510 654
1700520 654
1700530 659
1700540 668
1700550 675
1700560 675
1700570 682
1700580 690
1700590 690
1700600 697
1700610 703
1700620 703
1700630 711
1700640 719
1700650 719
1700660 726
1700670 736
1700680 736
1700690 744
1700700 750
1700710 750
1700720 757
1700730 765
1700740 765
1700750 770
1700760 766
1700770 766
1700780 760
1700790 755
1700800 752
1700810 752
1700820 746
1700830 739
1700840 739
1700850 733
1700860 727
1700870 727
1700880 720
1700890 714
1700900 714
1700910 707
1700920 701
1700930 701
1700940 695
1700950 689
1700960 689
1700970 683
1700980 676
1700990 676
1701000 669
1701010 662
1701020 658
1701030 658
1701040 655
1701050 653
1701060 653
1701070 651
1701080 648
1701090 648
1701100 645
1701110 641
1701120 641
1701130 638
1701140 635
1701150 635
1701160 631
1701170 628
1701180 628
1701190 627
1701200 627
1701210 627
1701220 627
1701230 628
1701240 628
1701250 629
1701260 630
1701270 631
1701280 631
1701290 632
1701300 633
1701310 633
1701320 633
1701330 633
1701340 633
1701350 632
1701360 631
1701370 631
1701380 629
1701390 626
1701400 626
1701410 622
1701420 618
1701430 618
1701440 614
1701450 609
1701460 609
1701470 605
1701480 600
1701490 597
1701500 597
1701510 593
1701520 588
1701530 588
1701540 584
1701550 580
1701560 580
1701570 577
1701580 573
1701590 573
1701600 570
1701610 567
1701620 567
1701630 565
1701640 563
1701650 563
1701660 561
1701670 559
1701680 559
1701690 557
1701700 555
1701710 555
1701720 553
1701730 551
1701740 548
1701750 548
1701760 545
1701770 539
1701780 539
1701790 531
1701800 522
1701810 522
1701820 516
1701830 510
1701840 510
1701850 504
1701860 500
1701870 500
1701880 503
1701890 503
1701900 503
1701910 504
1701920 506
1701930 506
1701940 508
1701950 509
1701960 509
1701970 512
1701980 514
1701990 515
1702000 515
1702010 517
1702020 518
1702030 518
1702040 521
1702050 523
1702060 523
1702070 526
1702080 526
1702090 526
1702100 529
1702110 530
1702120 530
1702130 530
1702140 531
1702150 531
1702160 532
1702170 532
1702180 532
1702190 532
1702200 532
1702210 532
1702220 532
1702230 532
1702240 531
1702250 531
1702260 531
1702270 530
1702280 530
1702290 529
1702300 527
1702310 527
1702320 524
1702330 520
1702340 520
1702350 516
1702360 512
1702370 512
1702380 512
1702390 510
1702400 510
1702410 510
1702420 510
1702430 510
1702440 512
1702450 513
1702460 513
1702470 513
1702480 513
1702490 513
1702500 513
1702510 511
1702520 505
1702530 505
1702540 498
1702550 491
1702560 491
1702570 485
1702580 475
1702590 475
1702600 472
1702610 474
1702620 474
1702630 479
1702640 485
1702650 485
1702660 488
1702670 493
1702680 499
1702690 499
1702700 504
1702710 509
1702720 509
1702730 515
1702740 520
1702750 520
1702760 525
1702770 528
1702780 528
1702790 528
1702800 522
1702810 522
1702820 516
1702830 509
1702840 509
1702850 501
1702860 494
1702870 494
1702880 487
1702890 480
1702900 480
1702910 474
1702920 469
1702930 466
1702940 466
1702950 462
1702960 461
1702970 461
1702980 460
1702990 459
1703000 459
1703010 460
1703020 465
1703030 465
1703040 472
1703050 479
1703060 479
1703070 485
1703080 492
1703090 492
1703100 498
1703110 504
1703120 504
1703130 511
1703140 517
1703150 524
1703160 524
1703170 530
1703180 536
1703190 536
1703200 542
1703210 548
1703220 548
1703230 555
1703240 558
1703250 558
1703260 563
1703270 565
1703280 565
1703290 568
1703300 570
1703310 570
1703320 571
1703330 573
1703340 573
1703350 573
1703360 574
1703370 574
1703380 573
1703390 574
1703400 574
1703410 574
1703420 576
1703430 576
1703440 576
1703450 577
1703460 577
1703470 577
1703480 578
1703490 579
1703500 579
1703510 579
1703520 579
1703530 579
1703540 579
1703550 579
1703560 579
1703570 579
1703580 580
1703590 580
1703600 580
1703610 580
1703620 580
1703630 580
1703640 581
1703650 581
1703660 581
1703670 579
1703680 579
1703690 579
1703700 579
1703710 581
1703720 581
1703730 584
1703740 585
1703750 585
1703760 585
1703770 584
1703780 584
1703790 582
1703800 578
1703810 578
1703820 573
1703830 568
1703840 568
1703850 565
1703860 562
1703870 560
1703880 560
1703890 560
1703900 559
1703910 559
1703920 563
1703930 567
1703940 567
1703950 571
1703960 576
1703970 576
1703980 583
1703990 589
1704000 589
1704010 596
1704020 604
1704030 604
1704040 613
1704050 621
1704060 621
1704070 628
1704080 635
1704090 640
1704100 640
1704110 646
1704120 653
1704130 653
1704140 660
1704150 663
1704160 663
1704170 663
1704180 663
1704190 663
1704200 663
1704210 665
1704220 665
1704230 666
1704240 667
1704250 667
1704260 669
1704270 672
1704280 672
1704290 675
1704300 676
1704310 676
1704320 675
1704330 674
1704340 673
1704350 673
1704360 672
1704370 671
1704380 671
1704390 671
1704400 670
1704410 670
1704420 667
1704430 667
1704440 667
1704450 664
1704460 661
1704470 661
1704480 657
1704490 655
1704500 655
1704510 652
1704520 648
1704530 648
1704540 644
1704550 639
1704560 633
1704570 633
1704580 627
1704590 620
1704600 620
1704610 613
1704620 612
1704630 612
1704640 615
1704650 615
1704660 615
1704670 613
1704680 612
1704690 612
1704700 608
1704710 613
1704720 613
1704730 609
1704740 612
1704750 612
1704760 606
1704770 600
1704780 600
1704790 594
1704800 595
1704810 598
1704820 598
1704830 595
1704840 591
1704850 591
1704860 594
1704870 597
1704880 597
1704890 593
1704900 588
1704910 588
1704920 578
1704930 565
1704940 565
1704950 555
1704960 545
1704970 545
1704980 536
1704990 529
1705000 529
1705010 522
1705020 518
1705030 514
1705040 514
1705050 508
1705060 503
1705070 503
1705080 497
1705090 489
1705100 489
1705110 477
1705120 469
1705130 469
1705140 460
1705150 450
1705160 450
1705170 442
1705180 431
1705190 431
1705200 422
1705210 415
1705220 415
1705230 408
1705240 404
1705250 404
1705260 400
1705270 393
1705280 390
1705290 390
1705300 390
1705310 386
1705320 386
1705330 385
1705340 385
1705350 385
1705360 385
1705370 384
1705380 384
1705390 384
1705400 384
1705410 384
1705420 384
1705430 384
1705440 384
1705450 384
1705460 384
1705470 384
1705480 384
1705490 384
1705500 384
1705510 384
1705520 386
1705530 386
1705540 386
1705550 386
1705560 386
1705570 386
1705580 386
1705590 386
1705600 386
1705610 386
1705620 386
1705630 386
1705640 386
1705650 387
1705660 387
1705670 387
1705680 388
1705690 388
1705700 388
1705710 388
1705720 388
1705730 389
1705740 389
1705750 389
1705760 389
1705770 389
1705780 389
1705790 389
1705800 389
1705810 389
1705820 389
1705830 389
1705840 389
1705850 389
1705860 389
1705870 389
1705880 389
1705890 388
1705900 388
1705910 388
1705920 388
1705930 388
1705940 388
1705950 389
1705960 389
1705970 389
1705980 389
1705990 389
1706000 389
1706010 389
1706020 389
1706030 389
1706040 389
1706050 389
1706060 389
1706070 389
1706080 389
1706090 389
1706100 389
1706110 389
1706120 389
1706130 389
1706140 390
1706150 391
1706160 391
1706170 390
1706180 390
1706190 390
1706200 390
1706210 390
1706220 390
1706230 390
1706240 390
1706250 390
1706260 390
1706270 390
1706280 390
1706290 390
1706300 390
1706310 391
1706320 391
1706330 391
1706340 391
1706350 391
1706360 391
1706370 391
1706380 391
1706390 391
1706400 391
1706410 391
1706420 391
1706430 391
1706440 391
1706450 391
1706460 391
1706470 392
1706480 392
1706490 392
1706500 392
1706510 392
1706520 392
1706530 392
1706540 392
1706550 392
1706560 392
1706570 392
1706580 393
1706590 393
1706600 393
1706610 393
1706620 393
1706630 393
1706640 394
1706650 395
1706660 395
1706670 397
1706680 398
1706690 397
1706700 397
1706710 398
1706720 400
1706730 400
1706740 396
1706750 397
1706760 397
1706770 397
1706780 398
1706790 398
1706800 399
1706810 401
1706820 401
1706830 401
1706840 399
1706850 399
1706860 401
1706870 400
1706880 400
1706890 400
1706900 400
1706910 401
1706920 401
1706930 400
1706940 403
1706950 403
1706960 405
1706970 406
1706980 406
1706990 407
1707000 408
1707010 408
1707020 407
1707030 406
1707040 406
1707050 405
1707060 405
1707070 405
1707080 406
1707090 407
1707100 407
1707110 409
1707120 410
1707130 410
1707140 412
1707150 414
1707160 416
1707170 416
1707180 419
1707190 421
1707200 421
1707210 425
1707220 426
1707230 426
1707240 425
1707250 428
1707260 428
1707270 435
1707280 442
1707290 442
1707300 448
1707310 453
1707320 453
1707330 457
1707340 460
1707350 460
1707360 463
1707370 466
1707380 468
1707390 468
1707400 471
1707410 473
1707420 473
1707430 473
1707440 469
1707450 469
1707460 464
1707470 460
1707480 460
1707490 455
1707500 448
1707510 448
1707520 441
1707530 434
1707540 434
1707550 430
1707560 427
1707570 427
1707580 429
1707590 435
1707600 435
1707610 432
1707620 437
1707630 435
1707640 435
1707650 429
1707660 428
1707670 428
1707680 423
1707690 421
1707700 421
1707710 419
1707720 417
1707730 417
1707740 418
1707750 418
1707760 418
1707770 418
1707780 418
1707790 418
1707800 419
1707810 420
1707820 420
1707830 421
1707840 421
1707850 422
1707860 422
1707870 423
1707880 423
1707890 423
1707900 424
1707910 424
1707920 424
1707930 423
1707940 424
1707950 424
1707960 425
1707970 424
1707980 424
1707990 426
1708000 426
1708010 426
1708020 426
1708030 427
1708040 427
1708050 427
1708060 427
1708070 427
1708080 427
1708090 427
1708100 429
1708110 429
1708120 433
1708130 433
1708140 433
1708150 433
1708160 434
1708170 434
1708180 434
1708190 437
1708200 437
1708210 438
1708220 439
1708230 439
1708240 441
1708250 446
1708260 446
1708270 450
1708280 451
1708290 451
1708300 455
1708310 457
1708320 458
1708330 458
1708340 458
1708350 460
1708360 460
1708370 461
1708380 464
1708390 464
1708400 467
1708410 469
1708420 469
1708430 470
1708440 471
1708450 471
1708460 471
1708470 473
1708480 473
1708490 476
1708500 478
1708510 478
1708520 481
1708530 483
1708540 483
1708550 485
1708560 485
1708570 489
1708580 489
1708590 490
1708600 490
1708610 490
1708620 491
1708630 491
1708640 491
1708650 492
1708660 493
1708670 493
1708680 494
1708690 494
1708700 494
1708710 495
1708720 496
1708730 496
1708740 497
1708750 499
1708760 499
1708770 499
1708780 499
1708790 499
1708800 498
1708810 496
1708820 495
1708830 495
1708840 493
1708850 491
1708860 491
1708870 489
1708880 491
1708890 491
1708900 492
1708910 495
1708920 495
1708930 500
1708940 506
1708950 506
1708960 510
1708970 512
1708980 512
1708990 510
1709000 505
1709010 505
1709020 500
1709030 497
1709040 493
1709050 493
1709060 487
1709070 481
1709080 481
1709090 476
1709100 471
1709110 471
1709120 468
1709130 464
1709140 464
1709150 459
1709160 457
1709170 457
1709180 459
1709190 462
1709200 462
1709210 465
1709220 473
1709230 473
1709240 481
1709250 487
1709260 487
1709270 493
1709280 497
1709290 500
1709300 500
1709310 502
1709320 505
1709330 505
1709340 507
1709350 516
1709360 516
1709370 520
1709380 529
1709390 529
1709400 537
1709410 544
1709420 544
1709430 550
1709440 556
1709450 556
1709460 562
1709470 568
1709480 568
1709490 573
1709500 579
1709510 585
1709520 585
1709530 590
1709540 595
1709550 595
1709560 600
1709570 603
1709580 603
1709590 607
1709600 613
1709610 613
1709620 619
1709630 624
1709640 624
1709650 628
1709660 632
1709670 632
1709680 636
1709690 639
1709700 639
1709710 642
1709720 645
1709730 645
1709740 646
1709750 646
1709760 643
1709770 643
1709780 639
1709790 635
1709800 635
1709810 631
1709820 627
1709830 627
1709840 622
1709850 619
1709860 619
1709870 614
1709880 610
1709890 610
1709900 607
1709910 605
1709920 605
1709930 602
1709940 598
1709950 598
1709960 595
1709970 591
1709980 586
1709990 586
1710000 581
1710010 575
1710020 575
1710030 569
1710040 564
1710050 564
1710060 561
1710070 559
1710080 559
1710090 555
1710100 552
1710110 552
1710120 548
1710130 543
1710140 543
1710150 539
1710160 534
1710170 534
1710180 528
1710190 521
1710200 521
1710210 514
1710220 509
1710230 503
1710240 503
1710250 497
1710260 493
1710270 493
1710280 489
1710290 484
1710300 484
1710310 479
1710320 474
1710330 474
1710340 471
1710350 468
1710360 468
1710370 467
1710380 467
1710390 467
1710400 466
1710410 465
1710420 465
1710430 464
1710440 465
1710450 468
1710460 468
1710470 470
1710480 472
1710490 472
1710500 475
1710510 477
1710520 477
1710530 479
1710540 481
1710550 481
1710560 483
1710570 484
1710580 484
1710590 486
1710600 487
1710610 487
1710620 489
1710630 491
1710640 491
1710650 493
1710660 496
1710670 496
1710680 499
1710690 502
1710700 505
1710710 505
1710720 508
1710730 510
1710740 510
1710750 513
1710760 516
1710770 516
1710780 519
1710790 522
1710800 522
1710810 525
1710820 527
1710830 527
1710840 530
1710850 532
1710860 532
1710870 535
1710880 538
1710890 538
1710900 540
1710910 542
1710920 544
1710930 544
1710940 546
1710950 547
1710960 547
1710970 544
1710980 545
1710990 545
1711000 547
1711010 551
1711020 551
1711030 553
1711040 554
1711050 554
1711060 555
1711070 556
1711080 556
1711090 555
1711100 556
1711110 556
1711120 558
1711130 559
1711140 559
1711150 560
1711160 561
1711170 561
1711180 561
1711190 563
1711200 564
1711210 564
1711220 565
1711230 566
1711240 566
1711250 566
1711260 566
1711270 566
1711280 566
1711290 566
1711300 566
1711310 566
1711320 566
1711330 566
1711340 566
1711350 566
1711360 566
1711370 564
1711380 562
1711390 556
1711400 556
1711410 555
1711420 551
1711430 551
1711440 552
1711450 556
1711460 556
1711470 556
1711480 557
1711490 557
1711500 560
1711510 564
1711520 564
1711530 568
1711540 571
1711550 571
1711560 574
1711570 576
1711580 576
1711590 579
1711600 583
1711610 583
1711620 587
1711630 590
1711640 594
1711650 594
1711660 597
1711670 600
1711680 600
1711690 603
1711700 605
1711710 605
1711720 606
1711730 608
1711740 608
1711750 609
1711760 611
1711770 611
1711780 613
1711790 616
1711800 616
1711810 618
1711820 619
1711830 619
1711840 621
1711850 623
1711860 623
1711870 623
1711880 624
1711890 625
1711900 625
1711910 627
1711920 628
1711930 628
1711940 629
1711950 629
1711960 629
1711970 630
1711980 631
1711990 631
1712000 633
1712010 635
1712020 635
1712030 636
1712040 638
1712050 638
1712060 640
1712070 641
1712080 641
1712090 643
1712100 645
1712110 648
1712120 648
1712130 650
1712140 652
1712150 652
1712160 653
1712170 654
1712180 654
1712190 656
1712200 657
1712210 657
1712220 659
1712230 661
1712240 661
1712250 663
1712260 664
1712270 664
1712280 666
1712290 668
1712300 668
1712310 669
1712320 671
1712330 673
1712340 673
1712350 675
1712360 674
1712370 674
1712380 675
1712390 679
1712400 679
1712410 682
1712420 683
1712430 683
1712440 684
1712450 681
1712460 681
1712470 680
1712480 682
1712490 682
1712500 685
1712510 686
1712520 686
1712530 688
1712540 690
1712550 690
1712560 691
1712570 696
1712580 699
1712590 699
1712600 704
1712610 707
1712620 707
1712630 708
1712640 711
1712650 711
1712660 713
1712670 716
1712680 716
1712690 718
1712700 720
1712710 720
1712720 722
1712730 724
1712740 724
1712750 726
1712760 728
1712770 728
1712780 729
1712790 731
1712800 731
1712810 731
1712820 731
1712830 732
1712840 732
1712850 735
1712860 737
1712870 737
1712880 739
1712890 740
1712900 740
1712910 740
1712920 743
1712930 743
1712940 745
1712950 746
1712960 746
1712970 748
1712980 749
1712990 749
1713000 751
1713010 752
1713020 752
1713030 754
1713040 756
1713050 758
1713060 758
1713070 760
1713080 761
1713090 761
1713100 765
1713110 767
1713120 767
1713130 769
1713140 772
1713150 772
1713160 775
1713170 777
1713180 777
1713190 780
1713200 783
1713210 783
1713220 786
1713230 789
1713240 789
1713250 792
1713260 796
1713270 799
1713280 799
1713290 802
1713300 804
1713310 804
1713320 807
1713330 810
1713340 810
1713350 812
1713360 814
1713370 814
1713380 816
1713390 818
1713400 818
1713410 819
1713420 821
1713430 821
1713440 823
1713450 825
1713460 825
1713470 828
1713480 832
1713490 832
1713500 835
1713510 839
1713520 842
1713530 842
1713540 845
1713550 848
1713560 848
1713570 851
1713580 852
1713590 852
1713600 856
1713610 859
1713620 859
1713630 863
1713640 866
1713650 866
1713660 870
1713670 873
1713680 873
1713690 877
1713700 880
1713710 880
1713720 883
1713730 886
1713740 889
1713750 889
1713760 892
1713770 896
1713780 896
1713790 900
1713800 902
1713810 902
1713820 907
1713830 913
1713840 913
1713850 918
1713860 923
1713870 923
1713880 927
1713890 929
1713900 929
1713910 931
1713920 932
1713930 932
1713940 933
1713950 933
1713960 933
1713970 934
1713980 933
1713990 933
1714000 933
1714010 932
1714020 931
1714030 931
1714040 927
1714050 923
1714060 923
1714070 920
1714080 918
1714090 918
1714100 918
1714110 917
1714120 917
1714130 917
1714140 917
1714150 917
1714160 918
1714170 917
1714180 917
1714190 918
1714200 917
1714210 917
1714220 917
1714230 917
1714240 918
1714250 918
1714260 918
1714270 918
1714280 918
1714290 919
1714300 919
1714310 919
1714320 920
1714330 920
1714340 920
1714350 920
1714360 921
1714370 921
1714380 921
1714390 921
1714400 921
1714410 922
1714420 922
1714430 922
1714440 922
1714450 922
1714460 922
1714470 922
1714480 922
1714490 922
1714500 922
1714510 922
1714520 922
1714530 922
1714540 922
1714550 922
1714560 922
1714570 922
1714580 922
1714590 922
1714600 922
1714610 922
1714620 922
1714630 922
1714640 923
1714650 923
1714660 923
1714670 923
1714680 924
1714690 924
1714700 924
1714710 925
1714720 925
1714730 925
1714740 926
1714750 926
1714760 926
1714770 927
1714780 927
1714790 927
1714800 928
1714810 928
1714820 929
1714830 930
1714840 930
1714850 930
1714860 931
1714870 931
1714880 932
1714890 933
1714900 933
1714910 934
1714920 934
1714930 935
1714940 935
1714950 935
1714960 936
1714970 936
1714980 937
1714990 938
1715000 938
1715010 938
1715020 939
1715030 939
1715040 939
1715050 940
1715060 940
1715070 940
1715080 940
1715090 940
1715100 939
1715110 939
1715120 939
1715130 937
1715140 937
1715150 937
1715160 938
1715170 938
1715180 936
1715190 936
1715200 935
1715210 933
1715220 933
1715230 932
1715240 930
1715250 930
1715260 925
1715270 921
1715280 921
1715290 918
1715300 916
1715310 916
1715320 913
1715330 911
1715340 911
1715350 909
1715360 906
1715370 906
1715380 903
1715390 901
1715400 898
1715410 898
1715420 893
1715430 888
1715440 888
1715450 884
1715460 881
1715470 881
1715480 876
1715490 873
1715500 873
1715510 869
1715520 865
1715530 865
1715540 861
1715550 856
1715560 856
1715570 854
1715580 852
1715590 852
1715600 850
1715610 848
1715620 848
1715630 846
1715640 844
1715650 839
1715660 839
1715670 835
1715680 830
1715690 830
1715700 826
1715710 821
1715720 821
1715730 817
1715740 812
1715750 812
1715760 807
1715770 801
1715780 801
1715790 797
1715800 792
1715810 792
1715820 787
1715830 784
1715840 784
1715850 780
1715860 776
1715870 773
1715880 773
1715890 769
1715900 765
1715910 765
1715920 761
1715930 758
1715940 758
1715950 753
1715960 751
1715970 751
1715980 749
1715990 746
1716000 746
1716010 743
1716020 741
1716030 741
1716040 739
1716050 736
1716060 736
1716070 731
1716080 727
1716090 727
1716100 721
1716110 718
1716120 713
1716130 713
1716140 709
1716150 707
1716160 707
1716170 704
1716180 701
1716190 701
1716200 699
1716210 698
1716220 698
1716230 697
1716240 700
1716250 700
1716260 705
1716270 705
1716280 705
1716290 705
1716300 705
1716310 705
1716320 707
1716330 712
1716340 716
1716350 716
1716360 718
1716370 720
1716380 720
1716390 722
1716400 724
1716410 724
1716420 726
1716430 728
1716440 728
1716450 729
1716460 731
1716470 731
1716480 732
1716490 734
1716500 734
1716510 736
1716520 738
1716530 738
1716540 739
1716550 741
1716560 741
1716570 743
1716580 746
1716590 747
1716600 747
1716610 750
1716620 752
1716630 752
1716640 754
1716650 755
1716660 755
1716670 757
1716680 759
1716690 759
1716700 761
1716710 763
1716720 763
1716730 764
1716740 765
1716750 765
1716760 766
1716770 767
1716780 767
1716790 767
1716800 767
1716810 766
1716820 766
1716830 765
1716840 764
1716850 764
1716860 762
1716870 759
1716880 759
1716890 757
1716900 755
1716910 755
1716920 753
1716930 751
1716940 751
1716950 751
1716960 751
1716970 751
1716980 751
1716990 750
1717000 750
1717010 749
1717020 748
1717030 748
1717040 748
1717050 750
1717060 752
1717070 752
1717080 754
1717090 756
1717100 756
1717110 758
1717120 760
1717130 762
1717140 764
1717150 765
1717160 765
1717170 767
1717180 769
1717190 769
1717200 771
1717210 773
1717220 773
1717230 775
1717240 778
1717250 778
1717260 780
1717270 782
1717280 784
1717290 784
1717300 785
1717310 782
1717320 782
1717330 778
1717340 778
1717350 778
1717360 780
1717370 783
1717380 783
1717390 784
1717400 785
1717410 785
1717420 787
1717430 787
1717440 787
1717450 787
1717460 784
1717470 784
1717480 780
1717490 776
1717500 776
1717510 770
1717520 767
1717530 769
1717540 769
1717550 770
1717560 770
1717570 770
1717580 771
1717590 771
1717600 771
1717610 773
1717620 774
1717630 774
1717640 777
1717650 780
1717660 780
1717670 784
1717680 788
1717690 788
1717700 791
1717710 793
1717720 793
1717730 795
1717740 797
1717750 799
1717760 799
1717770 801
1717780 802
1717790 802
1717800 803
1717810 804
1717820 804
1717830 805
1717840 805
1717850 805
1717860 805
1717870 805
1717880 805
1717890 805
1717900 804
1717910 804
1717920 804
1717930 802
1717940 802
1717950 799
1717960 797
1717970 797
1717980 795
1717990 794
1718000 794
1718010 794
1718020 794
1718030 794
1718040 794
1718050 795
1718060 795
1718070 795
1718080 797
1718090 799
1718100 799
1718110 801
1718120 804
1718130 804
1718140 805
1718150 807
1718160 807
1718170 809
1718180 811
1718190 811
1718200 813
1718210 815
1718220 817
1718230 817
1718240 820
1718250 822
1718260 822
1718270 825
1718280 827
1718290 827
1718300 830
1718310 833
1718320 833
1718330 836
1718340 839
1718350 839
1718360 843
1718370 846
1718380 846
1718390 849
1718400 853
1718410 853
1718420 857
1718430 860
1718440 860
1718450 864
1718460 867
1718470 871
1718480 871
1718490 875
1718500 878
1718510 878
1718520 882
1718530 887
1718540 887
1718550 891
1718560 894
1718570 894
1718580 899
1718590 903
1718600 903
1718610 906
1718620 911
1718630 911
1718640 915
1718650 920
1718660 920
1718670 924
1718680 928
1718690 932
1718700 932
1718710 936
1718720 940
1718730 940
1718740 944
1718750 949
1718760 949
1718770 953
1718780 957
1718790 957
1718800 961
1718810 966
1718820 966
1718830 969
1718840 973
1718850 973
1718860 978
1718870 981
1718880 981
1718890 985
1718900 988
1718910 988
1718920 993
1718930 996
1718940 999
1718950 999
1718960 1002
1718970 1006
1718980 1006
1718990 1009
1719000 1012
1719010 1012
1719020 1015
1719030 1018
1719040 1018
1719050 1020
1719060 1023
1719070 1023
1719080 1026
1719090 1028
1719100 1028
1719110 1030
1719120 1031
1719130 1031
1719140 1032
1719150 1033
1719160 1034
1719170 1034
1719180 1034
1719190 1035
1719200 1035
1719210 1035
1719220 1035
1719230 1035
1719240 1035
1719250 1034
1719260 1034
1719270 1034
1719280 1033
1719290 1033
1719300 1032
1719310 1031
1719320 1031
1719330 1029
1719340 1028
1719350 1028
1719360 1027
1719370 1026
1719380 1026
1719390 1025
1719400 1024
1719410 1022
1719420 1022
1719430 1021
1719440 1020
1719450 1020
1719460 1019
1719470 1018
1719480 1018
1719490 1017
1719500 1016
1719510 1016
1719520 1015
1719530 1014
1719540 1014
1719550 1012
1719560 1011
1719570 1011
1719580 1010
1719590 1009
1719600 1009
1719610 1008
1719620 1008
1719630 1006
1719640 1006
1719650 1005
1719660 1005
1719670 1005
1719680 1004
1719690 1003
1719700 1003
1719710 1003
1719720 1003
1719730 1003
1719740 1002
1719750 1003
1719760 1000
1719770 1000
1719780 1000
1719790 1000
1719800 1000
1719810 1000
1719820 1000
1719830 1000
1719840 1000
1719850 1000
1719860 1000
1719870 1000
1719880 1001
1719890 1001
1719900 1001
1719910 1002
1719920 1002
1719930 1004
1719940 1005
1719950 1005
1719960 1007
1719970 1008
1719980 1008
1719990 1010
