1760000 364
1760010 364
1760020 364
1760030 364
1760040 364
1760050 365
1760060 365
1760070 365
1760080 366
1760090 367
1760100 367
1760110 368
1760120 369
1760130 371
1760140 371
1760150 373
1760160 374
1760170 374
1760180 375
1760190 375
1760200 375
1760210 376
1760220 379
1760230 379
1760240 380
1760250 381
1760260 381
1760270 382
1760280 383
1760290 383
1760300 386
1760310 388
1760320 388
1760330 390
1760340 392
1760350 393
1760360 393
1760370 395
1760380 398
1760390 398
1760400 401
1760410 403
1760420 403
1760430 406
1760440 407
1760450 407
1760460 407
1760470 407
1760480 407
1760490 406
1760500 404
1760510 404
1760520 403
1760530 403
1760540 403
1760550 403
1760560 403
1760570 403
1760580 404
1760590 404
1760600 405
1760610 405
1760620 406
1760630 407
1760640 407
1760650 407
1760660 406
1760670 406
1760680 406
1760690 406
1760700 406
1760710 405
1760720 405
1760730 405
1760740 404
1760750 404
1760760 404
1760770 403
1760780 403
1760790 403
1760800 401
1760810 400
1760820 400
1760830 399
1760840 398
1760850 397
1760860 397
1760870 397
1760880 396
1760890 396
1760900 394
1760910 393
1760920 393
1760930 393
1760940 394
1760950 394
1760960 395
1760970 396
1760980 396
1760990 396
1761000 397
1761010 397
1761020 399
1761030 406
1761040 406
1761050 408
1761060 407
1761070 409
1761080 409
1761090 411
1761100 412
1761110 412
1761120 416
1761130 420
1761140 420
1761150 423
1761160 424
1761170 424
1761180 424
1761190 424
1761200 424
1761210 424
1761220 424
1761230 424
1761240 422
1761250 421
1761260 421
1761270 420
1761280 418
1761290 418
1761300 418
1761310 417
1761320 416
1761330 416
1761340 414
1761350 413
1761360 413
1761370 411
1761380 410
1761390 410
1761400 408
1761410 407
1761420 407
1761430 406
1761440 406
1761450 406
1761460 405
1761470 404
1761480 404
1761490 403
1761500 402
1761510 402
1761520 401
1761530 400
1761540 399
1761550 399
1761560 398
1761570 397
1761580 397
1761590 397
1761600 394
1761610 394
1761620 393
1761630 391
1761640 391
1761650 389
1761660 389
1761670 389
1761680 389
1761690 387
1761700 387
1761710 389
1761720 389
1761730 389
1761740 390
1761750 390
1761760 390
1761770 392
1761780 392
1761790 393
1761800 393
1761810 393
1761820 393
1761830 393
1761840 393
1761850 393
1761860 393
1761870 393
1761880 394
1761890 394
1761900 393
1761910 393
1761920 393
1761930 393
1761940 393
1761950 393
1761960 393
1761970 392
1761980 392
1761990 391
1762000 390
1762010 390
1762020 389
1762030 389
1762040 389
1762050 389
1762060 388
1762070 388
1762080 388
1762090 387
1762100 387
1762110 387
1762120 388
1762130 388
1762140 388
1762150 387
1762160 387
1762170 387
1762180 387
1762190 386
1762200 386
1762210 386
1762220 385
1762230 385
1762240 385
1762250 385
1762260 385
1762270 385
1762280 384
1762290 383
1762300 383
1762310 381
1762320 380
1762330 380
1762340 380
1762350 380
1762360 380
1762370 379
1762380 376
1762390 376
1762400 375
1762410 375
1762420 377
1762430 374
1762440 376
1762450 376
1762460 374
1762470 378
1762480 378
1762490 376
1762500 378
1762510 378
1762520 378
1762530 378
1762540 379
1762550 379
1762560 380
1762570 381
1762580 381
1762590 383
1762600 384
1762610 384
1762620 384
1762630 384
1762640 384
1762650 384
1762660 385
1762670 385
1762680 385
1762690 386
1762700 386
1762710 388
1762720 388
1762730 389
1762740 389
1762750 389
1762760 388
1762770 388
1762780 388
1762790 387
1762800 387
1762810 387
1762820 386
1762830 386
1762840 385
1762850 383
1762860 383
1762870 382
1762880 380
1762890 380
1762900 378
1762910 376
1762920 376
1762930 375
1762940 373
1762950 373
1762960 372
1762970 370
1762980 368
1762990 368
1763000 366
1763010 364
1763020 364
1763030 363
1763040 361
1763050 361
1763060 361
1763070 360
1763080 360
1763090 359
1763100 357
1763110 357
1763120 355
1763130 354
1763140 354
1763150 353
1763160 352
1763170 352
1763180 352
1763190 351
1763200 351
1763210 350
1763220 349
1763230 348
1763240 348
1763250 347
1763260 347
1763270 347
1763280 347
1763290 346
1763300 346
1763310 346
1763320 346
1763330 346
1763340 345
1763350 345
1763360 345
1763370 345
1763380 345
1763390 345
1763400 344
1763410 344
1763420 344
1763430 344
1763440 344
1763450 344
1763460 344
1763470 343
1763480 343
1763490 343
1763500 343
1763510 343
1763520 343
1763530 343
1763540 342
1763550 342
1763560 342
1763570 341
1763580 341
1763590 341
1763600 341
1763610 341
1763620 341
1763630 341
1763640 341
1763650 341
1763660 341
1763670 341
1763680 341
1763690 341
1763700 341
1763710 341
1763720 341
1763730 341
1763740 341
1763750 341
1763760 341
1763770 341
1763780 341
1763790 341
1763800 341
1763810 341
1763820 341
1763830 341
1763840 341
1763850 341
1763860 341
1763870 341
1763880 341
1763890 341
1763900 341
1763910 341
1763920 341
1763930 341
1763940 341
1763950 341
1763960 341
1763970 341
1763980 341
1763990 341
1764000 341
1764010 341
1764020 341
1764030 339
1764040 339
1764050 339
1764060 341
1764070 341
1764080 341
1764090 341
1764100 341
1764110 341
1764120 340
1764130 340
1764140 340
1764150 340
1764160 340
1764170 340
1764180 340
1764190 340
1764200 340
1764210 340
1764220 340
1764230 340
1764240 340
1764250 340
1764260 340
1764270 340
1764280 340
1764290 340
1764300 340
1764310 340
1764320 340
1764330 340
1764340 340
1764350 340
1764360 340
1764370 340
1764380 340
1764390 340
1764400 340
1764410 340
1764420 340
1764430 340
1764440 340
1764450 340
1764460 340
1764470 340
1764480 340
1764490 340
1764500 340
1764510 340
1764520 340
1764530 340
1764540 340
1764550 340
1764560 340
1764570 340
1764580 340
1764590 340
1764600 339
1764610 339
1764620 339
1764630 339
1764640 339
1764650 339
1764660 339
1764670 340
1764680 340
1764690 340
1764700 340
1764710 340
1764720 340
1764730 340
1764740 340
1764750 340
1764760 340
1764770 340
1764780 340
1764790 341
1764800 341
1764810 341
1764820 340
1764830 340
1764840 338
1764850 340
1764860 340
1764870 340
1764880 340
1764890 340
1764900 340
1764910 340
1764920 339
1764930 339
1764940 339
1764950 339
1764960 339
1764970 339
1764980 339
1764990 339
1765000 339
1765010 339
1765020 339
1765030 339
1765040 339
1765050 339
1765060 339
1765070 339
1765080 339
1765090 339
1765100 340
1765110 340
1765120 340
1765130 340
1765140 340
1765150 340
1765160 340
1765170 340
1765180 340
1765190 340
1765200 339
1765210 339
1765220 340
1765230 340
1765240 340
1765250 339
1765260 339
1765270 339
1765280 339
1765290 339
1765300 339
1765310 339
1765320 339
1765330 339
1765340 339
1765350 339
1765360 340
1765370 340
1765380 340
1765390 340
1765400 340
1765410 340
1765420 340
1765430 340
1765440 340
1765450 340
1765460 340
1765470 340
1765480 340
1765490 340
1765500 340
1765510 340
1765520 340
1765530 340
1765540 340
1765550 340
1765560 341
1765570 341
1765580 341
1765590 341
1765600 341
1765610 341
1765620 341
1765630 341
1765640 341
1765650 341
1765660 341
1765670 341
1765680 341
1765690 342
1765700 342
1765710 342
1765720 342
1765730 342
1765740 342
1765750 342
1765760 343
1765770 343
1765780 343
1765790 343
1765800 343
1765810 344
1765820 343
1765830 344
1765840 344
1765850 344
1765860 344
1765870 344
1765880 344
1765890 345
1765900 345
1765910 346
1765920 345
1765930 345
1765940 345
1765950 346
1765960 346
1765970 346
1765980 346
1765990 346
1766000 347
1766010 347
1766020 347
1766030 347
1766040 348
1766050 348
1766060 348
1766070 348
1766080 349
1766090 349
1766100 349
1766110 349
1766120 349
1766130 350
1766140 351
1766150 351
1766160 352
1766170 353
1766180 353
1766190 355
1766200 356
1766210 356
1766220 356
1766230 358
1766240 358
1766250 358
1766260 359
1766270 359
1766280 360
1766290 361
1766300 362
1766310 362
1766320 363
1766330 364
1766340 364
1766350 365
1766360 366
1766370 366
1766380 367
1766390 368
1766400 368
1766410 369
1766420 369
1766430 369
1766440 370
1766450 370
1766460 370
1766470 371
1766480 371
1766490 371
1766500 372
1766510 372
1766520 372
1766530 372
1766540 372
1766550 373
1766560 373
1766570 373
1766580 373
1766590 373
1766600 373
1766610 372
1766620 372
1766630 371
1766640 370
1766650 370
1766660 369
1766670 369
1766680 369
1766690 368
1766700 365
1766710 365
1766720 362
1766730 367
1766740 367
1766750 368
1766760 369
1766770 369
1766780 369
1766790 368
1766800 368
1766810 368
1766820 369
1766830 370
1766840 370
1766850 371
1766860 371
1766870 371
1766880 372
1766890 372
1766900 372
1766910 373
1766920 375
1766930 375
1766940 376
1766950 377
1766960 377
1766970 378
1766980 380
1766990 380
1767000 381
1767010 382
1767020 382
1767030 382
1767040 382
1767050 382
1767060 382
1767070 381
1767080 381
1767090 381
1767100 380
1767110 379
1767120 379
1767130 379
1767140 379
1767150 379
1767160 378
1767170 378
1767180 378
1767190 376
1767200 374
1767210 374
1767220 373
1767230 371
1767240 371
1767250 369
1767260 368
1767270 367
1767280 367
1767290 365
1767300 363
1767310 363
1767320 363
1767330 363
1767340 363
1767350 363
1767360 360
1767370 360
1767380 360
1767390 362
1767400 362
1767410 364
1767420 365
1767430 365
1767440 366
1767450 368
1767460 368
1767470 369
1767480 371
1767490 373
1767500 373
1767510 373
1767520 375
1767530 375
1767540 377
1767550 378
1767560 378
1767570 379
1767580 381
1767590 381
1767600 383
1767610 384
1767620 384
1767630 385
1767640 386
1767650 386
1767660 387
1767670 388
1767680 388
1767690 389
1767700 390
1767710 390
1767720 391
1767730 392
1767740 393
1767750 393
1767760 394
1767770 395
1767780 394
1767790 395
1767800 396
1767810 396
1767820 397
1767830 398
1767840 398
1767850 399
1767860 399
1767870 399
1767880 400
1767890 400
1767900 400
1767910 400
1767920 400
1767930 400
1767940 399
1767950 399
1767960 399
1767970 398
1767980 398
1767990 398
1768000 398
1768010 394
1768020 392
1768030 392
1768040 391
1768050 393
1768060 393
1768070 395
1768080 393
1768090 393
1768100 397
1768110 400
1768120 400
1768130 402
1768140 403
1768150 403
1768160 404
1768170 404
1768180 404
1768190 404
1768200 406
1768210 407
1768220 407
1768230 407
1768240 408
1768250 408
1768260 409
1768270 410
1768280 410
1768290 411
1768300 412
1768310 412
1768320 412
1768330 413
1768340 413
1768350 414
1768360 415
1768370 415
1768380 416
1768390 417
1768400 417
1768410 418
1768420 419
1768430 419
1768440 420
1768450 420
1768460 421
1768470 421
1768480 422
1768490 422
1768500 422
1768510 423
1768520 424
1768530 424
1768540 425
1768550 426
1768560 426
1768570 426
1768580 427
1768590 427
1768600 428
1768610 428
1768620 428
1768630 429
1768640 430
1768650 430
1768660 431
1768670 431
1768680 432
1768690 432
1768700 432
1768710 432
1768720 432
1768730 432
1768740 432
1768750 432
1768760 431
1768770 430
1768780 430
1768790 430
1768800 429
1768810 429
1768820 428
1768830 427
1768840 427
1768850 426
1768860 425
1768870 425
1768880 424
1768890 423
1768900 423
1768910 423
1768920 422
1768930 421
1768940 421
1768950 420
1768960 419
1768970 419
1768980 418
1768990 417
1769000 417
1769010 416
1769020 415
1769030 415
1769040 413
1769050 409
1769060 409
1769070 406
1769080 408
1769090 408
1769100 411
1769110 416
1769120 416
1769130 416
1769140 418
1769150 418
1769160 419
1769170 420
1769180 421
1769190 421
1769200 422
1769210 423
1769220 423
1769230 424
1769240 424
1769250 424
1769260 425
1769270 426
1769280 426
1769290 427
1769300 428
1769310 428
1769320 429
1769330 430
1769340 430
1769350 431
1769360 432
1769370 432
1769380 433
1769390 434
1769400 435
1769410 435
1769420 436
1769430 437
1769440 437
1769450 438
1769460 439
1769470 439
1769480 440
1769490 441
1769500 441
1769510 442
1769520 443
1769530 443
1769540 443
1769550 444
1769560 444
1769570 445
1769580 446
1769590 446
1769600 446
1769610 446
1769620 446
1769630 446
1769640 446
1769650 444
1769660 444
1769670 443
1769680 442
1769690 442
1769700 440
1769710 438
1769720 438
1769730 434
1769740 432
1769750 432
1769760 431
1769770 430
1769780 430
1769790 428
1769800 427
1769810 427
1769820 426
1769830 424
1769840 424
1769850 423
1769860 421
1769870 419
1769880 419
1769890 418
1769900 417
1769910 417
1769920 415
1769930 414
1769940 414
1769950 412
1769960 410
1769970 410
1769980 409
1769990 407
1770000 407
1770010 407
1770020 407
1770030 407
1770040 405
1770050 405
1770060 405
1770070 405
1770080 406
1770090 406
1770100 409
1770110 414
1770120 416
1770130 416
1770140 417
1770150 418
1770160 418
1770170 419
1770180 419
1770190 419
1770200 418
1770210 417
1770220 417
1770230 416
1770240 415
1770250 415
1770260 414
1770270 411
1770280 411
1770290 411
1770300 412
1770310 412
1770320 412
1770330 414
1770340 414
1770350 415
1770360 414
1770370 415
1770380 415
1770390 416
1770400 416
1770410 416
1770420 416
1770430 416
1770440 416
1770450 416
1770460 416
1770470 416
1770480 415
1770490 412
1770500 412
1770510 411
1770520 407
1770530 407
1770540 405
1770550 405
1770560 405
1770570 406
1770580 410
1770590 413
1770600 413
1770610 417
1770620 419
1770630 419
1770640 421
1770650 422
1770660 422
1770670 423
1770680 424
1770690 424
1770700 426
1770710 427
1770720 427
1770730 428
1770740 430
1770750 430
1770760 434
1770770 435
1770780 435
1770790 436
1770800 436
1770810 436
1770820 436
1770830 436
1770840 436
1770850 436
1770860 435
1770870 435
1770880 435
1770890 434
1770900 433
1770910 433
1770920 432
1770930 431
1770940 431
1770950 430
1770960 429
1770970 429
1770980 428
1770990 427
1771000 427
1771010 426
1771020 425
1771030 425
1771040 424
1771050 423
1771060 422
1771070 422
1771080 420
1771090 419
1771100 419
1771110 418
1771120 415
1771130 415
1771140 414
1771150 414
1771160 414
1771170 411
1771180 409
1771190 409
1771200 410
1771210 409
1771220 409
1771230 406
1771240 404
1771250 404
1771260 405
1771270 403
1771280 403
1771290 405
1771300 406
1771310 404
1771320 404
1771330 401
1771340 399
1771350 399
1771360 398
1771370 399
1771380 399
1771390 399
1771400 402
1771410 402
1771420 403
1771430 405
1771440 405
1771450 407
1771460 409
1771470 409
1771480 410
1771490 411
1771500 411
1771510 412
1771520 414
1771530 414
1771540 415
1771550 416
1771560 417
1771570 417
1771580 419
1771590 420
1771600 420
1771610 422
1771620 423
1771630 423
1771640 424
1771650 425
1771660 425
1771670 426
1771680 427
1771690 427
1771700 428
1771710 430
1771720 430
1771730 433
1771740 433
1771750 433
1771760 434
1771770 435
1771780 437
1771790 437
1771800 438
1771810 439
1771820 439
1771830 439
1771840 439
1771850 439
1771860 439
1771870 440
1771880 440
1771890 439
1771900 439
1771910 439
1771920 438
1771930 437
1771940 437
1771950 436
1771960 435
1771970 435
1771980 435
1771990 433
1772000 433
1772010 431
1772020 431
1772030 430
1772040 430
1772050 429
1772060 428
1772070 428
1772080 427
1772090 428
1772100 428
1772110 428
1772120 427
1772130 427
1772140 428
1772150 427
1772160 427
1772170 426
1772180 425
1772190 425
1772200 425
1772210 424
1772220 424
1772230 425
1772240 426
1772250 426
1772260 426
1772270 425
1772280 425
1772290 425
1772300 425
1772310 425
1772320 425
1772330 425
1772340 426
1772350 426
1772360 426
1772370 427
1772380 427
1772390 427
1772400 428
1772410 428
1772420 428
1772430 429
1772440 429
1772450 430
1772460 430
1772470 430
1772480 431
1772490 430
1772500 430
1772510 430
1772520 430
1772530 429
1772540 429
1772550 428
1772560 427
1772570 427
1772580 427
1772590 426
1772600 426
1772610 426
1772620 425
1772630 425
1772640 424
1772650 423
1772660 423
1772670 422
1772680 421
1772690 421
1772700 421
1772710 420
1772720 420
1772730 419
1772740 419
1772750 418
1772760 418
1772770 418
1772780 417
1772790 417
1772800 416
1772810 415
1772820 415
1772830 415
1772840 414
1772850 414
1772860 413
1772870 412
1772880 412
1772890 408
1772900 405
1772910 405
1772920 402
1772930 400
1772940 400
1772950 399
1772960 399
1772970 400
1772980 400
1772990 403
1773000 405
1773010 405
1773020 406
1773030 407
1773040 407
1773050 407
1773060 408
1773070 408
1773080 410
1773090 413
1773100 413
1773110 415
1773120 416
1773130 416
1773140 416
1773150 420
1773160 420
1773170 421
1773180 424
1773190 424
1773200 426
1773210 428
1773220 429
1773230 429
1773240 430
1773250 433
1773260 433
1773270 434
1773280 435
1773290 435
1773300 437
1773310 438
1773320 438
1773330 441
1773340 443
1773350 443
1773360 445
1773370 447
1773380 447
1773390 449
1773400 449
1773410 449
1773420 450
1773430 450
1773440 450
1773450 450
1773460 450
1773470 449
1773480 449
1773490 449
1773500 449
1773510 449
1773520 449
1773530 447
1773540 447
1773550 445
1773560 444
1773570 444
1773580 442
1773590 440
1773600 440
1773610 439
1773620 438
1773630 438
1773640 438
1773650 437
1773660 437
1773670 436
1773680 436
1773690 435
1773700 435
1773710 434
1773720 433
1773730 433
1773740 433
1773750 432
1773760 432
1773770 431
1773780 430
1773790 430
1773800 429
1773810 429
1773820 429
1773830 428
1773840 427
1773850 427
1773860 427
1773870 427
1773880 427
1773890 426
1773900 426
1773910 426
1773920 425
1773930 424
1773940 424
1773950 424
1773960 424
1773970 423
1773980 423
1773990 422
1774000 421
1774010 421
1774020 419
1774030 418
1774040 418
1774050 416
1774060 412
1774070 412
1774080 410
1774090 409
1774100 408
1774110 406
1774120 405
1774130 405
1774140 404
1774150 403
1774160 404
1774170 404
1774180 405
1774190 407
1774200 407
1774210 408
1774220 410
1774230 410
1774240 412
1774250 414
1774260 414
1774270 416
1774280 418
1774290 418
1774300 422
1774310 428
1774320 428
1774330 430
1774340 431
1774350 431
1774360 433
1774370 434
1774380 434
1774390 436
1774400 437
1774410 439
1774420 439
1774430 440
1774440 441
1774450 441
1774460 442
1774470 443
1774480 443
1774490 444
1774500 444
1774510 444
1774520 444
1774530 443
1774540 443
1774550 442
1774560 441
1774570 441
1774580 440
1774590 438
1774600 438
1774610 436
1774620 434
1774630 430
1774640 430
1774650 425
1774660 421
1774670 421
1774680 419
1774690 417
1774700 417
1774710 415
1774720 414
1774730 414
1774740 412
1774750 412
1774760 412
1774770 411
1774780 410
1774790 410
1774800 409
1774810 408
1774820 408
1774830 405
1774840 402
1774850 402
1774860 400
1774870 398
1774880 396
1774890 396
1774900 396
1774910 396
1774920 396
1774930 393
1774940 391
1774950 391
1774960 388
1774970 386
1774980 386
1774990 382
1775000 386
1775010 386
1775020 392
1775030 395
1775040 395
1775050 401
1775060 403
1775070 403
1775080 405
1775090 405
1775100 405
1775110 405
1775120 405
1775130 404
1775140 404
1775150 402
1775160 400
1775170 400
1775180 398
1775190 396
1775200 396
1775210 395
1775220 393
1775230 393
1775240 392
1775250 391
1775260 391
1775270 390
1775280 387
1775290 387
1775300 381
1775310 378
1775320 377
1775330 378
1775340 382
1775350 378
1775360 378
1775370 379
1775380 384
1775390 384
1775400 388
1775410 391
1775420 391
1775430 393
1775440 396
1775450 396
1775460 398
1775470 399
1775480 399
1775490 401
1775500 402
1775510 402
1775520 404
1775530 406
1775540 406
1775550 408
1775560 410
1775570 410
1775580 412
1775590 413
1775600 414
1775610 414
1775620 414
1775630 414
1775640 414
1775650 414
1775660 411
1775670 411
1775680 408
1775690 407
1775700 407
1775710 405
1775720 404
1775730 404
1775740 402
1775750 401
1775760 401
1775770 399
1775780 398
1775790 398
1775800 394
1775810 390
1775820 386
1775830 386
1775840 382
1775850 380
1775860 380
1775870 378
1775880 378
1775890 378
1775900 384
1775910 386
1775920 386
1775930 386
1775940 385
1775950 385
1775960 386
1775970 387
1775980 387
1775990 387
1776000 388
1776010 388
1776020 387
1776030 385
1776040 385
1776050 385
1776060 383
1776070 381
1776080 381
1776090 381
1776100 385
1776110 385
1776120 383
1776130 383
1776140 383
1776150 381
1776160 379
1776170 379
1776180 382
1776190 381
1776200 381
1776210 385
1776220 389
1776230 389
1776240 392
1776250 397
1776260 397
1776270 399
1776280 401
1776290 401
1776300 403
1776310 404
1776320 405
1776330 405
1776340 405
1776350 407
1776360 407
1776370 407
1776380 406
1776390 406
1776400 406
1776410 405
1776420 405
1776430 405
1776440 404
1776450 404
1776460 402
1776470 402
1776480 402
1776490 402
1776500 400
1776510 400
1776520 398
1776530 397
1776540 395
1776550 395
1776560 393
1776570 391
1776580 391
1776590 391
1776600 390
1776610 390
1776620 388
1776630 387
1776640 387
1776650 386
1776660 384
1776670 384
1776680 382
1776690 379
1776700 379
1776710 376
1776720 374
1776730 374
1776740 371
1776750 369
1776760 369
1776770 367
1776780 365
1776790 364
1776800 364
1776810 363
1776820 361
1776830 361
1776840 357
1776850 355
1776860 355
1776870 353
1776880 353
1776890 353
1776900 355
1776910 358
1776920 358
1776930 359
1776940 358
1776950 358
1776960 358
1776970 356
1776980 356
1776990 355
1777000 354
1777010 354
1777020 353
1777030 353
1777040 350
1777050 350
1777060 352
1777070 356
1777080 356
1777090 359
1777100 360
1777110 360
1777120 360
1777130 361
1777140 361
1777150 362
1777160 363
1777170 363
1777180 364
1777190 366
1777200 366
1777210 369
1777220 370
1777230 370
1777240 371
1777250 371
1777260 372
1777270 372
1777280 373
1777290 372
1777300 372
1777310 371
1777320 370
1777330 370
1777340 369
1777350 368
1777360 368
1777370 368
1777380 368
1777390 368
1777400 371
1777410 376
1777420 376
1777430 378
1777440 378
1777450 378
1777460 378
1777470 377
1777480 377
1777490 375
1777500 374
1777510 374
1777520 374
1777530 374
1777540 373
1777550 373
1777560 372
1777570 369
1777580 369
1777590 369
1777600 369
1777610 369
1777620 366
1777630 363
1777640 363
1777650 363
1777660 362
1777670 362
1777680 362
1777690 361
1777700 361
1777710 357
1777720 358
1777730 358
1777740 358
1777750 355
1777760 351
1777770 351
1777780 347
1777790 346
1777800 346
1777810 348
1777820 348
1777830 348
1777840 347
1777850 346
1777860 346
1777870 345
1777880 344
1777890 344
1777900 342
1777910 340
1777920 340
1777930 339
1777940 339
1777950 339
1777960 339
1777970 338
1777980 336
1777990 336
1778000 334
1778010 333
1778020 333
1778030 332
1778040 331
1778050 331
1778060 330
1778070 330
1778080 330
1778090 329
1778100 328
1778110 328
1778120 327
1778130 327
1778140 327
1778150 327
1778160 326
1778170 326
1778180 326
1778190 326
1778200 326
1778210 327
1778220 327
1778230 326
1778240 326
1778250 326
1778260 324
1778270 324
1778280 324
1778290 323
1778300 323
1778310 323
1778320 323
1778330 323
1778340 323
1778350 323
1778360 323
1778370 323
1778380 323
1778390 323
1778400 324
1778410 325
1778420 325
1778430 326
1778440 327
1778450 328
1778460 328
1778470 330
1778480 332
1778490 332
1778500 334
1778510 337
1778520 337
1778530 339
1778540 341
1778550 341
1778560 345
1778570 351
1778580 351
1778590 353
1778600 357
1778610 357
1778620 359
1778630 361
1778640 361
1778650 361
1778660 361
1778670 361
1778680 361
1778690 362
1778700 361
1778710 361
1778720 362
1778730 363
1778740 363
1778750 364
1778760 364
1778770 364
1778780 364
1778790 364
1778800 364
1778810 366
1778820 367
1778830 367
1778840 368
1778850 369
1778860 369
1778870 370
1778880 371
1778890 370
1778900 371
1778910 371
1778920 372
1778930 372
1778940 373
1778950 373
1778960 373
1778970 369
1778980 374
1778990 374
1779000 374
1779010 375
1779020 375
1779030 375
1779040 375
1779050 375
1779060 374
1779070 373
1779080 373
1779090 372
1779100 371
1779110 371
1779120 370
1779130 369
1779140 369
1779150 367
1779160 366
1779170 365
1779180 365
1779190 363
1779200 361
1779210 361
1779220 360
1779230 359
1779240 359
1779250 357
1779260 353
1779270 353
1779280 351
1779290 350
1779300 350
1779310 348
1779320 346
1779330 346
1779340 343
1779350 341
1779360 341
1779370 339
1779380 338
1779390 338
1779400 336
1779410 335
1779420 333
1779430 333
1779440 332
1779450 330
1779460 330
1779470 329
1779480 328
1779490 328
1779500 327
1779510 326
1779520 326
1779530 325
1779540 324
1779550 324
1779560 322
1779570 321
1779580 321
1779590 319
1779600 318
1779610 318
1779620 318
1779630 316
1779640 316
1779650 316
1779660 315
1779670 314
1779680 314
1779690 315
1779700 314
1779710 314
1779720 313
1779730 312
1779740 312
1779750 312
1779760 312
1779770 312
1779780 310
1779790 309
1779800 309
1779810 308
1779820 307
1779830 307
1779840 307
1779850 306
1779860 306
1779870 306
1779880 305
1779890 305
1779900 305
1779910 305
1779920 305
1779930 305
1779940 305
1779950 304
1779960 304
1779970 304
1779980 304
1779990 304
