1760000 401
1760010 402
1760020 403
1760030 403
1760040 405
1760050 407
1760060 407
1760070 408
1760080 410
1760090 410
1760100 412
1760110 413
1760120 413
1760130 415
1760140 416
1760150 419
1760160 419
1760170 420
1760180 419
1760190 419
1760200 419
1760210 418
1760220 418
1760230 417
1760240 416
1760250 416
1760260 415
1760270 414
1760280 414
1760290 413
1760300 412
1760310 412
1760320 412
1760330 411
1760340 411
1760350 410
1760360 410
1760370 410
1760380 409
1760390 408
1760400 407
1760410 407
1760420 406
1760430 405
1760440 405
1760450 404
1760460 403
1760470 403
1760480 402
1760490 401
1760500 401
1760510 400
1760520 399
1760530 399
1760540 398
1760550 397
1760560 397
1760570 395
1760580 393
1760590 393
1760600 394
1760610 393
1760620 390
1760630 390
1760640 387
1760650 386
1760660 386
1760670 385
1760680 383
1760690 383
1760700 383
1760710 382
1760720 382
1760730 381
1760740 381
1760750 381
1760760 380
1760770 379
1760780 379
1760790 377
1760800 376
1760810 376
1760820 379
1760830 378
1760840 378
1760850 378
1760860 378
1760870 378
1760880 378
1760890 375
1760900 379
1760910 379
1760920 382
1760930 384
1760940 384
1760950 387
1760960 388
1760970 388
1760980 389
1760990 392
1761000 392
1761010 394
1761020 396
1761030 396
1761040 397
1761050 399
1761060 399
1761070 400
1761080 401
1761090 401
1761100 402
1761110 402
1761120 403
1761130 403
1761140 403
1761150 403
1761160 403
1761170 403
1761180 403
1761190 403
1761200 403
1761210 403
1761220 403
1761230 404
1761240 404
1761250 404
1761260 405
1761270 405
1761280 405
1761290 405
1761300 405
1761310 405
1761320 405
1761330 405
1761340 405
1761350 405
1761360 405
1761370 405
1761380 405
1761390 405
1761400 406
1761410 406
1761420 404
1761430 404
1761440 404
1761450 404
1761460 403
1761470 403
1761480 404
1761490 402
1761500 402
1761510 401
1761520 400
1761530 400
1761540 399
1761550 397
1761560 397
1761570 396
1761580 396
1761590 395
1761600 395
1761610 394
1761620 394
1761630 394
1761640 393
1761650 392
1761660 392
1761670 391
1761680 388
1761690 388
1761700 388
1761710 387
1761720 387
1761730 385
1761740 384
1761750 384
1761760 383
1761770 382
1761780 382
1761790 381
1761800 380
1761810 380
1761820 379
1761830 379
1761840 378
1761850 378
1761860 376
1761870 375
1761880 375
1761890 374
1761900 373
1761910 373
1761920 372
1761930 372
1761940 372
1761950 372
1761960 370
1761970 370
1761980 367
1761990 366
1762000 366
1762010 366
1762020 366
1762030 366
1762040 365
1762050 364
1762060 364
1762070 362
1762080 360
1762090 360
1762100 360
1762110 359
1762120 361
1762130 361
1762140 360
1762150 359
1762160 359
1762170 358
1762180 357
1762190 357
1762200 356
1762210 356
1762220 356
1762230 355
1762240 355
1762250 355
1762260 355
1762270 355
1762280 355
1762290 355
1762300 354
1762310 354
1762320 354
1762330 354
1762340 354
1762350 354
1762360 354
1762370 353
1762380 353
1762390 353
1762400 353
1762410 353
1762420 353
1762430 353
1762440 353
1762450 353
1762460 353
1762470 353
1762480 353
1762490 353
1762500 353
1762510 353
1762520 353
1762530 353
1762540 352
1762550 352
1762560 353
1762570 353
1762580 352
1762590 352
1762600 352
1762610 352
1762620 352
1762630 352
1762640 352
1762650 352
1762660 352
1762670 352
1762680 352
1762690 352
1762700 352
1762710 352
1762720 352
1762730 352
1762740 352
1762750 352
1762760 352
1762770 352
1762780 352
1762790 353
1762800 352
1762810 352
1762820 352
1762830 351
1762840 351
1762850 351
1762860 351
1762870 350
1762880 350
1762890 350
1762900 350
1762910 350
1762920 350
1762930 350
1762940 349
1762950 349
1762960 349
1762970 349
1762980 349
1762990 349
1763000 349
1763010 349
1763020 349
1763030 348
1763040 348
1763050 348
1763060 348
1763070 348
1763080 348
1763090 348
1763100 348
1763110 348
1763120 348
1763130 348
1763140 348
1763150 348
1763160 348
1763170 348
1763180 348
1763190 348
1763200 348
1763210 348
1763220 348
1763230 347
1763240 347
1763250 347
1763260 347
1763270 347
1763280 347
1763290 347
1763300 347
1763310 347
1763320 347
1763330 347
1763340 347
1763350 347
1763360 347
1763370 347
1763380 347
1763390 347
1763400 347
1763410 347
1763420 347
1763430 347
1763440 347
1763450 347
1763460 347
1763470 347
1763480 347
1763490 347
1763500 347
1763510 347
1763520 347
1763530 347
1763540 347
1763550 347
1763560 347
1763570 347
1763580 347
1763590 347
1763600 347
1763610 347
1763620 347
1763630 347
1763640 347
1763650 347
1763660 347
1763670 347
1763680 347
1763690 347
1763700 347
1763710 347
1763720 347
1763730 347
1763740 346
1763750 344
1763760 344
1763770 344
1763780 347
1763790 347
1763800 347
1763810 347
1763820 347
1763830 347
1763840 347
1763850 347
1763860 347
1763870 347
1763880 347
1763890 347
1763900 347
1763910 347
1763920 348
1763930 348
1763940 348
1763950 348
1763960 348
1763970 348
1763980 347
1763990 347
1764000 347
1764010 347
1764020 349
1764030 349
1764040 349
1764050 349
1764060 349
1764070 349
1764080 349
1764090 349
1764100 349
1764110 349
1764120 348
1764130 348
1764140 348
1764150 348
1764160 348
1764170 348
1764180 348
1764190 348
1764200 348
1764210 348
1764220 348
1764230 348
1764240 348
1764250 348
1764260 348
1764270 348
1764280 348
1764290 348
1764300 349
1764310 349
1764320 349
1764330 349
1764340 349
1764350 349
1764360 349
1764370 350
1764380 350
1764390 351
1764400 350
1764410 350
1764420 352
1764430 352
1764440 352
1764450 352
1764460 353
1764470 353
1764480 353
1764490 354
1764500 355
1764510 355
1764520 356
1764530 357
1764540 357
1764550 357
1764560 358
1764570 358
1764580 360
1764590 362
1764600 362
1764610 362
1764620 364
1764630 364
1764640 363
1764650 363
1764660 363
1764670 364
1764680 363
1764690 363
1764700 363
1764710 361
1764720 361
1764730 361
1764740 362
1764750 363
1764760 363
1764770 365
1764780 365
1764790 365
1764800 366
1764810 367
1764820 367
1764830 367
1764840 368
1764850 368
1764860 368
1764870 369
1764880 369
1764890 369
1764900 369
1764910 369
1764920 369
1764930 370
1764940 370
1764950 370
1764960 370
1764970 370
1764980 370
1764990 370
1765000 370
1765010 370
1765020 370
1765030 371
1765040 371
1765050 371
1765060 371
1765070 371
1765080 371
1765090 372
1765100 372
1765110 373
1765120 373
1765130 373
1765140 374
1765150 375
1765160 375
1765170 375
1765180 376
1765190 377
1765200 377
1765210 377
1765220 378
1765230 378
1765240 379
1765250 380
1765260 380
1765270 380
1765280 381
1765290 381
1765300 381
1765310 381
1765320 381
1765330 382
1765340 382
1765350 382
1765360 382
1765370 382
1765380 382
1765390 382
1765400 382
1765410 382
1765420 382
1765430 382
1765440 382
1765450 382
1765460 381
1765470 381
1765480 381
1765490 380
1765500 379
1765510 379
1765520 379
1765530 378
1765540 378
1765550 378
1765560 377
1765570 377
1765580 377
1765590 376
1765600 376
1765610 376
1765620 376
1765630 376
1765640 376
1765650 376
1765660 376
1765670 376
1765680 375
1765690 375
1765700 375
1765710 374
1765720 374
1765730 374
1765740 374
1765750 374
1765760 374
1765770 374
1765780 374
1765790 374
1765800 374
1765810 373
1765820 373
1765830 373
1765840 372
1765850 372
1765860 370
1765870 370
1765880 370
1765890 369
1765900 367
1765910 367
1765920 368
1765930 368
1765940 370
1765950 370
1765960 373
1765970 373
1765980 373
1765990 374
1766000 374
1766010 374
1766020 377
1766030 377
1766040 377
1766050 377
1766060 379
1766070 379
1766080 381
1766090 383
1766100 383
1766110 384
1766120 386
1766130 386
1766140 388
1766150 390
1766160 391
1766170 391
1766180 392
1766190 394
1766200 394
1766210 396
1766220 397
1766230 397
1766240 398
1766250 400
1766260 400
1766270 401
1766280 402
1766290 402
1766300 404
1766310 405
1766320 405
1766330 406
1766340 407
1766350 407
1766360 408
1766370 409
1766380 409
1766390 410
1766400 411
1766410 412
1766420 412
1766430 413
1766440 414
1766450 414
1766460 414
1766470 415
1766480 415
1766490 416
1766500 416
1766510 416
1766520 417
1766530 417
1766540 417
1766550 418
1766560 418
1766570 418
1766580 419
1766590 419
1766600 419
1766610 419
1766620 420
1766630 420
1766640 420
1766650 420
1766660 420
1766670 420
1766680 421
1766690 422
1766700 422
1766710 422
1766720 423
1766730 423
1766740 423
1766750 424
1766760 424
1766770 424
1766780 425
1766790 425
1766800 426
1766810 426
1766820 426
1766830 427
1766840 428
1766850 428
1766860 429
1766870 430
1766880 430
1766890 430
1766900 431
1766910 432
1766920 432
1766930 434
1766940 434
1766950 434
1766960 436
1766970 437
1766980 437
1766990 438
1767000 439
1767010 439
1767020 440
1767030 440
1767040 440
1767050 441
1767060 441
1767070 441
1767080 441
1767090 441
1767100 441
1767110 440
1767120 439
1767130 438
1767140 438
1767150 437
1767160 436
1767170 436
1767180 432
1767190 431
1767200 431
1767210 429
1767220 429
1767230 429
1767240 427
1767250 424
1767260 424
1767270 422
1767280 422
1767290 422
1767300 422
1767310 422
1767320 422
1767330 420
1767340 419
1767350 419
1767360 417
1767370 416
1767380 415
1767390 415
1767400 414
1767410 413
1767420 413
1767430 411
1767440 410
1767450 410
1767460 408
1767470 406
1767480 406
1767490 405
1767500 404
1767510 404
1767520 403
1767530 402
1767540 402
1767550 401
1767560 401
1767570 401
1767580 400
1767590 399
1767600 397
1767610 397
1767620 396
1767630 395
1767640 395
1767650 394
1767660 393
1767670 393
1767680 392
1767690 390
1767700 390
1767710 389
1767720 388
1767730 388
1767740 387
1767750 387
1767760 387
1767770 389
1767780 389
1767790 389
1767800 390
1767810 392
1767820 392
1767830 394
1767840 396
1767850 397
1767860 397
1767870 398
1767880 399
1767890 399
1767900 400
1767910 401
1767920 401
1767930 401
1767940 402
1767950 402
1767960 403
1767970 403
1767980 403
1767990 403
1768000 404
1768010 404
1768020 404
1768030 404
1768040 404
1768050 404
1768060 404
1768070 404
1768080 404
1768090 404
1768100 403
1768110 403
1768120 402
1768130 401
1768140 401
1768150 399
1768160 398
1768170 398
1768180 396
1768190 394
1768200 394
1768210 393
1768220 391
1768230 391
1768240 390
1768250 390
1768260 390
1768270 390
1768280 390
1768290 390
1768300 392
1768310 392
1768320 395
1768330 395
1768340 396
1768350 397
1768360 397
1768370 398
1768380 399
1768390 399
1768400 401
1768410 402
1768420 402
1768430 403
1768440 404
1768450 404
1768460 405
1768470 406
1768480 406
1768490 406
1768500 408
1768510 408
1768520 409
1768530 410
1768540 410
1768550 411
1768560 411
1768570 411
1768580 411
1768590 412
1768600 413
1768610 413
1768620 413
1768630 414
1768640 414
1768650 415
1768660 417
1768670 417
1768680 418
1768690 420
1768700 420
1768710 421
1768720 422
1768730 422
1768740 424
1768750 424
1768760 424
1768770 425
1768780 426
1768790 426
1768800 426
1768810 427
1768820 427
1768830 427
1768840 427
1768850 427
1768860 427
1768870 427
1768880 427
1768890 427
1768900 427
1768910 426
1768920 426
1768930 426
1768940 427
1768950 427
1768960 427
1768970 427
1768980 427
1768990 427
1769000 428
1769010 428
1769020 428
1769030 429
1769040 430
1769050 430
1769060 430
1769070 431
1769080 431
1769090 432
1769100 433
1769110 433
1769120 434
1769130 434
1769140 434
1769150 433
1769160 433
1769170 433
1769180 432
1769190 431
1769200 431
1769210 429
1769220 427
1769230 427
1769240 425
1769250 423
1769260 423
1769270 421
1769280 419
1769290 418
1769300 418
1769310 417
1769320 415
1769330 415
1769340 414
1769350 412
1769360 412
1769370 411
1769380 409
1769390 409
1769400 408
1769410 408
1769420 408
1769430 407
1769440 406
1769450 406
1769460 405
1769470 405
1769480 405
1769490 405
1769500 405
1769510 405
1769520 406
1769530 406
1769540 406
1769550 406
1769560 405
1769570 405
1769580 405
1769590 404
1769600 403
1769610 403
1769620 401
1769630 399
1769640 399
1769650 396
1769660 394
1769670 394
1769680 394
1769690 392
1769700 392
1769710 391
1769720 389
1769730 389
1769740 389
1769750 387
1769760 384
1769770 384
1769780 382
1769790 382
1769800 382
1769810 381
1769820 381
1769830 381
1769840 381
1769850 381
1769860 381
1769870 378
1769880 374
1769890 374
1769900 372
1769910 372
1769920 372
1769930 370
1769940 368
1769950 368
1769960 366
1769970 365
1769980 365
1769990 365
1770000 364
1770010 364
1770020 364
1770030 364
1770040 367
1770050 367
1770060 367
1770070 367
1770080 367
1770090 367
1770100 366
1770110 366
1770120 366
1770130 365
1770140 365
1770150 364
1770160 363
1770170 363
1770180 361
1770190 360
1770200 360
1770210 360
1770220 358
1770230 358
1770240 358
1770250 358
1770260 357
1770270 357
1770280 354
1770290 356
1770300 356
1770310 360
1770320 362
1770330 362
1770340 365
1770350 367
1770360 367
1770370 369
1770380 370
1770390 370
1770400 372
1770410 374
1770420 374
1770430 376
1770440 378
1770450 378
1770460 380
1770470 380
1770480 380
1770490 380
1770500 379
1770510 376
1770520 376
1770530 375
1770540 373
1770550 373
1770560 373
1770570 371
1770580 371
1770590 370
1770600 369
1770610 369
1770620 367
1770630 365
1770640 365
1770650 364
1770660 363
1770670 363
1770680 362
1770690 361
1770700 361
1770710 360
1770720 360
1770730 358
1770740 358
1770750 357
1770760 357
1770770 357
1770780 356
1770790 356
1770800 356
1770810 355
1770820 352
1770830 352
1770840 352
1770850 355
1770860 355
1770870 357
1770880 358
1770890 358
1770900 359
1770910 360
1770920 360
1770930 361
1770940 363
1770950 363
1770960 365
1770970 366
1770980 368
1770990 368
1771000 372
1771010 374
1771020 374
1771030 377
1771040 379
1771050 379
1771060 381
1771070 383
1771080 383
1771090 385
1771100 388
1771110 388
1771120 391
1771130 394
1771140 394
1771150 397
1771160 398
1771170 398
1771180 399
1771190 399
1771200 399
1771210 400
1771220 400
1771230 399
1771240 399
1771250 399
1771260 398
1771270 398
1771280 397
1771290 396
1771300 396
1771310 395
1771320 393
1771330 393
1771340 392
1771350 390
1771360 390
1771370 389
1771380 389
1771390 389
1771400 389
1771410 388
1771420 388
1771430 388
1771440 388
1771450 389
1771460 389
1771470 389
1771480 389
1771490 389
1771500 388
1771510 388
1771520 388
1771530 387
1771540 386
1771550 386
1771560 385
1771570 384
1771580 384
1771590 382
1771600 380
1771610 380
1771620 379
1771630 379
1771640 379
1771650 378
1771660 381
1771670 381
1771680 379
1771690 377
1771700 375
1771710 375
1771720 371
1771730 367
1771740 367
1771750 369
1771760 368
1771770 368
1771780 367
1771790 366
1771800 366
1771810 365
1771820 364
1771830 364
1771840 362
1771850 361
1771860 361
1771870 358
1771880 357
1771890 357
1771900 356
1771910 354
1771920 354
1771930 353
1771940 351
1771950 350
1771960 350
1771970 348
1771980 347
1771990 347
1772000 346
1772010 345
1772020 345
1772030 344
1772040 343
1772050 343
1772060 342
1772070 341
1772080 341
1772090 341
1772100 343
1772110 343
1772120 344
1772130 345
1772140 345
1772150 345
1772160 346
1772170 347
1772180 347
1772190 347
1772200 348
1772210 348
1772220 349
1772230 350
1772240 350
1772250 351
1772260 352
1772270 352
1772280 353
1772290 354
1772300 354
1772310 355
1772320 357
1772330 357
1772340 359
1772350 361
1772360 361
1772370 362
1772380 363
1772390 363
1772400 363
1772410 362
1772420 358
1772430 358
1772440 356
1772450 364
1772460 364
1772470 364
1772480 364
1772490 364
1772500 363
1772510 361
1772520 361
1772530 360
1772540 360
1772550 360
1772560 359
1772570 358
1772580 358
1772590 356
1772600 355
1772610 355
1772620 356
1772630 357
1772640 357
1772650 360
1772660 362
1772670 363
1772680 363
1772690 369
1772700 371
1772710 371
1772720 373
1772730 375
1772740 375
1772750 377
1772760 378
1772770 378
1772780 378
1772790 378
1772800 378
1772810 377
1772820 376
1772830 376
1772840 375
1772850 374
1772860 374
1772870 372
1772880 371
1772890 371
1772900 371
1772910 370
1772920 369
1772930 369
1772940 368
1772950 368
1772960 368
1772970 367
1772980 366
1772990 366
1773000 366
1773010 366
1773020 366
1773030 364
1773040 363
1773050 363
1773060 362
1773070 361
1773080 361
1773090 361
1773100 360
1773110 360
1773120 360
1773130 358
1773140 357
1773150 357
1773160 357
1773170 356
1773180 356
1773190 355
1773200 354
1773210 354
1773220 349
1773230 349
1773240 349
1773250 351
1773260 350
1773270 350
1773280 349
1773290 348
1773300 348
1773310 347
1773320 346
1773330 346
1773340 345
1773350 344
1773360 344
1773370 341
1773380 341
1773390 342
1773400 342
1773410 343
1773420 343
1773430 343
1773440 343
1773450 343
1773460 343
1773470 343
1773480 342
1773490 342
1773500 342
1773510 342
1773520 342
1773530 345
1773540 348
1773550 348
1773560 350
1773570 350
1773580 350
1773590 352
1773600 353
1773610 355
1773620 355
1773630 356
1773640 357
1773650 357
1773660 358
1773670 359
1773680 359
1773690 360
1773700 360
1773710 360
1773720 361
1773730 362
1773740 362
1773750 363
1773760 364
1773770 364
1773780 365
1773790 366
1773800 366
1773810 367
1773820 369
1773830 369
1773840 370
1773850 373
1773860 374
1773870 374
1773880 376
1773890 378
1773900 378
1773910 380
1773920 381
1773930 381
1773940 381
1773950 381
1773960 381
1773970 381
1773980 381
1773990 381
1774000 381
1774010 381
1774020 381
1774030 381
1774040 381
1774050 381
1774060 380
1774070 379
1774080 379
1774090 378
1774100 377
1774110 377
1774120 377
1774130 376
1774140 375
1774150 375
1774160 373
1774170 373
1774180 373
1774190 372
1774200 370
1774210 370
1774220 368
1774230 367
1774240 367
1774250 366
1774260 365
1774270 365
1774280 364
1774290 363
1774300 363
1774310 362
1774320 361
1774330 361
1774340 360
1774350 359
1774360 358
1774370 358
1774380 357
1774390 356
1774400 356
1774410 355
1774420 353
1774430 353
1774440 352
1774450 351
1774460 351
1774470 350
1774480 349
1774490 349
1774500 348
1774510 347
1774520 347
1774530 346
1774540 345
1774550 345
1774560 344
1774570 342
1774580 341
1774590 341
1774600 340
1774610 339
1774620 339
1774630 338
1774640 338
1774650 338
1774660 337
1774670 335
1774680 335
1774690 335
1774700 334
1774710 334
1774720 333
1774730 332
1774740 332
1774750 331
1774760 330
1774770 330
1774780 329
1774790 328
1774800 328
1774810 328
1774820 327
1774830 326
1774840 326
1774850 326
1774860 325
1774870 325
1774880 325
1774890 325
1774900 325
1774910 324
1774920 323
1774930 323
1774940 323
1774950 322
1774960 322
1774970 322
1774980 322
1774990 322
1775000 322
1775010 322
1775020 322
1775030 322
1775040 322
1775050 322
1775060 322
1775070 322
1775080 323
1775090 323
1775100 323
1775110 323
1775120 323
1775130 323
1775140 323
1775150 323
1775160 323
1775170 323
1775180 323
1775190 323
1775200 323
1775210 323
1775220 323
1775230 323
1775240 323
1775250 323
1775260 323
1775270 323
1775280 322
1775290 321
1775300 321
1775310 321
1775320 320
1775330 319
1775340 319
1775350 319
1775360 319
1775370 319
1775380 318
1775390 318
1775400 318
1775410 318
1775420 317
1775430 317
1775440 317
1775450 317
1775460 317
1775470 317
1775480 314
1775490 314
1775500 316
1775510 317
1775520 317
1775530 317
1775540 316
1775550 316
1775560 316
1775570 316
1775580 316
1775590 316
1775600 316
1775610 318
1775620 318
1775630 319
1775640 319
1775650 319
1775660 319
1775670 320
1775680 320
1775690 321
1775700 323
1775710 323
1775720 322
1775730 324
1775740 324
1775750 324
1775760 325
1775770 326
1775780 327
1775790 328
1775800 329
1775810 329
1775820 331
1775830 331
1775840 331
1775850 331
1775860 330
1775870 330
1775880 330
1775890 328
1775900 328
1775910 327
1775920 325
1775930 325
1775940 324
1775950 325
1775960 325
1775970 328
1775980 330
1775990 330
1776000 332
1776010 334
1776020 337
1776030 337
1776040 339
1776050 340
1776060 340
1776070 340
1776080 341
1776090 341
1776100 341
1776110 341
1776120 341
1776130 341
1776140 341
1776150 341
1776160 341
1776170 341
1776180 341
1776190 341
1776200 341
1776210 341
1776220 342
1776230 342
1776240 342
1776250 342
1776260 341
1776270 341
1776280 341
1776290 341
1776300 341
1776310 341
1776320 342
1776330 342
1776340 342
1776350 342
1776360 342
1776370 342
1776380 342
1776390 342
1776400 342
1776410 342
1776420 343
1776430 343
1776440 343
1776450 343
1776460 343
1776470 343
1776480 344
1776490 344
1776500 344
1776510 345
1776520 345
1776530 345
1776540 346
1776550 346
1776560 346
1776570 346
1776580 346
1776590 346
1776600 346
1776610 346
1776620 346
1776630 346
1776640 345
1776650 345
1776660 345
1776670 344
1776680 344
1776690 343
1776700 343
1776710 343
1776720 343
1776730 341
1776740 340
1776750 340
1776760 340
1776770 338
1776780 338
1776790 337
1776800 336
1776810 336
1776820 334
1776830 332
1776840 332
1776850 331
1776860 332
1776870 332
1776880 332
1776890 332
1776900 332
1776910 331
1776920 329
1776930 329
1776940 327
1776950 328
1776960 328
1776970 322
1776980 322
1776990 321
1777000 321
1777010 322
1777020 321
1777030 321
1777040 321
1777050 321
1777060 321
1777070 321
1777080 321
1777090 321
1777100 320
1777110 320
1777120 320
1777130 319
1777140 319
1777150 319
1777160 319
1777170 318
1777180 318
1777190 318
1777200 317
1777210 317
1777220 317
1777230 316
1777240 316
1777250 316
1777260 315
1777270 314
1777280 314
1777290 314
1777300 313
1777310 313
1777320 313
1777330 312
1777340 312
1777350 312
1777360 312
1777370 312
1777380 312
1777390 311
1777400 311
1777410 310
1777420 310
1777430 310
1777440 309
1777450 309
1777460 308
1777470 308
1777480 307
1777490 306
1777500 306
1777510 305
1777520 304
1777530 304
1777540 303
1777550 302
1777560 302
1777570 302
1777580 301
1777590 301
1777600 301
1777610 301
1777620 301
1777630 299
1777640 298
1777650 298
1777660 301
1777670 301
1777680 301
1777690 301
1777700 301
1777710 301
1777720 301
1777730 301
1777740 301
1777750 301
1777760 301
1777770 301
1777780 301
1777790 301
1777800 301
1777810 301
1777820 301
1777830 301
1777840 301
1777850 300
1777860 300
1777870 300
1777880 300
1777890 300
1777900 300
1777910 300
1777920 300
1777930 300
1777940 300
1777950 300
1777960 300
1777970 300
1777980 300
1777990 300
1778000 300
1778010 300
1778020 300
1778030 300
1778040 300
1778050 300
1778060 300
1778070 300
1778080 300
1778090 300
1778100 300
1778110 300
1778120 300
1778130 300
1778140 299
1778150 299
1778160 299
1778170 299
1778180 299
1778190 299
1778200 299
1778210 299
1778220 299
1778230 299
1778240 299
1778250 299
1778260 299
1778270 299
1778280 299
1778290 299
1778300 299
1778310 299
1778320 299
1778330 299
1778340 299
1778350 299
1778360 299
1778370 299
1778380 299
1778390 299
1778400 299
1778410 299
1778420 299
1778430 299
1778440 299
1778450 299
1778460 299
1778470 299
1778480 299
1778490 299
1778500 299
1778510 299
1778520 299
1778530 299
1778540 300
1778550 300
1778560 300
1778570 300
1778580 300
1778590 300
1778600 301
1778610 301
1778620 301
1778630 301
1778640 301
1778650 301
1778660 301
1778670 301
1778680 301
1778690 301
1778700 301
1778710 301
1778720 301
1778730 301
1778740 300
1778750 300
1778760 300
1778770 300
1778780 300
1778790 300
1778800 300
1778810 300
1778820 300
1778830 300
1778840 300
1778850 300
1778860 300
1778870 300
1778880 301
1778890 301
1778900 301
1778910 301
1778920 301
1778930 302
1778940 302
1778950 302
1778960 303
1778970 303
1778980 303
1778990 303
1779000 303
1779010 304
1779020 304
1779030 304
1779040 304
1779050 305
1779060 305
1779070 305
1779080 306
1779090 306
1779100 306
1779110 308
1779120 308
1779130 309
1779140 310
1779150 310
1779160 310
1779170 311
1779180 311
1779190 311
1779200 311
1779210 311
1779220 311
1779230 311
1779240 312
1779250 312
1779260 312
1779270 312
1779280 312
1779290 313
1779300 313
1779310 313
1779320 315
1779330 316
1779340 316
1779350 316
1779360 317
1779370 317
1779380 316
1779390 317
1779400 317
1779410 317
1779420 317
1779430 318
1779440 318
1779450 319
1779460 319
1779470 319
1779480 319
1779490 319
1779500 319
1779510 321
1779520 321
1779530 321
1779540 319
1779550 313
1779560 313
1779570 315
1779580 320
1779590 320
1779600 320
1779610 320
1779620 320
1779630 323
1779640 323
1779650 324
1779660 324
1779670 324
1779680 325
1779690 325
1779700 326
1779710 326
1779720 326
1779730 327
1779740 328
1779750 328
1779760 328
1779770 329
1779780 329
1779790 329
1779800 329
1779810 329
1779820 329
1779830 329
1779840 329
1779850 329
1779860 329
1779870 330
1779880 330
1779890 330
1779900 330
1779910 330
1779920 330
1779930 329
1779940 329
1779950 327
1779960 326
1779970 326
1779980 324
1779990 323
