1760000 416
1760010 416
1760020 418
1760030 419
1760040 419
1760050 420
1760060 420
1760070 420
1760080 421
1760090 420
1760100 420
1760110 418
1760120 416
1760130 416
1760140 414
1760150 412
1760160 412
1760170 410
1760180 408
1760190 408
1760200 407
1760210 406
1760220 406
1760230 406
1760240 406
1760250 406
1760260 406
1760270 406
1760280 406
1760290 406
1760300 406
1760310 404
1760320 404
1760330 404
1760340 405
1760350 405
1760360 406
1760370 407
1760380 407
1760390 409
1760400 412
1760410 412
1760420 418
1760430 420
1760440 420
1760450 422
1760460 423
1760470 424
1760480 424
1760490 425
1760500 425
1760510 425
1760520 426
1760530 427
1760540 427
1760550 429
1760560 429
1760570 429
1760580 429
1760590 430
1760600 430
1760610 430
1760620 430
1760630 430
1760640 431
1760650 431
1760660 431
1760670 432
1760680 432
1760690 431
1760700 431
1760710 430
1760720 429
1760730 429
1760740 428
1760750 427
1760760 427
1760770 427
1760780 428
1760790 428
1760800 428
1760810 429
1760820 429
1760830 430
1760840 431
1760850 431
1760860 432
1760870 432
1760880 432
1760890 433
1760900 434
1760910 434
1760920 435
1760930 436
1760940 436
1760950 436
1760960 436
1760970 435
1760980 435
1760990 435
1761000 435
1761010 435
1761020 435
1761030 434
1761040 434
1761050 432
1761060 431
1761070 431
1761080 429
1761090 428
1761100 428
1761110 425
1761120 425
1761130 425
1761140 423
1761150 421
1761160 421
1761170 419
1761180 417
1761190 416
1761200 416
1761210 413
1761220 411
1761230 411
1761240 409
1761250 407
1761260 407
1761270 405
1761280 401
1761290 401
1761300 400
1761310 398
1761320 398
1761330 396
1761340 391
1761350 391
1761360 390
1761370 389
1761380 389
1761390 388
1761400 387
1761410 387
1761420 385
1761430 382
1761440 381
1761450 381
1761460 380
1761470 379
1761480 379
1761490 376
1761500 373
1761510 373
1761520 371
1761530 370
1761540 370
1761550 370
1761560 369
1761570 369
1761580 368
1761590 366
1761600 366
1761610 364
1761620 363
1761630 363
1761640 362
1761650 361
1761660 360
1761670 360
1761680 360
1761690 360
1761700 360
1761710 359
1761720 359
1761730 359
1761740 359
1761750 358
1761760 358
1761770 359
1761780 358
1761790 358
1761800 358
1761810 358
1761820 358
1761830 358
1761840 358
1761850 358
1761860 358
1761870 357
1761880 357
1761890 358
1761900 357
1761910 357
1761920 357
1761930 357
1761940 356
1761950 356
1761960 356
1761970 355
1761980 355
1761990 355
1762000 355
1762010 355
1762020 354
1762030 354
1762040 354
1762050 354
1762060 354
1762070 354
1762080 354
1762090 354
1762100 354
1762110 354
1762120 354
1762130 354
1762140 354
1762150 354
1762160 354
1762170 354
1762180 354
1762190 354
1762200 354
1762210 353
1762220 352
1762230 352
1762240 354
1762250 354
1762260 354
1762270 354
1762280 354
1762290 354
1762300 353
1762310 354
1762320 354
1762330 353
1762340 353
1762350 353
1762360 353
1762370 353
1762380 353
1762390 353
1762400 353
1762410 353
1762420 353
1762430 353
1762440 353
1762450 353
1762460 353
1762470 353
1762480 353
1762490 353
1762500 353
1762510 353
1762520 353
1762530 353
1762540 353
1762550 353
1762560 353
1762570 353
1762580 353
1762590 353
1762600 353
1762610 353
1762620 353
1762630 353
1762640 353
1762650 353
1762660 353
1762670 353
1762680 353
1762690 353
1762700 353
1762710 353
1762720 352
1762730 352
1762740 353
1762750 352
1762760 352
1762770 353
1762780 353
1762790 353
1762800 353
1762810 352
1762820 352
1762830 350
1762840 349
1762850 349
1762860 349
1762870 349
1762880 350
1762890 350
1762900 352
1762910 352
1762920 352
1762930 352
1762940 352
1762950 352
1762960 352
1762970 352
1762980 352
1762990 351
1763000 352
1763010 352
1763020 351
1763030 351
1763040 351
1763050 351
1763060 353
1763070 353
1763080 354
1763090 354
1763100 354
1763110 354
1763120 354
1763130 354
1763140 354
1763150 353
1763160 351
1763170 351
1763180 351
1763190 351
1763200 351
1763210 351
1763220 351
1763230 351
1763240 352
1763250 352
1763260 352
1763270 352
1763280 351
1763290 351
1763300 351
1763310 351
1763320 351
1763330 351
1763340 351
1763350 351
1763360 351
1763370 351
1763380 352
1763390 352
1763400 351
1763410 351
1763420 351
1763430 351
1763440 351
1763450 351
1763460 351
1763470 351
1763480 351
1763490 351
1763500 352
1763510 352
1763520 356
1763530 356
1763540 356
1763550 356
1763560 355
1763570 355
1763580 356
1763590 357
1763600 357
1763610 357
1763620 357
1763630 357
1763640 357
1763650 356
1763660 357
1763670 357
1763680 358
1763690 358
1763700 358
1763710 359
1763720 360
1763730 360
1763740 360
1763750 360
1763760 360
1763770 359
1763780 360
1763790 360
1763800 360
1763810 361
1763820 361
1763830 362
1763840 366
1763850 366
1763860 366
1763870 366
1763880 366
1763890 366
1763900 367
1763910 367
1763920 367
1763930 371
1763940 370
1763950 370
1763960 372
1763970 373
1763980 373
1763990 373
1764000 374
1764010 374
1764020 377
1764030 376
1764040 376
1764050 377
1764060 377
1764070 377
1764080 377
1764090 377
1764100 377
1764110 377
1764120 377
1764130 377
1764140 377
1764150 377
1764160 378
1764170 378
1764180 378
1764190 378
1764200 378
1764210 378
1764220 378
1764230 378
1764240 378
1764250 378
1764260 378
1764270 377
1764280 377
1764290 377
1764300 377
1764310 376
1764320 376
1764330 376
1764340 375
1764350 371
1764360 371
1764370 369
1764380 373
1764390 373
1764400 374
1764410 374
1764420 374
1764430 374
1764440 375
1764450 375
1764460 375
1764470 376
1764480 376
1764490 376
1764500 377
1764510 377
1764520 377
1764530 378
1764540 378
1764550 378
1764560 379
1764570 379
1764580 379
1764590 379
1764600 379
1764610 379
1764620 380
1764630 380
1764640 380
1764650 381
1764660 381
1764670 381
1764680 382
1764690 382
1764700 382
1764710 383
1764720 383
1764730 383
1764740 384
1764750 385
1764760 385
1764770 386
1764780 386
1764790 386
1764800 386
1764810 387
1764820 387
1764830 387
1764840 387
1764850 387
1764860 387
1764870 387
1764880 386
1764890 386
1764900 386
1764910 385
1764920 385
1764930 382
1764940 380
1764950 380
1764960 380
1764970 376
1764980 376
1764990 377
1765000 380
1765010 380
1765020 384
1765030 384
1765040 384
1765050 385
1765060 386
1765070 386
1765080 386
1765090 387
1765100 387
1765110 387
1765120 388
1765130 388
1765140 388
1765150 388
1765160 389
1765170 389
1765180 389
1765190 390
1765200 390
1765210 390
1765220 390
1765230 390
1765240 391
1765250 391
1765260 391
1765270 391
1765280 391
1765290 392
1765300 392
1765310 392
1765320 392
1765330 392
1765340 392
1765350 392
1765360 392
1765370 393
1765380 393
1765390 393
1765400 393
1765410 393
1765420 393
1765430 394
1765440 394
1765450 394
1765460 394
1765470 394
1765480 394
1765490 394
1765500 395
1765510 395
1765520 395
1765530 396
1765540 396
1765550 396
1765560 397
1765570 397
1765580 397
1765590 398
1765600 398
1765610 398
1765620 399
1765630 399
1765640 399
1765650 400
1765660 400
1765670 400
1765680 401
1765690 402
1765700 402
1765710 401
1765720 403
1765730 403
1765740 403
1765750 404
1765760 404
1765770 406
1765780 406
1765790 407
1765800 407
1765810 407
1765820 408
1765830 408
1765840 408
1765850 408
1765860 408
1765870 409
1765880 409
1765890 409
1765900 409
1765910 409
1765920 409
1765930 409
1765940 408
1765950 408
1765960 407
1765970 407
1765980 407
1765990 405
1766000 405
1766010 405
1766020 404
1766030 402
1766040 400
1766050 400
1766060 397
1766070 396
1766080 396
1766090 397
1766100 397
1766110 397
1766120 398
1766130 400
1766140 400
1766150 400
1766160 401
1766170 401
1766180 402
1766190 403
1766200 403
1766210 403
1766220 403
1766230 403
1766240 402
1766250 401
1766260 400
1766270 400
1766280 399
1766290 398
1766300 398
1766310 397
1766320 396
1766330 396
1766340 394
1766350 393
1766360 393
1766370 391
1766380 390
1766390 390
1766400 389
1766410 389
1766420 389
1766430 388
1766440 387
1766450 387
1766460 386
1766470 385
1766480 385
1766490 385
1766500 384
1766510 385
1766520 385
1766530 386
1766540 387
1766550 387
1766560 388
1766570 390
1766580 390
1766590 391
1766600 393
1766610 393
1766620 395
1766630 396
1766640 396
1766650 398
1766660 399
1766670 399
1766680 401
1766690 403
1766700 403
1766710 405
1766720 406
1766730 406
1766740 407
1766750 408
1766760 409
1766770 409
1766780 409
1766790 409
1766800 409
1766810 410
1766820 410
1766830 410
1766840 410
1766850 410
1766860 410
1766870 410
1766880 409
1766890 409
1766900 409
1766910 409
1766920 409
1766930 410
1766940 409
1766950 409
1766960 410
1766970 410
1766980 410
1766990 410
1767000 409
1767010 409
1767020 409
1767030 409
1767040 409
1767050 409
1767060 409
1767070 409
1767080 409
1767090 410
1767100 410
1767110 410
1767120 409
1767130 409
1767140 409
1767150 408
1767160 408
1767170 408
1767180 408
1767190 409
1767200 409
1767210 410
1767220 411
1767230 412
1767240 412
1767250 413
1767260 414
1767270 414
1767280 415
1767290 416
1767300 416
1767310 417
1767320 418
1767330 418
1767340 419
1767350 420
1767360 420
1767370 421
1767380 422
1767390 422
1767400 423
1767410 424
1767420 424
1767430 424
1767440 425
1767450 425
1767460 426
1767470 427
1767480 428
1767490 428
1767500 428
1767510 429
1767520 429
1767530 430
1767540 430
1767550 430
1767560 431
1767570 431
1767580 431
1767590 430
1767600 429
1767610 429
1767620 428
1767630 426
1767640 426
1767650 425
1767660 423
1767670 423
1767680 422
1767690 421
1767700 421
1767710 420
1767720 420
1767730 419
1767740 419
1767750 418
1767760 418
1767770 418
1767780 416
1767790 417
1767800 417
1767810 414
1767820 413
1767830 413
1767840 411
1767850 410
1767860 410
1767870 409
1767880 407
1767890 407
1767900 407
1767910 404
1767920 404
1767930 398
1767940 398
1767950 398
1767960 399
1767970 401
1767980 404
1767990 404
1768000 408
1768010 411
1768020 411
1768030 412
1768040 413
1768050 413
1768060 414
1768070 415
1768080 415
1768090 415
1768100 415
1768110 415
1768120 415
1768130 413
1768140 413
1768150 409
1768160 407
1768170 407
1768180 406
1768190 403
1768200 403
1768210 403
1768220 402
1768230 402
1768240 402
1768250 400
1768260 398
1768270 398
1768280 398
1768290 397
1768300 397
1768310 396
1768320 395
1768330 395
1768340 393
1768350 390
1768360 390
1768370 384
1768380 377
1768390 377
1768400 376
1768410 376
1768420 376
1768430 377
1768440 381
1768450 383
1768460 383
1768470 385
1768480 388
1768490 388
1768500 390
1768510 391
1768520 391
1768530 392
1768540 394
1768550 394
1768560 396
1768570 398
1768580 398
1768590 398
1768600 399
1768610 399
1768620 399
1768630 401
1768640 401
1768650 403
1768660 404
1768670 404
1768680 405
1768690 406
1768700 409
1768710 409
1768720 411
1768730 412
1768740 412
1768750 418
1768760 422
1768770 422
1768780 423
1768790 424
1768800 424
1768810 424
1768820 424
1768830 424
1768840 423
1768850 423
1768860 423
1768870 422
1768880 421
1768890 421
1768900 421
1768910 419
1768920 418
1768930 418
1768940 417
1768950 416
1768960 416
1768970 414
1768980 413
1768990 413
1769000 412
1769010 411
1769020 411
1769030 409
1769040 407
1769050 407
1769060 406
1769070 404
1769080 404
1769090 403
1769100 401
1769110 401
1769120 399
1769130 397
1769140 397
1769150 394
1769160 393
1769170 391
1769180 391
1769190 388
1769200 386
1769210 386
1769220 386
1769230 383
1769240 383
1769250 381
1769260 379
1769270 379
1769280 378
1769290 380
1769300 380
1769310 381
1769320 380
1769330 380
1769340 379
1769350 378
1769360 378
1769370 377
1769380 376
1769390 376
1769400 375
1769410 374
1769420 372
1769430 372
1769440 368
1769450 367
1769460 367
1769470 368
1769480 371
1769490 371
1769500 374
1769510 376
1769520 376
1769530 377
1769540 378
1769550 378
1769560 379
1769570 380
1769580 380
1769590 381
1769600 382
1769610 382
1769620 383
1769630 385
1769640 385
1769650 386
1769660 387
1769670 388
1769680 388
1769690 388
1769700 389
1769710 389
1769720 389
1769730 390
1769740 390
1769750 390
1769760 390
1769770 390
1769780 389
1769790 389
1769800 389
1769810 388
1769820 387
1769830 387
1769840 385
1769850 384
1769860 384
1769870 383
1769880 382
1769890 380
1769900 380
1769910 379
1769920 378
1769930 378
1769940 377
1769950 376
1769960 376
1769970 376
1769980 375
1769990 375
1770000 374
1770010 373
1770020 373
1770030 371
1770040 370
1770050 370
1770060 369
1770070 368
1770080 368
1770090 367
1770100 366
1770110 366
1770120 365
1770130 364
1770140 363
1770150 363
1770160 362
1770170 361
1770180 361
1770190 360
1770200 359
1770210 359
1770220 359
1770230 359
1770240 359
1770250 358
1770260 358
1770270 358
1770280 358
1770290 358
1770300 358
1770310 357
1770320 356
1770330 356
1770340 356
1770350 355
1770360 355
1770370 355
1770380 354
1770390 354
1770400 354
1770410 353
1770420 352
1770430 352
1770440 350
1770450 349
1770460 349
1770470 348
1770480 347
1770490 347
1770500 348
1770510 349
1770520 349
1770530 349
1770540 350
1770550 350
1770560 351
1770570 352
1770580 352
1770590 353
1770600 354
1770610 354
1770620 355
1770630 355
1770640 356
1770650 356
1770660 357
1770670 357
1770680 357
1770690 358
1770700 358
1770710 358
1770720 359
1770730 359
1770740 359
1770750 360
1770760 361
1770770 361
1770780 361
1770790 362
1770800 362
1770810 362
1770820 362
1770830 362
1770840 364
1770850 365
1770860 367
1770870 367
1770880 369
1770890 370
1770900 370
1770910 370
1770920 371
1770930 371
1770940 371
1770950 371
1770960 371
1770970 370
1770980 369
1770990 369
1771000 371
1771010 365
1771020 365
1771030 364
1771040 369
1771050 369
1771060 371
1771070 369
1771080 369
1771090 369
1771100 365
1771110 366
1771120 366
1771130 368
1771140 369
1771150 369
1771160 369
1771170 369
1771180 369
1771190 369
1771200 369
1771210 369
1771220 368
1771230 367
1771240 367
1771250 365
1771260 363
1771270 363
1771280 362
1771290 359
1771300 359
1771310 357
1771320 354
1771330 354
1771340 354
1771350 354
1771360 355
1771370 355
1771380 356
1771390 357
1771400 357
1771410 357
1771420 358
1771430 358
1771440 360
1771450 361
1771460 361
1771470 363
1771480 363
1771490 363
1771500 364
1771510 364
1771520 364
1771530 364
1771540 364
1771550 364
1771560 363
1771570 363
1771580 363
1771590 362
1771600 361
1771610 361
1771620 361
1771630 359
1771640 358
1771650 358
1771660 356
1771670 354
1771680 354
1771690 353
1771700 352
1771710 352
1771720 353
1771730 353
1771740 353
1771750 354
1771760 356
1771770 356
1771780 358
1771790 359
1771800 359
1771810 360
1771820 361
1771830 361
1771840 361
1771850 360
1771860 359
1771870 359
1771880 361
1771890 361
1771900 361
1771910 361
1771920 360
1771930 360
1771940 360
1771950 359
1771960 359
1771970 358
1771980 358
1771990 358
1772000 358
1772010 358
1772020 358
1772030 357
1772040 357
1772050 357
1772060 357
1772070 358
1772080 358
1772090 358
1772100 358
1772110 358
1772120 358
1772130 359
1772140 359
1772150 359
1772160 359
1772170 358
1772180 358
1772190 358
1772200 358
1772210 358
1772220 358
1772230 357
1772240 357
1772250 357
1772260 357
1772270 357
1772280 356
1772290 355
1772300 355
1772310 355
1772320 354
1772330 353
1772340 353
1772350 352
1772360 351
1772370 351
1772380 350
1772390 350
1772400 350
1772410 349
1772420 348
1772430 348
1772440 347
1772450 346
1772460 346
1772470 344
1772480 344
1772490 344
1772500 346
1772510 347
1772520 347
1772530 348
1772540 348
1772550 348
1772560 348
1772570 349
1772580 349
1772590 349
1772600 349
1772610 349
1772620 349
1772630 348
1772640 348
1772650 348
1772660 347
1772670 347
1772680 347
1772690 346
1772700 346
1772710 346
1772720 345
1772730 345
1772740 345
1772750 344
1772760 344
1772770 344
1772780 344
1772790 343
1772800 342
1772810 342
1772820 342
1772830 342
1772840 342
1772850 343
1772860 343
1772870 343
1772880 344
1772890 344
1772900 344
1772910 344
1772920 344
1772930 344
1772940 343
1772950 343
1772960 343
1772970 343
1772980 343
1772990 343
1773000 342
1773010 340
1773020 340
1773030 340
1773040 339
1773050 338
1773060 338
1773070 336
1773080 334
1773090 334
1773100 332
1773110 332
1773120 332
1773130 333
1773140 334
1773150 334
1773160 335
1773170 336
1773180 336
1773190 336
1773200 337
1773210 337
1773220 337
1773230 336
1773240 336
1773250 335
1773260 335
1773270 335
1773280 335
1773290 336
1773300 337
1773310 337
1773320 338
1773330 338
1773340 338
1773350 338
1773360 339
1773370 339
1773380 338
1773390 338
1773400 338
1773410 339
1773420 339
1773430 339
1773440 339
1773450 339
1773460 339
1773470 339
1773480 338
1773490 338
1773500 338
1773510 337
1773520 337
1773530 337
1773540 337
1773550 336
1773560 336
1773570 336
1773580 336
1773590 336
1773600 335
1773610 335
1773620 335
1773630 334
1773640 334
1773650 334
1773660 334
1773670 334
1773680 334
1773690 333
1773700 333
1773710 333
1773720 332
1773730 332
1773740 332
1773750 332
1773760 331
1773770 331
1773780 331
1773790 330
1773800 330
1773810 330
1773820 329
1773830 329
1773840 329
1773850 329
1773860 330
1773870 330
1773880 330
1773890 329
1773900 329
1773910 329
1773920 329
1773930 329
1773940 328
1773950 328
1773960 328
1773970 328
1773980 328
1773990 328
1774000 328
1774010 328
1774020 328
1774030 328
1774040 328
1774050 328
1774060 328
1774070 328
1774080 328
1774090 328
1774100 327
1774110 327
1774120 327
1774130 327
1774140 327
1774150 327
1774160 327
1774170 327
1774180 327
1774190 327
1774200 327
1774210 327
1774220 327
1774230 328
1774240 328
1774250 328
1774260 329
1774270 329
1774280 329
1774290 329
1774300 329
1774310 329
1774320 329
1774330 330
1774340 330
1774350 330
1774360 330
1774370 330
1774380 331
1774390 332
1774400 332
1774410 333
1774420 333
1774430 333
1774440 335
1774450 335
1774460 335
1774470 336
1774480 337
1774490 337
1774500 337
1774510 338
1774520 338
1774530 338
1774540 339
1774550 340
1774560 340
1774570 341
1774580 341
1774590 341
1774600 342
1774610 343
1774620 343
1774630 344
1774640 344
1774650 344
1774660 345
1774670 346
1774680 346
1774690 346
1774700 347
1774710 347
1774720 347
1774730 349
1774740 349
1774750 349
1774760 349
1774770 350
1774780 350
1774790 350
1774800 351
1774810 351
1774820 352
1774830 352
1774840 352
1774850 353
1774860 353
1774870 353
1774880 354
1774890 354
1774900 354
1774910 355
1774920 355
1774930 355
1774940 357
1774950 358
1774960 358
1774970 358
1774980 359
1774990 359
1775000 359
1775010 359
1775020 360
1775030 360
1775040 360
1775050 360
1775060 360
1775070 361
1775080 361
1775090 361
1775100 361
1775110 362
1775120 362
1775130 362
1775140 362
1775150 362
1775160 362
1775170 362
1775180 362
1775190 360
1775200 359
1775210 359
1775220 359
1775230 358
1775240 357
1775250 357
1775260 357
1775270 356
1775280 356
1775290 355
1775300 354
1775310 354
1775320 353
1775330 352
1775340 352
1775350 351
1775360 350
1775370 350
1775380 348
1775390 346
1775400 346
1775410 346
1775420 344
1775430 344
1775440 343
1775450 338
1775460 335
1775470 335
1775480 332
1775490 331
1775500 331
1775510 330
1775520 329
1775530 329
1775540 328
1775550 327
1775560 327
1775570 326
1775580 325
1775590 325
1775600 324
1775610 323
1775620 323
1775630 322
1775640 322
1775650 322
1775660 321
1775670 320
1775680 320
1775690 320
1775700 319
1775710 319
1775720 319
1775730 318
1775740 318
1775750 318
1775760 318
1775770 318
1775780 318
1775790 317
1775800 317
1775810 317
1775820 316
1775830 315
1775840 315
1775850 315
1775860 314
1775870 314
1775880 313
1775890 312
1775900 312
1775910 312
1775920 312
1775930 312
1775940 311
1775950 310
1775960 310
1775970 310
1775980 309
1775990 308
1776000 308
1776010 308
1776020 307
1776030 307
1776040 307
1776050 307
1776060 307
1776070 307
1776080 307
1776090 307
1776100 307
1776110 307
1776120 307
1776130 307
1776140 307
1776150 307
1776160 307
1776170 307
1776180 307
1776190 306
1776200 306
1776210 306
1776220 306
1776230 307
1776240 307
1776250 307
1776260 307
1776270 307
1776280 307
1776290 306
1776300 306
1776310 306
1776320 306
1776330 306
1776340 306
1776350 306
1776360 306
1776370 306
1776380 306
1776390 306
1776400 306
1776410 305
1776420 306
1776430 306
1776440 306
1776450 306
1776460 306
1776470 306
1776480 305
1776490 305
1776500 305
1776510 305
1776520 306
1776530 306
1776540 306
1776550 306
1776560 306
1776570 306
1776580 306
1776590 306
1776600 306
1776610 306
1776620 306
1776630 306
1776640 306
1776650 306
1776660 306
1776670 306
1776680 305
1776690 305
1776700 305
1776710 305
1776720 305
1776730 305
1776740 305
1776750 305
1776760 305
1776770 305
1776780 305
1776790 305
1776800 305
1776810 305
1776820 305
1776830 305
1776840 305
1776850 305
1776860 305
1776870 305
1776880 305
1776890 306
1776900 306
1776910 305
1776920 305
1776930 305
1776940 305
1776950 306
1776960 305
1776970 305
1776980 303
1776990 304
1777000 304
1777010 304
1777020 304
1777030 304
1777040 304
1777050 304
1777060 304
1777070 304
1777080 304
1777090 304
1777100 304
1777110 304
1777120 304
1777130 304
1777140 304
1777150 304
1777160 304
1777170 304
1777180 304
1777190 304
1777200 304
1777210 304
1777220 304
1777230 304
1777240 304
1777250 304
1777260 304
1777270 304
1777280 304
1777290 304
1777300 304
1777310 304
1777320 304
1777330 304
1777340 304
1777350 304
1777360 304
1777370 304
1777380 304
1777390 304
1777400 305
1777410 305
1777420 305
1777430 305
1777440 305
1777450 305
1777460 305
1777470 305
1777480 305
1777490 306
1777500 306
1777510 306
1777520 306
1777530 306
1777540 306
1777550 306
1777560 306
1777570 306
1777580 306
1777590 306
1777600 306
1777610 306
1777620 306
1777630 307
1777640 307
1777650 307
1777660 307
1777670 307
1777680 307
1777690 307
1777700 308
1777710 308
1777720 308
1777730 308
1777740 308
1777750 308
1777760 309
1777770 309
1777780 309
1777790 309
1777800 309
1777810 309
1777820 309
1777830 310
1777840 310
1777850 310
1777860 310
1777870 310
1777880 310
1777890 310
1777900 311
1777910 311
1777920 311
1777930 312
1777940 312
1777950 312
1777960 313
1777970 313
1777980 313
1777990 314
1778000 314
1778010 315
1778020 315
1778030 315
1778040 317
1778050 318
1778060 318
1778070 316
1778080 316
1778090 316
1778100 317
1778110 318
1778120 318
1778130 318
1778140 318
1778150 319
1778160 319
1778170 320
1778180 321
1778190 321
1778200 321
1778210 322
1778220 322
1778230 322
1778240 322
1778250 322
1778260 323
1778270 323
1778280 323
1778290 324
1778300 324
1778310 324
1778320 325
1778330 326
1778340 326
1778350 326
1778360 327
1778370 327
1778380 327
1778390 328
1778400 328
1778410 328
1778420 329
1778430 330
1778440 330
1778450 330
1778460 331
1778470 331
1778480 332
1778490 333
1778500 333
1778510 333
1778520 334
1778530 334
1778540 335
1778550 334
1778560 334
1778570 336
1778580 337
1778590 337
1778600 337
1778610 338
1778620 338
1778630 338
1778640 339
1778650 339
1778660 339
1778670 340
1778680 340
1778690 340
1778700 341
1778710 342
1778720 342
1778730 342
1778740 343
1778750 343
1778760 343
1778770 341
1778780 341
1778790 340
1778800 341
1778810 341
1778820 343
1778830 345
1778840 345
1778850 346
1778860 346
1778870 347
1778880 347
1778890 347
1778900 347
1778910 347
1778920 347
1778930 348
1778940 348
1778950 348
1778960 348
1778970 348
1778980 349
1778990 349
1779000 349
1779010 351
1779020 351
1779030 351
1779040 351
1779050 351
1779060 351
1779070 352
1779080 352
1779090 353
1779100 353
1779110 354
1779120 354
1779130 354
1779140 354
1779150 354
1779160 354
1779170 355
1779180 355
1779190 355
1779200 356
1779210 356
1779220 356
1779230 356
1779240 356
1779250 356
1779260 356
1779270 356
1779280 356
1779290 356
1779300 355
1779310 355
1779320 354
1779330 354
1779340 353
1779350 353
1779360 352
1779370 351
1779380 351
1779390 350
1779400 349
1779410 349
1779420 348
1779430 348
1779440 348
1779450 347
1779460 346
1779470 346
1779480 345
1779490 343
1779500 343
1779510 342
1779520 341
1779530 341
1779540 339
1779550 338
1779560 338
1779570 337
1779580 336
1779590 334
1779600 334
1779610 333
1779620 332
1779630 332
1779640 330
1779650 329
1779660 329
1779670 328
1779680 327
1779690 327
1779700 325
1779710 323
1779720 323
1779730 322
1779740 320
1779750 320
1779760 319
1779770 317
1779780 317
1779790 316
1779800 314
1779810 314
1779820 312
1779830 311
1779840 309
1779850 309
1779860 308
1779870 307
1779880 307
1779890 306
1779900 305
1779910 305
1779920 304
1779930 303
1779940 303
1779950 302
1779960 300
1779970 300
1779980 300
1779990 300
