1700000 750
1700010 750
1700020 754
1700030 757
1700040 757
1700050 760
1700060 763
1700070 763
1700080 766
1700090 768
1700100 768
1700110 769
1700120 771
1700130 771
1700140 771
1700150 771
1700160 771
1700170 771
1700180 771
1700190 770
1700200 770
1700210 769
1700220 768
1700230 768
1700240 768
1700250 768
1700260 768
1700270 768
1700280 769
1700290 769
1700300 768
1700310 768
1700320 768
1700330 767
1700340 767
1700350 767
1700360 766
1700370 765
1700380 765
1700390 764
1700400 764
1700410 763
1700420 763
1700430 762
1700440 763
1700450 763
1700460 764
1700470 765
1700480 765
1700490 766
1700500 767
1700510 767
1700520 769
1700530 771
1700540 771
1700550 774
1700560 777
1700570 777
1700580 778
1700590 779
1700600 779
1700610 780
1700620 780
1700630 779
1700640 779
1700650 779
1700660 780
1700670 780
1700680 782
1700690 786
1700700 786
1700710 783
1700720 779
1700730 779
1700740 775
1700750 771
1700760 771
1700770 767
1700780 763
1700790 763
1700800 758
1700810 753
1700820 753
1700830 748
1700840 744
1700850 744
1700860 738
1700870 733
1700880 726
1700890 726
1700900 720
1700910 714
1700920 714
1700930 708
1700940 703
1700950 703
1700960 699
1700970 695
1700980 695
1700990 692
1701000 688
1701010 688
1701020 685
1701030 680
1701040 680
1701050 676
1701060 671
1701070 671
1701080 665
1701090 660
1701100 660
1701110 654
1701120 648
1701130 644
1701140 644
1701150 640
1701160 636
1701170 636
1701180 634
1701190 632
1701200 632
1701210 628
1701220 625
1701230 625
1701240 623
1701250 621
1701260 621
1701270 619
1701280 615
1701290 615
1701300 613
1701310 610
1701320 610
1701330 608
1701340 606
1701350 606
1701360 604
1701370 601
1701380 600
1701390 600
1701400 597
1701410 595
1701420 595
1701430 593
1701440 591
1701450 591
1701460 589
1701470 586
1701480 586
1701490 584
1701500 582
1701510 582
1701520 579
1701530 577
1701540 577
1701550 576
1701560 574
1701570 574
1701580 572
1701590 569
1701600 569
1701610 569
1701620 567
1701630 565
1701640 565
1701650 564
1701660 562
1701670 562
1701680 558
1701690 555
1701700 555
1701710 552
1701720 549
1701730 549
1701740 546
1701750 543
1701760 543
1701770 540
1701780 538
1701790 538
1701800 536
1701810 531
1701820 531
1701830 525
1701840 518
1701850 518
1701860 507
1701870 506
1701880 503
1701890 503
1701900 504
1701910 507
1701920 507
1701930 508
1701940 510
1701950 510
1701960 511
1701970 513
1701980 513
1701990 514
1702000 518
1702010 518
1702020 522
1702030 527
1702040 527
1702050 531
1702060 535
1702070 535
1702080 538
1702090 541
1702100 541
1702110 545
1702120 548
1702130 550
1702140 550
1702150 552
1702160 554
1702170 554
1702180 556
1702190 559
1702200 559
1702210 562
1702220 566
1702230 566
1702240 572
1702250 578
1702260 578
1702270 585
1702280 593
1702290 593
1702300 601
1702310 607
1702320 607
1702330 611
1702340 619
1702350 619
1702360 627
1702370 634
1702380 641
1702390 641
1702400 648
1702410 655
1702420 655
1702430 662
1702440 669
1702450 669
1702460 675
1702470 682
1702480 682
1702490 688
1702500 693
1702510 693
1702520 699
1702530 704
1702540 704
1702550 709
1702560 713
1702570 713
1702580 717
1702590 720
1702600 720
1702610 722
1702620 719
1702630 717
1702640 717
1702650 714
1702660 710
1702670 710
1702680 705
1702690 699
1702700 699
1702710 692
1702720 685
1702730 685
1702740 679
1702750 671
1702760 671
1702770 663
1702780 656
1702790 656
1702800 650
1702810 644
1702820 644
1702830 638
1702840 632
1702850 632
1702860 627
1702870 630
1702880 632
1702890 632
1702900 631
1702910 627
1702920 627
1702930 622
1702940 617
1702950 617
1702960 614
1702970 610
1702980 610
1702990 605
1703000 602
1703010 602
1703020 597
1703030 594
1703040 594
1703050 590
1703060 584
1703070 584
1703080 580
1703090 578
1703100 578
1703110 574
1703120 571
1703130 567
1703140 567
1703150 568
1703160 567
1703170 567
1703180 565
1703190 566
1703200 566
1703210 566
1703220 567
1703230 567
1703240 569
1703250 569
1703260 569
1703270 572
1703280 574
1703290 574
1703300 576
1703310 577
1703320 577
1703330 578
1703340 579
1703350 579
1703360 580
1703370 582
1703380 583
1703390 583
1703400 580
1703410 574
1703420 574
1703430 566
1703440 563
1703450 563
1703460 569
1703470 573
1703480 573
1703490 576
1703500 581
1703510 581
1703520 587
1703530 592
1703540 592
1703550 597
1703560 601
1703570 601
1703580 605
1703590 607
1703600 607
1703610 610
1703620 613
1703630 616
1703640 616
1703650 617
1703660 617
1703670 617
1703680 613
1703690 607
1703700 607
1703710 601
1703720 594
1703730 594
1703740 587
1703750 580
1703760 580
1703770 574
1703780 566
1703790 566
1703800 561
1703810 564
1703820 564
1703830 567
1703840 568
1703850 568
1703860 568
1703870 567
1703880 565
1703890 565
1703900 561
1703910 558
1703920 558
1703930 556
1703940 554
1703950 554
1703960 550
1703970 544
1703980 544
1703990 539
1704000 536
1704010 536
1704020 531
1704030 525
1704040 525
1704050 519
1704060 515
1704070 515
1704080 510
1704090 504
1704100 504
1704110 500
1704120 498
1704130 495
1704140 495
1704150 491
1704160 490
1704170 490
1704180 493
1704190 497
1704200 497
1704210 501
1704220 505
1704230 505
1704240 509
1704250 513
1704260 513
1704270 515
1704280 515
1704290 515
1704300 514
1704310 512
1704320 512
1704330 511
1704340 510
1704350 510
1704360 516
1704370 524
1704380 530
1704390 530
1704400 538
1704410 545
1704420 545
1704430 549
1704440 550
1704450 550
1704460 552
1704470 553
1704480 553
1704490 554
1704500 554
1704510 554
1704520 554
1704530 554
1704540 554
1704550 554
1704560 555
1704570 555
1704580 555
1704590 555
1704600 555
1704610 556
1704620 555
1704630 554
1704640 554
1704650 553
1704660 552
1704670 552
1704680 551
1704690 550
1704700 550
1704710 550
1704720 550
1704730 550
1704740 549
1704750 549
1704760 549
1704770 549
1704780 549
1704790 549
1704800 549
1704810 548
1704820 548
1704830 549
1704840 549
1704850 549
1704860 548
1704870 549
1704880 549
1704890 549
1704900 547
1704910 543
1704920 543
1704930 541
1704940 540
1704950 540
1704960 539
1704970 539
1704980 539
1704990 539
1705000 538
1705010 538
1705020 537
1705030 536
1705040 536
1705050 533
1705060 530
1705070 530
1705080 527
1705090 520
1705100 520
1705110 511
1705120 503
1705130 495
1705140 495
1705150 489
1705160 481
1705170 481
1705180 478
1705190 483
1705200 483
1705210 483
1705220 488
1705230 488
1705240 494
1705250 502
1705260 502
1705270 507
1705280 505
1705290 505
1705300 500
1705310 496
1705320 496
1705330 491
1705340 486
1705350 486
1705360 481
1705370 475
1705380 471
1705390 471
1705400 465
1705410 461
1705420 461
1705430 458
1705440 453
1705450 453
1705460 448
1705470 444
1705480 444
1705490 441
1705500 438
1705510 438
1705520 434
1705530 430
1705540 430
1705550 428
1705560 425
1705570 425
1705580 422
1705590 421
1705600 421
1705610 419
1705620 418
1705630 418
1705640 418
1705650 418
1705660 417
1705670 417
1705680 417
1705690 416
1705700 416
1705710 410
1705720 408
1705730 408
1705740 407
1705750 407
1705760 407
1705770 407
1705780 407
1705790 407
1705800 407
1705810 407
1705820 407
1705830 407
1705840 407
1705850 407
1705860 407
1705870 407
1705880 407
1705890 407
1705900 407
1705910 408
1705920 408
1705930 409
1705940 409
1705950 409
1705960 409
1705970 410
1705980 410
1705990 408
1706000 407
1706010 407
1706020 407
1706030 406
1706040 406
1706050 406
1706060 406
1706070 406
1706080 406
1706090 406
1706100 406
1706110 407
1706120 406
1706130 406
1706140 406
1706150 406
1706160 407
1706170 407
1706180 406
1706190 406
1706200 406
1706210 406
1706220 406
1706230 406
1706240 406
1706250 406
1706260 406
1706270 406
1706280 406
1706290 406
1706300 406
1706310 406
1706320 406
1706330 406
1706340 406
1706350 406
1706360 406
1706370 406
1706380 406
1706390 406
1706400 406
1706410 406
1706420 406
1706430 406
1706440 406
1706450 406
1706460 406
1706470 406
1706480 406
1706490 406
1706500 406
1706510 406
1706520 407
1706530 407
1706540 407
1706550 407
1706560 406
1706570 406
1706580 407
1706590 406
1706600 406
1706610 406
1706620 406
1706630 406
1706640 406
1706650 406
1706660 406
1706670 406
1706680 406
1706690 406
1706700 406
1706710 406
1706720 406
1706730 406
1706740 406
1706750 406
1706760 406
1706770 406
1706780 406
1706790 406
1706800 405
1706810 405
1706820 405
1706830 405
1706840 405
1706850 405
1706860 405
1706870 405
1706880 405
1706890 405
1706900 405
1706910 405
1706920 405
1706930 405
1706940 405
1706950 405
1706960 405
1706970 405
1706980 405
1706990 405
1707000 405
1707010 405
1707020 406
1707030 406
1707040 406
1707050 405
1707060 405
1707070 405
1707080 405
1707090 405
1707100 405
1707110 405
1707120 405
1707130 405
1707140 405
1707150 405
1707160 405
1707170 405
1707180 402
1707190 402
1707200 402
1707210 402
1707220 402
1707230 402
1707240 402
1707250 402
1707260 402
1707270 403
1707280 404
1707290 404
1707300 404
1707310 406
1707320 406
1707330 407
1707340 405
1707350 405
1707360 404
1707370 404
1707380 404
1707390 404
1707400 404
1707410 404
1707420 404
1707430 403
1707440 404
1707450 404
1707460 404
1707470 404
1707480 404
1707490 404
1707500 404
1707510 404
1707520 409
1707530 409
1707540 409
1707550 404
1707560 405
1707570 405
1707580 405
1707590 405
1707600 405
1707610 405
1707620 405
1707630 409
1707640 409
1707650 414
1707660 414
1707670 414
1707680 414
1707690 414
1707700 414
1707710 414
1707720 415
1707730 415
1707740 415
1707750 415
1707760 415
1707770 415
1707780 415
1707790 415
1707800 416
1707810 417
1707820 417
1707830 418
1707840 419
1707850 419
1707860 421
1707870 430
1707880 441
1707890 441
1707900 448
1707910 453
1707920 453
1707930 460
1707940 465
1707950 465
1707960 471
1707970 476
1707980 476
1707990 478
1708000 480
1708010 480
1708020 483
1708030 488
1708040 488
1708050 493
1708060 499
1708070 499
1708080 504
1708090 509
1708100 509
1708110 514
1708120 518
1708130 523
1708140 523
1708150 528
1708160 533
1708170 533
1708180 536
1708190 539
1708200 539
1708210 541
1708220 543
1708230 543
1708240 544
1708250 544
1708260 544
1708270 543
1708280 541
1708290 541
1708300 538
1708310 534
1708320 534
1708330 530
1708340 528
1708350 528
1708360 528
1708370 528
1708380 526
1708390 526
1708400 528
1708410 530
1708420 530
1708430 534
1708440 536
1708450 536
1708460 535
1708470 534
1708480 534
1708490 532
1708500 528
1708510 528
1708520 524
1708530 519
1708540 519
1708550 514
1708560 508
1708570 508
1708580 504
1708590 498
1708600 498
1708610 494
1708620 487
1708630 484
1708640 484
1708650 481
1708660 479
1708670 479
1708680 476
1708690 474
1708700 474
1708710 475
1708720 476
1708730 476
1708740 479
1708750 486
1708760 486
1708770 488
1708780 482
1708790 482
1708800 478
1708810 475
1708820 475
1708830 473
1708840 475
1708850 475
1708860 477
1708870 477
1708880 478
1708890 478
1708900 484
1708910 489
1708920 489
1708930 490
1708940 490
1708950 490
1708960 487
1708970 484
1708980 484
1708990 481
1709000 483
1709010 483
1709020 483
1709030 484
1709040 484
1709050 485
1709060 486
1709070 486
1709080 489
1709090 492
1709100 492
1709110 494
1709120 495
1709130 497
1709140 497
1709150 498
1709160 497
1709170 497
1709180 501
1709190 504
1709200 504
1709210 506
1709220 507
1709230 507
1709240 511
1709250 512
1709260 512
1709270 516
1709280 519
1709290 519
1709300 522
1709310 525
1709320 525
1709330 526
1709340 528
1709350 528
1709360 529
1709370 531
1709380 533
1709390 533
1709400 536
1709410 539
1709420 539
1709430 542
1709440 544
1709450 544
1709460 546
1709470 549
1709480 549
1709490 552
1709500 553
1709510 553
1709520 555
1709530 557
1709540 557
1709550 557
1709560 558
1709570 558
1709580 560
1709590 562
1709600 562
1709610 564
1709620 567
1709630 570
1709640 570
1709650 573
1709660 576
1709670 576
1709680 579
1709690 581
1709700 581
1709710 584
1709720 586
1709730 586
1709740 587
1709750 585
1709760 585
1709770 587
1709780 589
1709790 589
1709800 591
1709810 593
1709820 593
1709830 595
1709840 596
1709850 596
1709860 599
1709870 602
1709880 606
1709890 606
1709900 610
1709910 617
1709920 617
1709930 624
1709940 630
1709950 630
1709960 638
1709970 644
1709980 644
1709990 649
1710000 655
1710010 655
1710020 662
1710030 669
1710040 669
1710050 676
1710060 680
1710070 680
1710080 686
1710090 693
1710100 693
1710110 699
1710120 706
1710130 711
1710140 711
1710150 714
1710160 720
1710170 720
1710180 725
1710190 730
1710200 730
1710210 738
1710220 743
1710230 743
1710240 747
1710250 751
1710260 751
1710270 754
1710280 756
1710290 756
1710300 757
1710310 759
1710320 759
1710330 759
1710340 760
1710350 760
1710360 761
1710370 762
1710380 764
1710390 764
1710400 765
1710410 767
1710420 767
1710430 769
1710440 770
1710450 770
1710460 772
1710470 774
1710480 774
1710490 776
1710500 778
1710510 778
1710520 780
1710530 782
1710540 782
1710550 785
1710560 787
1710570 787
1710580 789
1710590 792
1710600 792
1710610 794
1710620 796
1710630 798
1710640 798
1710650 799
1710660 800
1710670 800
1710680 801
1710690 801
1710700 801
1710710 801
1710720 802
1710730 802
1710740 802
1710750 801
1710760 801
1710770 801
1710780 800
1710790 800
1710800 798
1710810 796
1710820 796
1710830 794
1710840 791
1710850 791
1710860 788
1710870 785
1710880 782
1710890 782
1710900 779
1710910 775
1710920 775
1710930 772
1710940 769
1710950 769
1710960 766
1710970 763
1710980 763
1710990 761
1711000 759
1711010 759
1711020 757
1711030 755
1711040 755
1711050 753
1711060 751
1711070 751
1711080 749
1711090 748
1711100 748
1711110 746
1711120 744
1711130 742
1711140 742
1711150 738
1711160 734
1711170 734
1711180 731
1711190 730
1711200 730
1711210 730
1711220 730
1711230 730
1711240 731
1711250 733
1711260 733
1711270 735
1711280 737
1711290 737
1711300 739
1711310 741
1711320 741
1711330 743
1711340 745
1711350 745
1711360 747
1711370 748
1711380 749
1711390 749
1711400 750
1711410 750
1711420 750
1711430 750
1711440 750
1711450 750
1711460 749
1711470 748
1711480 748
1711490 746
1711500 744
1711510 744
1711520 742
1711530 741
1711540 741
1711550 739
1711560 737
1711570 737
1711580 734
1711590 731
1711600 731
1711610 728
1711620 723
1711630 718
1711640 718
1711650 716
1711660 715
1711670 715
1711680 713
1711690 709
1711700 709
1711710 707
1711720 707
1711730 707
1711740 707
1711750 707
1711760 707
1711770 707
1711780 707
1711790 707
1711800 706
1711810 706
1711820 706
1711830 706
1711840 706
1711850 706
1711860 707
1711870 708
1711880 709
1711890 709
1711900 710
1711910 711
1711920 711
1711930 711
1711940 712
1711950 712
1711960 713
1711970 713
1711980 713
1711990 714
1712000 714
1712010 714
1712020 714
1712030 715
1712040 715
1712050 715
1712060 715
1712070 715
1712080 715
1712090 716
1712100 716
1712110 716
1712120 716
1712130 716
1712140 716
1712150 715
1712160 715
1712170 715
1712180 715
1712190 715
1712200 715
1712210 715
1712220 715
1712230 715
1712240 715
1712250 715
1712260 715
1712270 715
1712280 715
1712290 715
1712300 715
1712310 715
1712320 715
1712330 715
1712340 715
1712350 715
1712360 715
1712370 714
1712380 714
1712390 714
1712400 714
1712410 713
1712420 713
1712430 713
1712440 712
1712450 712
1712460 711
1712470 710
1712480 710
1712490 709
1712500 707
1712510 707
1712520 708
1712530 707
1712540 707
1712550 705
1712560 704
1712570 704
1712580 706
1712590 708
1712600 708
1712610 712
1712620 717
1712630 721
1712640 721
1712650 725
1712660 729
1712670 729
1712680 732
1712690 735
1712700 735
1712710 738
1712720 741
1712730 741
1712740 744
1712750 747
1712760 747
1712770 749
1712780 752
1712790 752
1712800 755
1712810 758
1712820 758
1712830 762
1712840 765
1712850 765
1712860 768
1712870 770
1712880 772
1712890 772
1712900 774
1712910 777
1712920 777
1712930 780
1712940 781
1712950 781
1712960 784
1712970 786
1712980 786
1712990 789
1713000 790
1713010 790
1713020 792
1713030 793
1713040 793
1713050 794
1713060 794
1713070 794
1713080 794
1713090 796
1713100 796
1713110 799
1713120 800
1713130 801
1713140 801
1713150 802
1713160 802
1713170 802
1713180 803
1713190 802
1713200 802
1713210 800
1713220 800
1713230 800
1713240 803
1713250 805
1713260 805
1713270 805
1713280 806
1713290 806
1713300 806
1713310 805
1713320 805
1713330 804
1713340 803
1713350 803
1713360 797
1713370 794
1713380 795
1713390 795
1713400 796
1713410 795
1713420 795
1713430 794
1713440 793
1713450 793
1713460 791
1713470 788
1713480 788
1713490 785
1713500 782
1713510 782
1713520 779
1713530 776
1713540 776
1713550 775
1713560 776
1713570 776
1713580 777
1713590 777
1713600 777
1713610 778
1713620 777
1713630 774
1713640 774
1713650 768
1713660 761
1713670 761
1713680 757
1713690 755
1713700 755
1713710 755
1713720 756
1713730 756
1713740 757
1713750 758
1713760 758
1713770 759
1713780 760
1713790 760
1713800 762
1713810 763
1713820 763
1713830 765
1713840 766
1713850 766
1713860 768
1713870 770
1713880 771
1713890 771
1713900 772
1713910 772
1713920 772
1713930 772
1713940 772
1713950 772
1713960 771
1713970 770
1713980 770
1713990 768
1714000 767
1714010 767
1714020 765
1714030 763
1714040 763
1714050 760
1714060 759
1714070 759
1714080 757
1714090 756
1714100 756
1714110 754
1714120 753
1714130 751
1714140 751
1714150 748
1714160 745
1714170 745
1714180 743
1714190 744
1714200 744
1714210 745
1714220 747
1714230 747
1714240 747
1714250 745
1714260 745
1714270 744
1714280 740
1714290 740
1714300 734
1714310 728
1714320 728
1714330 723
1714340 716
1714350 716
1714360 710
1714370 704
1714380 698
1714390 698
1714400 697
1714410 696
1714420 696
1714430 699
1714440 703
1714450 703
1714460 708
1714470 709
1714480 709
1714490 712
1714500 715
1714510 715
1714520 718
1714530 720
1714540 720
1714550 723
1714560 725
1714570 725
1714580 728
1714590 730
1714600 730
1714610 732
1714620 734
1714630 736
1714640 736
1714650 738
1714660 741
1714670 741
1714680 742
1714690 744
1714700 744
1714710 745
1714720 746
1714730 746
1714740 747
1714750 748
1714760 748
1714770 749
1714780 751
1714790 751
1714800 752
1714810 753
1714820 753
1714830 754
1714840 756
1714850 756
1714860 757
1714870 758
1714880 758
1714890 758
1714900 759
1714910 760
1714920 760
1714930 760
1714940 762
1714950 762
1714960 762
1714970 763
1714980 763
1714990 764
1715000 764
1715010 764
1715020 764
1715030 764
1715040 764
1715050 765
1715060 765
1715070 765
1715080 766
1715090 766
1715100 766
1715110 766
1715120 767
1715130 767
1715140 767
1715150 768
1715160 769
1715170 769
1715180 769
1715190 770
1715200 770
1715210 771
1715220 771
1715230 771
1715240 772
1715250 772
1715260 772
1715270 773
1715280 773
1715290 773
1715300 774
1715310 775
1715320 775
1715330 775
1715340 776
1715350 776
1715360 777
1715370 778
1715380 779
1715390 779
1715400 781
1715410 782
1715420 782
1715430 783
1715440 784
1715450 784
1715460 784
1715470 785
1715480 785
1715490 787
1715500 788
1715510 788
1715520 790
1715530 791
1715540 791
1715550 792
1715560 794
1715570 794
1715580 795
1715590 796
1715600 796
1715610 798
1715620 800
1715630 802
1715640 802
1715650 805
1715660 808
1715670 808
1715680 811
1715690 815
1715700 816
1715710 822
1715720 824
1715730 824
1715740 826
1715750 833
1715760 833
1715770 835
1715780 836
1715790 836
1715800 836
1715810 836
1715820 836
1715830 836
1715840 836
1715850 836
1715860 836
1715870 835
1715880 835
1715890 835
1715900 835
1715910 835
1715920 835
1715930 835
1715940 835
1715950 835
1715960 835
1715970 835
1715980 835
1715990 834
1716000 834
1716010 834
1716020 834
1716030 833
1716040 833
1716050 833
1716060 833
1716070 833
1716080 833
1716090 833
1716100 833
1716110 834
1716120 834
1716130 834
1716140 834
1716150 833
1716160 832
1716170 832
1716180 830
1716190 829
1716200 829
1716210 827
1716220 826
1716230 826
1716240 825
1716250 825
1716260 825
1716270 824
1716280 823
1716290 823
1716300 823
1716310 822
1716320 822
1716330 822
1716340 821
1716350 821
1716360 821
1716370 821
1716380 820
1716390 820
1716400 820
1716410 820
1716420 820
1716430 819
1716440 819
1716450 819
1716460 819
1716470 819
1716480 819
1716490 820
1716500 821
1716510 821
1716520 822
1716530 823
1716540 823
1716550 824
1716560 825
1716570 825
1716580 826
1716590 827
1716600 827
1716610 827
1716620 828
1716630 829
1716640 829
1716650 830
1716660 831
1716670 831
1716680 832
1716690 833
1716700 833
1716710 834
1716720 835
1716730 835
1716740 836
1716750 838
1716760 838
1716770 839
1716780 840
1716790 840
1716800 842
1716810 843
1716820 843
1716830 845
1716840 846
1716850 847
1716860 847
1716870 847
1716880 847
1716890 847
1716900 848
1716910 850
1716920 850
1716930 851
1716940 852
1716950 852
1716960 852
1716970 853
1716980 853
1716990 854
1717000 855
1717010 855
1717020 857
1717030 859
1717040 859
1717050 859
1717060 860
1717070 860
1717080 862
1717090 865
1717100 867
1717110 867
1717120 868
1717130 870
1717140 870
1717150 872
1717160 874
1717170 874
1717180 875
1717190 877
1717200 877
1717210 879
1717220 880
1717230 880
1717240 882
1717250 884
1717260 884
1717270 886
1717280 887
1717290 887
1717300 889
1717310 890
1717320 890
1717330 892
1717340 894
1717350 895
1717360 895
1717370 897
1717380 899
1717390 899
1717400 901
1717410 902
1717420 902
1717430 903
1717440 904
1717450 904
1717460 905
1717470 906
1717480 906
1717490 907
1717500 908
1717510 908
1717520 909
1717530 910
1717540 910
1717550 912
1717560 912
1717570 912
1717580 914
1717590 914
1717600 916
1717610 916
1717620 916
1717630 917
1717640 917
1717650 918
1717660 919
1717670 919
1717680 920
1717690 920
1717700 920
1717710 921
1717720 922
1717730 922
1717740 923
1717750 924
1717760 924
1717770 926
1717780 927
1717790 927
1717800 927
1717810 928
1717820 928
1717830 929
1717840 930
1717850 931
1717860 931
1717870 933
1717880 934
1717890 934
1717900 935
1717910 936
1717920 936
1717930 936
1717940 937
1717950 937
1717960 938
1717970 939
1717980 939
1717990 940
1718000 941
1718010 941
1718020 942
1718030 942
1718040 942
1718050 943
1718060 944
1718070 944
1718080 944
1718090 945
1718100 944
1718110 944
1718120 945
1718130 946
1718140 946
1718150 948
1718160 949
1718170 949
1718180 950
1718190 951
1718200 951
1718210 952
1718220 953
1718230 953
1718240 955
1718250 956
1718260 956
1718270 957
1718280 958
1718290 958
1718300 961
1718310 964
1718320 964
1718330 966
1718340 968
1718350 971
1718360 971
1718370 973
1718380 975
1718390 975
1718400 977
1718410 976
1718420 976
1718430 977
1718440 979
1718450 979
1718460 979
1718470 980
1718480 980
1718490 980
1718500 980
1718510 980
1718520 981
1718530 982
1718540 982
1718550 983
1718560 983
1718570 983
1718580 984
1718590 984
1718600 984
1718610 984
1718620 984
1718630 984
1718640 984
1718650 983
1718660 983
1718670 983
1718680 982
1718690 982
1718700 982
1718710 982
1718720 981
1718730 981
1718740 980
1718750 980
1718760 980
1718770 979
1718780 978
1718790 978
1718800 977
1718810 976
1718820 976
1718830 975
1718840 973
1718850 971
1718860 971
1718870 969
1718880 968
1718890 968
1718900 966
1718910 964
1718920 964
1718930 963
1718940 962
1718950 962
1718960 960
1718970 959
1718980 959
1718990 957
1719000 955
1719010 955
1719020 953
1719030 951
1719040 951
1719050 950
1719060 949
1719070 949
1719080 947
1719090 946
1719100 945
1719110 945
1719120 944
1719130 944
1719140 944
1719150 943
1719160 943
1719170 943
1719180 942
1719190 941
1719200 941
1719210 940
1719220 938
1719230 938
1719240 937
1719250 935
1719260 935
1719270 934
1719280 933
1719290 933
1719300 930
1719310 929
1719320 929
1719330 927
1719340 925
1719350 924
1719360 924
1719370 923
1719380 922
1719390 922
1719400 922
1719410 921
1719420 921
1719430 920
1719440 918
1719450 918
1719460 917
1719470 915
1719480 915
1719490 914
1719500 912
1719510 912
1719520 910
1719530 909
1719540 909
1719550 908
1719560 907
1719570 907
1719580 906
1719590 905
1719600 904
1719610 904
1719620 903
1719630 901
1719640 901
1719650 900
1719660 898
1719670 898
1719680 896
1719690 894
1719700 894
1719710 891
1719720 889
1719730 889
1719740 887
1719750 886
1719760 886
1719770 884
1719780 882
1719790 882
1719800 881
1719810 879
1719820 879
1719830 876
1719840 873
1719850 869
1719860 869
1719870 866
1719880 862
1719890 862
1719900 858
1719910 856
1719920 856
1719930 854
1719940 853
1719950 853
1719960 852
1719970 850
1719980 850
1719990 849
