1700000 737
1700010 744
1700020 752
1700030 752
1700040 760
1700050 767
1700060 767
1700070 774
1700080 781
1700090 788
1700100 788
1700110 792
1700120 788
1700130 788
1700140 783
1700150 778
1700160 778
1700170 774
1700180 768
1700190 768
1700200 764
1700210 759
1700220 759
1700230 754
1700240 749
1700250 749
1700260 744
1700270 739
1700280 739
1700290 735
1700300 730
1700310 730
1700320 727
1700330 722
1700340 717
1700350 717
1700360 710
1700370 707
1700380 707
1700390 703
1700400 708
1700410 708
1700420 714
1700430 718
1700440 718
1700450 723
1700460 728
1700470 728
1700480 734
1700490 740
1700500 740
1700510 746
1700520 752
1700530 752
1700540 758
1700550 763
1700560 763
1700570 769
1700580 774
1700590 774
1700600 779
1700610 786
1700620 792
1700630 792
1700640 799
1700650 805
1700660 805
1700670 811
1700680 818
1700690 818
1700700 825
1700710 832
1700720 832
1700730 839
1700740 844
1700750 844
1700760 849
1700770 855
1700780 855
1700790 859
1700800 863
1700810 863
1700820 865
1700830 864
1700840 864
1700850 862
1700860 860
1700870 858
1700880 858
1700890 856
1700900 854
1700910 854
1700920 852
1700930 850
1700940 850
1700950 848
1700960 846
1700970 846
1700980 844
1700990 840
1701000 840
1701010 835
1701020 831
1701030 831
1701040 827
1701050 826
1701060 826
1701070 822
1701080 819
1701090 819
1701100 817
1701110 814
1701120 812
1701130 812
1701140 810
1701150 808
1701160 808
1701170 805
1701180 802
1701190 802
1701200 798
1701210 793
1701220 793
1701230 789
1701240 783
1701250 783
1701260 778
1701270 772
1701280 772
1701290 766
1701300 760
1701310 760
1701320 754
1701330 748
1701340 748
1701350 745
1701360 740
1701370 733
1701380 733
1701390 739
1701400 743
1701410 743
1701420 745
1701430 749
1701440 749
1701450 754
1701460 758
1701470 758
1701480 761
1701490 767
1701500 767
1701510 774
1701520 781
1701530 781
1701540 787
1701550 793
1701560 793
1701570 798
1701580 804
1701590 804
1701600 810
1701610 813
1701620 813
1701630 820
1701640 824
1701650 829
1701660 829
1701670 832
1701680 835
1701690 835
1701700 838
1701710 842
1701720 842
1701730 845
1701740 849
1701750 849
1701760 852
1701770 856
1701780 856
1701790 861
1701800 865
1701810 865
1701820 869
1701830 873
1701840 873
1701850 878
1701860 883
1701870 883
1701880 887
1701890 892
1701900 897
1701910 897
1701920 903
1701930 907
1701940 907
1701950 912
1701960 917
1701970 917
1701980 922
1701990 927
1702000 927
1702010 931
1702020 936
1702030 936
1702040 940
1702050 945
1702060 945
1702070 949
1702080 952
1702090 952
1702100 956
1702110 959
1702120 959
1702130 962
1702140 963
1702150 965
1702160 965
1702170 967
1702180 965
1702190 965
1702200 962
1702210 960
1702220 960
1702230 958
1702240 956
1702250 956
1702260 953
1702270 951
1702280 951
1702290 948
1702300 945
1702310 945
1702320 942
1702330 938
1702340 938
1702350 935
1702360 932
1702370 932
1702380 930
1702390 927
1702400 922
1702410 922
1702420 918
1702430 913
1702440 913
1702450 907
1702460 901
1702470 901
1702480 897
1702490 893
1702500 893
1702510 888
1702520 883
1702530 883
1702540 879
1702550 875
1702560 875
1702570 870
1702580 865
1702590 865
1702600 860
1702610 854
1702620 854
1702630 848
1702640 842
1702650 842
1702660 836
1702670 829
1702680 823
1702690 823
1702700 817
1702710 811
1702720 811
1702730 806
1702740 799
1702750 799
1702760 793
1702770 788
1702780 788
1702790 783
1702800 777
1702810 777
1702820 772
1702830 768
1702840 768
1702850 763
1702860 758
1702870 758
1702880 753
1702890 749
1702900 749
1702910 745
1702920 741
1702930 737
1702940 737
1702950 733
1702960 729
1702970 729
1702980 725
1702990 720
1703000 720
1703010 716
1703020 711
1703030 711
1703040 706
1703050 701
1703060 701
1703070 695
1703080 691
1703090 691
1703100 685
1703110 681
1703120 681
1703130 674
1703140 670
1703150 670
1703160 665
1703170 661
1703180 657
1703190 657
1703200 653
1703210 649
1703220 649
1703230 645
1703240 640
1703250 640
1703260 636
1703270 634
1703280 634
1703290 631
1703300 624
1703310 624
1703320 625
1703330 622
1703340 622
1703350 619
1703360 614
1703370 614
1703380 612
1703390 608
1703400 608
1703410 602
1703420 597
1703430 596
1703440 596
1703450 591
1703460 587
1703470 587
1703480 581
1703490 584
1703500 584
1703510 585
1703520 585
1703530 585
1703540 585
1703550 585
1703560 585
1703570 585
1703580 585
1703590 585
1703600 585
1703610 584
1703620 584
1703630 583
1703640 582
1703650 582
1703660 581
1703670 579
1703680 579
1703690 578
1703700 576
1703710 573
1703720 573
1703730 570
1703740 567
1703750 567
1703760 564
1703770 561
1703780 561
1703790 557
1703800 553
1703810 553
1703820 549
1703830 547
1703840 547
1703850 543
1703860 538
1703870 538
1703880 535
1703890 531
1703900 531
1703910 528
1703920 526
1703930 526
1703940 525
1703950 525
1703960 524
1703970 524
1703980 523
1703990 521
1704000 521
1704010 518
1704020 514
1704030 514
1704040 511
1704050 508
1704060 508
1704070 504
1704080 499
1704090 499
1704100 495
1704110 488
1704120 488
1704130 484
1704140 481
1704150 481
1704160 477
1704170 473
1704180 473
1704190 469
1704200 465
1704210 460
1704220 460
1704230 454
1704240 449
1704250 449
1704260 444
1704270 440
1704280 440
1704290 436
1704300 434
1704310 434
1704320 432
1704330 431
1704340 431
1704350 430
1704360 430
1704370 430
1704380 430
1704390 429
1704400 429
1704410 429
1704420 429
1704430 429
1704440 429
1704450 429
1704460 429
1704470 429
1704480 429
1704490 429
1704500 429
1704510 429
1704520 429
1704530 429
1704540 429
1704550 429
1704560 429
1704570 429
1704580 429
1704590 429
1704600 429
1704610 429
1704620 429
1704630 429
1704640 429
1704650 429
1704660 429
1704670 428
1704680 428
1704690 429
1704700 426
1704710 426
1704720 422
1704730 421
1704740 420
1704750 420
1704760 419
1704770 419
1704780 419
1704790 418
1704800 419
1704810 419
1704820 418
1704830 418
1704840 418
1704850 420
1704860 418
1704870 418
1704880 418
1704890 418
1704900 418
1704910 418
1704920 418
1704930 418
1704940 418
1704950 418
1704960 418
1704970 418
1704980 419
1704990 420
1705000 420
1705010 417
1705020 417
1705030 417
1705040 417
1705050 417
1705060 417
1705070 417
1705080 417
1705090 417
1705100 417
1705110 417
1705120 417
1705130 418
1705140 418
1705150 418
1705160 418
1705170 418
1705180 418
1705190 418
1705200 419
1705210 419
1705220 419
1705230 420
1705240 420
1705250 420
1705260 420
1705270 421
1705280 421
1705290 421
1705300 421
1705310 421
1705320 421
1705330 421
1705340 421
1705350 422
1705360 422
1705370 422
1705380 422
1705390 422
1705400 422
1705410 427
1705420 425
1705430 425
1705440 424
1705450 424
1705460 424
1705470 425
1705480 426
1705490 426
1705500 426
1705510 426
1705520 426
1705530 426
1705540 425
1705550 427
1705560 427
1705570 427
1705580 427
1705590 427
1705600 428
1705610 428
1705620 428
1705630 428
1705640 429
1705650 429
1705660 429
1705670 432
1705680 432
1705690 433
1705700 434
1705710 434
1705720 435
1705730 436
1705740 436
1705750 435
1705760 436
1705770 436
1705780 436
1705790 437
1705800 437
1705810 437
1705820 437
1705830 437
1705840 437
1705850 438
1705860 439
1705870 439
1705880 443
1705890 443
1705900 443
1705910 442
1705920 446
1705930 446
1705940 449
1705950 451
1705960 451
1705970 453
1705980 452
1705990 452
1706000 450
1706010 448
1706020 447
1706030 447
1706040 449
1706050 450
1706060 450
1706070 450
1706080 448
1706090 448
1706100 448
1706110 451
1706120 451
1706130 452
1706140 453
1706150 453
1706160 454
1706170 454
1706180 454
1706190 455
1706200 455
1706210 455
1706220 456
1706230 456
1706240 456
1706250 456
1706260 457
1706270 460
1706280 460
1706290 461
1706300 462
1706310 462
1706320 463
1706330 461
1706340 461
1706350 459
1706360 456
1706370 456
1706380 453
1706390 453
1706400 453
1706410 453
1706420 453
1706430 453
1706440 454
1706450 457
1706460 457
1706470 459
1706480 461
1706490 461
1706500 463
1706510 466
1706520 469
1706530 469
1706540 471
1706550 472
1706560 472
1706570 473
1706580 475
1706590 475
1706600 476
1706610 476
1706620 476
1706630 476
1706640 474
1706650 474
1706660 473
1706670 474
1706680 474
1706690 477
1706700 477
1706710 477
1706720 480
1706730 480
1706740 480
1706750 481
1706760 481
1706770 482
1706780 483
1706790 483
1706800 481
1706810 481
1706820 480
1706830 478
1706840 478
1706850 477
1706860 475
1706870 475
1706880 473
1706890 473
1706900 473
1706910 474
1706920 476
1706930 476
1706940 478
1706950 481
1706960 481
1706970 485
1706980 486
1706990 486
1707000 489
1707010 490
1707020 490
1707030 491
1707040 489
1707050 487
1707060 487
1707070 488
1707080 492
1707090 492
1707100 496
1707110 499
1707120 499
1707130 501
1707140 503
1707150 503
1707160 506
1707170 509
1707180 509
1707190 510
1707200 512
1707210 512
1707220 514
1707230 515
1707240 515
1707250 517
1707260 518
1707270 518
1707280 520
1707290 522
1707300 524
1707310 524
1707320 525
1707330 527
1707340 527
1707350 528
1707360 530
1707370 530
1707380 532
1707390 534
1707400 534
1707410 535
1707420 537
1707430 537
1707440 538
1707450 540
1707460 540
1707470 541
1707480 542
1707490 542
1707500 543
1707510 544
1707520 544
1707530 544
1707540 545
1707550 546
1707560 546
1707570 546
1707580 547
1707590 547
1707600 548
1707610 547
1707620 547
1707630 543
1707640 545
1707650 545
1707660 548
1707670 555
1707680 555
1707690 556
1707700 561
1707710 561
1707720 565
1707730 572
1707740 572
1707750 574
1707760 576
1707770 576
1707780 578
1707790 580
1707800 580
1707810 582
1707820 585
1707830 588
1707840 588
1707850 589
1707860 591
1707870 591
1707880 592
1707890 593
1707900 593
1707910 592
1707920 590
1707930 590
1707940 586
1707950 579
1707960 579
1707970 577
1707980 568
1707990 568
1708000 562
1708010 558
1708020 558
1708030 558
1708040 562
1708050 562
1708060 571
1708070 579
1708080 585
1708090 585
1708100 592
1708110 597
1708120 597
1708130 601
1708140 604
1708150 604
1708160 608
1708170 610
1708180 610
1708190 612
1708200 614
1708210 614
1708220 617
1708230 620
1708240 620
1708250 622
1708260 623
1708270 623
1708280 625
1708290 627
1708300 627
1708310 629
1708320 633
1708330 639
1708340 639
1708350 644
1708360 649
1708370 649
1708380 651
1708390 654
1708400 654
1708410 655
1708420 657
1708430 657
1708440 659
1708450 660
1708460 660
1708470 662
1708480 663
1708490 663
1708500 667
1708510 669
1708520 669
1708530 673
1708540 674
1708550 674
1708560 678
1708570 682
1708580 682
1708590 682
1708600 683
1708610 686
1708620 686
1708630 688
1708640 690
1708650 690
1708660 692
1708670 695
1708680 695
1708690 698
1708700 700
1708710 700
1708720 702
1708730 705
1708740 705
1708750 707
1708760 708
1708770 708
1708780 710
1708790 714
1708800 714
1708810 718
1708820 723
1708830 723
1708840 726
1708850 730
1708860 733
1708870 733
1708880 737
1708890 740
1708900 740
1708910 743
1708920 745
1708930 745
1708940 748
1708950 751
1708960 751
1708970 754
1708980 757
1708990 757
1709000 761
1709010 765
1709020 765
1709030 768
1709040 773
1709050 773
1709060 774
1709070 777
1709080 777
1709090 778
1709100 780
1709110 783
1709120 783
1709130 785
1709140 787
1709150 787
1709160 788
1709170 789
1709180 789
1709190 793
1709200 795
1709210 795
1709220 798
1709230 800
1709240 800
1709250 802
1709260 804
1709270 804
1709280 805
1709290 807
1709300 807
1709310 811
1709320 815
1709330 815
1709340 821
1709350 824
1709360 825
1709370 825
1709380 826
1709390 827
1709400 827
1709410 830
1709420 833
1709430 833
1709440 836
1709450 841
1709460 841
1709470 843
1709480 845
1709490 845
1709500 846
1709510 848
1709520 848
1709530 850
1709540 852
1709550 852
1709560 855
1709570 860
1709580 860
1709590 864
1709600 867
1709610 871
1709620 871
1709630 876
1709640 881
1709650 881
1709660 885
1709670 887
1709680 887
1709690 888
1709700 888
1709710 888
1709720 888
1709730 889
1709740 889
1709750 889
1709760 890
1709770 890
1709780 890
1709790 892
1709800 892
1709810 895
1709820 897
1709830 897
1709840 900
1709850 903
1709860 903
1709870 905
1709880 909
1709890 911
1709900 911
1709910 914
1709920 917
1709930 917
1709940 921
1709950 926
1709960 926
1709970 930
1709980 934
1709990 934
1710000 937
1710010 940
1710020 940
1710030 943
1710040 946
1710050 946
1710060 950
1710070 953
1710080 954
1710090 957
1710100 962
1710110 962
1710120 966
1710130 972
1710140 980
1710150 980
1710160 984
1710170 987
1710180 987
1710190 990
1710200 996
1710210 996
1710220 1002
1710230 1008
1710240 1008
1710250 1015
1710260 1020
1710270 1020
1710280 1026
1710290 1033
1710300 1033
1710310 1039
1710320 1045
1710330 1045
1710340 1053
1710350 1061
1710360 1061
1710370 1068
1710380 1074
1710390 1081
1710400 1081
1710410 1086
1710420 1094
1710430 1094
1710440 1101
1710450 1108
1710460 1108
1710470 1115
1710480 1122
1710490 1122
1710500 1128
1710510 1134
1710520 1134
1710530 1141
1710540 1147
1710550 1147
1710560 1153
1710570 1158
1710580 1158
1710590 1155
1710600 1158
1710610 1158
1710620 1161
1710630 1166
1710640 1169
1710650 1169
1710660 1172
1710670 1172
1710680 1172
1710690 1170
1710700 1166
1710710 1166
1710720 1166
1710730 1165
1710740 1165
1710750 1166
1710760 1164
1710770 1164
1710780 1162
1710790 1162
1710800 1162
1710810 1167
1710820 1171
1710830 1171
1710840 1170
1710850 1168
1710860 1168
1710870 1165
1710880 1164
1710890 1164
1710900 1163
1710910 1161
1710920 1157
1710930 1157
1710940 1157
1710950 1156
1710960 1156
1710970 1152
1710980 1149
1710990 1149
1711000 1147
1711010 1144
1711020 1144
1711030 1141
1711040 1138
1711050 1138
1711060 1135
1711070 1132
1711080 1132
1711090 1128
1711100 1125
1711110 1125
1711120 1121
1711130 1118
1711140 1118
1711150 1114
1711160 1109
1711170 1104
1711180 1104
1711190 1099
1711200 1093
1711210 1093
1711220 1087
1711230 1085
1711240 1085
1711250 1084
1711260 1076
1711270 1076
1711280 1068
1711290 1060
1711300 1060
1711310 1054
1711320 1052
1711330 1052
1711340 1051
1711350 1050
1711360 1050
1711370 1047
1711380 1046
1711390 1046
1711400 1041
1711410 1036
1711420 1034
1711430 1034
1711440 1031
1711450 1032
1711460 1032
1711470 1030
1711480 1027
1711490 1027
1711500 1024
1711510 1024
1711520 1024
1711530 1022
1711540 1022
1711550 1022
1711560 1021
1711570 1021
1711580 1021
1711590 1020
1711600 1017
1711610 1017
1711620 1017
1711630 1017
1711640 1017
1711650 1015
1711660 1014
1711670 1014
1711680 1014
1711690 1014
1711700 1012
1711710 1012
1711720 1010
1711730 1008
1711740 1008
1711750 1005
1711760 1003
1711770 1003
1711780 1001
1711790 1000
1711800 1000
1711810 998
1711820 982
1711830 982
1711840 974
1711850 966
1711860 966
1711870 960
1711880 957
1711890 957
1711900 960
1711910 958
1711920 958
1711930 957
1711940 957
1711950 961
1711960 961
1711970 965
1711980 969
1711990 969
1712000 974
1712010 976
1712020 976
1712030 981
1712040 983
1712050 983
1712060 984
1712070 984
1712080 984
1712090 982
1712100 980
1712110 980
1712120 977
1712130 975
1712140 975
1712150 972
1712160 970
1712170 970
1712180 969
1712190 966
1712200 964
1712210 964
1712220 957
1712230 953
1712240 953
1712250 949
1712260 943
1712270 943
1712280 938
1712290 934
1712300 934
1712310 930
1712320 926
1712330 926
1712340 920
1712350 916
1712360 916
1712370 909
1712380 902
1712390 902
1712400 894
1712410 885
1712420 885
1712430 878
1712440 872
1712450 869
1712460 869
1712470 867
1712480 865
1712490 865
1712500 864
1712510 863
1712520 863
1712530 862
1712540 862
1712550 862
1712560 861
1712570 862
1712580 862
1712590 862
1712600 862
1712610 862
1712620 861
1712630 861
1712640 861
1712650 860
1712660 858
1712670 858
1712680 854
1712690 850
1712700 849
1712710 849
1712720 848
1712730 844
1712740 844
1712750 841
1712760 839
1712770 839
1712780 836
1712790 830
1712800 830
1712810 817
1712820 810
1712830 810
1712840 806
1712850 812
1712860 812
1712870 817
1712880 815
1712890 815
1712900 815
1712910 817
1712920 817
1712930 817
1712940 818
1712950 818
1712960 818
1712970 818
1712980 819
1712990 819
1713000 819
1713010 819
1713020 819
1713030 819
1713040 820
1713050 820
1713060 819
1713070 817
1713080 817
1713090 812
1713100 808
1713110 808
1713120 809
1713130 807
1713140 807
1713150 811
1713160 815
1713170 815
1713180 820
1713190 824
1713200 824
1713210 827
1713220 828
1713230 828
1713240 828
1713250 828
1713260 827
1713270 827
1713280 826
1713290 826
1713300 826
1713310 827
1713320 827
1713330 827
1713340 828
1713350 829
1713360 829
1713370 830
1713380 831
1713390 831
1713400 833
1713410 834
1713420 834
1713430 835
1713440 836
1713450 836
1713460 836
1713470 836
1713480 836
1713490 836
1713500 835
1713510 833
1713520 833
1713530 831
1713540 829
1713550 829
1713560 827
1713570 824
1713580 824
1713590 820
1713600 817
1713610 817
1713620 813
1713630 806
1713640 806
1713650 799
1713660 792
1713670 792
1713680 785
1713690 779
1713700 779
1713710 772
1713720 765
1713730 759
1713740 759
1713750 754
1713760 749
1713770 749
1713780 747
1713790 744
1713800 744
1713810 742
1713820 740
1713830 740
1713840 738
1713850 736
1713860 736
1713870 735
1713880 731
1713890 731
1713900 726
1713910 721
1713920 721
1713930 714
1713940 711
1713950 711
1713960 705
1713970 699
1713980 699
1713990 698
1714000 709
1714010 713
1714020 713
1714030 719
1714040 724
1714050 724
1714060 729
1714070 733
1714080 733
1714090 737
1714100 740
1714110 740
1714120 743
1714130 745
1714140 745
1714150 747
1714160 750
1714170 750
1714180 753
1714190 757
1714200 757
1714210 761
1714220 764
1714230 764
1714240 767
1714250 770
1714260 772
1714270 772
1714280 775
1714290 776
1714300 776
1714310 778
1714320 778
1714330 778
1714340 778
1714350 778
1714360 778
1714370 779
1714380 779
1714390 779
1714400 780
1714410 781
1714420 781
1714430 782
1714440 784
1714450 784
1714460 784
1714470 786
1714480 786
1714490 787
1714500 788
1714510 790
1714520 790
1714530 792
1714540 795
1714550 795
1714560 797
1714570 800
1714580 800
1714590 802
1714600 804
1714610 804
1714620 806
1714630 808
1714640 808
1714650 810
1714660 811
1714670 811
1714680 813
1714690 814
1714700 814
1714710 815
1714720 817
1714730 817
1714740 818
1714750 820
1714760 821
1714770 821
1714780 822
1714790 822
1714800 822
1714810 821
1714820 821
1714830 821
1714840 816
1714850 813
1714860 813
1714870 812
1714880 809
1714890 809
1714900 807
1714910 804
1714920 804
1714930 801
1714940 799
1714950 799
1714960 796
1714970 794
1714980 794
1714990 790
1715000 787
1715010 787
1715020 785
1715030 782
1715040 779
1715050 779
1715060 774
1715070 777
1715080 777
1715090 784
1715100 790
1715110 790
1715120 794
1715130 799
1715140 799
1715150 803
1715160 809
1715170 809
1715180 815
1715190 821
1715200 821
1715210 828
1715220 834
1715230 834
1715240 839
1715250 844
1715260 844
1715270 848
1715280 854
1715290 858
1715300 858
1715310 862
1715320 867
1715330 867
1715340 873
1715350 879
1715360 879
1715370 882
1715380 886
1715390 886
1715400 890
1715410 894
1715420 894
1715430 898
1715440 901
1715450 901
1715460 906
1715470 911
1715480 911
1715490 914
1715500 917
1715510 917
1715520 920
1715530 922
1715540 925
1715550 925
1715560 927
1715570 929
1715580 929
1715590 930
1715600 932
1715610 932
1715620 933
1715630 935
1715640 935
1715650 936
1715660 937
1715670 937
1715680 938
1715690 939
1715700 939
1715710 940
1715720 941
1715730 941
1715740 942
1715750 942
1715760 942
1715770 943
1715780 944
1715790 945
1715800 945
1715810 946
1715820 947
1715830 947
1715840 948
1715850 949
1715860 949
1715870 949
1715880 949
1715890 949
1715900 949
1715910 949
1715920 949
1715930 948
1715940 947
1715950 947
1715960 945
1715970 943
1715980 943
1715990 941
1716000 938
1716010 938
1716020 935
1716030 935
1716040 935
1716050 933
1716060 932
1716070 930
1716080 930
1716090 929
1716100 929
1716110 929
1716120 928
1716130 927
1716140 927
1716150 925
1716160 924
1716170 924
1716180 924
1716190 923
1716200 923
1716210 923
1716220 923
1716230 923
1716240 919
1716250 916
1716260 916
1716270 914
1716280 912
1716290 912
1716300 911
1716310 911
1716320 909
1716330 909
1716340 907
1716350 905
1716360 905
1716370 902
1716380 899
1716390 899
1716400 896
1716410 892
1716420 892
1716430 889
1716440 886
1716450 886
1716460 885
1716470 884
1716480 884
1716490 883
1716500 882
1716510 882
1716520 882
1716530 880
1716540 880
1716550 880
1716560 879
1716570 878
1716580 878
1716590 877
1716600 877
1716610 877
1716620 876
1716630 874
1716640 874
1716650 874
1716660 874
1716670 874
1716680 874
1716690 874
1716700 874
1716710 875
1716720 876
1716730 876
1716740 878
1716750 879
1716760 879
1716770 880
1716780 880
1716790 880
1716800 880
1716810 879
1716820 878
1716830 878
1716840 876
1716850 873
1716860 873
1716870 869
1716880 867
1716890 867
1716900 864
1716910 862
1716920 862
1716930 860
1716940 858
1716950 858
1716960 856
1716970 854
1716980 854
1716990 852
1717000 851
1717010 851
1717020 847
1717030 844
1717040 844
1717050 843
1717060 841
1717070 841
1717080 838
1717090 835
1717100 834
1717110 834
1717120 833
1717130 833
1717140 833
1717150 833
1717160 834
1717170 834
1717180 833
1717190 828
1717200 828
1717210 827
1717220 825
1717230 825
1717240 823
1717250 823
1717260 823
1717270 823
1717280 822
1717290 822
1717300 821
1717310 820
1717320 820
1717330 817
1717340 815
1717350 815
1717360 815
1717370 815
1717380 815
1717390 815
1717400 816
1717410 815
1717420 815
1717430 815
1717440 815
1717450 815
1717460 816
1717470 817
1717480 817
1717490 817
1717500 816
1717510 816
1717520 816
1717530 816
1717540 816
1717550 816
1717560 815
1717570 815
1717580 815
1717590 814
1717600 812
1717610 812
1717620 811
1717630 808
1717640 808
1717650 805
1717660 802
1717670 802
1717680 799
1717690 796
1717700 796
1717710 792
1717720 790
1717730 790
1717740 789
1717750 785
1717760 785
1717770 781
1717780 777
1717790 777
1717800 773
1717810 770
1717820 770
1717830 766
1717840 765
1717850 762
1717860 762
1717870 760
1717880 758
1717890 758
1717900 756
1717910 755
1717920 755
1717930 755
1717940 753
1717950 753
1717960 752
1717970 752
1717980 752
1717990 751
1718000 751
1718010 751
1718020 751
1718030 752
1718040 752
1718050 753
1718060 753
1718070 753
1718080 754
1718090 754
1718100 754
1718110 755
1718120 756
1718130 756
1718140 756
1718150 756
1718160 756
1718170 756
1718180 755
1718190 755
1718200 755
1718210 755
1718220 756
1718230 756
1718240 756
1718250 757
1718260 757
1718270 757
1718280 758
1718290 758
1718300 758
1718310 759
1718320 759
1718330 761
1718340 762
1718350 762
1718360 763
1718370 761
1718380 760
1718390 760
1718400 759
1718410 756
1718420 756
1718430 754
1718440 752
1718450 752
1718460 749
1718470 747
1718480 747
1718490 745
1718500 742
1718510 742
1718520 740
1718530 738
1718540 738
1718550 736
1718560 734
1718570 734
1718580 732
1718590 730
1718600 730
1718610 727
1718620 724
1718630 721
1718640 721
1718650 718
1718660 716
1718670 716
1718680 714
1718690 714
1718700 714
1718710 713
1718720 713
1718730 713
1718740 712
1718750 712
1718760 712
1718770 711
1718780 710
1718790 710
1718800 710
1718810 710
1718820 710
1718830 710
1718840 709
1718850 709
1718860 709
1718870 708
1718880 707
1718890 707
1718900 707
1718910 707
1718920 707
1718930 707
1718940 708
1718950 708
1718960 708
1718970 708
1718980 708
1718990 707
1719000 707
1719010 707
1719020 707
1719030 707
1719040 707
1719050 707
1719060 707
1719070 707
1719080 707
1719090 707
1719100 707
1719110 706
1719120 705
1719130 705
1719140 705
1719150 704
1719160 705
1719170 705
1719180 705
1719190 704
1719200 704
1719210 705
1719220 705
1719230 705
1719240 705
1719250 705
1719260 705
1719270 705
1719280 705
1719290 705
1719300 706
1719310 705
1719320 705
1719330 704
1719340 704
1719350 704
1719360 703
1719370 702
1719380 702
1719390 702
1719400 700
1719410 700
1719420 700
1719430 699
1719440 697
1719450 697
1719460 696
1719470 695
1719480 695
1719490 694
1719500 692
1719510 692
1719520 692
1719530 691
1719540 691
1719550 691
1719560 691
1719570 691
1719580 689
1719590 689
1719600 689
1719610 688
1719620 688
1719630 688
1719640 689
1719650 688
1719660 688
1719670 688
1719680 688
1719690 688
1719700 688
1719710 686
1719720 687
1719730 687
1719740 693
1719750 697
1719760 697
1719770 698
1719780 699
1719790 699
1719800 701
1719810 702
1719820 702
1719830 703
1719840 704
1719850 704
1719860 706
1719870 707
1719880 707
1719890 708
1719900 709
1719910 713
1719920 713
1719930 716
1719940 718
1719950 718
1719960 720
1719970 720
1719980 720
1719990 721
