1760000 781
1760010 776
1760020 772
1760030 772
1760040 768
1760050 763
1760060 763
1760070 760
1760080 758
1760090 758
1760100 757
1760110 755
1760120 755
1760130 753
1760140 751
1760150 751
1760160 749
1760170 747
1760180 744
1760190 744
1760200 742
1760210 740
1760220 740
1760230 738
1760240 736
1760250 736
1760260 733
1760270 731
1760280 731
1760290 728
1760300 725
1760310 725
1760320 723
1760330 721
1760340 721
1760350 720
1760360 718
1760370 718
1760380 716
1760390 714
1760400 714
1760410 712
1760420 710
1760430 707
1760440 707
1760450 706
1760460 703
1760470 703
1760480 701
1760490 697
1760500 697
1760510 696
1760520 694
1760530 694
1760540 693
1760550 692
1760560 692
1760570 692
1760580 689
1760590 689
1760600 686
1760610 684
1760620 684
1760630 682
1760640 680
1760650 680
1760660 678
1760670 676
1760680 676
1760690 675
1760700 673
1760710 671
1760720 671
1760730 669
1760740 667
1760750 667
1760760 666
1760770 665
1760780 665
1760790 663
1760800 662
1760810 662
1760820 660
1760830 659
1760840 659
1760850 658
1760860 657
1760870 657
1760880 656
1760890 654
1760900 654
1760910 652
1760920 650
1760930 650
1760940 648
1760950 647
1760960 645
1760970 645
1760980 644
1760990 643
1761000 643
1761010 643
1761020 642
1761030 642
1761040 641
1761050 640
1761060 640
1761070 639
1761080 638
1761090 638
1761100 637
1761110 636
1761120 636
1761130 635
1761140 633
1761150 633
1761160 632
1761170 627
1761180 627
1761190 625
1761200 624
1761210 621
1761220 621
1761230 619
1761240 617
1761250 617
1761260 614
1761270 611
1761280 611
1761290 609
1761300 607
1761310 607
1761320 605
1761330 603
1761340 603
1761350 601
1761360 599
1761370 599
1761380 596
1761390 592
1761400 592
1761410 587
1761420 584
1761430 584
1761440 583
1761450 583
1761460 583
1761470 581
1761480 580
1761490 578
1761500 578
1761510 581
1761520 585
1761530 585
1761540 586
1761550 585
1761560 585
1761570 585
1761580 584
1761590 584
1761600 583
1761610 582
1761620 582
1761630 580
1761640 580
1761650 580
1761660 579
1761670 578
1761680 578
1761690 577
1761700 576
1761710 576
1761720 576
1761730 575
1761740 573
1761750 573
1761760 572
1761770 570
1761780 570
1761790 568
1761800 566
1761810 566
1761820 564
1761830 562
1761840 562
1761850 560
1761860 558
1761870 558
1761880 554
1761890 553
1761900 553
1761910 552
1761920 552
1761930 552
1761940 552
1761950 552
1761960 552
1761970 551
1761980 549
1761990 547
1762000 547
1762010 545
1762020 543
1762030 543
1762040 539
1762050 534
1762060 534
1762070 529
1762080 525
1762090 525
1762100 522
1762110 520
1762120 520
1762130 524
1762140 526
1762150 526
1762160 527
1762170 529
1762180 529
1762190 531
1762200 533
1762210 533
1762220 533
1762230 533
1762240 533
1762250 531
1762260 529
1762270 527
1762280 527
1762290 526
1762300 525
1762310 525
1762320 524
1762330 522
1762340 522
1762350 522
1762360 522
1762370 522
1762380 522
1762390 522
1762400 522
1762410 522
1762420 522
1762430 522
1762440 522
1762450 522
1762460 522
1762470 520
1762480 518
1762490 518
1762500 516
1762510 514
1762520 512
1762530 512
1762540 510
1762550 507
1762560 507
1762570 505
1762580 509
1762590 509
1762600 510
1762610 510
1762620 510
1762630 512
1762640 513
1762650 513
1762660 513
1762670 514
1762680 514
1762690 514
1762700 514
1762710 514
1762720 512
1762730 508
1762740 508
1762750 504
1762760 501
1762770 498
1762780 498
1762790 496
1762800 492
1762810 492
1762820 491
1762830 494
1762840 494
1762850 493
1762860 493
1762870 493
1762880 492
1762890 491
1762900 491
1762910 490
1762920 489
1762930 489
1762940 488
1762950 487
1762960 487
1762970 486
1762980 485
1762990 485
1763000 485
1763010 485
1763020 485
1763030 484
1763040 484
1763050 484
1763060 484
1763070 483
1763080 483
1763090 483
1763100 482
1763110 481
1763120 481
1763130 480
1763140 476
1763150 476
1763160 472
1763170 475
1763180 475
1763190 477
1763200 477
1763210 477
1763220 479
1763230 482
1763240 482
1763250 483
1763260 483
1763270 483
1763280 484
1763290 484
1763300 484
1763310 484
1763320 484
1763330 484
1763340 484
1763350 484
1763360 483
1763370 483
1763380 483
1763390 483
1763400 483
1763410 483
1763420 479
1763430 479
1763440 478
1763450 483
1763460 483
1763470 483
1763480 483
1763490 483
1763500 483
1763510 483
1763520 483
1763530 483
1763540 482
1763550 482
1763560 482
1763570 480
1763580 478
1763590 478
1763600 482
1763610 482
1763620 482
1763630 481
1763640 480
1763650 480
1763660 479
1763670 477
1763680 477
1763690 478
1763700 478
1763710 478
1763720 477
1763730 475
1763740 475
1763750 475
1763760 474
1763770 474
1763780 473
1763790 472
1763800 472
1763810 471
1763820 470
1763830 469
1763840 469
1763850 467
1763860 466
1763870 466
1763880 465
1763890 464
1763900 464
1763910 462
1763920 460
1763930 460
1763940 458
1763950 457
1763960 457
1763970 455
1763980 453
1763990 453
1764000 449
1764010 445
1764020 445
1764030 442
1764040 440
1764050 440
1764060 438
1764070 439
1764080 438
1764090 438
1764100 437
1764110 436
1764120 436
1764130 435
1764140 434
1764150 434
1764160 433
1764170 432
1764180 432
1764190 431
1764200 431
1764210 431
1764220 430
1764230 430
1764240 430
1764250 430
1764260 429
1764270 429
1764280 427
1764290 426
1764300 426
1764310 425
1764320 423
1764330 422
1764340 422
1764350 421
1764360 420
1764370 420
1764380 420
1764390 420
1764400 420
1764410 420
1764420 418
1764430 418
1764440 419
1764450 419
1764460 419
1764470 417
1764480 418
1764490 418
1764500 418
1764510 417
1764520 417
1764530 418
1764540 423
1764550 423
1764560 424
1764570 424
1764580 424
1764590 424
1764600 424
1764610 424
1764620 426
1764630 425
1764640 425
1764650 425
1764660 427
1764670 428
1764680 428
1764690 430
1764700 431
1764710 431
1764720 432
1764730 434
1764740 434
1764750 436
1764760 437
1764770 437
1764780 437
1764790 439
1764800 439
1764810 442
1764820 442
1764830 442
1764840 442
1764850 442
1764860 445
1764870 445
1764880 446
1764890 446
1764900 446
1764910 446
1764920 445
1764930 445
1764940 445
1764950 444
1764960 444
1764970 443
1764980 442
1764990 442
1765000 441
1765010 440
1765020 440
1765030 439
1765040 438
1765050 438
1765060 437
1765070 436
1765080 436
1765090 435
1765100 434
1765110 433
1765120 433
1765130 432
1765140 431
1765150 431
1765160 430
1765170 429
1765180 429
1765190 427
1765200 426
1765210 426
1765220 425
1765230 424
1765240 424
1765250 423
1765260 422
1765270 422
1765280 420
1765290 419
1765300 419
1765310 418
1765320 417
1765330 417
1765340 416
1765350 415
1765360 414
1765370 414
1765380 414
1765390 413
1765400 413
1765410 412
1765420 410
1765430 410
1765440 406
1765450 404
1765460 404
1765470 405
1765480 406
1765490 406
1765500 406
1765510 405
1765520 405
1765530 404
1765540 403
1765550 403
1765560 402
1765570 401
1765580 401
1765590 400
1765600 400
1765610 400
1765620 399
1765630 398
1765640 397
1765650 397
1765660 396
1765670 394
1765680 394
1765690 392
1765700 388
1765710 388
1765720 387
1765730 386
1765740 386
1765750 386
1765760 388
1765770 388
1765780 389
1765790 388
1765800 388
1765810 387
1765820 387
1765830 387
1765840 386
1765850 385
1765860 385
1765870 385
1765880 384
1765890 383
1765900 383
1765910 382
1765920 382
1765930 382
1765940 381
1765950 381
1765960 380
1765970 380
1765980 379
1765990 379
1766000 379
1766010 378
1766020 378
1766030 378
1766040 377
1766050 377
1766060 377
1766070 377
1766080 377
1766090 376
1766100 373
1766110 373
1766120 374
1766130 375
1766140 373
1766150 373
1766160 373
1766170 371
1766180 371
1766190 370
1766200 369
1766210 369
1766220 368
1766230 367
1766240 367
1766250 367
1766260 366
1766270 366
1766280 366
1766290 366
1766300 366
1766310 366
1766320 365
1766330 365
1766340 365
1766350 365
1766360 365
1766370 365
1766380 364
1766390 364
1766400 364
1766410 364
1766420 364
1766430 364
1766440 364
1766450 364
1766460 364
1766470 363
1766480 363
1766490 363
1766500 362
1766510 363
1766520 363
1766530 362
1766540 362
1766550 362
1766560 362
1766570 362
1766580 362
1766590 362
1766600 361
1766610 361
1766620 361
1766630 361
1766640 361
1766650 361
1766660 361
1766670 360
1766680 360
1766690 360
1766700 360
1766710 360
1766720 360
1766730 360
1766740 360
1766750 359
1766760 359
1766770 359
1766780 360
1766790 360
1766800 360
1766810 360
1766820 360
1766830 360
1766840 360
1766850 360
1766860 360
1766870 359
1766880 359
1766890 359
1766900 359
1766910 358
1766920 358
1766930 358
1766940 358
1766950 358
1766960 358
1766970 358
1766980 358
1766990 358
1767000 358
1767010 360
1767020 360
1767030 359
1767040 357
1767050 357
1767060 357
1767070 358
1767080 358
1767090 360
1767100 359
1767110 359
1767120 359
1767130 359
1767140 359
1767150 359
1767160 359
1767170 359
1767180 359
1767190 359
1767200 360
1767210 360
1767220 359
1767230 359
1767240 359
1767250 359
1767260 359
1767270 359
1767280 359
1767290 359
1767300 359
1767310 359
1767320 359
1767330 359
1767340 360
1767350 360
1767360 360
1767370 360
1767380 360
1767390 360
1767400 360
1767410 361
1767420 361
1767430 361
1767440 361
1767450 361
1767460 361
1767470 362
1767480 363
1767490 363
1767500 365
1767510 365
1767520 365
1767530 366
1767540 366
1767550 366
1767560 366
1767570 367
1767580 367
1767590 367
1767600 368
1767610 368
1767620 369
1767630 370
1767640 370
1767650 370
1767660 370
1767670 370
1767680 371
1767690 375
1767700 375
1767710 375
1767720 376
1767730 375
1767740 375
1767750 375
1767760 378
1767770 378
1767780 380
1767790 382
1767800 382
1767810 383
1767820 383
1767830 383
1767840 383
1767850 382
1767860 382
1767870 382
1767880 381
1767890 381
1767900 380
1767910 380
1767920 380
1767930 379
1767940 378
1767950 378
1767960 378
1767970 378
1767980 377
1767990 377
1768000 377
1768010 376
1768020 376
1768030 376
1768040 377
1768050 377
1768060 377
1768070 377
1768080 377
1768090 378
1768100 378
1768110 378
1768120 379
1768130 380
1768140 380
1768150 381
1768160 382
1768170 382
1768180 382
1768190 382
1768200 382
1768210 381
1768220 380
1768230 380
1768240 380
1768250 379
1768260 378
1768270 378
1768280 377
1768290 377
1768300 377
1768310 376
1768320 376
1768330 376
1768340 375
1768350 374
1768360 374
1768370 373
1768380 373
1768390 373
1768400 372
1768410 372
1768420 372
1768430 371
1768440 371
1768450 371
1768460 370
1768470 370
1768480 369
1768490 369
1768500 368
1768510 372
1768520 372
1768530 373
1768540 374
1768550 374
1768560 374
1768570 375
1768580 374
1768590 375
1768600 376
1768610 376
1768620 376
1768630 377
1768640 377
1768650 378
1768660 379
1768670 379
1768680 380
1768690 380
1768700 380
1768710 381
1768720 382
1768730 383
1768740 383
1768750 383
1768760 384
1768770 384
1768780 385
1768790 386
1768800 386
1768810 386
1768820 387
1768830 387
1768840 387
1768850 388
1768860 388
1768870 390
1768880 390
1768890 390
1768900 391
1768910 392
1768920 392
1768930 392
1768940 393
1768950 393
1768960 394
1768970 394
1768980 394
1768990 395
1769000 395
1769010 396
1769020 396
1769030 397
1769040 398
1769050 398
1769060 398
1769070 399
1769080 399
1769090 400
1769100 401
1769110 401
1769120 402
1769130 402
1769140 402
1769150 402
1769160 403
1769170 403
1769180 404
1769190 404
1769200 404
1769210 404
1769220 404
1769230 404
1769240 404
1769250 403
1769260 402
1769270 402
1769280 401
1769290 399
1769300 399
1769310 397
1769320 395
1769330 395
1769340 393
1769350 391
1769360 391
1769370 388
1769380 387
1769390 387
1769400 386
1769410 384
1769420 384
1769430 383
1769440 381
1769450 381
1769460 380
1769470 378
1769480 378
1769490 377
1769500 375
1769510 374
1769520 374
1769530 373
1769540 371
1769550 371
1769560 370
1769570 369
1769580 369
1769590 370
1769600 368
1769610 368
1769620 369
1769630 370
1769640 370
1769650 369
1769660 369
1769670 369
1769680 368
1769690 366
1769700 366
1769710 363
1769720 364
1769730 364
1769740 364
1769750 363
1769760 363
1769770 363
1769780 362
1769790 361
1769800 361
1769810 359
1769820 358
1769830 358
1769840 357
1769850 357
1769860 357
1769870 357
1769880 357
1769890 357
1769900 357
1769910 357
1769920 357
1769930 357
1769940 357
1769950 357
1769960 358
1769970 357
1769980 357
1769990 358
1770000 358
1770010 358
1770020 358
1770030 358
1770040 358
1770050 358
1770060 358
1770070 359
1770080 359
1770090 359
1770100 359
1770110 359
1770120 360
1770130 361
1770140 361
1770150 361
1770160 361
1770170 361
1770180 361
1770190 361
1770200 361
1770210 361
1770220 361
1770230 361
1770240 361
1770250 362
1770260 362
1770270 362
1770280 362
1770290 362
1770300 362
1770310 362
1770320 362
1770330 362
1770340 363
1770350 363
1770360 363
1770370 362
1770380 362
1770390 362
1770400 361
1770410 360
1770420 360
1770430 360
1770440 360
1770450 360
1770460 359
1770470 360
1770480 360
1770490 361
1770500 361
1770510 361
1770520 361
1770530 361
1770540 361
1770550 361
1770560 360
1770570 360
1770580 360
1770590 361
1770600 362
1770610 362
1770620 363
1770630 364
1770640 364
1770650 365
1770660 366
1770670 366
1770680 366
1770690 369
1770700 369
1770710 369
1770720 370
1770730 370
1770740 372
1770750 374
1770760 374
1770770 376
1770780 378
1770790 378
1770800 380
1770810 380
1770820 378
1770830 378
1770840 379
1770850 380
1770860 380
1770870 384
1770880 385
1770890 385
1770900 386
1770910 386
1770920 386
1770930 387
1770940 388
1770950 388
1770960 388
1770970 389
1770980 389
1770990 390
1771000 390
1771010 390
1771020 391
1771030 391
1771040 391
1771050 391
1771060 391
1771070 392
1771080 392
1771090 392
1771100 392
1771110 392
1771120 392
1771130 393
1771140 393
1771150 394
1771160 396
1771170 396
1771180 399
1771190 403
1771200 403
1771210 407
1771220 410
1771230 410
1771240 412
1771250 413
1771260 413
1771270 413
1771280 413
1771290 413
1771300 413
1771310 413
1771320 413
1771330 409
1771340 405
1771350 402
1771360 402
1771370 397
1771380 392
1771390 392
1771400 389
1771410 390
1771420 390
1771430 391
1771440 392
1771450 392
1771460 393
1771470 393
1771480 393
1771490 393
1771500 395
1771510 395
1771520 397
1771530 399
1771540 399
1771550 400
1771560 401
1771570 401
1771580 403
1771590 403
1771600 403
1771610 403
1771620 403
1771630 403
1771640 403
1771650 403
1771660 403
1771670 403
1771680 402
1771690 402
1771700 402
1771710 400
1771720 398
1771730 398
1771740 398
1771750 397
1771760 397
1771770 396
1771780 396
1771790 396
1771800 396
1771810 396
1771820 396
1771830 396
1771840 397
1771850 397
1771860 397
1771870 396
1771880 396
1771890 396
1771900 396
1771910 396
1771920 396
1771930 396
1771940 397
1771950 397
1771960 397
1771970 397
1771980 397
1771990 398
1772000 399
1772010 399
1772020 400
1772030 400
1772040 400
1772050 399
1772060 400
1772070 400
1772080 400
1772090 402
1772100 402
1772110 404
1772120 405
1772130 406
1772140 406
1772150 408
1772160 410
1772170 410
1772180 412
1772190 414
1772200 414
1772210 415
1772220 416
1772230 416
1772240 418
1772250 419
1772260 419
1772270 421
1772280 421
1772290 421
1772300 421
1772310 421
1772320 421
1772330 422
1772340 423
1772350 423
1772360 424
1772370 425
1772380 425
1772390 427
1772400 428
1772410 428
1772420 428
1772430 428
1772440 427
1772450 427
1772460 427
1772470 426
1772480 426
1772490 426
1772500 426
1772510 426
1772520 425
1772530 423
1772540 423
1772550 422
1772560 420
1772570 420
1772580 419
1772590 418
1772600 418
1772610 417
1772620 417
1772630 416
1772640 416
1772650 415
1772660 414
1772670 414
1772680 413
1772690 412
1772700 412
1772710 410
1772720 409
1772730 409
1772740 409
1772750 409
1772760 409
1772770 408
1772780 407
1772790 407
1772800 407
1772810 405
1772820 405
1772830 403
1772840 400
1772850 400
1772860 397
1772870 395
1772880 393
1772890 393
1772900 391
1772910 389
1772920 389
1772930 387
1772940 384
1772950 384
1772960 381
1772970 378
1772980 378
1772990 375
1773000 372
1773010 372
1773020 370
1773030 368
1773040 368
1773050 367
1773060 366
1773070 366
1773080 365
1773090 363
1773100 363
1773110 360
1773120 359
1773130 359
1773140 358
1773150 359
1773160 359
1773170 359
1773180 359
1773190 359
1773200 359
1773210 361
1773220 361
1773230 361
1773240 361
1773250 361
1773260 361
1773270 361
1773280 361
1773290 361
1773300 361
1773310 361
1773320 361
1773330 360
1773340 360
1773350 360
1773360 360
1773370 360
1773380 360
1773390 361
1773400 361
1773410 362
1773420 362
1773430 362
1773440 361
1773450 361
1773460 361
1773470 361
1773480 361
1773490 361
1773500 360
1773510 360
1773520 359
1773530 358
1773540 358
1773550 357
1773560 356
1773570 356
1773580 355
1773590 354
1773600 354
1773610 353
1773620 351
1773630 351
1773640 350
1773650 350
1773660 350
1773670 350
1773680 349
1773690 349
1773700 349
1773710 349
1773720 350
1773730 350
1773740 350
1773750 350
1773760 350
1773770 351
1773780 351
1773790 351
1773800 352
1773810 353
1773820 353
1773830 354
1773840 354
1773850 354
1773860 355
1773870 355
1773880 355
1773890 355
1773900 357
1773910 357
1773920 358
1773930 357
1773940 360
1773950 360
1773960 361
1773970 362
1773980 362
1773990 363
1774000 363
1774010 363
1774020 364
1774030 364
1774040 364
1774050 365
1774060 365
1774070 365
1774080 364
1774090 367
1774100 367
1774110 367
1774120 369
1774130 369
1774140 369
1774150 369
1774160 369
1774170 370
1774180 370
1774190 370
1774200 370
1774210 370
1774220 370
1774230 370
1774240 370
1774250 370
1774260 370
1774270 369
1774280 367
1774290 367
1774300 365
1774310 362
1774320 362
1774330 359
1774340 356
1774350 356
1774360 353
1774370 351
1774380 351
1774390 349
1774400 348
1774410 348
1774420 347
1774430 347
1774440 346
1774450 346
1774460 346
1774470 346
1774480 346
1774490 346
1774500 346
1774510 346
1774520 345
1774530 347
1774540 347
1774550 347
1774560 349
1774570 349
1774580 351
1774590 354
1774600 354
1774610 357
1774620 361
1774630 361
1774640 365
1774650 367
1774660 367
1774670 368
1774680 368
1774690 368
1774700 369
1774710 370
1774720 370
1774730 370
1774740 370
1774750 371
1774760 371
1774770 371
1774780 372
1774790 372
1774800 372
1774810 372
1774820 372
1774830 372
1774840 372
1774850 373
1774860 373
1774870 373
1774880 373
1774890 374
1774900 374
1774910 374
1774920 374
1774930 374
1774940 374
1774950 375
1774960 375
1774970 374
1774980 374
1774990 375
1775000 375
1775010 375
1775020 375
1775030 375
1775040 375
1775050 375
1775060 376
1775070 376
1775080 376
1775090 376
1775100 376
1775110 376
1775120 376
1775130 376
1775140 376
1775150 376
1775160 376
1775170 376
1775180 376
1775190 376
1775200 376
1775210 376
1775220 376
1775230 376
1775240 376
1775250 376
1775260 376
1775270 376
1775280 376
1775290 376
1775300 376
1775310 376
1775320 376
1775330 376
1775340 376
1775350 376
1775360 376
1775370 376
1775380 376
1775390 376
1775400 376
1775410 376
1775420 376
1775430 376
1775440 376
1775450 376
1775460 376
1775470 376
1775480 376
1775490 375
1775500 375
1775510 375
1775520 375
1775530 374
1775540 374
1775550 374
1775560 373
1775570 373
1775580 373
1775590 372
1775600 372
1775610 371
1775620 370
1775630 370
1775640 369
1775650 368
1775660 368
1775670 368
1775680 367
1775690 367
1775700 365
1775710 364
1775720 364
1775730 363
1775740 362
1775750 360
1775760 360
1775770 359
1775780 359
1775790 359
1775800 359
1775810 359
1775820 359
1775830 358
1775840 357
1775850 357
1775860 357
1775870 357
1775880 357
1775890 356
1775900 356
1775910 356
1775920 356
1775930 356
1775940 356
1775950 356
1775960 356
1775970 356
1775980 356
1775990 357
1776000 357
1776010 357
1776020 357
1776030 357
1776040 357
1776050 357
1776060 356
1776070 356
1776080 356
1776090 356
1776100 356
1776110 357
1776120 357
1776130 357
1776140 356
1776150 356
1776160 356
1776170 355
1776180 355
1776190 355
1776200 355
1776210 354
1776220 354
1776230 354
1776240 354
1776250 354
1776260 353
1776270 353
1776280 353
1776290 353
1776300 352
1776310 352
1776320 352
1776330 351
1776340 351
1776350 351
1776360 350
1776370 350
1776380 350
1776390 349
1776400 349
1776410 349
1776420 348
1776430 347
1776440 347
1776450 346
1776460 346
1776470 346
1776480 345
1776490 345
1776500 345
1776510 345
1776520 344
1776530 344
1776540 344
1776550 343
1776560 343
1776570 343
1776580 343
1776590 341
1776600 341
1776610 342
1776620 342
1776630 342
1776640 342
1776650 342
1776660 342
1776670 342
1776680 342
1776690 342
1776700 342
1776710 341
1776720 341
1776730 341
1776740 341
1776750 341
1776760 341
1776770 340
1776780 340
1776790 340
1776800 340
1776810 340
1776820 340
1776830 340
1776840 340
1776850 340
1776860 340
1776870 340
1776880 340
1776890 340
1776900 340
1776910 340
1776920 340
1776930 340
1776940 340
1776950 341
1776960 341
1776970 341
1776980 342
1776990 342
1777000 342
1777010 342
1777020 343
1777030 343
1777040 343
1777050 344
1777060 344
1777070 344
1777080 345
1777090 345
1777100 345
1777110 345
1777120 346
1777130 346
1777140 346
1777150 346
1777160 346
1777170 347
1777180 348
1777190 348
1777200 347
1777210 348
1777220 348
1777230 348
1777240 347
1777250 348
1777260 348
1777270 348
1777280 348
1777290 348
1777300 348
1777310 348
1777320 348
1777330 348
1777340 347
1777350 347
1777360 347
1777370 348
1777380 348
1777390 347
1777400 347
1777410 347
1777420 347
1777430 347
1777440 347
1777450 346
1777460 346
1777470 346
1777480 346
1777490 346
1777500 346
1777510 346
1777520 346
1777530 346
1777540 344
1777550 344
1777560 343
1777570 343
1777580 343
1777590 342
1777600 342
1777610 342
1777620 341
1777630 341
1777640 341
1777650 341
1777660 341
1777670 340
1777680 340
1777690 340
1777700 339
1777710 339
1777720 339
1777730 338
1777740 338
1777750 338
1777760 337
1777770 337
1777780 337
1777790 336
1777800 336
1777810 336
1777820 336
1777830 336
1777840 339
1777850 339
1777860 336
1777870 335
1777880 335
1777890 335
1777900 335
1777910 335
1777920 335
1777930 335
1777940 335
1777950 335
1777960 335
1777970 335
1777980 335
1777990 334
1778000 334
1778010 334
1778020 334
1778030 334
1778040 333
1778050 333
1778060 333
1778070 332
1778080 332
1778090 332
1778100 332
1778110 331
1778120 331
1778130 331
1778140 331
1778150 331
1778160 331
1778170 330
1778180 330
1778190 330
1778200 330
1778210 329
1778220 329
1778230 329
1778240 328
1778250 328
1778260 328
1778270 327
1778280 327
1778290 327
1778300 327
1778310 327
1778320 326
1778330 326
1778340 326
1778350 326
1778360 325
1778370 325
1778380 325
1778390 324
1778400 324
1778410 324
1778420 324
1778430 323
1778440 323
1778450 323
1778460 323
1778470 323
1778480 323
1778490 324
1778500 324
1778510 323
1778520 323
1778530 323
1778540 323
1778550 323
1778560 323
1778570 323
1778580 323
1778590 323
1778600 323
1778610 323
1778620 323
1778630 323
1778640 322
1778650 322
1778660 322
1778670 322
1778680 322
1778690 322
1778700 321
1778710 321
1778720 321
1778730 321
1778740 320
1778750 320
1778760 320
1778770 320
1778780 320
1778790 320
1778800 320
1778810 320
1778820 319
1778830 319
1778840 319
1778850 319
1778860 318
1778870 319
1778880 319
1778890 319
1778900 319
1778910 319
1778920 319
1778930 319
1778940 319
1778950 319
1778960 319
1778970 319
1778980 319
1778990 319
1779000 319
1779010 319
1779020 318
1779030 318
1779040 318
1779050 319
1779060 319
1779070 319
1779080 319
1779090 319
1779100 319
1779110 319
1779120 319
1779130 319
1779140 320
1779150 320
1779160 320
1779170 320
1779180 320
1779190 320
1779200 320
1779210 320
1779220 320
1779230 320
1779240 321
1779250 321
1779260 321
1779270 321
1779280 321
1779290 321
1779300 321
1779310 321
1779320 322
1779330 322
1779340 322
1779350 322
1779360 322
1779370 322
1779380 322
1779390 322
1779400 322
1779410 322
1779420 322
1779430 322
1779440 322
1779450 322
1779460 322
1779470 322
1779480 323
1779490 323
1779500 323
1779510 322
1779520 322
1779530 322
1779540 322
1779550 323
1779560 323
1779570 323
1779580 323
1779590 323
1779600 323
1779610 324
1779620 324
1779630 324
1779640 325
1779650 325
1779660 325
1779670 326
1779680 326
1779690 326
1779700 327
1779710 328
1779720 328
1779730 328
1779740 329
1779750 329
1779760 330
1779770 331
1779780 331
1779790 332
1779800 332
1779810 332
1779820 333
1779830 334
1779840 334
1779850 335
1779860 336
1779870 336
1779880 336
1779890 337
1779900 337
1779910 337
1779920 337
1779930 337
1779940 337
1779950 337
1779960 337
1779970 337
1779980 337
1779990 338
