1760000 533
1760010 533
1760020 532
1760030 532
1760040 531
1760050 530
1760060 530
1760070 529
1760080 529
1760090 529
1760100 527
1760110 526
1760120 526
1760130 525
1760140 524
1760150 524
1760160 523
1760170 522
1760180 522
1760190 520
1760200 518
1760210 518
1760220 517
1760230 517
1760240 517
1760250 517
1760260 517
1760270 517
1760280 517
1760290 518
1760300 519
1760310 519
1760320 520
1760330 521
1760340 521
1760350 521
1760360 521
1760370 521
1760380 520
1760390 519
1760400 519
1760410 517
1760420 516
1760430 516
1760440 511
1760450 505
1760460 505
1760470 499
1760480 492
1760490 488
1760500 488
1760510 485
1760520 483
1760530 483
1760540 482
1760550 481
1760560 481
1760570 480
1760580 479
1760590 479
1760600 474
1760610 478
1760620 478
1760630 483
1760640 483
1760650 483
1760660 484
1760670 484
1760680 484
1760690 485
1760700 485
1760710 485
1760720 485
1760730 485
1760740 485
1760750 485
1760760 486
1760770 486
1760780 486
1760790 487
1760800 491
1760810 491
1760820 491
1760830 492
1760840 492
1760850 492
1760860 493
1760870 493
1760880 493
1760890 493
1760900 493
1760910 493
1760920 493
1760930 493
1760940 491
1760950 489
1760960 489
1760970 487
1760980 485
1760990 485
1761000 486
1761010 486
1761020 486
1761030 486
1761040 486
1761050 486
1761060 486
1761070 486
1761080 486
1761090 486
1761100 486
1761110 487
1761120 487
1761130 486
1761140 486
1761150 486
1761160 485
1761170 484
1761180 484
1761190 484
1761200 484
1761210 484
1761220 484
1761230 485
1761240 485
1761250 485
1761260 485
1761270 485
1761280 485
1761290 485
1761300 486
1761310 486
1761320 486
1761330 486
1761340 486
1761350 487
1761360 487
1761370 487
1761380 487
1761390 487
1761400 487
1761410 487
1761420 487
1761430 487
1761440 487
1761450 488
1761460 488
1761470 488
1761480 488
1761490 488
1761500 489
1761510 489
1761520 489
1761530 489
1761540 489
1761550 489
1761560 489
1761570 489
1761580 489
1761590 489
1761600 488
1761610 488
1761620 488
1761630 488
1761640 489
1761650 489
1761660 489
1761670 489
1761680 489
1761690 489
1761700 488
1761710 488
1761720 488
1761730 487
1761740 487
1761750 487
1761760 486
1761770 486
1761780 486
1761790 486
1761800 486
1761810 486
1761820 485
1761830 485
1761840 485
1761850 484
1761860 484
1761870 484
1761880 483
1761890 483
1761900 483
1761910 483
1761920 482
1761930 482
1761940 482
1761950 482
1761960 482
1761970 482
1761980 482
1761990 482
1762000 481
1762010 480
1762020 480
1762030 480
1762040 480
1762050 480
1762060 479
1762070 479
1762080 478
1762090 478
1762100 477
1762110 477
1762120 477
1762130 475
1762140 474
1762150 474
1762160 473
1762170 471
1762180 471
1762190 469
1762200 468
1762210 468
1762220 466
1762230 464
1762240 464
1762250 460
1762260 457
1762270 457
1762280 456
1762290 454
1762300 454
1762310 454
1762320 453
1762330 453
1762340 453
1762350 451
1762360 450
1762370 450
1762380 450
1762390 449
1762400 449
1762410 446
1762420 446
1762430 446
1762440 444
1762450 443
1762460 443
1762470 444
1762480 444
1762490 444
1762500 447
1762510 445
1762520 445
1762530 445
1762540 445
1762550 445
1762560 448
1762570 450
1762580 450
1762590 452
1762600 452
1762610 453
1762620 453
1762630 453
1762640 454
1762650 454
1762660 454
1762670 454
1762680 454
1762690 455
1762700 455
1762710 455
1762720 455
1762730 455
1762740 455
1762750 455
1762760 455
1762770 455
1762780 455
1762790 455
1762800 455
1762810 455
1762820 455
1762830 455
1762840 454
1762850 454
1762860 453
1762870 453
1762880 453
1762890 452
1762900 452
1762910 451
1762920 450
1762930 450
1762940 449
1762950 448
1762960 448
1762970 447
1762980 447
1762990 447
1763000 446
1763010 445
1763020 445
1763030 445
1763040 444
1763050 444
1763060 443
1763070 442
1763080 442
1763090 441
1763100 440
1763110 440
1763120 440
1763130 439
1763140 438
1763150 438
1763160 438
1763170 437
1763180 437
1763190 436
1763200 436
1763210 436
1763220 435
1763230 435
1763240 435
1763250 434
1763260 434
1763270 434
1763280 432
1763290 431
1763300 431
1763310 430
1763320 429
1763330 429
1763340 428
1763350 427
1763360 427
1763370 426
1763380 425
1763390 424
1763400 424
1763410 423
1763420 422
1763430 422
1763440 421
1763450 420
1763460 420
1763470 420
1763480 415
1763490 415
1763500 411
1763510 410
1763520 410
1763530 408
1763540 407
1763550 407
1763560 407
1763570 405
1763580 405
1763590 404
1763600 401
1763610 401
1763620 396
1763630 392
1763640 392
1763650 390
1763660 390
1763670 390
1763680 390
1763690 389
1763700 387
1763710 387
1763720 389
1763730 390
1763740 390
1763750 390
1763760 389
1763770 389
1763780 389
1763790 389
1763800 389
1763810 389
1763820 389
1763830 389
1763840 389
1763850 388
1763860 388
1763870 388
1763880 388
1763890 388
1763900 388
1763910 388
1763920 388
1763930 388
1763940 388
1763950 388
1763960 388
1763970 388
1763980 388
1763990 388
1764000 389
1764010 389
1764020 389
1764030 388
1764040 388
1764050 388
1764060 388
1764070 388
1764080 388
1764090 388
1764100 388
1764110 388
1764120 388
1764130 388
1764140 388
1764150 389
1764160 390
1764170 390
1764180 389
1764190 389
1764200 389
1764210 389
1764220 389
1764230 390
1764240 390
1764250 391
1764260 391
1764270 391
1764280 391
1764290 392
1764300 392
1764310 392
1764320 393
1764330 393
1764340 393
1764350 393
1764360 393
1764370 394
1764380 394
1764390 394
1764400 394
1764410 394
1764420 394
1764430 394
1764440 395
1764450 395
1764460 395
1764470 395
1764480 395
1764490 395
1764500 395
1764510 393
1764520 393
1764530 392
1764540 392
1764550 392
1764560 394
1764570 395
1764580 395
1764590 395
1764600 395
1764610 395
1764620 395
1764630 394
1764640 394
1764650 394
1764660 395
1764670 395
1764680 395
1764690 388
1764700 388
1764710 387
1764720 387
1764730 388
1764740 388
1764750 389
1764760 389
1764770 389
1764780 389
1764790 389
1764800 389
1764810 390
1764820 389
1764830 389
1764840 390
1764850 390
1764860 390
1764870 391
1764880 393
1764890 393
1764900 399
1764910 407
1764920 402
1764930 408
1764940 411
1764950 411
1764960 416
1764970 421
1764980 423
1764990 423
1765000 425
1765010 427
1765020 427
1765030 428
1765040 429
1765050 429
1765060 430
1765070 431
1765080 431
1765090 431
1765100 431
1765110 431
1765120 431
1765130 430
1765140 430
1765150 430
1765160 430
1765170 430
1765180 430
1765190 430
1765200 430
1765210 430
1765220 431
1765230 431
1765240 432
1765250 433
1765260 434
1765270 434
1765280 436
1765290 437
1765300 437
1765310 438
1765320 438
1765330 438
1765340 439
1765350 439
1765360 439
1765370 440
1765380 440
1765390 440
1765400 441
1765410 442
1765420 442
1765430 443
1765440 443
1765450 443
1765460 444
1765470 444
1765480 444
1765490 444
1765500 444
1765510 444
1765520 444
1765530 444
1765540 443
1765550 443
1765560 442
1765570 441
1765580 441
1765590 439
1765600 436
1765610 436
1765620 434
1765630 432
1765640 432
1765650 432
1765660 431
1765670 431
1765680 430
1765690 429
1765700 429
1765710 427
1765720 425
1765730 425
1765740 423
1765750 421
1765760 421
1765770 420
1765780 418
1765790 417
1765800 417
1765810 415
1765820 413
1765830 413
1765840 411
1765850 410
1765860 410
1765870 408
1765880 407
1765890 407
1765900 406
1765910 403
1765920 403
1765930 400
1765940 398
1765950 398
1765960 397
1765970 397
1765980 397
1765990 399
1766000 401
1766010 401
1766020 401
1766030 402
1766040 406
1766050 406
1766060 410
1766070 414
1766080 414
1766090 416
1766100 414
1766110 414
1766120 418
1766130 419
1766140 419
1766150 420
1766160 420
1766170 420
1766180 420
1766190 421
1766200 421
1766210 422
1766220 423
1766230 423
1766240 424
1766250 424
1766260 424
1766270 424
1766280 425
1766290 425
1766300 425
1766310 425
1766320 425
1766330 425
1766340 426
1766350 424
1766360 424
1766370 425
1766380 424
1766390 424
1766400 424
1766410 424
1766420 424
1766430 423
1766440 422
1766450 422
1766460 421
1766470 420
1766480 420
1766490 418
1766500 416
1766510 416
1766520 415
1766530 414
1766540 414
1766550 411
1766560 411
1766570 408
1766580 408
1766590 408
1766600 407
1766610 407
1766620 406
1766630 403
1766640 403
1766650 401
1766660 398
1766670 398
1766680 396
1766690 395
1766700 395
1766710 394
1766720 394
1766730 394
1766740 395
1766750 395
1766760 395
1766770 395
1766780 395
1766790 395
1766800 397
1766810 398
1766820 400
1766830 400
1766840 401
1766850 399
1766860 399
1766870 400
1766880 399
1766890 399
1766900 402
1766910 403
1766920 403
1766930 402
1766940 402
1766950 402
1766960 402
1766970 407
1766980 407
1766990 409
1767000 411
1767010 411
1767020 410
1767030 411
1767040 411
1767050 413
1767060 416
1767070 416
1767080 417
1767090 419
1767100 423
1767110 423
1767120 425
1767130 426
1767140 426
1767150 428
1767160 429
1767170 429
1767180 430
1767190 431
1767200 431
1767210 431
1767220 430
1767230 430
1767240 430
1767250 429
1767260 429
1767270 429
1767280 429
1767290 429
1767300 428
1767310 428
1767320 428
1767330 428
1767340 428
1767350 429
1767360 429
1767370 429
1767380 429
1767390 429
1767400 430
1767410 430
1767420 430
1767430 431
1767440 432
1767450 432
1767460 433
1767470 434
1767480 434
1767490 435
1767500 435
1767510 435
1767520 434
1767530 433
1767540 433
1767550 433
1767560 432
1767570 433
1767580 433
1767590 432
1767600 432
1767610 431
1767620 430
1767630 428
1767640 428
1767650 427
1767660 425
1767670 425
1767680 423
1767690 421
1767700 421
1767710 415
1767720 413
1767730 413
1767740 417
1767750 421
1767760 421
1767770 429
1767780 436
1767790 436
1767800 440
1767810 443
1767820 443
1767830 445
1767840 446
1767850 446
1767860 446
1767870 449
1767880 453
1767890 453
1767900 447
1767910 457
1767920 457
1767930 456
1767940 458
1767950 458
1767960 461
1767970 463
1767980 463
1767990 466
1768000 468
1768010 468
1768020 469
1768030 470
1768040 470
1768050 471
1768060 471
1768070 471
1768080 470
1768090 467
1768100 467
1768110 463
1768120 458
1768130 458
1768140 454
1768150 450
1768160 447
1768170 447
1768180 443
1768190 441
1768200 441
1768210 438
1768220 437
1768230 437
1768240 435
1768250 434
1768260 434
1768270 433
1768280 432
1768290 432
1768300 431
1768310 429
1768320 429
1768330 427
1768340 426
1768350 426
1768360 423
1768370 420
1768380 420
1768390 418
1768400 415
1768410 413
1768420 413
1768430 411
1768440 409
1768450 409
1768460 407
1768470 406
1768480 406
1768490 405
1768500 404
1768510 404
1768520 404
1768530 404
1768540 404
1768550 404
1768560 406
1768570 406
1768580 406
1768590 407
1768600 407
1768610 408
1768620 408
1768630 408
1768640 408
1768650 409
1768660 409
1768670 409
1768680 409
1768690 410
1768700 410
1768710 410
1768720 412
1768730 412
1768740 415
1768750 416
1768760 416
1768770 417
1768780 418
1768790 418
1768800 418
1768810 419
1768820 419
1768830 418
1768840 418
1768850 418
1768860 418
1768870 420
1768880 420
1768890 421
1768900 421
1768910 421
1768920 422
1768930 423
1768940 423
1768950 423
1768960 424
1768970 424
1768980 424
1768990 417
1769000 410
1769010 410
1769020 410
1769030 411
1769040 411
1769050 411
1769060 411
1769070 411
1769080 412
1769090 419
1769100 419
1769110 419
1769120 421
1769130 421
1769140 424
1769150 427
1769160 427
1769170 429
1769180 431
1769190 431
1769200 432
1769210 433
1769220 434
1769230 434
1769240 435
1769250 436
1769260 436
1769270 437
1769280 438
1769290 438
1769300 439
1769310 440
1769320 440
1769330 441
1769340 442
1769350 442
1769360 443
1769370 445
1769380 445
1769390 447
1769400 448
1769410 448
1769420 448
1769430 448
1769440 448
1769450 448
1769460 449
1769470 451
1769480 451
1769490 452
1769500 454
1769510 454
1769520 455
1769530 457
1769540 457
1769550 458
1769560 458
1769570 458
1769580 457
1769590 456
1769600 456
1769610 455
1769620 458
1769630 458
1769640 460
1769650 461
1769660 461
1769670 463
1769680 465
1769690 465
1769700 467
1769710 468
1769720 468
1769730 468
1769740 469
1769750 470
1769760 470
1769770 470
1769780 470
1769790 470
1769800 471
1769810 471
1769820 471
1769830 472
1769840 473
1769850 473
1769860 474
1769870 474
1769880 474
1769890 475
1769900 475
1769910 475
1769920 476
1769930 476
1769940 476
1769950 477
1769960 477
1769970 477
1769980 478
1769990 480
1770000 482
1770010 482
1770020 483
1770030 483
1770040 483
1770050 483
1770060 482
1770070 482
1770080 481
1770090 479
1770100 479
1770110 475
1770120 473
1770130 473
1770140 473
1770150 474
1770160 474
1770170 473
1770180 467
1770190 467
1770200 464
1770210 468
1770220 468
1770230 471
1770240 475
1770250 475
1770260 480
1770270 482
1770280 485
1770290 485
1770300 487
1770310 490
1770320 490
1770330 492
1770340 494
1770350 494
1770360 496
1770370 498
1770380 498
1770390 500
1770400 501
1770410 501
1770420 503
1770430 504
1770440 504
1770450 505
1770460 506
1770470 506
1770480 507
1770490 508
1770500 508
1770510 508
1770520 509
1770530 510
1770540 510
1770550 511
1770560 512
1770570 512
1770580 513
1770590 514
1770600 514
1770610 515
1770620 516
1770630 516
1770640 517
1770650 518
1770660 518
1770670 519
1770680 519
1770690 519
1770700 520
1770710 519
1770720 519
1770730 517
1770740 513
1770750 513
1770760 507
1770770 501
1770780 497
1770790 497
1770800 493
1770810 492
1770820 492
1770830 490
1770840 496
1770850 496
1770860 501
1770870 506
1770880 506
1770890 511
1770900 516
1770910 516
1770920 520
1770930 524
1770940 524
1770950 528
1770960 531
1770970 531
1770980 534
1770990 537
1771000 537
1771010 540
1771020 543
1771030 543
1771040 545
1771050 547
1771060 550
1771070 550
1771080 552
1771090 554
1771100 554
1771110 557
1771120 559
1771130 559
1771140 561
1771150 563
1771160 563
1771170 564
1771180 566
1771190 566
1771200 567
1771210 568
1771220 568
1771230 569
1771240 570
1771250 570
1771260 571
1771270 571
1771280 571
1771290 572
1771300 572
1771310 573
1771320 573
1771330 574
1771340 575
1771350 575
1771360 576
1771370 577
1771380 577
1771390 578
1771400 580
1771410 580
1771420 582
1771430 584
1771440 584
1771450 585
1771460 586
1771470 586
1771480 589
1771490 590
1771500 590
1771510 592
1771520 595
1771530 595
1771540 598
1771550 600
1771560 600
1771570 601
1771580 602
1771590 602
1771600 602
1771610 601
1771620 601
1771630 601
1771640 599
1771650 598
1771660 598
1771670 597
1771680 594
1771690 594
1771700 591
1771710 588
1771720 588
1771730 587
1771740 585
1771750 585
1771760 583
1771770 582
1771780 582
1771790 578
1771800 576
1771810 576
1771820 573
1771830 570
1771840 567
1771850 567
1771860 564
1771870 561
1771880 561
1771890 558
1771900 555
1771910 555
1771920 552
1771930 549
1771940 549
1771950 546
1771960 544
1771970 544
1771980 541
1771990 538
1772000 538
1772010 535
1772020 532
1772030 532
1772040 529
1772050 526
1772060 526
1772070 523
1772080 521
1772090 521
1772100 520
1772110 519
1772120 518
1772130 518
1772140 514
1772150 512
1772160 512
1772170 511
1772180 511
1772190 511
1772200 513
1772210 514
1772220 514
1772230 513
1772240 511
1772250 511
1772260 510
1772270 507
1772280 507
1772290 505
1772300 501
1772310 501
1772320 498
1772330 494
1772340 494
1772350 491
1772360 488
1772370 483
1772380 483
1772390 480
1772400 477
1772410 477
1772420 475
1772430 481
1772440 481
1772450 487
1772460 491
1772470 491
1772480 492
1772490 492
1772500 492
1772510 493
1772520 494
1772530 494
1772540 494
1772550 494
1772560 494
1772570 495
1772580 495
1772590 495
1772600 495
1772610 496
1772620 496
1772630 495
1772640 495
1772650 495
1772660 495
1772670 496
1772680 495
1772690 495
1772700 494
1772710 494
1772720 494
1772730 493
1772740 493
1772750 493
1772760 492
1772770 493
1772780 493
1772790 493
1772800 492
1772810 492
1772820 492
1772830 493
1772840 493
1772850 492
1772860 492
1772870 492
1772880 490
1772890 489
1772900 488
1772910 488
1772920 487
1772930 485
1772940 485
1772950 482
1772960 482
1772970 482
1772980 484
1772990 485
1773000 485
1773010 486
1773020 486
1773030 486
1773040 486
1773050 486
1773060 486
1773070 487
1773080 487
1773090 487
1773100 487
1773110 488
1773120 488
1773130 490
1773140 491
1773150 491
1773160 494
1773170 496
1773180 497
1773190 497
1773200 497
1773210 496
1773220 496
1773230 496
1773240 486
1773250 486
1773260 481
1773270 481
1773280 481
1773290 480
1773300 481
1773310 481
1773320 481
1773330 479
1773340 479
1773350 479
1773360 478
1773370 478
1773380 477
1773390 476
1773400 476
1773410 475
1773420 474
1773430 473
1773440 473
1773450 471
1773460 467
1773470 467
1773480 466
1773490 465
1773500 465
1773510 470
1773520 469
1773530 469
1773540 469
1773550 469
1773560 469
1773570 469
1773580 470
1773590 470
1773600 471
1773610 471
1773620 471
1773630 472
1773640 472
1773650 472
1773660 472
1773670 473
1773680 473
1773690 473
1773700 473
1773710 474
1773720 474
1773730 473
1773740 476
1773750 476
1773760 476
1773770 478
1773780 478
1773790 478
1773800 478
1773810 478
1773820 479
1773830 479
1773840 479
1773850 480
1773860 481
1773870 481
1773880 483
1773890 485
1773900 489
1773910 491
1773920 492
1773930 492
1773940 492
1773950 486
1773960 481
1773970 481
1773980 473
1773990 468
1774000 468
1774010 471
1774020 473
1774030 473
1774040 473
1774050 477
1774060 477
1774070 483
1774080 490
1774090 490
1774100 494
1774110 499
1774120 499
1774130 500
1774140 504
1774150 504
1774160 505
1774170 507
1774180 507
1774190 508
1774200 511
1774210 511
1774220 513
1774230 517
1774240 518
1774250 518
1774260 520
1774270 522
1774280 522
1774290 524
1774300 525
1774310 525
1774320 527
1774330 529
1774340 529
1774350 531
1774360 533
1774370 533
1774380 535
1774390 537
1774400 537
1774410 538
1774420 538
1774430 538
1774440 539
1774450 539
1774460 539
1774470 540
1774480 539
1774490 538
1774500 538
1774510 537
1774520 536
1774530 536
1774540 535
1774550 534
1774560 534
1774570 533
1774580 532
1774590 532
1774600 530
1774610 529
1774620 529
1774630 528
1774640 528
1774650 528
1774660 529
1774670 527
1774680 527
1774690 526
1774700 527
1774710 527
1774720 529
1774730 532
1774740 534
1774750 534
1774760 536
1774770 537
1774780 537
1774790 540
1774800 542
1774810 542
1774820 544
1774830 545
1774840 545
1774850 543
1774860 539
1774870 539
1774880 536
1774890 532
1774900 532
1774910 530
1774920 527
1774930 527
1774940 523
1774950 519
1774960 519
1774970 516
1774980 513
1774990 513
1775000 510
1775010 508
1775020 505
1775030 505
1775040 502
1775050 498
1775060 498
1775070 495
1775080 489
1775090 489
1775100 485
1775110 481
1775120 487
1775130 488
1775140 488
1775150 488
1775160 489
1775170 490
1775180 490
1775190 492
1775200 494
1775210 494
1775220 496
1775230 498
1775240 498
1775250 499
1775260 500
1775270 499
1775280 499
1775290 492
1775300 487
1775310 487
1775320 479
1775330 481
1775340 481
1775350 487
1775360 491
1775370 491
1775380 495
1775390 500
1775400 500
1775410 507
1775420 511
1775430 511
1775440 514
1775450 518
1775460 518
1775470 519
1775480 521
1775490 521
1775500 522
1775510 524
1775520 524
1775530 525
1775540 527
1775550 527
1775560 527
1775570 528
1775580 529
1775590 529
1775600 531
1775610 533
1775620 533
1775630 534
1775640 534
1775650 534
1775660 535
1775670 535
1775680 535
1775690 535
1775700 535
1775710 535
1775720 535
1775730 535
1775740 535
1775750 536
1775760 534
1775770 534
1775780 533
1775790 531
1775800 529
1775810 529
1775820 527
1775830 524
1775840 524
1775850 524
1775860 525
1775870 525
1775880 524
1775890 525
1775900 525
1775910 526
1775920 527
1775930 527
1775940 529
1775950 531
1775960 531
1775970 534
1775980 535
1775990 535
1776000 533
1776010 531
1776020 531
1776030 531
1776040 530
1776050 530
1776060 529
1776070 528
1776080 527
1776090 527
1776100 527
1776110 526
1776120 526
1776130 526
1776140 525
1776150 525
1776160 525
1776170 524
1776180 524
1776190 523
1776200 522
1776210 522
1776220 520
1776230 520
1776240 520
1776250 518
1776260 513
1776270 513
1776280 509
1776290 505
1776300 505
1776310 500
1776320 494
1776330 486
1776340 486
1776350 483
1776360 487
1776370 487
1776380 492
1776390 496
1776400 496
1776410 499
1776420 503
1776430 503
1776440 508
1776450 512
1776460 512
1776470 516
1776480 519
1776490 519
1776500 523
1776510 525
1776520 525
1776530 526
1776540 528
1776550 528
1776560 530
1776570 530
1776580 530
1776590 532
1776600 534
1776610 535
1776620 535
1776630 536
1776640 537
1776650 537
1776660 539
1776670 541
1776680 541
1776690 546
1776700 545
1776710 545
1776720 544
1776730 543
1776740 543
1776750 541
1776760 540
1776770 540
1776780 539
1776790 538
1776800 538
1776810 536
1776820 535
1776830 535
1776840 535
1776850 534
1776860 533
1776870 533
1776880 532
1776890 531
1776900 531
1776910 531
1776920 530
1776930 530
1776940 529
1776950 528
1776960 528
1776970 528
1776980 527
1776990 527
1777000 526
1777010 525
1777020 525
1777030 523
1777040 522
1777050 522
1777060 520
1777070 518
1777080 518
1777090 516
1777100 514
1777110 514
1777120 512
1777130 510
1777140 506
1777150 506
1777160 507
1777170 506
1777180 506
1777190 504
1777200 502
1777210 502
1777220 499
1777230 497
1777240 497
1777250 495
1777260 493
1777270 493
1777280 492
1777290 489
1777300 489
1777310 485
1777320 481
1777330 481
1777340 478
1777350 475
1777360 475
1777370 472
1777380 470
1777390 466
1777400 466
1777410 462
1777420 459
1777430 459
1777440 454
1777450 451
1777460 451
1777470 447
1777480 444
1777490 444
1777500 439
1777510 435
1777520 436
1777530 432
1777540 428
1777550 428
1777560 426
1777570 423
1777580 423
1777590 421
1777600 419
1777610 419
1777620 417
1777630 414
1777640 414
1777650 415
1777660 415
1777670 413
1777680 413
1777690 408
1777700 407
1777710 407
1777720 404
1777730 402
1777740 402
1777750 399
1777760 396
1777770 396
1777780 395
1777790 394
1777800 394
1777810 393
1777820 392
1777830 392
1777840 390
1777850 389
1777860 389
1777870 387
1777880 385
1777890 385
1777900 384
1777910 382
1777920 380
1777930 380
1777940 375
1777950 374
1777960 374
1777970 378
1777980 377
1777990 377
1778000 377
1778010 375
1778020 375
1778030 374
1778040 372
1778050 372
1778060 371
1778070 370
1778080 370
1778090 368
1778100 367
1778110 367
1778120 367
1778130 365
1778140 365
1778150 364
1778160 364
1778170 364
1778180 364
1778190 363
1778200 363
1778210 363
1778220 363
1778230 363
1778240 363
1778250 362
1778260 360
1778270 360
1778280 360
1778290 360
1778300 360
1778310 360
1778320 360
1778330 360
1778340 362
1778350 361
1778360 361
1778370 361
1778380 361
1778390 361
1778400 360
1778410 360
1778420 360
1778430 359
1778440 356
1778450 356
1778460 356
1778470 358
1778480 358
1778490 358
1778500 358
1778510 357
1778520 357
1778530 357
1778540 357
1778550 357
1778560 356
1778570 355
1778580 355
1778590 354
1778600 354
1778610 354
1778620 354
1778630 353
1778640 353
1778650 352
1778660 351
1778670 351
1778680 351
1778690 350
1778700 350
1778710 350
1778720 349
1778730 348
1778740 348
1778750 346
1778760 347
1778770 347
1778780 344
1778790 343
1778800 343
1778810 343
1778820 343
1778830 343
1778840 343
1778850 343
1778860 343
1778870 343
1778880 342
1778890 342
1778900 342
1778910 341
1778920 341
1778930 341
1778940 341
1778950 341
1778960 340
1778970 340
1778980 340
1778990 340
1779000 340
1779010 340
1779020 340
1779030 339
1779040 339
1779050 339
1779060 339
1779070 338
1779080 338
1779090 338
1779100 337
1779110 337
1779120 337
1779130 337
1779140 337
1779150 337
1779160 336
1779170 336
1779180 335
1779190 335
1779200 335
1779210 334
1779220 334
1779230 334
1779240 334
1779250 333
1779260 333
1779270 333
1779280 333
1779290 333
1779300 333
1779310 332
1779320 332
1779330 332
1779340 332
1779350 332
1779360 332
1779370 332
1779380 332
1779390 332
1779400 332
1779410 332
1779420 332
1779430 332
1779440 332
1779450 332
1779460 332
1779470 332
1779480 332
1779490 332
1779500 332
1779510 332
1779520 332
1779530 332
1779540 332
1779550 332
1779560 334
1779570 332
1779580 332
1779590 332
1779600 332
1779610 332
1779620 332
1779630 332
1779640 332
1779650 332
1779660 332
1779670 332
1779680 332
1779690 332
1779700 332
1779710 332
1779720 332
1779730 332
1779740 332
1779750 332
1779760 333
1779770 333
1779780 333
1779790 333
1779800 333
1779810 333
1779820 333
1779830 333
1779840 334
1779850 334
1779860 334
1779870 334
1779880 334
1779890 334
1779900 334
1779910 335
1779920 335
1779930 335
1779940 335
1779950 335
1779960 335
1779970 335
1779980 335
1779990 335
