1760000 507
1760010 506
1760020 506
1760030 506
1760040 506
1760050 506
1760060 505
1760070 505
1760080 505
1760090 504
1760100 504
1760110 504
1760120 503
1760130 503
1760140 504
1760150 504
1760160 504
1760170 504
1760180 504
1760190 504
1760200 504
1760210 504
1760220 504
1760230 504
1760240 504
1760250 504
1760260 504
1760270 504
1760280 504
1760290 505
1760300 505
1760310 505
1760320 505
1760330 505
1760340 505
1760350 506
1760360 506
1760370 506
1760380 507
1760390 507
1760400 507
1760410 507
1760420 507
1760430 508
1760440 508
1760450 508
1760460 508
1760470 508
1760480 509
1760490 509
1760500 509
1760510 509
1760520 509
1760530 510
1760540 510
1760550 510
1760560 510
1760570 510
1760580 510
1760590 510
1760600 510
1760610 510
1760620 510
1760630 510
1760640 510
1760650 510
1760660 511
1760670 511
1760680 510
1760690 510
1760700 510
1760710 510
1760720 510
1760730 510
1760740 510
1760750 509
1760760 509
1760770 509
1760780 509
1760790 509
1760800 509
1760810 508
1760820 508
1760830 508
1760840 508
1760850 507
1760860 507
1760870 507
1760880 507
1760890 507
1760900 506
1760910 506
1760920 506
1760930 506
1760940 505
1760950 505
1760960 505
1760970 505
1760980 505
1760990 504
1761000 504
1761010 504
1761020 504
1761030 504
1761040 504
1761050 504
1761060 504
1761070 503
1761080 503
1761090 503
1761100 503
1761110 503
1761120 503
1761130 503
1761140 503
1761150 503
1761160 503
1761170 503
1761180 503
1761190 503
1761200 503
1761210 502
1761220 502
1761230 502
1761240 502
1761250 502
1761260 502
1761270 502
1761280 502
1761290 502
1761300 502
1761310 502
1761320 501
1761330 501
1761340 501
1761350 501
1761360 501
1761370 500
1761380 500
1761390 500
1761400 499
1761410 499
1761420 499
1761430 498
1761440 497
1761450 497
1761460 497
1761470 496
1761480 496
1761490 496
1761500 496
1761510 496
1761520 495
1761530 495
1761540 493
1761550 493
1761560 493
1761570 492
1761580 492
1761590 491
1761600 491
1761610 491
1761620 490
1761630 490
1761640 490
1761650 489
1761660 488
1761670 488
1761680 488
1761690 487
1761700 487
1761710 486
1761720 486
1761730 486
1761740 485
1761750 485
1761760 485
1761770 484
1761780 483
1761790 483
1761800 483
1761810 483
1761820 482
1761830 482
1761840 481
1761850 481
1761860 481
1761870 480
1761880 479
1761890 479
1761900 479
1761910 478
1761920 478
1761930 478
1761940 477
1761950 477
1761960 476
1761970 476
1761980 476
1761990 475
1762000 474
1762010 474
1762020 473
1762030 473
1762040 473
1762050 471
1762060 471
1762070 470
1762080 470
1762090 469
1762100 468
1762110 468
1762120 467
1762130 466
1762140 466
1762150 465
1762160 464
1762170 464
1762180 464
1762190 463
1762200 463
1762210 462
1762220 462
1762230 462
1762240 461
1762250 460
1762260 460
1762270 460
1762280 456
1762290 456
1762300 456
1762310 459
1762320 459
1762330 459
1762340 459
1762350 458
1762360 458
1762370 457
1762380 456
1762390 456
1762400 455
1762410 454
1762420 454
1762430 454
1762440 453
1762450 453
1762460 452
1762470 451
1762480 451
1762490 451
1762500 451
1762510 451
1762520 450
1762530 450
1762540 450
1762550 450
1762560 449
1762570 449
1762580 449
1762590 448
1762600 448
1762610 448
1762620 448
1762630 447
1762640 447
1762650 447
1762660 447
1762670 447
1762680 446
1762690 446
1762700 446
1762710 445
1762720 444
1762730 444
1762740 444
1762750 443
1762760 443
1762770 442
1762780 442
1762790 442
1762800 441
1762810 441
1762820 441
1762830 440
1762840 440
1762850 440
1762860 439
1762870 438
1762880 437
1762890 437
1762900 437
1762910 436
1762920 435
1762930 434
1762940 434
1762950 434
1762960 434
1762970 433
1762980 433
1762990 433
1763000 432
1763010 432
1763020 432
1763030 431
1763040 431
1763050 431
1763060 430
1763070 430
1763080 430
1763090 429
1763100 429
1763110 428
1763120 427
1763130 427
1763140 427
1763150 426
1763160 425
1763170 425
1763180 425
1763190 425
1763200 425
1763210 424
1763220 423
1763230 423
1763240 422
1763250 422
1763260 422
1763270 420
1763280 419
1763290 419
1763300 418
1763310 417
1763320 417
1763330 413
1763340 409
1763350 409
1763360 405
1763370 403
1763380 403
1763390 402
1763400 398
1763410 394
1763420 394
1763430 392
1763440 394
1763450 394
1763460 394
1763470 393
1763480 393
1763490 393
1763500 393
1763510 393
1763520 392
1763530 393
1763540 393
1763550 394
1763560 393
1763570 393
1763580 394
1763590 394
1763600 394
1763610 394
1763620 393
1763630 393
1763640 394
1763650 393
1763660 393
1763670 393
1763680 393
1763690 393
1763700 393
1763710 393
1763720 393
1763730 393
1763740 393
1763750 393
1763760 393
1763770 393
1763780 393
1763790 393
1763800 393
1763810 394
1763820 394
1763830 393
1763840 393
1763850 393
1763860 393
1763870 393
1763880 393
1763890 392
1763900 393
1763910 393
1763920 393
1763930 394
1763940 395
1763950 395
1763960 396
1763970 396
1763980 396
1763990 397
1764000 397
1764010 397
1764020 398
1764030 398
1764040 398
1764050 399
1764060 400
1764070 400
1764080 401
1764090 402
1764100 402
1764110 403
1764120 403
1764130 403
1764140 405
1764150 405
1764160 405
1764170 406
1764180 407
1764190 408
1764200 408
1764210 410
1764220 411
1764230 411
1764240 412
1764250 413
1764260 413
1764270 414
1764280 415
1764290 416
1764300 417
1764310 419
1764320 419
1764330 420
1764340 420
1764350 420
1764360 420
1764370 420
1764380 420
1764390 420
1764400 419
1764410 419
1764420 419
1764430 418
1764440 418
1764450 418
1764460 417
1764470 416
1764480 416
1764490 416
1764500 415
1764510 415
1764520 415
1764530 415
1764540 415
1764550 414
1764560 414
1764570 414
1764580 414
1764590 413
1764600 413
1764610 413
1764620 412
1764630 412
1764640 410
1764650 410
1764660 410
1764670 412
1764680 412
1764690 412
1764700 412
1764710 412
1764720 412
1764730 412
1764740 411
1764750 411
1764760 411
1764770 411
1764780 410
1764790 410
1764800 410
1764810 410
1764820 410
1764830 410
1764840 408
1764850 408
1764860 408
1764870 408
1764880 408
1764890 409
1764900 410
1764910 410
1764920 410
1764930 410
1764940 410
1764950 410
1764960 410
1764970 409
1764980 409
1764990 409
1765000 409
1765010 409
1765020 408
1765030 407
1765040 407
1765050 407
1765060 407
1765070 407
1765080 406
1765090 406
1765100 406
1765110 405
1765120 405
1765130 405
1765140 405
1765150 404
1765160 404
1765170 404
1765180 404
1765190 404
1765200 404
1765210 404
1765220 404
1765230 405
1765240 405
1765250 406
1765260 406
1765270 406
1765280 406
1765290 406
1765300 406
1765310 407
1765320 407
1765330 406
1765340 406
1765350 406
1765360 407
1765370 409
1765380 409
1765390 408
1765400 407
1765410 407
1765420 410
1765430 413
1765440 413
1765450 417
1765460 420
1765470 420
1765480 421
1765490 424
1765500 425
1765510 425
1765520 427
1765530 428
1765540 428
1765550 428
1765560 429
1765570 429
1765580 430
1765590 431
1765600 431
1765610 432
1765620 432
1765630 431
1765640 431
1765650 431
1765660 431
1765670 431
1765680 431
1765690 431
1765700 431
1765710 430
1765720 430
1765730 430
1765740 430
1765750 430
1765760 429
1765770 429
1765780 429
1765790 429
1765800 428
1765810 428
1765820 428
1765830 427
1765840 427
1765850 427
1765860 426
1765870 426
1765880 426
1765890 426
1765900 425
1765910 425
1765920 425
1765930 424
1765940 424
1765950 424
1765960 424
1765970 424
1765980 425
1765990 425
1766000 425
1766010 425
1766020 426
1766030 427
1766040 427
1766050 427
1766060 428
1766070 428
1766080 429
1766090 430
1766100 430
1766110 431
1766120 432
1766130 432
1766140 433
1766150 434
1766160 434
1766170 436
1766180 437
1766190 437
1766200 438
1766210 439
1766220 439
1766230 440
1766240 441
1766250 441
1766260 442
1766270 442
1766280 442
1766290 442
1766300 441
1766310 441
1766320 441
1766330 439
1766340 438
1766350 438
1766360 437
1766370 435
1766380 435
1766390 434
1766400 432
1766410 432
1766420 431
1766430 430
1766440 430
1766450 429
1766460 428
1766470 428
1766480 427
1766490 426
1766500 426
1766510 425
1766520 424
1766530 424
1766540 422
1766550 422
1766560 421
1766570 421
1766580 420
1766590 419
1766600 419
1766610 417
1766620 416
1766630 416
1766640 412
1766650 408
1766660 408
1766670 405
1766680 404
1766690 404
1766700 404
1766710 403
1766720 403
1766730 403
1766740 401
1766750 401
1766760 401
1766770 400
1766780 400
1766790 400
1766800 404
1766810 404
1766820 406
1766830 407
1766840 407
1766850 407
1766860 408
1766870 407
1766880 407
1766890 407
1766900 408
1766910 408
1766920 409
1766930 409
1766940 409
1766950 414
1766960 413
1766970 413
1766980 413
1766990 414
1767000 414
1767010 418
1767020 421
1767030 421
1767040 422
1767050 424
1767060 424
1767070 425
1767080 426
1767090 428
1767100 428
1767110 429
1767120 429
1767130 429
1767140 432
1767150 432
1767160 432
1767170 434
1767180 435
1767190 435
1767200 436
1767210 437
1767220 437
1767230 438
1767240 438
1767250 438
1767260 440
1767270 441
1767280 441
1767290 441
1767300 442
1767310 442
1767320 442
1767330 444
1767340 444
1767350 445
1767360 447
1767370 448
1767380 448
1767390 450
1767400 451
1767410 451
1767420 452
1767430 453
1767440 453
1767450 454
1767460 454
1767470 454
1767480 453
1767490 452
1767500 452
1767510 451
1767520 449
1767530 449
1767540 447
1767550 445
1767560 445
1767570 444
1767580 442
1767590 442
1767600 440
1767610 439
1767620 438
1767630 438
1767640 437
1767650 434
1767660 434
1767670 429
1767680 427
1767690 427
1767700 428
1767710 430
1767720 430
1767730 436
1767740 442
1767750 442
1767760 446
1767770 448
1767780 448
1767790 449
1767800 449
1767810 449
1767820 448
1767830 446
1767840 446
1767850 451
1767860 457
1767870 457
1767880 459
1767890 461
1767900 464
1767910 464
1767920 467
1767930 469
1767940 469
1767950 473
1767960 478
1767970 478
1767980 483
1767990 487
1768000 487
1768010 490
1768020 494
1768030 494
1768040 499
1768050 502
1768060 502
1768070 505
1768080 508
1768090 508
1768100 510
1768110 511
1768120 511
1768130 512
1768140 512
1768150 511
1768160 511
1768170 510
1768180 507
1768190 507
1768200 505
1768210 501
1768220 501
1768230 497
1768240 493
1768250 493
1768260 491
1768270 487
1768280 487
1768290 482
1768300 477
1768310 477
1768320 475
1768330 472
1768340 472
1768350 471
1768360 468
1768370 468
1768380 467
1768390 466
1768400 466
1768410 465
1768420 463
1768430 462
1768440 462
1768450 460
1768460 459
1768470 459
1768480 458
1768490 455
1768500 455
1768510 450
1768520 446
1768530 446
1768540 452
1768550 457
1768560 457
1768570 459
1768580 461
1768590 461
1768600 461
1768610 460
1768620 460
1768630 464
1768640 464
1768650 464
1768660 465
1768670 466
1768680 466
1768690 466
1768700 467
1768710 467
1768720 467
1768730 464
1768740 464
1768750 464
1768760 461
1768770 456
1768780 456
1768790 448
1768800 447
1768810 447
1768820 455
1768830 462
1768840 462
1768850 467
1768860 469
1768870 469
1768880 470
1768890 471
1768900 471
1768910 472
1768920 472
1768930 472
1768940 472
1768950 473
1768960 474
1768970 474
1768980 474
1768990 474
1769000 474
1769010 474
1769020 474
1769030 474
1769040 471
1769050 466
1769060 466
1769070 462
1769080 457
1769090 457
1769100 453
1769110 452
1769120 452
1769130 448
1769140 443
1769150 443
1769160 445
1769170 454
1769180 454
1769190 458
1769200 460
1769210 462
1769220 462
1769230 463
1769240 465
1769250 465
1769260 466
1769270 465
1769280 465
1769290 459
1769300 455
1769310 455
1769320 454
1769330 457
1769340 457
1769350 459
1769360 464
1769370 464
1769380 468
1769390 475
1769400 475
1769410 480
1769420 482
1769430 482
1769440 484
1769450 486
1769460 486
1769470 487
1769480 488
1769490 488
1769500 488
1769510 489
1769520 489
1769530 489
1769540 490
1769550 492
1769560 492
1769570 493
1769580 493
1769590 493
1769600 494
1769610 495
1769620 495
1769630 496
1769640 497
1769650 497
1769660 497
1769670 498
1769680 498
1769690 499
1769700 500
1769710 500
1769720 501
1769730 501
1769740 502
1769750 502
1769760 504
1769770 505
1769780 505
1769790 507
1769800 508
1769810 508
1769820 509
1769830 510
1769840 510
1769850 511
1769860 512
1769870 512
1769880 513
1769890 514
1769900 514
1769910 514
1769920 514
1769930 514
1769940 514
1769950 514
1769960 514
1769970 514
1769980 514
1769990 514
1770000 514
1770010 514
1770020 514
1770030 514
1770040 514
1770050 515
1770060 515
1770070 514
1770080 513
1770090 513
1770100 510
1770110 508
1770120 508
1770130 506
1770140 498
1770150 498
1770160 503
1770170 507
1770180 507
1770190 508
1770200 512
1770210 512
1770220 516
1770230 516
1770240 516
1770250 519
1770260 521
1770270 521
1770280 521
1770290 525
1770300 527
1770310 527
1770320 528
1770330 529
1770340 529
1770350 531
1770360 532
1770370 532
1770380 533
1770390 534
1770400 534
1770410 535
1770420 536
1770430 536
1770440 537
1770450 539
1770460 539
1770470 540
1770480 540
1770490 540
1770500 542
1770510 543
1770520 543
1770530 544
1770540 545
1770550 544
1770560 544
1770570 541
1770580 540
1770590 540
1770600 538
1770610 535
1770620 535
1770630 532
1770640 529
1770650 529
1770660 526
1770670 523
1770680 523
1770690 521
1770700 517
1770710 517
1770720 523
1770730 528
1770740 528
1770750 531
1770760 533
1770770 533
1770780 536
1770790 539
1770800 542
1770810 542
1770820 547
1770830 550
1770840 550
1770850 553
1770860 556
1770870 556
1770880 558
1770890 560
1770900 560
1770910 562
1770920 564
1770930 564
1770940 566
1770950 568
1770960 568
1770970 570
1770980 572
1770990 572
1771000 574
1771010 575
1771020 575
1771030 577
1771040 578
1771050 578
1771060 580
1771070 581
1771080 583
1771090 583
1771100 585
1771110 587
1771120 587
1771130 590
1771140 591
1771150 591
1771160 593
1771170 595
1771180 595
1771190 596
1771200 597
1771210 597
1771220 598
1771230 599
1771240 599
1771250 600
1771260 602
1771270 602
1771280 603
1771290 604
1771300 604
1771310 606
1771320 607
1771330 609
1771340 609
1771350 611
1771360 613
1771370 613
1771380 615
1771390 616
1771400 616
1771410 618
1771420 619
1771430 619
1771440 619
1771450 620
1771460 620
1771470 620
1771480 620
1771490 620
1771500 620
1771510 620
1771520 620
1771530 620
1771540 619
1771550 619
1771560 619
1771570 618
1771580 618
1771590 617
1771600 616
1771610 615
1771620 615
1771630 612
1771640 611
1771650 611
1771660 609
1771670 607
1771680 607
1771690 604
1771700 602
1771710 602
1771720 599
1771730 596
1771740 596
1771750 593
1771760 590
1771770 590
1771780 587
1771790 585
1771800 585
1771810 582
1771820 579
1771830 579
1771840 577
1771850 574
1771860 572
1771870 572
1771880 570
1771890 568
1771900 568
1771910 566
1771920 565
1771930 565
1771940 564
1771950 561
1771960 561
1771970 560
1771980 559
1771990 559
1772000 558
1772010 557
1772020 557
1772030 557
1772040 557
1772050 557
1772060 558
1772070 557
1772080 558
1772090 554
1772100 551
1772110 551
1772120 549
1772130 547
1772140 544
1772150 544
1772160 541
1772170 538
1772180 538
1772190 536
1772200 532
1772210 532
1772220 528
1772230 530
1772240 530
1772250 533
1772260 534
1772270 534
1772280 535
1772290 535
1772300 535
1772310 536
1772320 536
1772330 536
1772340 534
1772350 533
1772360 533
1772370 530
1772380 526
1772390 521
1772400 521
1772410 518
1772420 516
1772430 516
1772440 512
1772450 519
1772460 519
1772470 523
1772480 524
1772490 524
1772500 525
1772510 525
1772520 525
1772530 526
1772540 527
1772550 527
1772560 527
1772570 528
1772580 528
1772590 528
1772600 528
1772610 528
1772620 529
1772630 529
1772640 529
1772650 531
1772660 533
1772670 535
1772680 535
1772690 536
1772700 538
1772710 538
1772720 539
1772730 540
1772740 540
1772750 539
1772760 538
1772770 538
1772780 538
1772790 537
1772800 537
1772810 536
1772820 536
1772830 536
1772840 536
1772850 534
1772860 534
1772870 533
1772880 535
1772890 535
1772900 535
1772910 536
1772920 536
1772930 536
1772940 537
1772950 538
1772960 538
1772970 538
1772980 539
1772990 539
1773000 539
1773010 539
1773020 539
1773030 539
1773040 539
1773050 539
1773060 539
1773070 539
1773080 539
1773090 540
1773100 540
1773110 540
1773120 541
1773130 542
1773140 542
1773150 543
1773160 544
1773170 544
1773180 544
1773190 544
1773200 545
1773210 545
1773220 545
1773230 546
1773240 546
1773250 548
1773260 551
1773270 551
1773280 552
1773290 552
1773300 552
1773310 552
1773320 553
1773330 553
1773340 549
1773350 545
1773360 545
1773370 542
1773380 539
1773390 539
1773400 536
1773410 533
1773420 533
1773430 531
1773440 528
1773450 525
1773460 525
1773470 531
1773480 532
1773490 532
1773500 534
1773510 535
1773520 535
1773530 536
1773540 538
1773550 538
1773560 540
1773570 541
1773580 541
1773590 541
1773600 542
1773610 542
1773620 542
1773630 543
1773640 543
1773650 544
1773660 544
1773670 544
1773680 545
1773690 546
1773700 546
1773710 546
1773720 547
1773730 548
1773740 548
1773750 548
1773760 548
1773770 548
1773780 549
1773790 549
1773800 549
1773810 549
1773820 549
1773830 549
1773840 549
1773850 548
1773860 548
1773870 546
1773880 544
1773890 544
1773900 542
1773910 538
1773920 538
1773930 532
1773940 528
1773950 528
1773960 525
1773970 523
1773980 517
1773990 517
1774000 516
1774010 520
1774020 520
1774030 523
1774040 525
1774050 525
1774060 528
1774070 532
1774080 532
1774090 535
1774100 539
1774110 539
1774120 542
1774130 543
1774140 543
1774150 545
1774160 550
1774170 550
1774180 552
1774190 554
1774200 554
1774210 554
1774220 554
1774230 554
1774240 555
1774250 556
1774260 555
1774270 555
1774280 554
1774290 553
1774300 553
1774310 553
1774320 553
1774330 553
1774340 554
1774350 553
1774360 553
1774370 554
1774380 555
1774390 555
1774400 555
1774410 555
1774420 555
1774430 556
1774440 556
1774450 556
1774460 557
1774470 558
1774480 558
1774490 559
1774500 559
1774510 561
1774520 561
1774530 561
1774540 562
1774550 563
1774560 564
1774570 564
1774580 564
1774590 564
1774600 564
1774610 564
1774620 564
1774630 564
1774640 564
1774650 564
1774660 565
1774670 565
1774680 565
1774690 565
1774700 565
1774710 565
1774720 565
1774730 565
1774740 566
1774750 566
1774760 566
1774770 564
1774780 567
1774790 567
1774800 567
1774810 567
1774820 567
1774830 567
1774840 566
1774850 566
1774860 566
1774870 566
1774880 566
1774890 566
1774900 565
1774910 565
1774920 565
1774930 565
1774940 564
1774950 564
1774960 565
1774970 565
1774980 565
1774990 565
1775000 565
1775010 565
1775020 564
1775030 564
1775040 563
1775050 563
1775060 562
1775070 561
1775080 561
1775090 561
1775100 556
1775110 556
1775120 552
1775130 546
1775140 546
1775150 546
1775160 549
1775170 549
1775180 555
1775190 564
1775200 564
1775210 564
1775220 562
1775230 562
1775240 559
1775250 557
1775260 557
1775270 556
1775280 555
1775290 555
1775300 555
1775310 554
1775320 555
1775330 555
1775340 557
1775350 559
1775360 559
1775370 562
1775380 564
1775390 564
1775400 564
1775410 565
1775420 565
1775430 566
1775440 567
1775450 567
1775460 567
1775470 567
1775480 567
1775490 569
1775500 571
1775510 571
1775520 573
1775530 574
1775540 574
1775550 576
1775560 574
1775570 571
1775580 571
1775590 570
1775600 569
1775610 569
1775620 569
1775630 567
1775640 567
1775650 568
1775660 568
1775670 568
1775680 567
1775690 569
1775700 569
1775710 569
1775720 571
1775730 571
1775740 572
1775750 573
1775760 574
1775770 573
1775780 572
1775790 572
1775800 571
1775810 571
1775820 571
1775830 570
1775840 569
1775850 569
1775860 569
1775870 568
1775880 567
1775890 567
1775900 566
1775910 565
1775920 565
1775930 565
1775940 565
1775950 565
1775960 564
1775970 563
1775980 563
1775990 563
1776000 563
1776010 563
1776020 562
1776030 562
1776040 562
1776050 561
1776060 560
1776070 560
1776080 559
1776090 558
1776100 557
1776110 557
1776120 557
1776130 557
1776140 557
1776150 558
1776160 558
1776170 558
1776180 558
1776190 559
1776200 559
1776210 559
1776220 560
1776230 560
1776240 560
1776250 560
1776260 560
1776270 560
1776280 560
1776290 560
1776300 560
1776310 560
1776320 560
1776330 560
1776340 560
1776350 560
1776360 560
1776370 560
1776380 559
1776390 559
1776400 560
1776410 560
1776420 560
1776430 560
1776440 559
1776450 559
1776460 556
1776470 554
1776480 554
1776490 554
1776500 551
1776510 551
1776520 549
1776530 546
1776540 546
1776550 542
1776560 542
1776570 542
1776580 543
1776590 544
1776600 544
1776610 546
1776620 549
1776630 551
1776640 551
1776650 552
1776660 554
1776670 554
1776680 555
1776690 558
1776700 558
1776710 559
1776720 560
1776730 560
1776740 561
1776750 563
1776760 563
1776770 564
1776780 565
1776790 565
1776800 563
1776810 562
1776820 562
1776830 561
1776840 558
1776850 558
1776860 556
1776870 555
1776880 555
1776890 553
1776900 552
1776910 550
1776920 550
1776930 549
1776940 546
1776950 546
1776960 545
1776970 543
1776980 543
1776990 541
1777000 540
1777010 540
1777020 539
1777030 539
1777040 539
1777050 539
1777060 540
1777070 540
1777080 541
1777090 542
1777100 542
1777110 542
1777120 540
1777130 540
1777140 535
1777150 530
1777160 527
1777170 527
1777180 525
1777190 525
1777200 525
1777210 523
1777220 520
1777230 520
1777240 518
1777250 516
1777260 516
1777270 514
1777280 512
1777290 512
1777300 510
1777310 509
1777320 509
1777330 508
1777340 507
1777350 507
1777360 503
1777370 501
1777380 501
1777390 499
1777400 497
1777410 497
1777420 496
1777430 494
1777440 493
1777450 493
1777460 491
1777470 490
1777480 490
1777490 488
1777500 486
1777510 486
1777520 482
1777530 480
1777540 480
1777550 477
1777560 475
1777570 475
1777580 471
1777590 465
1777600 465
1777610 459
1777620 453
1777630 453
1777640 456
1777650 459
1777660 459
1777670 460
1777680 460
1777690 460
1777700 460
1777710 460
1777720 460
1777730 460
1777740 459
1777750 459
1777760 459
1777770 459
1777780 457
1777790 457
1777800 456
1777810 456
1777820 456
1777830 455
1777840 454
1777850 454
1777860 454
1777870 453
1777880 453
1777890 451
1777900 450
1777910 450
1777920 449
1777930 448
1777940 448
1777950 448
1777960 448
1777970 447
1777980 447
1777990 447
1778000 446
1778010 446
1778020 445
1778030 443
1778040 443
1778050 442
1778060 441
1778070 441
1778080 440
1778090 439
1778100 439
1778110 438
1778120 437
1778130 437
1778140 436
1778150 436
1778160 436
1778170 432
1778180 432
1778190 432
1778200 430
1778210 428
1778220 426
1778230 426
1778240 423
1778250 421
1778260 421
1778270 415
1778280 412
1778290 412
1778300 410
1778310 410
1778320 410
1778330 406
1778340 404
1778350 404
1778360 400
1778370 398
1778380 398
1778390 395
1778400 393
1778410 393
1778420 391
1778430 389
1778440 389
1778450 386
1778460 384
1778470 384
1778480 381
1778490 380
1778500 376
1778510 376
1778520 373
1778530 371
1778540 371
1778550 369
1778560 368
1778570 368
1778580 366
1778590 365
1778600 365
1778610 364
1778620 363
1778630 363
1778640 361
1778650 360
1778660 360
1778670 360
1778680 360
1778690 360
1778700 360
1778710 359
1778720 359
1778730 359
1778740 358
1778750 358
1778760 358
1778770 356
1778780 356
1778790 356
1778800 356
1778810 356
1778820 356
1778830 356
1778840 355
1778850 355
1778860 353
1778870 352
1778880 352
1778890 353
1778900 352
1778910 352
1778920 352
1778930 351
1778940 351
1778950 351
1778960 350
1778970 350
1778980 350
1778990 350
1779000 350
1779010 347
1779020 348
1779030 346
1779040 346
1779050 347
1779060 346
1779070 346
1779080 346
1779090 347
1779100 347
1779110 346
1779120 345
1779130 345
1779140 346
1779150 345
1779160 345
1779170 345
1779180 344
1779190 344
1779200 344
1779210 344
1779220 344
1779230 343
1779240 344
1779250 344
1779260 343
1779270 343
1779280 342
1779290 342
1779300 342
1779310 341
1779320 342
1779330 341
1779340 341
1779350 341
1779360 340
1779370 340
1779380 340
1779390 340
1779400 340
1779410 340
1779420 340
1779430 340
1779440 340
1779450 339
1779460 339
1779470 339
1779480 339
1779490 339
1779500 339
1779510 339
1779520 339
1779530 339
1779540 339
1779550 339
1779560 339
1779570 339
1779580 338
1779590 338
1779600 338
1779610 338
1779620 338
1779630 338
1779640 338
1779650 338
1779660 338
1779670 339
1779680 339
1779690 339
1779700 339
1779710 338
1779720 338
1779730 338
1779740 338
1779750 338
1779760 338
1779770 338
1779780 338
1779790 338
1779800 338
1779810 339
1779820 339
1779830 339
1779840 339
1779850 339
1779860 339
1779870 339
1779880 339
1779890 339
1779900 340
1779910 340
1779920 341
1779930 342
1779940 342
1779950 342
1779960 342
1779970 342
1779980 343
1779990 343
