1760000 502
1760010 502
1760020 503
1760030 503
1760040 503
1760050 504
1760060 504
1760070 504
1760080 505
1760090 505
1760100 505
1760110 505
1760120 505
1760130 505
1760140 505
1760150 506
1760160 507
1760170 507
1760180 507
1760190 507
1760200 507
1760210 506
1760220 506
1760230 506
1760240 505
1760250 505
1760260 505
1760270 504
1760280 503
1760290 503
1760300 503
1760310 502
1760320 502
1760330 503
1760340 502
1760350 502
1760360 501
1760370 500
1760380 500
1760390 498
1760400 497
1760410 497
1760420 496
1760430 495
1760440 494
1760450 494
1760460 493
1760470 492
1760480 492
1760490 491
1760500 490
1760510 490
1760520 490
1760530 488
1760540 488
1760550 487
1760560 486
1760570 486
1760580 485
1760590 484
1760600 484
1760610 483
1760620 482
1760630 482
1760640 481
1760650 479
1760660 479
1760670 477
1760680 475
1760690 475
1760700 474
1760710 472
1760720 469
1760730 469
1760740 463
1760750 460
1760760 460
1760770 459
1760780 460
1760790 460
1760800 459
1760810 460
1760820 460
1760830 460
1760840 460
1760850 460
1760860 460
1760870 461
1760880 461
1760890 461
1760900 462
1760910 462
1760920 463
1760930 466
1760940 466
1760950 468
1760960 471
1760970 475
1760980 475
1760990 480
1761000 484
1761010 484
1761020 485
1761030 487
1761040 487
1761050 487
1761060 487
1761070 487
1761080 487
1761090 487
1761100 487
1761110 486
1761120 486
1761130 486
1761140 486
1761150 485
1761160 485
1761170 485
1761180 484
1761190 484
1761200 483
1761210 482
1761220 482
1761230 481
1761240 481
1761250 480
1761260 480
1761270 479
1761280 478
1761290 478
1761300 478
1761310 477
1761320 477
1761330 476
1761340 475
1761350 475
1761360 475
1761370 474
1761380 474
1761390 473
1761400 472
1761410 472
1761420 471
1761430 470
1761440 470
1761450 468
1761460 466
1761470 466
1761480 465
1761490 463
1761500 463
1761510 461
1761520 460
1761530 459
1761540 459
1761550 456
1761560 449
1761570 449
1761580 448
1761590 448
1761600 448
1761610 448
1761620 447
1761630 447
1761640 447
1761650 446
1761660 446
1761670 446
1761680 446
1761690 446
1761700 447
1761710 447
1761720 447
1761730 447
1761740 447
1761750 447
1761760 448
1761770 453
1761780 453
1761790 458
1761800 464
1761810 467
1761820 467
1761830 472
1761840 477
1761850 477
1761860 482
1761870 486
1761880 486
1761890 489
1761900 491
1761910 491
1761920 493
1761930 495
1761940 495
1761950 496
1761960 498
1761970 498
1761980 500
1761990 502
1762000 502
1762010 504
1762020 506
1762030 506
1762040 508
1762050 509
1762060 510
1762070 510
1762080 511
1762090 512
1762100 512
1762110 513
1762120 513
1762130 513
1762140 514
1762150 515
1762160 515
1762170 516
1762180 517
1762190 517
1762200 518
1762210 518
1762220 518
1762230 519
1762240 519
1762250 519
1762260 519
1762270 520
1762280 520
1762290 520
1762300 520
1762310 520
1762320 522
1762330 523
1762340 524
1762350 524
1762360 525
1762370 526
1762380 526
1762390 529
1762400 530
1762410 530
1762420 531
1762430 533
1762440 533
1762450 534
1762460 536
1762470 536
1762480 537
1762490 539
1762500 539
1762510 540
1762520 541
1762530 541
1762540 542
1762550 543
1762560 543
1762570 544
1762580 545
1762590 545
1762600 545
1762610 545
1762620 546
1762630 546
1762640 545
1762650 544
1762660 544
1762670 543
1762680 542
1762690 542
1762700 541
1762710 540
1762720 540
1762730 539
1762740 538
1762750 538
1762760 538
1762770 535
1762780 535
1762790 535
1762800 533
1762810 533
1762820 533
1762830 528
1762840 528
1762850 527
1762860 526
1762870 526
1762880 527
1762890 529
1762900 527
1762910 527
1762920 525
1762930 521
1762940 521
1762950 520
1762960 517
1762970 517
1762980 513
1762990 511
1763000 511
1763010 503
1763020 498
1763030 498
1763040 497
1763050 497
1763060 497
1763070 496
1763080 495
1763090 495
1763100 496
1763110 496
1763120 496
1763130 496
1763140 496
1763150 498
1763160 498
1763170 498
1763180 498
1763190 498
1763200 498
1763210 499
1763220 499
1763230 499
1763240 500
1763250 500
1763260 500
1763270 501
1763280 501
1763290 502
1763300 503
1763310 503
1763320 504
1763330 506
1763340 506
1763350 507
1763360 509
1763370 509
1763380 511
1763390 513
1763400 513
1763410 515
1763420 517
1763430 516
1763440 516
1763450 510
1763460 513
1763470 513
1763480 516
1763490 520
1763500 520
1763510 521
1763520 523
1763530 523
1763540 525
1763550 527
1763560 527
1763570 530
1763580 532
1763590 532
1763600 534
1763610 536
1763620 536
1763630 538
1763640 541
1763650 541
1763660 543
1763670 544
1763680 544
1763690 546
1763700 546
1763710 546
1763720 546
1763730 547
1763740 544
1763750 544
1763760 540
1763770 535
1763780 535
1763790 530
1763800 524
1763810 524
1763820 518
1763830 516
1763840 516
1763850 514
1763860 516
1763870 516
1763880 516
1763890 522
1763900 522
1763910 523
1763920 526
1763930 526
1763940 530
1763950 533
1763960 533
1763970 538
1763980 540
1763990 543
1764000 543
1764010 540
1764020 541
1764030 541
1764040 546
1764050 547
1764060 547
1764070 553
1764080 558
1764090 558
1764100 564
1764110 565
1764120 565
1764130 569
1764140 575
1764150 575
1764160 579
1764170 584
1764180 584
1764190 587
1764200 589
1764210 589
1764220 590
1764230 590
1764240 590
1764250 590
1764260 594
1764270 597
1764280 597
1764290 598
1764300 597
1764310 597
1764320 596
1764330 599
1764340 599
1764350 599
1764360 599
1764370 599
1764380 601
1764390 607
1764400 607
1764410 612
1764420 615
1764430 615
1764440 616
1764450 619
1764460 619
1764470 621
1764480 622
1764490 622
1764500 622
1764510 622
1764520 616
1764530 616
1764540 618
1764550 620
1764560 620
1764570 622
1764580 624
1764590 624
1764600 629
1764610 633
1764620 633
1764630 633
1764640 635
1764650 635
1764660 641
1764670 647
1764680 647
1764690 651
1764700 657
1764710 657
1764720 660
1764730 663
1764740 663
1764750 665
1764760 668
1764770 668
1764780 670
1764790 671
1764800 673
1764810 673
1764820 675
1764830 677
1764840 677
1764850 680
1764860 682
1764870 682
1764880 684
1764890 687
1764900 687
1764910 689
1764920 690
1764930 690
1764940 691
1764950 694
1764960 694
1764970 698
1764980 700
1764990 700
1765000 702
1765010 704
1765020 704
1765030 707
1765040 710
1765050 710
1765060 712
1765070 715
1765080 717
1765090 717
1765100 720
1765110 723
1765120 723
1765130 725
1765140 728
1765150 728
1765160 732
1765170 735
1765180 735
1765190 740
1765200 743
1765210 743
1765220 747
1765230 752
1765240 752
1765250 755
1765260 759
1765270 759
1765280 762
1765290 764
1765300 764
1765310 765
1765320 765
1765330 763
1765340 763
1765350 762
1765360 759
1765370 759
1765380 756
1765390 755
1765400 755
1765410 752
1765420 749
1765430 749
1765440 748
1765450 744
1765460 744
1765470 740
1765480 736
1765490 736
1765500 733
1765510 731
1765520 731
1765530 728
1765540 727
1765550 727
1765560 724
1765570 721
1765580 721
1765590 722
1765600 722
1765610 717
1765620 717
1765630 713
1765640 710
1765650 710
1765660 706
1765670 703
1765680 703
1765690 699
1765700 697
1765710 697
1765720 694
1765730 692
1765740 692
1765750 689
1765760 687
1765770 687
1765780 685
1765790 683
1765800 683
1765810 680
1765820 677
1765830 677
1765840 674
1765850 672
1765860 672
1765870 669
1765880 667
1765890 666
1765900 666
1765910 664
1765920 663
1765930 663
1765940 662
1765950 661
1765960 661
1765970 661
1765980 659
1765990 659
1766000 657
1766010 655
1766020 655
1766030 653
1766040 651
1766050 651
1766060 649
1766070 648
1766080 648
1766090 646
1766100 644
1766110 644
1766120 642
1766130 641
1766140 641
1766150 639
1766160 637
1766170 636
1766180 636
1766190 633
1766200 631
1766210 631
1766220 628
1766230 625
1766240 625
1766250 623
1766260 622
1766270 622
1766280 619
1766290 616
1766300 616
1766310 611
1766320 609
1766330 609
1766340 613
1766350 616
1766360 616
1766370 625
1766380 628
1766390 628
1766400 629
1766410 626
1766420 623
1766430 623
1766440 621
1766450 624
1766460 624
1766470 626
1766480 627
1766490 627
1766500 627
1766510 629
1766520 629
1766530 631
1766540 633
1766550 633
1766560 635
1766570 635
1766580 635
1766590 631
1766600 625
1766610 625
1766620 619
1766630 610
1766640 610
1766650 603
1766660 598
1766670 598
1766680 593
1766690 592
1766700 596
1766710 596
1766720 605
1766730 613
1766740 613
1766750 620
1766760 628
1766770 628
1766780 632
1766790 638
1766800 638
1766810 642
1766820 645
1766830 645
1766840 648
1766850 651
1766860 651
1766870 653
1766880 656
1766890 656
1766900 660
1766910 663
1766920 663
1766930 665
1766940 667
1766950 667
1766960 670
1766970 672
1766980 675
1766990 675
1767000 678
1767010 682
1767020 682
1767030 687
1767040 691
1767050 691
1767060 696
1767070 700
1767080 700
1767090 704
1767100 706
1767110 706
1767120 707
1767130 708
1767140 708
1767150 710
1767160 709
1767170 709
1767180 707
1767190 705
1767200 705
1767210 703
1767220 701
1767230 701
1767240 699
1767250 698
1767260 697
1767270 697
1767280 696
1767290 696
1767300 696
1767310 696
1767320 695
1767330 695
1767340 695
1767350 696
1767360 696
1767370 696
1767380 695
1767390 695
1767400 695
1767410 695
1767420 695
1767430 695
1767440 694
1767450 694
1767460 694
1767470 693
1767480 693
1767490 692
1767500 692
1767510 690
1767520 690
1767530 688
1767540 686
1767550 686
1767560 686
1767570 686
1767580 686
1767590 687
1767600 687
1767610 687
1767620 688
1767630 691
1767640 691
1767650 692
1767660 693
1767670 693
1767680 694
1767690 696
1767700 696
1767710 697
1767720 698
1767730 698
1767740 697
1767750 696
1767760 696
1767770 699
1767780 700
1767790 702
1767800 702
1767810 703
1767820 705
1767830 705
1767840 706
1767850 708
1767860 708
1767870 709
1767880 710
1767890 710
1767900 712
1767910 713
1767920 713
1767930 715
1767940 716
1767950 716
1767960 718
1767970 721
1767980 721
1767990 722
1768000 724
1768010 724
1768020 725
1768030 727
1768040 727
1768050 728
1768060 730
1768070 733
1768080 733
1768090 735
1768100 738
1768110 738
1768120 740
1768130 743
1768140 743
1768150 745
1768160 749
1768170 749
1768180 751
1768190 753
1768200 753
1768210 756
1768220 758
1768230 758
1768240 761
1768250 763
1768260 763
1768270 765
1768280 766
1768290 766
1768300 769
1768310 771
1768320 771
1768330 772
1768340 774
1768350 775
1768360 775
1768370 776
1768380 777
1768390 777
1768400 777
1768410 777
1768420 777
1768430 776
1768440 777
1768450 777
1768460 778
1768470 780
1768480 780
1768490 782
1768500 784
1768510 784
1768520 786
1768530 789
1768540 789
1768550 792
1768560 795
1768570 795
1768580 798
1768590 801
1768600 804
1768610 804
1768620 807
1768630 809
1768640 809
1768650 811
1768660 812
1768670 812
1768680 814
1768690 816
1768700 816
1768710 818
1768720 820
1768730 820
1768740 822
1768750 824
1768760 824
1768770 827
1768780 829
1768790 829
1768800 830
1768810 832
1768820 832
1768830 833
1768840 834
1768850 834
1768860 835
1768870 836
1768880 838
1768890 838
1768900 839
1768910 841
1768920 841
1768930 842
1768940 843
1768950 843
1768960 844
1768970 845
1768980 846
1768990 847
1769000 846
1769010 846
1769020 846
1769030 845
1769040 845
1769050 845
1769060 845
1769070 845
1769080 848
1769090 850
1769100 850
1769110 853
1769120 855
1769130 855
1769140 856
1769150 858
1769160 860
1769170 860
1769180 863
1769190 865
1769200 865
1769210 868
1769220 870
1769230 870
1769240 873
1769250 875
1769260 875
1769270 877
1769280 879
1769290 879
1769300 881
1769310 884
1769320 884
1769330 886
1769340 888
1769350 888
1769360 891
1769370 893
1769380 893
1769390 894
1769400 896
1769410 896
1769420 897
1769430 899
1769440 901
1769450 901
1769460 903
1769470 905
1769480 905
1769490 907
1769500 908
1769510 908
1769520 909
1769530 909
1769540 909
1769550 910
1769560 911
1769570 911
1769580 911
1769590 912
1769600 912
1769610 912
1769620 913
1769630 913
1769640 914
1769650 915
1769660 915
1769670 917
1769680 917
1769690 918
1769700 918
1769710 921
1769720 922
1769730 922
1769740 923
1769750 924
1769760 924
1769770 925
1769780 927
1769790 927
1769800 927
1769810 928
1769820 928
1769830 929
1769840 929
1769850 929
1769860 930
1769870 930
1769880 930
1769890 931
1769900 931
1769910 931
1769920 931
1769930 930
1769940 930
1769950 929
1769960 929
1769970 928
1769980 928
1769990 927
1770000 926
1770010 926
1770020 924
1770030 921
1770040 921
1770050 919
1770060 918
1770070 918
1770080 918
1770090 919
1770100 919
1770110 920
1770120 921
1770130 921
1770140 922
1770150 923
1770160 923
1770170 924
1770180 925
1770190 925
1770200 926
1770210 927
1770220 927
1770230 928
1770240 928
1770250 928
1770260 930
1770270 931
1770280 932
1770290 932
1770300 933
1770310 934
1770320 934
1770330 933
1770340 935
1770350 935
1770360 936
1770370 937
1770380 937
1770390 937
1770400 938
1770410 938
1770420 939
1770430 939
1770440 939
1770450 940
1770460 942
1770470 942
1770480 943
1770490 944
1770500 944
1770510 945
1770520 946
1770530 947
1770540 947
1770550 947
1770560 947
1770570 947
1770580 948
1770590 950
1770600 950
1770610 951
1770620 952
1770630 952
1770640 952
1770650 953
1770660 953
1770670 953
1770680 954
1770690 954
1770700 954
1770710 955
1770720 955
1770730 956
1770740 957
1770750 957
1770760 959
1770770 960
1770780 960
1770790 962
1770800 963
1770810 965
1770820 965
1770830 966
1770840 968
1770850 968
1770860 968
1770870 968
1770880 968
1770890 969
1770900 969
1770910 969
1770920 968
1770930 967
1770940 967
1770950 966
1770960 965
1770970 965
1770980 964
1770990 963
1771000 963
1771010 962
1771020 961
1771030 961
1771040 959
1771050 958
1771060 956
1771070 956
1771080 954
1771090 953
1771100 953
1771110 951
1771120 949
1771130 949
1771140 948
1771150 947
1771160 947
1771170 946
1771180 945
1771190 945
1771200 944
1771210 942
1771220 942
1771230 940
1771240 939
1771250 939
1771260 937
1771270 936
1771280 936
1771290 934
1771300 933
1771310 933
1771320 931
1771330 930
1771340 929
1771350 929
1771360 929
1771370 928
1771380 928
1771390 928
1771400 927
1771410 927
1771420 926
1771430 926
1771440 926
1771450 925
1771460 925
1771470 925
1771480 925
1771490 925
1771500 925
1771510 925
1771520 925
1771530 927
1771540 926
1771550 926
1771560 926
1771570 926
1771580 925
1771590 925
1771600 925
1771610 925
1771620 924
1771630 924
1771640 923
1771650 923
1771660 923
1771670 922
1771680 922
1771690 922
1771700 921
1771710 920
1771720 920
1771730 919
1771740 918
1771750 918
1771760 917
1771770 916
1771780 916
1771790 915
1771800 913
1771810 913
1771820 912
1771830 911
1771840 911
1771850 909
1771860 908
1771870 908
1771880 907
1771890 907
1771900 906
1771910 906
1771920 905
1771930 904
1771940 904
1771950 903
1771960 903
1771970 903
1771980 902
1771990 901
1772000 901
1772010 899
1772020 898
1772030 898
1772040 896
1772050 894
1772060 894
1772070 892
1772080 891
1772090 891
1772100 889
1772110 888
1772120 888
1772130 887
1772140 887
1772150 885
1772160 885
1772170 885
1772180 885
1772190 885
1772200 883
1772210 882
1772220 882
1772230 879
1772240 876
1772250 876
1772260 874
1772270 872
1772280 872
1772290 871
1772300 870
1772310 870
1772320 869
1772330 868
1772340 868
1772350 868
1772360 868
1772370 868
1772380 867
1772390 866
1772400 866
1772410 864
1772420 863
1772430 861
1772440 861
1772450 858
1772460 857
1772470 857
1772480 855
1772490 852
1772500 852
1772510 849
1772520 848
1772530 848
1772540 847
1772550 846
1772560 846
1772570 846
1772580 845
1772590 845
1772600 844
1772610 843
1772620 843
1772630 843
1772640 843
1772650 843
1772660 843
1772670 843
1772680 843
1772690 844
1772700 844
1772710 843
1772720 843
1772730 843
1772740 843
1772750 843
1772760 840
1772770 839
1772780 836
1772790 835
1772800 835
1772810 835
1772820 835
1772830 836
1772840 836
1772850 836
1772860 837
1772870 837
1772880 837
1772890 836
1772900 836
1772910 835
1772920 833
1772930 833
1772940 830
1772950 828
1772960 828
1772970 825
1772980 824
1772990 823
1773000 823
1773010 821
1773020 819
1773030 819
1773040 816
1773050 815
1773060 815
1773070 813
1773080 811
1773090 811
1773100 809
1773110 807
1773120 807
1773130 804
1773140 803
1773150 803
1773160 802
1773170 800
1773180 800
1773190 798
1773200 795
1773210 795
1773220 793
1773230 791
1773240 789
1773250 789
1773260 788
1773270 786
1773280 786
1773290 786
1773300 785
1773310 785
1773320 784
1773330 783
1773340 783
1773350 782
1773360 782
1773370 782
1773380 783
1773390 781
1773400 781
1773410 781
1773420 779
1773430 779
1773440 778
1773450 777
1773460 777
1773470 776
1773480 776
1773490 776
1773500 777
1773510 777
1773520 777
1773530 777
1773540 777
1773550 777
1773560 777
1773570 777
1773580 777
1773590 777
1773600 777
1773610 778
1773620 778
1773630 779
1773640 779
1773650 779
1773660 780
1773670 780
1773680 780
1773690 780
1773700 781
1773710 781
1773720 780
1773730 780
1773740 780
1773750 778
1773760 776
1773770 776
1773780 774
1773790 770
1773800 767
1773810 767
1773820 764
1773830 761
1773840 761
1773850 759
1773860 755
1773870 755
1773880 753
1773890 750
1773900 750
1773910 747
1773920 743
1773930 743
1773940 739
1773950 735
1773960 735
1773970 732
1773980 728
1773990 728
1774000 725
1774010 722
1774020 722
1774030 719
1774040 716
1774050 716
1774060 712
1774070 708
1774080 705
1774090 705
1774100 702
1774110 698
1774120 698
1774130 695
1774140 692
1774150 692
1774160 689
1774170 686
1774180 686
1774190 684
1774200 682
1774210 682
1774220 680
1774230 678
1774240 678
1774250 676
1774260 675
1774270 675
1774280 673
1774290 672
1774300 672
1774310 671
1774320 669
1774330 668
1774340 668
1774350 667
1774360 666
1774370 666
1774380 664
1774390 663
1774400 663
1774410 662
1774420 661
1774430 661
1774440 659
1774450 658
1774460 658
1774470 656
1774480 655
1774490 655
1774500 653
1774510 652
1774520 652
1774530 651
1774540 649
1774550 649
1774560 648
1774570 647
1774580 647
1774590 645
1774600 644
1774610 643
1774620 643
1774630 642
1774640 641
1774650 641
1774660 640
1774670 639
1774680 639
1774690 638
1774700 636
1774710 636
1774720 635
1774730 634
1774740 634
1774750 632
1774760 630
1774770 630
1774780 628
1774790 625
1774800 625
1774810 624
1774820 622
1774830 622
1774840 620
1774850 618
1774860 618
1774870 616
1774880 614
1774890 613
1774900 613
1774910 612
1774920 611
1774930 611
1774940 610
1774950 610
1774960 610
1774970 609
1774980 610
1774990 610
1775000 607
1775010 603
1775020 603
1775030 601
1775040 597
1775050 597
1775060 595
1775070 593
1775080 593
1775090 590
1775100 588
1775110 588
1775120 586
1775130 584
1775140 584
1775150 582
1775160 581
1775170 578
1775180 578
1775190 576
1775200 575
1775210 575
1775220 573
1775230 573
1775240 573
1775250 572
1775260 571
1775270 571
1775280 569
1775290 568
1775300 568
1775310 567
1775320 565
1775330 565
1775340 564
1775350 562
1775360 562
1775370 561
1775380 559
1775390 559
1775400 558
1775410 557
1775420 556
1775430 556
1775440 556
1775450 555
1775460 555
1775470 554
1775480 554
1775490 554
1775500 553
1775510 552
1775520 552
1775530 551
1775540 550
1775550 550
1775560 547
1775570 547
1775580 547
1775590 547
1775600 545
1775610 545
1775620 545
1775630 544
1775640 544
1775650 543
1775660 542
1775670 542
1775680 542
1775690 541
1775700 541
1775710 541
1775720 540
1775730 540
1775740 540
1775750 539
1775760 539
1775770 539
1775780 539
1775790 539
1775800 539
1775810 539
1775820 539
1775830 539
1775840 539
1775850 538
1775860 538
1775870 538
1775880 538
1775890 538
1775900 538
1775910 538
1775920 538
1775930 538
1775940 539
1775950 539
1775960 539
1775970 539
1775980 539
1775990 539
1776000 539
1776010 539
1776020 539
1776030 539
1776040 539
1776050 539
1776060 538
1776070 538
1776080 538
1776090 537
1776100 536
1776110 536
1776120 535
1776130 532
1776140 532
1776150 530
1776160 528
1776170 528
1776180 525
1776190 523
1776200 523
1776210 522
1776220 520
1776230 520
1776240 519
1776250 517
1776260 516
1776270 516
1776280 516
1776290 514
1776300 514
1776310 513
1776320 511
1776330 511
1776340 510
1776350 509
1776360 509
1776370 508
1776380 506
1776390 506
1776400 505
1776410 504
1776420 504
1776430 502
1776440 501
1776450 501
1776460 499
1776470 498
1776480 498
1776490 496
1776500 495
1776510 493
1776520 493
1776530 492
1776540 488
1776550 488
1776560 486
1776570 484
1776580 484
1776590 482
1776600 480
1776610 480
1776620 479
1776630 477
1776640 477
1776650 475
1776660 474
1776670 474
1776680 472
1776690 471
1776700 471
1776710 470
1776720 468
1776730 468
1776740 466
1776750 464
1776760 464
1776770 462
1776780 461
1776790 460
1776800 460
1776810 459
1776820 458
1776830 458
1776840 456
1776850 453
1776860 453
1776870 451
1776880 449
1776890 449
1776900 447
1776910 445
1776920 445
1776930 443
1776940 442
1776950 442
1776960 441
1776970 439
1776980 439
1776990 438
1777000 437
1777010 437
1777020 436
1777030 434
1777040 434
1777050 433
1777060 431
1777070 430
1777080 430
1777090 425
1777100 428
1777110 428
1777120 429
1777130 430
1777140 430
1777150 432
1777160 433
1777170 433
1777180 433
1777190 433
1777200 433
1777210 433
1777220 433
1777230 433
1777240 433
1777250 434
1777260 434
1777270 434
1777280 434
1777290 434
1777300 434
1777310 435
1777320 435
1777330 435
1777340 435
1777350 435
1777360 435
1777370 435
1777380 435
1777390 435
1777400 435
1777410 435
1777420 435
1777430 434
1777440 434
1777450 434
1777460 434
1777470 433
1777480 433
1777490 433
1777500 433
1777510 433
1777520 432
1777530 432
1777540 432
1777550 431
1777560 431
1777570 431
1777580 431
1777590 430
1777600 430
1777610 430
1777620 430
1777630 430
1777640 430
1777650 430
1777660 430
1777670 430
1777680 429
1777690 429
1777700 429
1777710 428
1777720 428
1777730 428
1777740 427
1777750 427
1777760 427
1777770 427
1777780 426
1777790 426
1777800 426
1777810 426
1777820 426
1777830 425
1777840 425
1777850 425
1777860 425
1777870 425
1777880 424
1777890 424
1777900 423
1777910 423
1777920 423
1777930 422
1777940 421
1777950 421
1777960 421
1777970 421
1777980 421
1777990 419
1778000 418
1778010 418
1778020 417
1778030 417
1778040 417
1778050 416
1778060 415
1778070 415
1778080 414
1778090 414
1778100 414
1778110 413
1778120 413
1778130 413
1778140 412
1778150 412
1778160 412
1778170 412
1778180 411
1778190 411
1778200 411
1778210 410
1778220 410
1778230 410
1778240 409
1778250 408
1778260 408
1778270 406
1778280 405
1778290 405
1778300 403
1778310 402
1778320 402
1778330 402
1778340 402
1778350 402
1778360 402
1778370 402
1778380 402
1778390 404
1778400 405
1778410 405
1778420 405
1778430 405
1778440 405
1778450 405
1778460 405
1778470 406
1778480 406
1778490 406
1778500 406
1778510 406
1778520 407
1778530 407
1778540 407
1778550 407
1778560 407
1778570 407
1778580 408
1778590 408
1778600 408
1778610 408
1778620 408
1778630 408
1778640 408
1778650 408
1778660 408
1778670 408
1778680 408
1778690 407
1778700 407
1778710 408
1778720 408
1778730 408
1778740 408
1778750 408
1778760 408
1778770 408
1778780 408
1778790 408
1778800 408
1778810 407
1778820 407
1778830 407
1778840 407
1778850 407
1778860 407
1778870 407
1778880 407
1778890 407
1778900 407
1778910 407
1778920 406
1778930 406
1778940 406
1778950 406
1778960 406
1778970 406
1778980 406
1778990 406
1779000 406
1779010 406
1779020 406
1779030 406
1779040 406
1779050 406
1779060 406
1779070 406
1779080 407
1779090 408
1779100 408
1779110 408
1779120 408
1779130 408
1779140 408
1779150 408
1779160 408
1779170 408
1779180 407
1779190 407
1779200 407
1779210 407
1779220 407
1779230 407
1779240 407
1779250 406
1779260 406
1779270 406
1779280 406
1779290 406
1779300 406
1779310 406
1779320 406
1779330 406
1779340 406
1779350 406
1779360 405
1779370 405
1779380 405
1779390 404
1779400 404
1779410 404
1779420 404
1779430 403
1779440 403
1779450 403
1779460 403
1779470 403
1779480 403
1779490 403
1779500 403
1779510 403
1779520 402
1779530 402
1779540 402
1779550 402
1779560 402
1779570 402
1779580 402
1779590 401
1779600 401
1779610 401
1779620 401
1779630 401
1779640 401
1779650 401
1779660 401
1779670 400
1779680 400
1779690 400
1779700 400
1779710 400
1779720 400
1779730 400
1779740 400
1779750 400
1779760 399
1779770 399
1779780 399
1779790 399
1779800 399
1779810 399
1779820 399
1779830 398
1779840 398
1779850 398
1779860 398
1779870 398
1779880 398
1779890 398
1779900 398
1779910 398
1779920 398
1779930 398
1779940 398
1779950 398
1779960 398
1779970 397
1779980 397
1779990 397
