1760000 500
1760010 499
1760020 499
1760030 498
1760040 494
1760050 494
1760060 491
1760070 488
1760080 487
1760090 487
1760100 487
1760110 486
1760120 486
1760130 484
1760140 484
1760150 484
1760160 483
1760170 483
1760180 483
1760190 482
1760200 482
1760210 482
1760220 481
1760230 481
1760240 481
1760250 480
1760260 481
1760270 481
1760280 481
1760290 481
1760300 481
1760310 480
1760320 480
1760330 480
1760340 480
1760350 479
1760360 479
1760370 479
1760380 478
1760390 478
1760400 478
1760410 477
1760420 477
1760430 477
1760440 477
1760450 475
1760460 475
1760470 477
1760480 477
1760490 477
1760500 477
1760510 477
1760520 477
1760530 478
1760540 479
1760550 479
1760560 480
1760570 480
1760580 480
1760590 481
1760600 482
1760610 483
1760620 483
1760630 484
1760640 485
1760650 485
1760660 487
1760670 488
1760680 488
1760690 489
1760700 491
1760710 491
1760720 491
1760730 492
1760740 492
1760750 493
1760760 493
1760770 493
1760780 494
1760790 494
1760800 494
1760810 495
1760820 496
1760830 496
1760840 497
1760850 497
1760860 497
1760870 498
1760880 497
1760890 496
1760900 496
1760910 496
1760920 498
1760930 498
1760940 497
1760950 496
1760960 496
1760970 495
1760980 493
1760990 493
1761000 492
1761010 491
1761020 491
1761030 490
1761040 489
1761050 489
1761060 489
1761070 488
1761080 488
1761090 487
1761100 486
1761110 486
1761120 485
1761130 485
1761140 485
1761150 484
1761160 484
1761170 483
1761180 483
1761190 482
1761200 482
1761210 482
1761220 480
1761230 479
1761240 479
1761250 477
1761260 476
1761270 476
1761280 475
1761290 474
1761300 474
1761310 474
1761320 472
1761330 472
1761340 470
1761350 471
1761360 471
1761370 473
1761380 470
1761390 470
1761400 467
1761410 463
1761420 463
1761430 462
1761440 460
1761450 460
1761460 460
1761470 461
1761480 463
1761490 463
1761500 463
1761510 465
1761520 465
1761530 466
1761540 467
1761550 467
1761560 469
1761570 472
1761580 472
1761590 475
1761600 478
1761610 478
1761620 482
1761630 487
1761640 487
1761650 492
1761660 495
1761670 495
1761680 497
1761690 503
1761700 507
1761710 507
1761720 511
1761730 511
1761740 511
1761750 517
1761760 520
1761770 520
1761780 524
1761790 524
1761800 524
1761810 528
1761820 531
1761830 531
1761840 533
1761850 537
1761860 537
1761870 540
1761880 539
1761890 539
1761900 545
1761910 548
1761920 548
1761930 550
1761940 552
1761950 552
1761960 555
1761970 557
1761980 560
1761990 560
1762000 562
1762010 563
1762020 563
1762030 564
1762040 565
1762050 565
1762060 567
1762070 568
1762080 568
1762090 570
1762100 572
1762110 572
1762120 573
1762130 574
1762140 574
1762150 572
1762160 568
1762170 568
1762180 564
1762190 561
1762200 561
1762210 557
1762220 551
1762230 551
1762240 556
1762250 559
1762260 561
1762270 561
1762280 562
1762290 563
1762300 563
1762310 564
1762320 561
1762330 561
1762340 565
1762350 571
1762360 571
1762370 573
1762380 575
1762390 575
1762400 578
1762410 583
1762420 583
1762430 583
1762440 585
1762450 585
1762460 587
1762470 588
1762480 588
1762490 590
1762500 591
1762510 591
1762520 592
1762530 594
1762540 596
1762550 596
1762560 598
1762570 598
1762580 598
1762590 599
1762600 600
1762610 602
1762620 602
1762630 597
1762640 597
1762650 594
1762660 587
1762670 587
1762680 580
1762690 574
1762700 574
1762710 568
1762720 564
1762730 564
1762740 559
1762750 555
1762760 555
1762770 553
1762780 549
1762790 549
1762800 546
1762810 539
1762820 536
1762830 536
1762840 533
1762850 532
1762860 532
1762870 528
1762880 524
1762890 524
1762900 529
1762910 530
1762920 530
1762930 539
1762940 548
1762950 548
1762960 556
1762970 560
1762980 560
1762990 566
1763000 570
1763010 570
1763020 574
1763030 579
1763040 579
1763050 580
1763060 579
1763070 579
1763080 579
1763090 579
1763100 579
1763110 579
1763120 578
1763130 578
1763140 578
1763150 578
1763160 578
1763170 578
1763180 578
1763190 578
1763200 578
1763210 577
1763220 576
1763230 576
1763240 575
1763250 573
1763260 573
1763270 572
1763280 571
1763290 571
1763300 570
1763310 570
1763320 570
1763330 569
1763340 569
1763350 569
1763360 569
1763370 569
1763380 569
1763390 569
1763400 569
1763410 569
1763420 569
1763430 569
1763440 569
1763450 569
1763460 570
1763470 570
1763480 570
1763490 571
1763500 572
1763510 572
1763520 572
1763530 573
1763540 573
1763550 573
1763560 574
1763570 574
1763580 574
1763590 575
1763600 575
1763610 576
1763620 576
1763630 577
1763640 577
1763650 578
1763660 579
1763670 579
1763680 580
1763690 581
1763700 581
1763710 581
1763720 582
1763730 582
1763740 583
1763750 582
1763760 582
1763770 581
1763780 580
1763790 580
1763800 578
1763810 576
1763820 576
1763830 575
1763840 573
1763850 573
1763860 572
1763870 571
1763880 571
1763890 570
1763900 568
1763910 567
1763920 567
1763930 566
1763940 563
1763950 563
1763960 561
1763970 563
1763980 563
1763990 568
1764000 569
1764010 569
1764020 569
1764030 569
1764040 569
1764050 568
1764060 569
1764070 569
1764080 569
1764090 572
1764100 572
1764110 575
1764120 578
1764130 578
1764140 580
1764150 584
1764160 584
1764170 587
1764180 590
1764190 593
1764200 593
1764210 596
1764220 599
1764230 599
1764240 602
1764250 602
1764260 602
1764270 600
1764280 599
1764290 599
1764300 596
1764310 599
1764320 599
1764330 599
1764340 598
1764350 598
1764360 597
1764370 596
1764380 596
1764390 594
1764400 590
1764410 590
1764420 594
1764430 600
1764440 603
1764450 603
1764460 606
1764470 609
1764480 609
1764490 611
1764500 614
1764510 614
1764520 616
1764530 618
1764540 618
1764550 620
1764560 622
1764570 622
1764580 625
1764590 627
1764600 627
1764610 630
1764620 632
1764630 632
1764640 635
1764650 637
1764660 637
1764670 640
1764680 643
1764690 643
1764700 645
1764710 647
1764720 649
1764730 649
1764740 651
1764750 653
1764760 653
1764770 655
1764780 657
1764790 657
1764800 659
1764810 661
1764820 661
1764830 662
1764840 664
1764850 664
1764860 665
1764870 667
1764880 667
1764890 669
1764900 671
1764910 671
1764920 672
1764930 674
1764940 674
1764950 675
1764960 677
1764970 677
1764980 678
1764990 680
1765000 681
1765010 681
1765020 683
1765030 684
1765040 684
1765050 685
1765060 687
1765070 687
1765080 689
1765090 690
1765100 690
1765110 692
1765120 694
1765130 694
1765140 696
1765150 698
1765160 698
1765170 700
1765180 702
1765190 702
1765200 704
1765210 706
1765220 706
1765230 708
1765240 710
1765250 710
1765260 711
1765270 714
1765280 716
1765290 716
1765300 718
1765310 720
1765320 720
1765330 722
1765340 723
1765350 723
1765360 724
1765370 724
1765380 724
1765390 725
1765400 725
1765410 725
1765420 725
1765430 726
1765440 726
1765450 729
1765460 729
1765470 729
1765480 727
1765490 726
1765500 726
1765510 726
1765520 726
1765530 726
1765540 726
1765550 726
1765560 726
1765570 726
1765580 725
1765590 725
1765600 725
1765610 725
1765620 725
1765630 725
1765640 724
1765650 723
1765660 723
1765670 723
1765680 722
1765690 722
1765700 721
1765710 721
1765720 721
1765730 720
1765740 719
1765750 719
1765760 719
1765770 718
1765780 718
1765790 718
1765800 717
1765810 717
1765820 717
1765830 716
1765840 716
1765850 716
1765860 717
1765870 717
1765880 717
1765890 717
1765900 716
1765910 716
1765920 714
1765930 716
1765940 716
1765950 716
1765960 715
1765970 715
1765980 715
1765990 720
1766000 720
1766010 721
1766020 720
1766030 720
1766040 720
1766050 722
1766060 722
1766070 723
1766080 722
1766090 722
1766100 722
1766110 721
1766120 720
1766130 720
1766140 719
1766150 717
1766160 717
1766170 716
1766180 714
1766190 714
1766200 713
1766210 711
1766220 711
1766230 710
1766240 709
1766250 709
1766260 708
1766270 707
1766280 707
1766290 706
1766300 705
1766310 705
1766320 705
1766330 705
1766340 705
1766350 704
1766360 702
1766370 696
1766380 696
1766390 700
1766400 701
1766410 701
1766420 700
1766430 700
1766440 700
1766450 700
1766460 700
1766470 700
1766480 699
1766490 699
1766500 699
1766510 699
1766520 699
1766530 699
1766540 698
1766550 696
1766560 696
1766570 693
1766580 691
1766590 691
1766600 685
1766610 679
1766620 679
1766630 674
1766640 670
1766650 671
1766660 671
1766670 669
1766680 665
1766690 665
1766700 661
1766710 659
1766720 659
1766730 661
1766740 665
1766750 665
1766760 669
1766770 667
1766780 667
1766790 665
1766800 663
1766810 663
1766820 660
1766830 658
1766840 658
1766850 653
1766860 652
1766870 652
1766880 648
1766890 642
1766900 642
1766910 638
1766920 637
1766930 637
1766940 637
1766950 641
1766960 644
1766970 644
1766980 650
1766990 655
1767000 655
1767010 662
1767020 668
1767030 668
1767040 672
1767050 675
1767060 675
1767070 677
1767080 678
1767090 678
1767100 679
1767110 681
1767120 681
1767130 684
1767140 685
1767150 685
1767160 688
1767170 691
1767180 694
1767190 694
1767200 698
1767210 700
1767220 700
1767230 701
1767240 703
1767250 703
1767260 705
1767270 707
1767280 707
1767290 708
1767300 710
1767310 710
1767320 712
1767330 713
1767340 713
1767350 715
1767360 716
1767370 716
1767380 718
1767390 719
1767400 719
1767410 720
1767420 721
1767430 721
1767440 722
1767450 722
1767460 723
1767470 723
1767480 724
1767490 724
1767500 724
1767510 724
1767520 725
1767530 725
1767540 726
1767550 727
1767560 727
1767570 728
1767580 729
1767590 729
1767600 730
1767610 731
1767620 731
1767630 732
1767640 733
1767650 733
1767660 735
1767670 736
1767680 736
1767690 738
1767700 740
1767710 740
1767720 742
1767730 744
1767740 746
1767750 746
1767760 748
1767770 750
1767780 750
1767790 752
1767800 755
1767810 755
1767820 757
1767830 759
1767840 759
1767850 761
1767860 764
1767870 764
1767880 766
1767890 769
1767900 769
1767910 772
1767920 775
1767930 775
1767940 778
1767950 780
1767960 780
1767970 782
1767980 784
1767990 784
1768000 787
1768010 788
1768020 790
1768030 790
1768040 792
1768050 794
1768060 794
1768070 796
1768080 797
1768090 797
1768100 799
1768110 800
1768120 800
1768130 801
1768140 803
1768150 803
1768160 804
1768170 805
1768180 805
1768190 806
1768200 808
1768210 808
1768220 809
1768230 811
1768240 811
1768250 812
1768260 813
1768270 813
1768280 814
1768290 815
1768300 816
1768310 816
1768320 818
1768330 819
1768340 819
1768350 820
1768360 821
1768370 821
1768380 823
1768390 824
1768400 824
1768410 825
1768420 826
1768430 826
1768440 827
1768450 829
1768460 829
1768470 830
1768480 831
1768490 831
1768500 831
1768510 831
1768520 831
1768530 831
1768540 831
1768550 832
1768560 832
1768570 833
1768580 834
1768590 834
1768600 836
1768610 838
1768620 838
1768630 839
1768640 841
1768650 841
1768660 843
1768670 845
1768680 845
1768690 847
1768700 849
1768710 849
1768720 851
1768730 853
1768740 853
1768750 855
1768760 856
1768770 856
1768780 858
1768790 860
1768800 860
1768810 862
1768820 864
1768830 866
1768840 866
1768850 869
1768860 872
1768870 872
1768880 873
1768890 875
1768900 875
1768910 877
1768920 880
1768930 880
1768940 883
1768950 886
1768960 886
1768970 889
1768980 892
1768990 892
1769000 895
1769010 896
1769020 896
1769030 899
1769040 903
1769050 903
1769060 906
1769070 909
1769080 909
1769090 913
1769100 916
1769110 919
1769120 919
1769130 922
1769140 925
1769150 925
1769160 928
1769170 930
1769180 930
1769190 932
1769200 934
1769210 934
1769220 936
1769230 938
1769240 938
1769250 940
1769260 942
1769270 942
1769280 945
1769290 947
1769300 947
1769310 949
1769320 952
1769330 952
1769340 953
1769350 955
1769360 955
1769370 957
1769380 960
1769390 963
1769400 963
1769410 966
1769420 968
1769430 968
1769440 971
1769450 973
1769460 973
1769470 976
1769480 979
1769490 979
1769500 983
1769510 985
1769520 985
1769530 987
1769540 990
1769550 990
1769560 992
1769570 994
1769580 994
1769590 997
1769600 998
1769610 998
1769620 1000
1769630 1002
1769640 1002
1769650 1003
1769660 1005
1769670 1007
1769680 1007
1769690 1008
1769700 1010
1769710 1010
1769720 1011
1769730 1012
1769740 1012
1769750 1013
1769760 1015
1769770 1015
1769780 1016
1769790 1017
1769800 1017
1769810 1018
1769820 1020
1769830 1020
1769840 1021
1769850 1023
1769860 1023
1769870 1025
1769880 1026
1769890 1026
1769900 1028
1769910 1028
1769920 1029
1769930 1029
1769940 1029
1769950 1028
1769960 1028
1769970 1027
1769980 1026
1769990 1026
1770000 1026
1770010 1026
1770020 1026
1770030 1026
1770040 1025
1770050 1025
1770060 1024
1770070 1023
1770080 1023
1770090 1022
1770100 1022
1770110 1022
1770120 1022
1770130 1021
1770140 1021
1770150 1022
1770160 1022
1770170 1022
1770180 1023
1770190 1024
1770200 1024
1770210 1024
1770220 1025
1770230 1026
1770240 1026
1770250 1027
1770260 1028
1770270 1028
1770280 1030
1770290 1031
1770300 1031
1770310 1032
1770320 1033
1770330 1033
1770340 1034
1770350 1035
1770360 1035
1770370 1036
1770380 1036
1770390 1036
1770400 1037
1770410 1038
1770420 1038
1770430 1039
1770440 1040
1770450 1040
1770460 1040
1770470 1041
1770480 1040
1770490 1040
1770500 1041
1770510 1040
1770520 1040
1770530 1040
1770540 1040
1770550 1040
1770560 1038
1770570 1037
1770580 1037
1770590 1035
1770600 1033
1770610 1033
1770620 1031
1770630 1029
1770640 1029
1770650 1028
1770660 1026
1770670 1026
1770680 1025
1770690 1023
1770700 1023
1770710 1021
1770720 1019
1770730 1019
1770740 1017
1770750 1013
1770760 1009
1770770 1009
1770780 1005
1770790 1001
1770800 1001
1770810 998
1770820 993
1770830 993
1770840 990
1770850 986
1770860 986
1770870 984
1770880 981
1770890 981
1770900 978
1770910 975
1770920 975
1770930 971
1770940 968
1770950 968
1770960 965
1770970 962
1770980 962
1770990 959
1771000 956
1771010 956
1771020 954
1771030 953
1771040 951
1771050 951
1771060 949
1771070 947
1771080 947
1771090 944
1771100 942
1771110 942
1771120 940
1771130 938
1771140 938
1771150 936
1771160 933
1771170 933
1771180 931
1771190 928
1771200 928
1771210 925
1771220 923
1771230 923
1771240 921
1771250 919
1771260 919
1771270 917
1771280 915
1771290 913
1771300 913
1771310 912
1771320 911
1771330 911
1771340 908
1771350 907
1771360 907
1771370 905
1771380 903
1771390 903
1771400 901
1771410 897
1771420 897
1771430 893
1771440 891
1771450 891
1771460 889
1771470 888
1771480 888
1771490 885
1771500 882
1771510 882
1771520 880
1771530 879
1771540 879
1771550 879
1771560 878
1771570 876
1771580 876
1771590 874
1771600 873
1771610 873
1771620 872
1771630 870
1771640 870
1771650 869
1771660 870
1771670 870
1771680 870
1771690 870
1771700 870
1771710 871
1771720 872
1771730 872
1771740 873
1771750 872
1771760 872
1771770 872
1771780 871
1771790 867
1771800 865
1771810 862
1771820 862
1771830 860
1771840 858
1771850 856
1771860 856
1771870 853
1771880 850
1771890 850
1771900 847
1771910 845
1771920 845
1771930 843
1771940 841
1771950 841
1771960 839
1771970 837
1771980 837
1771990 834
1772000 831
1772010 831
1772020 828
1772030 826
1772040 826
1772050 823
1772060 820
1772070 820
1772080 817
1772090 814
1772100 814
1772110 811
1772120 808
1772130 805
1772140 805
1772150 802
1772160 799
1772170 799
1772180 798
1772190 797
1772200 797
1772210 795
1772220 794
1772230 794
1772240 793
1772250 791
1772260 791
1772270 790
1772280 788
1772290 788
1772300 787
1772310 785
1772320 785
1772330 783
1772340 782
1772350 782
1772360 780
1772370 778
1772380 778
1772390 777
1772400 775
1772410 774
1772420 774
1772430 772
1772440 770
1772450 770
1772460 769
1772470 767
1772480 767
1772490 766
1772500 764
1772510 764
1772520 761
1772530 759
1772540 759
1772550 758
1772560 756
1772570 756
1772580 755
1772590 753
1772600 753
1772610 752
1772620 751
1772630 751
1772640 750
1772650 749
1772660 748
1772670 748
1772680 746
1772690 745
1772700 745
1772710 744
1772720 743
1772730 743
1772740 741
1772750 740
1772760 740
1772770 739
1772780 737
1772790 737
1772800 736
1772810 735
1772820 735
1772830 735
1772840 733
1772850 733
1772860 732
1772870 731
1772880 731
1772890 730
1772900 729
1772910 729
1772920 727
1772930 725
1772940 723
1772950 723
1772960 721
1772970 718
1772980 718
1772990 716
1773000 713
1773010 713
1773020 712
1773030 710
1773040 708
1773050 708
1773060 707
1773070 707
1773080 707
1773090 706
1773100 706
1773110 706
1773120 705
1773130 705
1773140 705
1773150 704
1773160 704
1773170 704
1773180 703
1773190 703
1773200 702
1773210 701
1773220 701
1773230 701
1773240 700
1773250 700
1773260 700
1773270 698
1773280 697
1773290 697
1773300 697
1773310 696
1773320 696
1773330 696
1773340 695
1773350 695
1773360 695
1773370 694
1773380 694
1773390 693
1773400 692
1773410 692
1773420 691
1773430 691
1773440 691
1773450 690
1773460 689
1773470 689
1773480 688
1773490 687
1773500 686
1773510 686
1773520 685
1773530 684
1773540 684
1773550 682
1773560 681
1773570 681
1773580 680
1773590 677
1773600 677
1773610 676
1773620 676
1773630 676
1773640 675
1773650 673
1773660 673
1773670 670
1773680 668
1773690 668
1773700 665
1773710 664
1773720 664
1773730 663
1773740 663
1773750 663
1773760 662
1773770 662
1773780 663
1773790 663
1773800 664
1773810 664
1773820 664
1773830 663
1773840 662
1773850 662
1773860 662
1773870 662
1773880 662
1773890 663
1773900 662
1773910 662
1773920 661
1773930 660
1773940 660
1773950 659
1773960 658
1773970 658
1773980 657
1773990 655
1774000 655
1774010 653
1774020 652
1774030 650
1774040 650
1774050 649
1774060 647
1774070 647
1774080 646
1774090 645
1774100 645
1774110 644
1774120 642
1774130 642
1774140 641
1774150 640
1774160 640
1774170 638
1774180 636
1774190 636
1774200 635
1774210 633
1774220 633
1774230 632
1774240 631
1774250 631
1774260 629
1774270 627
1774280 627
1774290 626
1774300 624
1774310 624
1774320 624
1774330 623
1774340 622
1774350 622
1774360 621
1774370 620
1774380 620
1774390 619
1774400 618
1774410 618
1774420 617
1774430 617
1774440 617
1774450 617
1774460 617
1774470 617
1774480 616
1774490 616
1774500 616
1774510 616
1774520 615
1774530 615
1774540 614
1774550 613
1774560 613
1774570 612
1774580 611
1774590 611
1774600 611
1774610 610
1774620 610
1774630 610
1774640 611
1774650 610
1774660 610
1774670 610
1774680 609
1774690 609
1774700 608
1774710 606
1774720 606
1774730 604
1774740 602
1774750 602
1774760 599
1774770 597
1774780 597
1774790 595
1774800 593
1774810 593
1774820 591
1774830 589
1774840 589
1774850 587
1774860 584
1774870 582
1774880 582
1774890 580
1774900 578
1774910 578
1774920 577
1774930 576
1774940 576
1774950 574
1774960 572
1774970 572
1774980 570
1774990 569
1775000 569
1775010 568
1775020 567
1775030 567
1775040 567
1775050 566
1775060 566
1775070 565
1775080 564
1775090 564
1775100 563
1775110 563
1775120 563
1775130 562
1775140 561
1775150 560
1775160 560
1775170 560
1775180 559
1775190 559
1775200 557
1775210 556
1775220 556
1775230 555
1775240 553
1775250 553
1775260 552
1775270 551
1775280 551
1775290 549
1775300 548
1775310 548
1775320 546
1775330 544
1775340 544
1775350 542
1775360 540
1775370 540
1775380 538
1775390 535
1775400 533
1775410 533
1775420 531
1775430 529
1775440 529
1775450 527
1775460 524
1775470 524
1775480 522
1775490 520
1775500 520
1775510 518
1775520 515
1775530 515
1775540 513
1775550 511
1775560 511
1775570 509
1775580 507
1775590 507
1775600 506
1775610 504
1775620 504
1775630 503
1775640 501
1775650 501
1775660 500
1775670 498
1775680 497
1775690 497
1775700 495
1775710 494
1775720 494
1775730 493
1775740 492
1775750 492
1775760 491
1775770 490
1775780 490
1775790 488
1775800 485
1775810 485
1775820 483
1775830 483
1775840 483
1775850 481
1775860 480
1775870 480
1775880 482
1775890 486
1775900 486
1775910 487
1775920 487
1775930 487
1775940 487
1775950 488
1775960 488
1775970 488
1775980 489
1775990 489
1776000 489
1776010 490
1776020 491
1776030 491
1776040 493
1776050 494
1776060 494
1776070 495
1776080 496
1776090 496
1776100 497
1776110 498
1776120 498
1776130 499
1776140 499
1776150 499
1776160 499
1776170 499
1776180 499
1776190 499
1776200 499
1776210 499
1776220 499
1776230 499
1776240 499
1776250 499
1776260 499
1776270 499
1776280 499
1776290 499
1776300 497
1776310 497
1776320 497
1776330 496
1776340 496
1776350 495
1776360 495
1776370 495
1776380 495
1776390 493
1776400 493
1776410 492
1776420 487
1776430 487
1776440 488
1776450 486
1776460 486
1776470 489
1776480 491
1776490 491
1776500 490
1776510 490
1776520 489
1776530 489
1776540 489
1776550 488
1776560 488
1776570 486
1776580 487
1776590 487
1776600 487
1776610 486
1776620 486
1776630 485
1776640 485
1776650 485
1776660 484
1776670 484
1776680 484
1776690 484
1776700 483
1776710 483
1776720 482
1776730 481
1776740 481
1776750 480
1776760 480
1776770 479
1776780 479
1776790 478
1776800 477
1776810 477
1776820 477
1776830 476
1776840 476
1776850 475
1776860 475
1776870 475
1776880 474
1776890 473
1776900 473
1776910 472
1776920 471
1776930 471
1776940 470
1776950 470
1776960 470
1776970 469
1776980 468
1776990 468
1777000 468
1777010 467
1777020 467
1777030 466
1777040 466
1777050 466
1777060 466
1777070 465
1777080 465
1777090 465
1777100 465
1777110 465
1777120 465
1777130 465
1777140 465
1777150 465
1777160 465
1777170 465
1777180 465
1777190 464
1777200 464
1777210 464
1777220 463
1777230 462
1777240 462
1777250 461
1777260 460
1777270 460
1777280 459
1777290 458
1777300 458
1777310 457
1777320 456
1777330 455
1777340 455
1777350 453
1777360 452
1777370 452
1777380 451
1777390 450
1777400 450
1777410 449
1777420 448
1777430 448
1777440 447
1777450 446
1777460 446
1777470 443
1777480 438
1777490 438
1777500 436
1777510 435
1777520 435
1777530 435
1777540 436
1777550 436
1777560 442
1777570 443
1777580 443
1777590 443
1777600 443
1777610 443
1777620 443
1777630 443
1777640 443
1777650 443
1777660 443
1777670 445
1777680 445
1777690 443
1777700 442
1777710 442
1777720 442
1777730 442
1777740 442
1777750 442
1777760 442
1777770 442
1777780 441
1777790 440
1777800 440
1777810 440
1777820 439
1777830 439
1777840 439
1777850 438
1777860 438
1777870 437
1777880 436
1777890 436
1777900 436
1777910 436
1777920 435
1777930 435
1777940 435
1777950 434
1777960 434
1777970 434
1777980 433
1777990 433
1778000 433
1778010 432
1778020 432
1778030 432
1778040 431
1778050 431
1778060 431
1778070 431
1778080 431
1778090 430
1778100 429
1778110 429
1778120 429
1778130 428
1778140 428
1778150 428
1778160 427
1778170 427
1778180 427
1778190 427
1778200 426
1778210 426
1778220 426
1778230 425
1778240 425
1778250 425
1778260 424
1778270 424
1778280 423
1778290 423
1778300 423
1778310 422
1778320 422
1778330 422
1778340 421
1778350 421
1778360 421
1778370 420
1778380 420
1778390 420
1778400 419
1778410 419
1778420 418
1778430 418
1778440 418
1778450 418
1778460 418
1778470 417
1778480 417
1778490 417
1778500 416
1778510 416
1778520 416
1778530 416
1778540 416
1778550 416
1778560 416
1778570 416
1778580 416
1778590 415
1778600 415
1778610 415
1778620 415
1778630 415
1778640 415
1778650 415
1778660 414
1778670 414
1778680 414
1778690 414
1778700 414
1778710 414
1778720 413
1778730 413
1778740 413
1778750 413
1778760 412
1778770 412
1778780 411
1778790 411
1778800 411
1778810 410
1778820 410
1778830 410
1778840 410
1778850 410
1778860 410
1778870 410
1778880 409
1778890 409
1778900 409
1778910 408
1778920 408
1778930 408
1778940 408
1778950 408
1778960 407
1778970 407
1778980 406
1778990 406
1779000 406
1779010 406
1779020 406
1779030 406
1779040 406
1779050 405
1779060 405
1779070 405
1779080 405
1779090 404
1779100 404
1779110 404
1779120 404
1779130 404
1779140 404
1779150 403
1779160 403
1779170 403
1779180 403
1779190 403
1779200 403
1779210 403
1779220 403
1779230 403
1779240 402
1779250 402
1779260 401
1779270 401
1779280 401
1779290 401
1779300 401
1779310 400
1779320 400
1779330 400
1779340 400
1779350 399
1779360 399
1779370 399
1779380 399
1779390 399
1779400 399
1779410 398
1779420 398
1779430 398
1779440 397
1779450 397
1779460 397
1779470 397
1779480 397
1779490 397
1779500 394
1779510 393
1779520 393
1779530 393
1779540 394
1779550 394
1779560 394
1779570 395
1779580 395
1779590 395
1779600 395
1779610 395
1779620 391
1779630 389
1779640 389
1779650 390
1779660 391
1779670 391
1779680 393
1779690 395
1779700 395
1779710 392
1779720 393
1779730 393
1779740 392
1779750 391
1779760 391
1779770 390
1779780 388
1779790 387
1779800 387
1779810 387
1779820 387
1779830 387
1779840 389
1779850 389
1779860 389
1779870 389
1779880 388
1779890 388
1779900 386
1779910 384
1779920 384
1779930 383
1779940 383
1779950 383
1779960 383
1779970 383
1779980 383
1779990 382
