1700000 922
1700010 922
1700020 928
1700030 932
1700040 932
1700050 935
1700060 938
1700070 938
1700080 940
1700090 942
1700100 942
1700110 943
1700120 944
1700130 944
1700140 945
1700150 945
1700160 945
1700170 945
1700180 946
1700190 946
1700200 947
1700210 949
1700220 949
1700230 950
1700240 950
1700250 949
1700260 949
1700270 949
1700280 950
1700290 950
1700300 951
1700310 954
1700320 954
1700330 955
1700340 952
1700350 952
1700360 950
1700370 947
1700380 947
1700390 945
1700400 943
1700410 943
1700420 940
1700430 934
1700440 934
1700450 927
1700460 920
1700470 920
1700480 913
1700490 906
1700500 906
1700510 899
1700520 893
1700530 887
1700540 887
1700550 881
1700560 875
1700570 875
1700580 870
1700590 864
1700600 864
1700610 859
1700620 852
1700630 852
1700640 848
1700650 845
1700660 845
1700670 847
1700680 851
1700690 851
1700700 854
1700710 864
1700720 864
1700730 861
1700740 860
1700750 860
1700760 859
1700770 858
1700780 858
1700790 858
1700800 859
1700810 859
1700820 859
1700830 860
1700840 866
1700850 866
1700860 874
1700870 880
1700880 880
1700890 885
1700900 891
1700910 891
1700920 897
1700930 902
1700940 902
1700950 908
1700960 909
1700970 909
1700980 908
1700990 907
1701000 907
1701010 909
1701020 912
1701030 912
1701040 915
1701050 916
1701060 916
1701070 918
1701080 921
1701090 924
1701100 924
1701110 926
1701120 931
1701130 931
1701140 934
1701150 935
1701160 935
1701170 938
1701180 941
1701190 941
1701200 944
1701210 947
1701220 947
1701230 948
1701240 948
1701250 948
1701260 948
1701270 948
1701280 948
1701290 947
1701300 947
1701310 947
1701320 946
1701330 948
1701340 948
1701350 952
1701360 956
1701370 960
1701380 960
1701390 967
1701400 973
1701410 973
1701420 979
1701430 984
1701440 984
1701450 989
1701460 994
1701470 994
1701480 1000
1701490 1006
1701500 1006
1701510 1011
1701520 1015
1701530 1015
1701540 1023
1701550 1027
1701560 1027
1701570 1028
1701580 1027
1701590 1027
1701600 1027
1701610 1029
1701620 1029
1701630 1030
1701640 1031
1701650 1032
1701660 1032
1701670 1030
1701680 1025
1701690 1025
1701700 1019
1701710 1012
1701720 1012
1701730 1006
1701740 1004
1701750 1004
1701760 1002
1701770 1001
1701780 1001
1701790 998
1701800 996
1701810 996
1701820 995
1701830 994
1701840 994
1701850 993
1701860 991
1701870 991
1701880 991
1701890 991
1701900 991
1701910 988
1701920 982
1701930 976
1701940 976
1701950 969
1701960 962
1701970 962
1701980 953
1701990 961
1702000 961
1702010 962
1702020 964
1702030 964
1702040 966
1702050 968
1702060 968
1702070 970
1702080 973
1702090 973
1702100 977
1702110 981
1702120 981
1702130 986
1702140 991
1702150 991
1702160 993
1702170 997
1702180 1003
1702190 1006
1702200 1010
1702210 1014
1702220 1014
1702230 1018
1702240 1023
1702250 1023
1702260 1028
1702270 1032
1702280 1032
1702290 1036
1702300 1041
1702310 1041
1702320 1045
1702330 1048
1702340 1048
1702350 1050
1702360 1049
1702370 1049
1702380 1045
1702390 1040
1702400 1040
1702410 1036
1702420 1031
1702430 1031
1702440 1026
1702450 1021
1702460 1021
1702470 1016
1702480 1011
1702490 1007
1702500 1007
1702510 1002
1702520 999
1702530 999
1702540 1000
1702550 1001
1702560 1001
1702570 1000
1702580 996
1702590 996
1702600 992
1702610 990
1702620 990
1702630 993
1702640 996
1702650 996
1702660 1000
1702670 1003
1702680 1003
1702690 1007
1702700 1011
1702710 1011
1702720 1014
1702730 1018
1702740 1018
1702750 1022
1702760 1024
1702770 1027
1702780 1027
1702790 1030
1702800 1034
1702810 1034
1702820 1037
1702830 1040
1702840 1040
1702850 1044
1702860 1047
1702870 1047
1702880 1050
1702890 1052
1702900 1052
1702910 1053
1702920 1051
1702930 1051
1702940 1048
1702950 1043
1702960 1043
1702970 1039
1702980 1032
1702990 1032
1703000 1029
1703010 1023
1703020 1023
1703030 1018
1703040 1013
1703050 1009
1703060 1009
1703070 1005
1703080 1002
1703090 1002
1703100 998
1703110 994
1703120 994
1703130 990
1703140 985
1703150 985
1703160 982
1703170 980
1703180 980
1703190 978
1703200 976
1703210 976
1703220 974
1703230 973
1703240 973
1703250 973
1703260 971
1703270 971
1703280 967
1703290 966
1703300 963
1703310 963
1703320 959
1703330 956
1703340 956
1703350 952
1703360 948
1703370 948
1703380 944
1703390 939
1703400 939
1703410 935
1703420 930
1703430 930
1703440 927
1703450 922
1703460 922
1703470 919
1703480 915
1703490 915
1703500 911
1703510 907
1703520 907
1703530 904
1703540 901
1703550 901
1703560 899
1703570 898
1703580 895
1703590 895
1703600 892
1703610 890
1703620 890
1703630 888
1703640 885
1703650 885
1703660 878
1703670 868
1703680 868
1703690 858
1703700 850
1703710 850
1703720 840
1703730 831
1703740 831
1703750 828
1703760 821
1703770 821
1703780 814
1703790 807
1703800 807
1703810 799
1703820 788
1703830 788
1703840 786
1703850 784
1703860 785
1703870 785
1703880 788
1703890 783
1703900 783
1703910 775
1703920 767
1703930 767
1703940 769
1703950 771
1703960 771
1703970 775
1703980 771
1703990 771
1704000 765
1704010 769
1704020 769
1704030 774
1704040 770
1704050 770
1704060 773
1704070 776
1704080 776
1704090 773
1704100 770
1704110 770
1704120 770
1704130 764
1704140 758
1704150 758
1704160 756
1704170 756
1704180 756
1704190 753
1704200 751
1704210 751
1704220 748
1704230 745
1704240 745
1704250 741
1704260 737
1704270 737
1704280 733
1704290 731
1704300 731
1704310 729
1704320 726
1704330 726
1704340 723
1704350 719
1704360 719
1704370 716
1704380 714
1704390 714
1704400 713
1704410 713
1704420 713
1704430 713
1704440 715
1704450 714
1704460 714
1704470 713
1704480 711
1704490 711
1704500 707
1704510 704
1704520 704
1704530 704
1704540 701
1704550 701
1704560 703
1704570 704
1704580 704
1704590 703
1704600 701
1704610 701
1704620 697
1704630 693
1704640 693
1704650 689
1704660 684
1704670 684
1704680 680
1704690 677
1704700 674
1704710 674
1704720 672
1704730 671
1704740 671
1704750 671
1704760 669
1704770 669
1704780 667
1704790 667
1704800 667
1704810 668
1704820 667
1704830 667
1704840 665
1704850 661
1704860 661
1704870 661
1704880 664
1704890 664
1704900 662
1704910 656
1704920 656
1704930 657
1704940 662
1704950 662
1704960 660
1704970 659
1704980 659
1704990 659
1705000 658
1705010 655
1705020 655
1705030 658
1705040 659
1705050 659
1705060 660
1705070 661
1705080 661
1705090 661
1705100 661
1705110 661
1705120 661
1705130 660
1705140 660
1705150 661
1705160 661
1705170 661
1705180 659
1705190 658
1705200 658
1705210 658
1705220 654
1705230 654
1705240 650
1705250 647
1705260 646
1705270 646
1705280 650
1705290 649
1705300 649
1705310 649
1705320 648
1705330 648
1705340 647
1705350 646
1705360 646
1705370 645
1705380 644
1705390 644
1705400 643
1705410 643
1705420 643
1705430 641
1705440 639
1705450 639
1705460 636
1705470 632
1705480 632
1705490 634
1705500 637
1705510 637
1705520 638
1705530 638
1705540 637
1705550 637
1705560 638
1705570 636
1705580 636
1705590 639
1705600 640
1705610 640
1705620 635
1705630 644
1705640 644
1705650 649
1705660 652
1705670 652
1705680 654
1705690 656
1705700 656
1705710 658
1705720 660
1705730 660
1705740 660
1705750 658
1705760 658
1705770 657
1705780 662
1705790 662
1705800 665
1705810 669
1705820 673
1705830 673
1705840 678
1705850 683
1705860 683
1705870 688
1705880 693
1705890 693
1705900 695
1705910 699
1705920 699
1705930 699
1705940 696
1705950 696
1705960 692
1705970 688
1705980 688
1705990 684
1706000 679
1706010 679
1706020 674
1706030 668
1706040 668
1706050 663
1706060 658
1706070 658
1706080 650
1706090 643
1706100 637
1706110 637
1706120 630
1706130 623
1706140 623
1706150 620
1706160 615
1706170 615
1706180 611
1706190 605
1706200 605
1706210 598
1706220 591
1706230 591
1706240 583
1706250 576
1706260 576
1706270 568
1706280 564
1706290 564
1706300 564
1706310 572
1706320 572
1706330 578
1706340 584
1706350 584
1706360 589
1706370 593
1706380 593
1706390 593
1706400 592
1706410 591
1706420 591
1706430 589
1706440 586
1706450 586
1706460 583
1706470 579
1706480 579
1706490 576
1706500 572
1706510 572
1706520 567
1706530 563
1706540 563
1706550 556
1706560 552
1706570 552
1706580 562
1706590 571
1706600 571
1706610 577
1706620 582
1706630 582
1706640 585
1706650 587
1706660 586
1706670 586
1706680 585
1706690 582
1706700 582
1706710 580
1706720 577
1706730 577
1706740 579
1706750 583
1706760 583
1706770 587
1706780 590
1706790 590
1706800 591
1706810 592
1706820 592
1706830 592
1706840 593
1706850 593
1706860 595
1706870 596
1706880 596
1706890 594
1706900 589
1706910 589
1706920 582
1706930 575
1706940 568
1706950 568
1706960 561
1706970 555
1706980 555
1706990 549
1707000 543
1707010 543
1707020 537
1707030 533
1707040 533
1707050 530
1707060 528
1707070 528
1707080 529
1707090 528
1707100 528
1707110 527
1707120 526
1707130 526
1707140 525
1707150 523
1707160 523
1707170 524
1707180 522
1707190 522
1707200 521
1707210 520
1707220 518
1707230 518
1707240 519
1707250 519
1707260 519
1707270 518
1707280 519
1707290 519
1707300 526
1707310 530
1707320 530
1707330 532
1707340 533
1707350 533
1707360 534
1707370 532
1707380 532
1707390 528
1707400 523
1707410 523
1707420 518
1707430 514
1707440 514
1707450 513
1707460 513
1707470 513
1707480 513
1707490 510
1707500 515
1707510 515
1707520 520
1707530 525
1707540 525
1707550 531
1707560 536
1707570 536
1707580 542
1707590 547
1707600 547
1707610 553
1707620 560
1707630 560
1707640 565
1707650 570
1707660 570
1707670 576
1707680 580
1707690 580
1707700 576
1707710 573
1707720 573
1707730 568
1707740 562
1707750 563
1707760 563
1707770 568
1707780 574
1707790 574
1707800 581
1707810 584
1707820 584
1707830 591
1707840 597
1707850 597
1707860 603
1707870 612
1707880 612
1707890 615
1707900 622
1707910 622
1707920 628
1707930 633
1707940 633
1707950 639
1707960 645
1707970 645
1707980 650
1707990 656
1708000 656
1708010 661
1708020 667
1708030 671
1708040 671
1708050 668
1708060 661
1708070 661
1708080 656
1708090 649
1708100 649
1708110 642
1708120 634
1708130 634
1708140 627
1708150 621
1708160 621
1708170 615
1708180 612
1708190 612
1708200 607
1708210 603
1708220 603
1708230 601
1708240 599
1708250 599
1708260 595
1708270 592
1708280 592
1708290 590
1708300 586
1708310 582
1708320 582
1708330 581
1708340 580
1708350 580
1708360 577
1708370 571
1708380 571
1708390 564
1708400 557
1708410 557
1708420 550
1708430 542
1708440 542
1708450 534
1708460 526
1708470 526
1708480 518
1708490 521
1708500 521
1708510 525
1708520 527
1708530 527
1708540 525
1708550 517
1708560 517
1708570 521
1708580 524
1708590 524
1708600 524
1708610 521
1708620 518
1708630 518
1708640 513
1708650 506
1708660 506
1708670 503
1708680 500
1708690 500
1708700 498
1708710 494
1708720 494
1708730 490
1708740 485
1708750 485
1708760 481
1708770 478
1708780 478
1708790 476
1708800 474
1708810 474
1708820 472
1708830 468
1708840 468
1708850 465
1708860 463
1708870 462
1708880 462
1708890 459
1708900 456
1708910 456
1708920 455
1708930 455
1708940 455
1708950 453
1708960 453
1708970 453
1708980 451
1708990 450
1709000 450
1709010 450
1709020 450
1709030 450
1709040 449
1709050 448
1709060 448
1709070 448
1709080 448
1709090 448
1709100 448
1709110 448
1709120 448
1709130 448
1709140 448
1709150 448
1709160 448
1709170 448
1709180 448
1709190 448
1709200 448
1709210 448
1709220 448
1709230 448
1709240 448
1709250 448
1709260 450
1709270 447
1709280 447
1709290 447
1709300 447
1709310 447
1709320 447
1709330 447
1709340 447
1709350 447
1709360 448
1709370 448
1709380 448
1709390 448
1709400 448
1709410 448
1709420 448
1709430 448
1709440 448
1709450 448
1709460 447
1709470 447
1709480 447
1709490 450
1709500 450
1709510 450
1709520 449
1709530 449
1709540 448
1709550 447
1709560 447
1709570 448
1709580 449
1709590 449
1709600 448
1709610 448
1709620 448
1709630 449
1709640 449
1709650 449
1709660 449
1709670 449
1709680 449
1709690 449
1709700 449
1709710 449
1709720 449
1709730 450
1709740 451
1709750 451
1709760 454
1709770 456
1709780 456
1709790 456
1709800 456
1709810 456
1709820 457
1709830 458
1709840 458
1709850 459
1709860 461
1709870 461
1709880 464
1709890 467
1709900 467
1709910 467
1709920 472
1709930 472
1709940 479
1709950 487
1709960 487
1709970 495
1709980 502
1709990 507
1710000 507
1710010 513
1710020 516
1710030 516
1710040 524
1710050 532
1710060 532
1710070 537
1710080 543
1710090 543
1710100 549
1710110 555
1710120 555
1710130 560
1710140 561
1710150 561
1710160 559
1710170 556
1710180 556
1710190 553
1710200 558
1710210 558
1710220 562
1710230 563
1710240 563
1710250 562
1710260 562
1710270 561
1710280 561
1710290 561
1710300 559
1710310 559
1710320 559
1710330 557
1710340 557
1710350 553
1710360 549
1710370 549
1710380 548
1710390 547
1710400 547
1710410 546
1710420 546
1710430 546
1710440 553
1710450 560
1710460 560
1710470 567
1710480 574
1710490 574
1710500 576
1710510 570
1710520 570
1710530 564
1710540 556
1710550 549
1710560 549
1710570 541
1710580 534
1710590 534
1710600 525
1710610 517
1710620 517
1710630 510
1710640 501
1710650 501
1710660 494
1710670 490
1710680 490
1710690 488
1710700 488
1710710 488
1710720 492
1710730 501
1710740 501
1710750 508
1710760 514
1710770 514
1710780 521
1710790 527
1710800 527
1710810 533
1710820 540
1710830 544
1710840 544
1710850 542
1710860 538
1710870 538
1710880 534
1710890 531
1710900 531
1710910 526
1710920 525
1710930 525
1710940 522
1710950 519
1710960 519
1710970 512
1710980 512
1710990 512
1711000 514
1711010 512
1711020 512
1711030 512
1711040 513
1711050 513
1711060 511
1711070 508
1711080 508
1711090 504
1711100 501
1711110 495
1711120 495
1711130 488
1711140 483
1711150 483
1711160 487
1711170 492
1711180 492
1711190 495
1711200 491
1711210 491
1711220 485
1711230 480
1711240 480
1711250 477
1711260 475
1711270 475
1711280 475
1711290 475
1711300 475
1711310 475
1711320 475
1711330 475
1711340 475
1711350 476
1711360 476
1711370 476
1711380 477
1711390 477
1711400 477
1711410 478
1711420 479
1711430 479
1711440 479
1711450 479
1711460 479
1711470 480
1711480 480
1711490 480
1711500 481
1711510 482
1711520 482
1711530 483
1711540 483
1711550 483
1711560 484
1711570 484
1711580 484
1711590 484
1711600 486
1711610 486
1711620 487
1711630 488
1711640 487
1711650 487
1711660 489
1711670 491
1711680 491
1711690 494
1711700 495
1711710 495
1711720 497
1711730 499
1711740 499
1711750 502
1711760 505
1711770 505
1711780 508
1711790 510
1711800 510
1711810 513
1711820 514
1711830 514
1711840 515
1711850 517
1711860 517
1711870 520
1711880 521
1711890 521
1711900 524
1711910 530
1711920 535
1711930 535
1711940 542
1711950 549
1711960 549
1711970 553
1711980 555
1711990 555
1712000 561
1712010 564
1712020 564
1712030 568
1712040 571
1712050 571
1712060 573
1712070 575
1712080 575
1712090 580
1712100 583
1712110 583
1712120 584
1712130 588
1712140 588
1712150 596
1712160 603
1712170 603
1712180 607
1712190 612
1712200 617
1712210 617
1712220 623
1712230 629
1712240 629
1712250 633
1712260 639
1712270 639
1712280 641
1712290 640
1712300 640
1712310 640
1712320 639
1712330 639
1712340 639
1712350 640
1712360 640
1712370 641
1712380 643
1712390 643
1712400 643
1712410 645
1712420 645
1712430 647
1712440 651
1712450 651
1712460 655
1712470 658
1712480 662
1712490 662
1712500 666
1712510 670
1712520 670
1712530 673
1712540 675
1712550 675
1712560 678
1712570 679
1712580 679
1712590 681
1712600 683
1712610 683
1712620 686
1712630 687
1712640 687
1712650 689
1712660 690
1712670 690
1712680 693
1712690 694
1712700 694
1712710 695
1712720 696
1712730 696
1712740 696
1712750 696
1712760 697
1712770 697
1712780 700
1712790 701
1712800 701
1712810 703
1712820 704
1712830 704
1712840 705
1712850 704
1712860 704
1712870 707
1712880 710
1712890 710
1712900 713
1712910 717
1712920 717
1712930 720
1712940 722
1712950 722
1712960 724
1712970 725
1712980 725
1712990 727
1713000 730
1713010 730
1713020 735
1713030 739
1713040 742
1713050 742
1713060 746
1713070 755
1713080 755
1713090 769
1713100 779
1713110 779
1713120 807
1713130 824
1713140 824
1713150 832
1713160 847
1713170 847
1713180 863
1713190 900
1713200 900
1713210 920
1713220 930
1713230 930
1713240 940
1713250 954
1713260 954
1713270 959
1713280 957
1713290 957
1713300 962
1713310 974
1713320 983
1713330 983
1713340 989
1713350 995
1713360 995
1713370 1002
1713380 1007
1713390 1007
1713400 1012
1713410 1017
1713420 1017
1713430 1023
1713440 1029
1713450 1029
1713460 1035
1713470 1042
1713480 1042
1713490 1048
1713500 1055
1713510 1055
1713520 1063
1713530 1070
1713540 1070
1713550 1078
1713560 1085
1713570 1085
1713580 1092
1713590 1098
1713600 1105
1713610 1105
1713620 1111
1713630 1116
1713640 1116
1713650 1123
1713660 1128
1713670 1128
1713680 1133
1713690 1138
1713700 1138
1713710 1144
1713720 1148
1713730 1148
1713740 1152
1713750 1157
1713760 1157
1713770 1162
1713780 1167
1713790 1167
1713800 1152
1713810 1129
1713820 1129
1713830 1108
1713840 1107
1713850 1107
1713860 1116
1713870 1140
1713880 1156
1713890 1156
1713900 1149
1713910 1156
1713920 1156
1713930 1165
1713940 1178
1713950 1178
1713960 1185
1713970 1170
1713980 1170
1713990 1173
1714000 1176
1714010 1176
1714020 1172
1714030 1175
1714040 1175
1714050 1174
1714060 1176
1714070 1176
1714080 1179
1714090 1162
1714100 1162
1714110 1163
1714120 1171
1714130 1171
1714140 1169
1714150 1161
1714160 1163
1714170 1163
1714180 1164
1714190 1161
1714200 1161
1714210 1159
1714220 1157
1714230 1157
1714240 1162
1714250 1172
1714260 1172
1714270 1200
1714280 1203
1714290 1203
1714300 1214
1714310 1232
1714320 1232
1714330 1241
1714340 1248
1714350 1248
1714360 1251
1714370 1255
1714380 1255
1714390 1261
1714400 1266
1714410 1266
1714420 1272
1714430 1275
1714440 1281
1714450 1281
1714460 1284
1714470 1293
1714480 1293
1714490 1298
1714500 1304
1714510 1304
1714520 1312
1714530 1317
1714540 1317
1714550 1318
1714560 1322
1714570 1322
1714580 1328
1714590 1336
1714600 1336
1714610 1342
1714620 1348
1714630 1348
1714640 1352
1714650 1356
1714660 1356
1714670 1363
1714680 1368
1714690 1368
1714700 1376
1714710 1383
1714720 1390
1714730 1390
1714740 1399
1714750 1403
1714760 1403
1714770 1408
1714780 1415
1714790 1415
1714800 1422
1714810 1428
1714820 1428
1714830 1434
1714840 1440
1714850 1440
1714860 1447
1714870 1458
1714880 1458
1714890 1464
1714900 1469
1714910 1469
1714920 1470
1714930 1470
1714940 1470
1714950 1470
1714960 1467
1714970 1467
1714980 1466
1714990 1465
1715000 1463
1715010 1463
1715020 1460
1715030 1455
1715040 1455
1715050 1452
1715060 1453
1715070 1453
1715080 1457
1715090 1459
1715100 1459
1715110 1459
1715120 1457
1715130 1457
1715140 1456
1715150 1454
1715160 1454
1715170 1452
1715180 1451
1715190 1451
1715200 1451
1715210 1452
1715220 1452
1715230 1451
1715240 1451
1715250 1450
1715260 1450
1715270 1450
1715280 1450
1715290 1450
1715300 1446
1715310 1446
1715320 1446
1715330 1446
1715340 1447
1715350 1447
1715360 1448
1715370 1448
1715380 1448
1715390 1415
1715400 1404
1715410 1404
1715420 1391
1715430 1387
1715440 1387
1715450 1383
1715460 1380
1715470 1380
1715480 1377
1715490 1374
1715500 1374
1715510 1371
1715520 1367
1715530 1364
1715540 1364
1715550 1361
1715560 1358
1715570 1358
1715580 1356
1715590 1354
1715600 1354
1715610 1354
1715620 1354
1715630 1354
1715640 1354
1715650 1354
1715660 1354
1715670 1351
1715680 1346
1715690 1346
1715700 1341
1715710 1335
1715720 1335
1715730 1329
1715740 1325
1715750 1325
1715760 1321
1715770 1318
1715780 1318
1715790 1317
1715800 1315
1715810 1312
1715820 1312
1715830 1308
1715840 1303
1715850 1303
1715860 1299
1715870 1293
1715880 1293
1715890 1285
1715900 1279
1715910 1279
1715920 1272
1715930 1267
1715940 1267
1715950 1265
1715960 1263
1715970 1263
1715980 1263
1715990 1262
1716000 1262
1716010 1262
1716020 1262
1716030 1262
1716040 1260
1716050 1258
1716060 1258
1716070 1255
1716080 1252
1716090 1247
1716100 1247
1716110 1242
1716120 1235
1716130 1235
1716140 1228
1716150 1219
1716160 1219
1716170 1214
1716180 1207
1716190 1207
1716200 1200
1716210 1195
1716220 1195
1716230 1190
1716240 1185
1716250 1185
1716260 1180
1716270 1177
1716280 1177
1716290 1175
1716300 1174
1716310 1174
1716320 1172
1716330 1170
1716340 1170
1716350 1168
1716360 1166
1716370 1164
1716380 1164
1716390 1161
1716400 1158
1716410 1158
1716420 1154
1716430 1150
1716440 1150
1716450 1145
1716460 1139
1716470 1139
1716480 1133
1716490 1126
1716500 1126
1716510 1119
1716520 1106
1716530 1106
1716540 1096
1716550 1088
1716560 1088
1716570 1080
1716580 1074
1716590 1074
1716600 1071
1716610 1069
1716620 1069
1716630 1066
1716640 1066
1716650 1064
1716660 1064
1716670 1064
1716680 1066
1716690 1066
1716700 1065
1716710 1058
1716720 1058
1716730 1050
1716740 1048
1716750 1048
1716760 1055
1716770 1060
1716780 1060
1716790 1060
1716800 1056
1716810 1056
1716820 1050
1716830 1042
1716840 1042
1716850 1034
1716860 1028
1716870 1028
1716880 1022
1716890 1020
1716900 1020
1716910 1009
1716920 1006
1716930 1009
1716940 1009
1716950 1011
1716960 1015
1716970 1015
1716980 1017
1716990 1017
1717000 1017
1717010 1018
1717020 1023
1717030 1023
1717040 1031
1717050 1040
1717060 1040
1717070 1049
1717080 1056
1717090 1056
1717100 1064
1717110 1072
1717120 1072
1717130 1081
1717140 1088
1717150 1088
1717160 1091
1717170 1094
1717180 1094
1717190 1098
1717200 1102
1717210 1107
1717220 1107
1717230 1111
1717240 1116
1717250 1116
1717260 1119
1717270 1124
1717280 1124
1717290 1125
1717300 1126
1717310 1126
1717320 1125
1717330 1125
1717340 1125
1717350 1122
1717360 1117
1717370 1117
1717380 1112
1717390 1107
1717400 1107
1717410 1101
1717420 1096
1717430 1096
1717440 1090
1717450 1084
1717460 1084
1717470 1078
1717480 1073
1717490 1067
1717500 1067
1717510 1061
1717520 1055
1717530 1055
1717540 1050
1717550 1043
1717560 1043
1717570 1037
1717580 1032
1717590 1032
1717600 1025
1717610 1018
1717620 1018
1717630 1012
1717640 1006
1717650 1006
1717660 1000
1717670 999
1717680 999
1717690 1000
1717700 999
1717710 999
1717720 998
1717730 994
1717740 994
1717750 991
1717760 985
1717770 979
1717780 979
1717790 977
1717800 981
1717810 981
1717820 987
1717830 994
1717840 994
1717850 1000
1717860 1004
1717870 1004
1717880 1007
1717890 1011
1717900 1011
1717910 1014
1717920 1018
1717930 1018
1717940 1023
1717950 1026
1717960 1026
1717970 1031
1717980 1035
1717990 1035
1718000 1039
1718010 1042
1718020 1042
1718030 1049
1718040 1053
1718050 1055
1718060 1055
1718070 1057
1718080 1058
1718090 1058
1718100 1055
1718110 1050
1718120 1050
1718130 1045
1718140 1041
1718150 1041
1718160 1037
1718170 1033
1718180 1033
1718190 1029
1718200 1026
1718210 1026
1718220 1022
1718230 1018
1718240 1018
1718250 1013
1718260 1009
1718270 1009
1718280 1008
1718290 1010
1718300 1010
1718310 1012
1718320 1014
1718330 1017
1718340 1017
1718350 1021
1718360 1025
1718370 1025
1718380 1028
1718390 1032
1718400 1032
1718410 1036
1718420 1040
1718430 1040
1718440 1044
1718450 1047
1718460 1047
1718470 1050
1718480 1053
1718490 1053
1718500 1057
1718510 1061
1718520 1061
1718530 1065
1718540 1065
1718550 1065
1718560 1062
1718570 1058
1718580 1058
1718590 1054
1718600 1049
1718610 1045
1718620 1045
1718630 1040
1718640 1035
1718650 1035
1718660 1030
1718670 1025
1718680 1025
1718690 1018
1718700 1014
1718710 1014
1718720 1008
1718730 1002
1718740 1002
1718750 996
1718760 990
1718770 990
1718780 984
1718790 978
1718800 978
1718810 972
1718820 966
1718830 966
1718840 960
1718850 954
1718860 954
1718870 947
1718880 941
1718890 934
1718900 934
1718910 927
1718920 919
1718930 919
1718940 914
1718950 906
1718960 906
1718970 898
1718980 889
1718990 889
1719000 888
1719010 892
1719020 892
1719030 893
1719040 895
1719050 895
1719060 897
1719070 900
1719080 900
1719090 903
1719100 908
1719110 908
1719120 912
1719130 916
1719140 922
1719150 922
1719160 926
1719170 930
1719180 930
1719190 935
1719200 939
1719210 939
1719220 942
1719230 935
1719240 935
1719250 930
1719260 921
1719270 921
1719280 914
1719290 908
1719300 908
1719310 901
1719320 895
1719330 895
1719340 887
1719350 878
1719360 878
1719370 880
1719380 883
1719390 883
1719400 888
1719410 893
1719420 898
1719430 898
1719440 904
1719450 910
1719460 910
1719470 916
1719480 921
1719490 921
1719500 927
1719510 931
1719520 931
1719530 932
1719540 931
1719550 931
1719560 930
1719570 930
1719580 930
1719590 933
1719600 937
1719610 937
1719620 939
1719630 938
1719640 938
1719650 937
1719660 935
1719670 935
1719680 934
1719690 933
1719700 930
1719710 930
1719720 927
1719730 924
1719740 924
1719750 920
1719760 916
1719770 916
1719780 913
1719790 912
1719800 912
1719810 911
1719820 908
1719830 908
1719840 905
1719850 898
1719860 898
1719870 902
1719880 908
1719890 908
1719900 913
1719910 919
1719920 919
1719930 925
1719940 932
1719950 932
1719960 938
1719970 944
1719980 950
1719990 950
