1760000 578
1760010 577
1760020 577
1760030 576
1760040 575
1760050 575
1760060 574
1760070 574
1760080 573
1760090 573
1760100 572
1760110 572
1760120 572
1760130 571
1760140 571
1760150 571
1760160 570
1760170 570
1760180 570
1760190 569
1760200 569
1760210 569
1760220 569
1760230 568
1760240 568
1760250 568
1760260 568
1760270 568
1760280 567
1760290 567
1760300 567
1760310 567
1760320 568
1760330 568
1760340 568
1760350 569
1760360 569
1760370 569
1760380 570
1760390 570
1760400 570
1760410 571
1760420 571
1760430 571
1760440 572
1760450 572
1760460 572
1760470 571
1760480 569
1760490 569
1760500 567
1760510 565
1760520 565
1760530 562
1760540 559
1760550 559
1760560 555
1760570 552
1760580 552
1760590 549
1760600 545
1760610 545
1760620 542
1760630 538
1760640 537
1760650 537
1760660 536
1760670 534
1760680 534
1760690 533
1760700 532
1760710 532
1760720 531
1760730 530
1760740 530
1760750 528
1760760 526
1760770 526
1760780 524
1760790 522
1760800 522
1760810 520
1760820 519
1760830 519
1760840 519
1760850 518
1760860 518
1760870 515
1760880 516
1760890 516
1760900 517
1760910 520
1760920 527
1760930 527
1760940 535
1760950 541
1760960 541
1760970 546
1760980 550
1760990 550
1761000 555
1761010 557
1761020 557
1761030 558
1761040 559
1761050 559
1761060 560
1761070 561
1761080 561
1761090 561
1761100 562
1761110 562
1761120 562
1761130 561
1761140 561
1761150 562
1761160 561
1761170 561
1761180 561
1761190 562
1761200 563
1761210 563
1761220 563
1761230 564
1761240 564
1761250 565
1761260 566
1761270 566
1761280 567
1761290 569
1761300 569
1761310 570
1761320 570
1761330 570
1761340 571
1761350 572
1761360 572
1761370 574
1761380 575
1761390 575
1761400 576
1761410 577
1761420 577
1761430 579
1761440 580
1761450 580
1761460 581
1761470 582
1761480 583
1761490 583
1761500 584
1761510 586
1761520 586
1761530 587
1761540 589
1761550 589
1761560 590
1761570 592
1761580 592
1761590 593
1761600 594
1761610 594
1761620 595
1761630 596
1761640 596
1761650 596
1761660 596
1761670 596
1761680 593
1761690 589
1761700 589
1761710 586
1761720 579
1761730 579
1761740 575
1761750 573
1761760 569
1761770 569
1761780 570
1761790 570
1761800 570
1761810 572
1761820 576
1761830 576
1761840 581
1761850 586
1761860 586
1761870 592
1761880 596
1761890 596
1761900 598
1761910 602
1761920 602
1761930 604
1761940 607
1761950 607
1761960 610
1761970 613
1761980 613
1761990 615
1762000 617
1762010 617
1762020 619
1762030 621
1762040 623
1762050 623
1762060 625
1762070 626
1762080 626
1762090 629
1762100 630
1762110 630
1762120 633
1762130 636
1762140 636
1762150 638
1762160 641
1762170 641
1762180 643
1762190 645
1762200 645
1762210 646
1762220 648
1762230 648
1762240 649
1762250 651
1762260 651
1762270 652
1762280 653
1762290 653
1762300 654
1762310 655
1762320 656
1762330 656
1762340 655
1762350 656
1762360 656
1762370 658
1762380 659
1762390 659
1762400 661
1762410 662
1762420 662
1762430 664
1762440 666
1762450 666
1762460 666
1762470 667
1762480 667
1762490 668
1762500 669
1762510 669
1762520 669
1762530 671
1762540 671
1762550 671
1762560 673
1762570 673
1762580 674
1762590 674
1762600 675
1762610 675
1762620 677
1762630 678
1762640 678
1762650 678
1762660 679
1762670 679
1762680 682
1762690 685
1762700 685
1762710 687
1762720 689
1762730 689
1762740 692
1762750 695
1762760 695
1762770 698
1762780 702
1762790 702
1762800 704
1762810 707
1762820 707
1762830 710
1762840 712
1762850 712
1762860 714
1762870 716
1762880 719
1762890 719
1762900 720
1762910 722
1762920 722
1762930 724
1762940 726
1762950 726
1762960 729
1762970 731
1762980 731
1762990 733
1763000 736
1763010 736
1763020 739
1763030 741
1763040 741
1763050 742
1763060 744
1763070 744
1763080 745
1763090 746
1763100 746
1763110 747
1763120 747
1763130 747
1763140 748
1763150 749
1763160 750
1763170 750
1763180 751
1763190 751
1763200 751
1763210 752
1763220 754
1763230 754
1763240 755
1763250 756
1763260 756
1763270 758
1763280 760
1763290 760
1763300 763
1763310 765
1763320 765
1763330 767
1763340 769
1763350 769
1763360 770
1763370 771
1763380 771
1763390 772
1763400 774
1763410 774
1763420 775
1763430 775
1763440 775
1763450 775
1763460 774
1763470 773
1763480 773
1763490 772
1763500 771
1763510 771
1763520 770
1763530 769
1763540 769
1763550 769
1763560 769
1763570 769
1763580 769
1763590 768
1763600 768
1763610 768
1763620 767
1763630 767
1763640 765
1763650 763
1763660 763
1763670 761
1763680 759
1763690 759
1763700 760
1763710 761
1763720 766
1763730 766
1763740 763
1763750 765
1763760 765
1763770 765
1763780 766
1763790 766
1763800 766
1763810 766
1763820 766
1763830 766
1763840 766
1763850 766
1763860 765
1763870 764
1763880 764
1763890 763
1763900 762
1763910 762
1763920 761
1763930 760
1763940 760
1763950 759
1763960 758
1763970 758
1763980 756
1763990 755
1764000 753
1764010 753
1764020 750
1764030 748
1764040 748
1764050 745
1764060 743
1764070 743
1764080 742
1764090 740
1764100 740
1764110 739
1764120 738
1764130 738
1764140 738
1764150 736
1764160 736
1764170 737
1764180 740
1764190 740
1764200 742
1764210 743
1764220 743
1764230 743
1764240 744
1764250 744
1764260 744
1764270 745
1764280 745
1764290 745
1764300 745
1764310 746
1764320 746
1764330 747
1764340 747
1764350 747
1764360 747
1764370 745
1764380 745
1764390 736
1764400 730
1764410 730
1764420 724
1764430 719
1764440 719
1764450 714
1764460 716
1764470 716
1764480 721
1764490 727
1764500 727
1764510 732
1764520 739
1764530 739
1764540 746
1764550 744
1764560 747
1764570 747
1764580 749
1764590 750
1764600 750
1764610 751
1764620 753
1764630 753
1764640 756
1764650 759
1764660 759
1764670 763
1764680 766
1764690 766
1764700 769
1764710 772
1764720 772
1764730 776
1764740 778
1764750 778
1764760 781
1764770 782
1764780 782
1764790 782
1764800 784
1764810 784
1764820 785
1764830 785
1764840 785
1764850 785
1764860 785
1764870 784
1764880 784
1764890 784
1764900 784
1764910 784
1764920 784
1764930 784
1764940 784
1764950 783
1764960 782
1764970 782
1764980 781
1764990 781
1765000 781
1765010 781
1765020 783
1765030 783
1765040 785
1765050 787
1765060 787
1765070 788
1765080 790
1765090 790
1765100 791
1765110 793
1765120 794
1765130 794
1765140 796
1765150 797
1765160 797
1765170 799
1765180 800
1765190 800
1765200 801
1765210 803
1765220 803
1765230 805
1765240 807
1765250 807
1765260 809
1765270 811
1765280 811
1765290 813
1765300 815
1765310 815
1765320 817
1765330 820
1765340 820
1765350 822
1765360 824
1765370 824
1765380 826
1765390 829
1765400 831
1765410 831
1765420 832
1765430 833
1765440 833
1765450 835
1765460 836
1765470 836
1765480 837
1765490 839
1765500 839
1765510 842
1765520 843
1765530 843
1765540 845
1765550 848
1765560 848
1765570 851
1765580 854
1765590 854
1765600 857
1765610 860
1765620 860
1765630 863
1765640 865
1765650 865
1765660 868
1765670 870
1765680 873
1765690 873
1765700 875
1765710 877
1765720 877
1765730 878
1765740 878
1765750 878
1765760 881
1765770 884
1765780 884
1765790 888
1765800 891
1765810 891
1765820 893
1765830 896
1765840 896
1765850 899
1765860 901
1765870 901
1765880 906
1765890 908
1765900 908
1765910 911
1765920 914
1765930 914
1765940 916
1765950 919
1765960 922
1765970 922
1765980 925
1765990 928
1766000 928
1766010 931
1766020 935
1766030 935
1766040 939
1766050 944
1766060 944
1766070 949
1766080 951
1766090 951
1766100 956
1766110 959
1766120 959
1766130 962
1766140 964
1766150 964
1766160 967
1766170 970
1766180 970
1766190 972
1766200 975
1766210 975
1766220 978
1766230 983
1766240 985
1766250 985
1766260 988
1766270 991
1766280 991
1766290 995
1766300 999
1766310 999
1766320 1002
1766330 1005
1766340 1005
1766350 1008
1766360 1010
1766370 1010
1766380 1012
1766390 1013
1766400 1014
1766410 1016
1766420 1018
1766430 1018
1766440 1020
1766450 1022
1766460 1022
1766470 1024
1766480 1026
1766490 1029
1766500 1029
1766510 1031
1766520 1033
1766530 1033
1766540 1036
1766550 1037
1766560 1037
1766570 1039
1766580 1041
1766590 1041
1766600 1043
1766610 1043
1766620 1043
1766630 1042
1766640 1043
1766650 1043
1766660 1042
1766670 1042
1766680 1042
1766690 1041
1766700 1040
1766710 1040
1766720 1039
1766730 1038
1766740 1038
1766750 1037
1766760 1034
1766770 1030
1766780 1030
1766790 1027
1766800 1022
1766810 1022
1766820 1016
1766830 1011
1766840 1011
1766850 1008
1766860 1006
1766870 1006
1766880 1003
1766890 1001
1766900 1001
1766910 999
1766920 997
1766930 997
1766940 995
1766950 995
1766960 995
1766970 993
1766980 992
1766990 992
1767000 991
1767010 990
1767020 990
1767030 989
1767040 987
1767050 986
1767060 986
1767070 984
1767080 981
1767090 981
1767100 978
1767110 975
1767120 975
1767130 971
1767140 969
1767150 969
1767160 964
1767170 962
1767180 962
1767190 959
1767200 957
1767210 957
1767220 955
1767230 952
1767240 952
1767250 950
1767260 947
1767270 947
1767280 943
1767290 939
1767300 939
1767310 937
1767320 932
1767330 928
1767340 928
1767350 921
1767360 915
1767370 915
1767380 907
1767390 902
1767400 902
1767410 900
1767420 898
1767430 898
1767440 897
1767450 898
1767460 898
1767470 895
1767480 890
1767490 890
1767500 884
1767510 880
1767520 880
1767530 877
1767540 880
1767550 880
1767560 885
1767570 891
1767580 891
1767590 896
1767600 901
1767610 905
1767620 905
1767630 910
1767640 915
1767650 915
1767660 920
1767670 925
1767680 925
1767690 930
1767700 936
1767710 935
1767720 941
1767730 946
1767740 946
1767750 952
1767760 956
1767770 956
1767780 961
1767790 965
1767800 965
1767810 969
1767820 973
1767830 973
1767840 977
1767850 980
1767860 980
1767870 983
1767880 986
1767890 989
1767900 989
1767910 993
1767920 996
1767930 996
1767940 998
1767950 1001
1767960 1001
1767970 1003
1767980 1006
1767990 1006
1768000 1010
1768010 1012
1768020 1012
1768030 1015
1768040 1018
1768050 1018
1768060 1021
1768070 1023
1768080 1023
1768090 1027
1768100 1030
1768110 1030
1768120 1033
1768130 1035
1768140 1035
1768150 1038
1768160 1040
1768170 1043
1768180 1043
1768190 1046
1768200 1048
1768210 1048
1768220 1052
1768230 1054
1768240 1054
1768250 1057
1768260 1061
1768270 1061
1768280 1064
1768290 1067
1768300 1067
1768310 1070
1768320 1073
1768330 1073
1768340 1076
1768350 1079
1768360 1079
1768370 1082
1768380 1085
1768390 1085
1768400 1089
1768410 1090
1768420 1090
1768430 1094
1768440 1097
1768450 1100
1768460 1100
1768470 1103
1768480 1106
1768490 1106
1768500 1109
1768510 1111
1768520 1111
1768530 1114
1768540 1117
1768550 1117
1768560 1119
1768570 1122
1768580 1122
1768590 1125
1768600 1127
1768610 1127
1768620 1130
1768630 1133
1768640 1133
1768650 1135
1768660 1138
1768670 1138
1768680 1140
1768690 1142
1768700 1142
1768710 1145
1768720 1147
1768730 1150
1768740 1150
1768750 1151
1768760 1153
1768770 1153
1768780 1156
1768790 1158
1768800 1158
1768810 1158
1768820 1158
1768830 1158
1768840 1157
1768850 1157
1768860 1157
1768870 1156
1768880 1155
1768890 1155
1768900 1154
1768910 1153
1768920 1153
1768930 1152
1768940 1150
1768950 1150
1768960 1148
1768970 1146
1768980 1146
1768990 1144
1769000 1142
1769010 1140
1769020 1140
1769030 1137
1769040 1135
1769050 1135
1769060 1133
1769070 1131
1769080 1131
1769090 1128
1769100 1126
1769110 1126
1769120 1124
1769130 1122
1769140 1122
1769150 1119
1769160 1117
1769170 1117
1769180 1115
1769190 1113
1769200 1113
1769210 1111
1769220 1109
1769230 1109
1769240 1106
1769250 1103
1769260 1103
1769270 1099
1769280 1096
1769290 1094
1769300 1094
1769310 1091
1769320 1089
1769330 1089
1769340 1087
1769350 1084
1769360 1084
1769370 1081
1769380 1079
1769390 1079
1769400 1076
1769410 1074
1769420 1074
1769430 1071
1769440 1069
1769450 1069
1769460 1068
1769470 1066
1769480 1066
1769490 1064
1769500 1063
1769510 1063
1769520 1061
1769530 1059
1769540 1059
1769550 1055
1769560 1053
1769570 1050
1769580 1050
1769590 1048
1769600 1045
1769610 1045
1769620 1043
1769630 1040
1769640 1040
1769650 1037
1769660 1034
1769670 1034
1769680 1032
1769690 1028
1769700 1028
1769710 1023
1769720 1019
1769730 1019
1769740 1016
1769750 1013
1769760 1013
1769770 1009
1769780 1006
1769790 1006
1769800 1002
1769810 1000
1769820 1000
1769830 996
1769840 992
1769850 990
1769860 990
1769870 989
1769880 988
1769890 988
1769900 987
1769910 986
1769920 986
1769930 984
1769940 982
1769950 982
1769960 978
1769970 977
1769980 977
1769990 974
1770000 971
1770010 971
1770020 968
1770030 965
1770040 965
1770050 963
1770060 961
1770070 961
1770080 960
1770090 957
1770100 957
1770110 955
1770120 953
1770130 951
1770140 951
1770150 948
1770160 945
1770170 945
1770180 942
1770190 940
1770200 940
1770210 936
1770220 933
1770230 933
1770240 928
1770250 924
1770260 924
1770270 921
1770280 917
1770290 915
1770300 912
1770310 909
1770320 909
1770330 906
1770340 903
1770350 903
1770360 900
1770370 898
1770380 898
1770390 897
1770400 896
1770410 896
1770420 896
1770430 894
1770440 892
1770450 892
1770460 890
1770470 889
1770480 889
1770490 888
1770500 885
1770510 885
1770520 883
1770530 880
1770540 880
1770550 878
1770560 876
1770570 876
1770580 874
1770590 872
1770600 872
1770610 870
1770620 867
1770630 867
1770640 865
1770650 862
1770660 862
1770670 861
1770680 859
1770690 857
1770700 857
1770710 855
1770720 853
1770730 853
1770740 852
1770750 851
1770760 851
1770770 850
1770780 847
1770790 847
1770800 843
1770810 838
1770820 838
1770830 834
1770840 831
1770850 831
1770860 829
1770870 828
1770880 828
1770890 827
1770900 825
1770910 825
1770920 824
1770930 822
1770940 822
1770950 820
1770960 818
1770970 816
1770980 816
1770990 814
1771000 812
1771010 812
1771020 810
1771030 809
1771040 809
1771050 807
1771060 806
1771070 806
1771080 804
1771090 803
1771100 803
1771110 801
1771120 799
1771130 799
1771140 798
1771150 795
1771160 795
1771170 793
1771180 792
1771190 792
1771200 790
1771210 788
1771220 788
1771230 787
1771240 785
1771250 784
1771260 784
1771270 782
1771280 780
1771290 780
1771300 779
1771310 777
1771320 777
1771330 776
1771340 775
1771350 775
1771360 773
1771370 772
1771380 772
1771390 771
1771400 770
1771410 770
1771420 768
1771430 767
1771440 767
1771450 766
1771460 765
1771470 765
1771480 763
1771490 762
1771500 762
1771510 761
1771520 760
1771530 759
1771540 759
1771550 756
1771560 755
1771570 755
1771580 752
1771590 751
1771600 751
1771610 749
1771620 747
1771630 747
1771640 745
1771650 743
1771660 743
1771670 740
1771680 738
1771690 738
1771700 736
1771710 732
1771720 732
1771730 730
1771740 726
1771750 726
1771760 723
1771770 719
1771780 719
1771790 717
1771800 713
1771810 709
1771820 709
1771830 701
1771840 694
1771850 694
1771860 691
1771870 694
1771880 694
1771890 698
1771900 701
1771910 701
1771920 704
1771930 707
1771940 707
1771950 709
1771960 711
1771970 711
1771980 714
1771990 716
1772000 716
1772010 718
1772020 718
1772030 718
1772040 717
1772050 715
1772060 715
1772070 714
1772080 713
1772090 712
1772100 712
1772110 711
1772120 710
1772130 710
1772140 708
1772150 707
1772160 707
1772170 706
1772180 705
1772190 705
1772200 704
1772210 703
1772220 703
1772230 702
1772240 701
1772250 701
1772260 701
1772270 700
1772280 700
1772290 699
1772300 698
1772310 698
1772320 698
1772330 697
1772340 697
1772350 696
1772360 696
1772370 695
1772380 695
1772390 694
1772400 693
1772410 693
1772420 692
1772430 691
1772440 691
1772450 690
1772460 689
1772470 689
1772480 688
1772490 686
1772500 686
1772510 686
1772520 686
1772530 686
1772540 684
1772550 683
1772560 683
1772570 682
1772580 680
1772590 680
1772600 680
1772610 680
1772620 680
1772630 679
1772640 678
1772650 676
1772660 676
1772670 674
1772680 675
1772690 675
1772700 676
1772710 675
1772720 675
1772730 676
1772740 677
1772750 677
1772760 678
1772770 678
1772780 678
1772790 679
1772800 682
1772810 682
1772820 683
1772830 683
1772840 683
1772850 684
1772860 684
1772870 684
1772880 685
1772890 685
1772900 685
1772910 686
1772920 686
1772930 686
1772940 686
1772950 687
1772960 687
1772970 687
1772980 688
1772990 688
1773000 688
1773010 689
1773020 690
1773030 690
1773040 691
1773050 692
1773060 692
1773070 693
1773080 693
1773090 693
1773100 693
1773110 693
1773120 693
1773130 693
1773140 693
1773150 693
1773160 692
1773170 690
1773180 690
1773190 689
1773200 688
1773210 688
1773220 688
1773230 687
1773240 685
1773250 685
1773260 681
1773270 679
1773280 679
1773290 677
1773300 674
1773310 674
1773320 670
1773330 666
1773340 666
1773350 663
1773360 660
1773370 660
1773380 657
1773390 655
1773400 655
1773410 652
1773420 650
1773430 650
1773440 647
1773450 645
1773460 645
1773470 643
1773480 641
1773490 638
1773500 638
1773510 636
1773520 633
1773530 633
1773540 628
1773550 628
1773560 628
1773570 625
1773580 623
1773590 623
1773600 621
1773610 619
1773620 619
1773630 617
1773640 615
1773650 615
1773660 613
1773670 611
1773680 611
1773690 609
1773700 607
1773710 607
1773720 606
1773730 604
1773740 604
1773750 601
1773760 600
1773770 599
1773780 599
1773790 598
1773800 596
1773810 596
1773820 594
1773830 592
1773840 592
1773850 590
1773860 588
1773870 588
1773880 586
1773890 584
1773900 584
1773910 582
1773920 580
1773930 580
1773940 578
1773950 576
1773960 576
1773970 575
1773980 572
1773990 572
1774000 570
1774010 569
1774020 569
1774030 563
1774040 562
1774050 559
1774060 559
1774070 557
1774080 556
1774090 556
1774100 554
1774110 554
1774120 554
1774130 552
1774140 551
1774150 551
1774160 548
1774170 546
1774180 546
1774190 545
1774200 545
1774210 545
1774220 542
1774230 539
1774240 539
1774250 539
1774260 540
1774270 540
1774280 535
1774290 529
1774300 529
1774310 524
1774320 521
1774330 521
1774340 521
1774350 520
1774360 516
1774370 516
1774380 515
1774390 516
1774400 516
1774410 516
1774420 515
1774430 515
1774440 513
1774450 511
1774460 511
1774470 511
1774480 511
1774490 511
1774500 510
1774510 510
1774520 510
1774530 509
1774540 510
1774550 510
1774560 512
1774570 515
1774580 515
1774590 517
1774600 519
1774610 521
1774620 521
1774630 525
1774640 526
1774650 526
1774660 527
1774670 528
1774680 528
1774690 530
1774700 531
1774710 531
1774720 532
1774730 533
1774740 533
1774750 533
1774760 532
1774770 532
1774780 532
1774790 532
1774800 532
1774810 532
1774820 531
1774830 531
1774840 531
1774850 531
1774860 531
1774870 531
1774880 532
1774890 532
1774900 532
1774910 532
1774920 532
1774930 532
1774940 532
1774950 531
1774960 531
1774970 532
1774980 533
1774990 533
1775000 533
1775010 533
1775020 533
1775030 534
1775040 534
1775050 534
1775060 533
1775070 532
1775080 532
1775090 530
1775100 528
1775110 528
1775120 527
1775130 526
1775140 526
1775150 523
1775160 514
1775170 513
1775180 513
1775190 514
1775200 518
1775210 518
1775220 520
1775230 521
1775240 521
1775250 523
1775260 525
1775270 525
1775280 526
1775290 528
1775300 528
1775310 528
1775320 529
1775330 529
1775340 531
1775350 534
1775360 534
1775370 535
1775380 537
1775390 537
1775400 539
1775410 542
1775420 542
1775430 543
1775440 545
1775450 546
1775460 546
1775470 547
1775480 547
1775490 547
1775500 546
1775510 544
1775520 544
1775530 543
1775540 542
1775550 542
1775560 541
1775570 539
1775580 539
1775590 538
1775600 536
1775610 536
1775620 534
1775630 533
1775640 533
1775650 531
1775660 530
1775670 530
1775680 529
1775690 524
1775700 517
1775710 517
1775720 516
1775730 521
1775740 521
1775750 525
1775760 526
1775770 526
1775780 526
1775790 527
1775800 527
1775810 528
1775820 528
1775830 528
1775840 530
1775850 531
1775860 531
1775870 530
1775880 531
1775890 531
1775900 532
1775910 532
1775920 532
1775930 531
1775940 530
1775950 530
1775960 529
1775970 529
1775980 528
1775990 528
1776000 528
1776010 527
1776020 527
1776030 527
1776040 527
1776050 527
1776060 527
1776070 527
1776080 527
1776090 526
1776100 525
1776110 525
1776120 524
1776130 524
1776140 524
1776150 523
1776160 522
1776170 522
1776180 520
1776190 519
1776200 519
1776210 519
1776220 518
1776230 518
1776240 514
1776250 510
1776260 505
1776270 505
1776280 500
1776290 500
1776300 500
1776310 503
1776320 509
1776330 509
1776340 509
1776350 507
1776360 507
1776370 507
1776380 506
1776390 506
1776400 504
1776410 502
1776420 502
1776430 502
1776440 500
1776450 500
1776460 500
1776470 498
1776480 498
1776490 497
1776500 496
1776510 496
1776520 496
1776530 495
1776540 494
1776550 494
1776560 493
1776570 492
1776580 492
1776590 491
1776600 490
1776610 490
1776620 489
1776630 488
1776640 488
1776650 487
1776660 486
1776670 486
1776680 485
1776690 484
1776700 484
1776710 483
1776720 482
1776730 482
1776740 481
1776750 480
1776760 480
1776770 479
1776780 478
1776790 478
1776800 474
1776810 475
1776820 473
1776830 473
1776840 472
1776850 470
1776860 470
1776870 469
1776880 468
1776890 468
1776900 467
1776910 467
1776920 467
1776930 466
1776940 465
1776950 465
1776960 464
1776970 464
1776980 464
1776990 463
1777000 462
1777010 462
1777020 462
1777030 461
1777040 461
1777050 461
1777060 460
1777070 460
1777080 459
1777090 458
1777100 457
1777110 457
1777120 457
1777130 456
1777140 456
1777150 455
1777160 454
1777170 454
1777180 453
1777190 452
1777200 452
1777210 451
1777220 451
1777230 451
1777240 450
1777250 449
1777260 449
1777270 448
1777280 447
1777290 447
1777300 447
1777310 445
1777320 445
1777330 446
1777340 445
1777350 445
1777360 445
1777370 445
1777380 445
1777390 445
1777400 445
1777410 446
1777420 446
1777430 446
1777440 447
1777450 447
1777460 448
1777470 448
1777480 448
1777490 449
1777500 449
1777510 449
1777520 449
1777530 450
1777540 450
1777550 449
1777560 449
1777570 449
1777580 449
1777590 449
1777600 449
1777610 448
1777620 448
1777630 448
1777640 448
1777650 447
1777660 447
1777670 447
1777680 446
1777690 445
1777700 445
1777710 441
1777720 441
1777730 441
1777740 440
1777750 440
1777760 440
1777770 439
1777780 439
1777790 439
1777800 439
1777810 439
1777820 439
1777830 439
1777840 438
1777850 438
1777860 438
1777870 438
1777880 438
1777890 438
1777900 437
1777910 437
1777920 437
1777930 437
1777940 437
1777950 437
1777960 436
1777970 436
1777980 436
1777990 436
1778000 437
1778010 437
1778020 437
1778030 437
1778040 437
1778050 437
1778060 438
1778070 438
1778080 438
1778090 438
1778100 438
1778110 438
1778120 439
1778130 439
1778140 439
1778150 440
1778160 440
1778170 440
1778180 440
1778190 440
1778200 440
1778210 440
1778220 440
1778230 440
1778240 440
1778250 440
1778260 440
1778270 440
1778280 439
1778290 439
1778300 439
1778310 438
1778320 438
1778330 438
1778340 437
1778350 437
1778360 437
1778370 436
1778380 436
1778390 436
1778400 435
1778410 435
1778420 434
1778430 434
1778440 434
1778450 434
1778460 433
1778470 433
1778480 432
1778490 432
1778500 432
1778510 432
1778520 432
1778530 432
1778540 432
1778550 431
1778560 431
1778570 431
1778580 431
1778590 430
1778600 430
1778610 430
1778620 429
1778630 429
1778640 428
1778650 428
1778660 428
1778670 427
1778680 426
1778690 426
1778700 426
1778710 425
1778720 425
1778730 424
1778740 424
1778750 424
1778760 423
1778770 423
1778780 422
1778790 422
1778800 422
1778810 421
1778820 421
1778830 421
1778840 420
1778850 420
1778860 419
1778870 419
1778880 419
1778890 418
1778900 417
1778910 417
1778920 416
1778930 416
1778940 416
1778950 416
1778960 415
1778970 415
1778980 415
1778990 414
1779000 414
1779010 413
1779020 413
1779030 413
1779040 412
1779050 412
1779060 412
1779070 412
1779080 412
1779090 411
1779100 411
1779110 411
1779120 410
1779130 410
1779140 409
1779150 409
1779160 409
1779170 408
1779180 408
1779190 408
1779200 408
1779210 407
1779220 407
1779230 407
1779240 407
1779250 407
1779260 406
1779270 406
1779280 406
1779290 406
1779300 405
1779310 405
1779320 405
1779330 404
1779340 404
1779350 404
1779360 404
1779370 403
1779380 403
1779390 403
1779400 403
1779410 403
1779420 402
1779430 402
1779440 402
1779450 402
1779460 401
1779470 401
1779480 401
1779490 400
1779500 400
1779510 400
1779520 399
1779530 399
1779540 399
1779550 398
1779560 398
1779570 398
1779580 397
1779590 397
1779600 396
1779610 395
1779620 393
1779630 393
1779640 392
1779650 391
1779660 391
1779670 391
1779680 391
1779690 391
1779700 391
1779710 390
1779720 390
1779730 390
1779740 390
1779750 390
1779760 389
1779770 388
1779780 388
1779790 388
1779800 387
1779810 387
1779820 387
1779830 387
1779840 387
1779850 386
1779860 386
1779870 386
1779880 386
1779890 386
1779900 385
1779910 385
1779920 383
1779930 383
1779940 383
1779950 382
1779960 382
1779970 382
1779980 382
1779990 381
