1700000 846
1700010 840
1700020 840
1700030 850
1700040 856
1700050 856
1700060 859
1700070 863
1700080 863
1700090 866
1700100 870
1700110 870
1700120 872
1700130 873
1700140 873
1700150 876
1700160 880
1700170 880
1700180 886
1700190 888
1700200 888
1700210 894
1700220 899
1700230 899
1700240 904
1700250 910
1700260 910
1700270 916
1700280 920
1700290 923
1700300 923
1700310 924
1700320 925
1700330 925
1700340 924
1700350 925
1700360 925
1700370 926
1700380 927
1700390 927
1700400 926
1700410 922
1700420 922
1700430 917
1700440 912
1700450 912
1700460 907
1700470 903
1700480 903
1700490 896
1700500 890
1700510 890
1700520 886
1700530 883
1700540 883
1700550 881
1700560 880
1700570 878
1700580 878
1700590 873
1700600 866
1700610 866
1700620 860
1700630 852
1700640 852
1700650 843
1700660 835
1700670 835
1700680 827
1700690 818
1700700 818
1700710 808
1700720 800
1700730 800
1700740 802
1700750 807
1700760 807
1700770 810
1700780 815
1700790 815
1700800 819
1700810 822
1700820 822
1700830 820
1700840 816
1700850 813
1700860 813
1700870 811
1700880 807
1700890 807
1700900 803
1700910 802
1700920 802
1700930 800
1700940 797
1700950 797
1700960 793
1700970 788
1700980 788
1700990 782
1701000 776
1701010 776
1701020 770
1701030 763
1701040 763
1701050 757
1701060 752
1701070 752
1701080 748
1701090 745
1701100 745
1701110 740
1701120 734
1701130 731
1701140 731
1701150 728
1701160 739
1701170 739
1701180 742
1701190 740
1701200 740
1701210 735
1701220 729
1701230 729
1701240 721
1701250 718
1701260 718
1701270 715
1701280 718
1701290 718
1701300 731
1701310 744
1701320 744
1701330 748
1701340 748
1701350 748
1701360 746
1701370 745
1701380 745
1701390 743
1701400 737
1701410 730
1701420 730
1701430 726
1701440 721
1701450 721
1701460 718
1701470 713
1701480 713
1701490 708
1701500 703
1701510 703
1701520 697
1701530 694
1701540 694
1701550 690
1701560 689
1701570 689
1701580 688
1701590 687
1701600 687
1701610 692
1701620 697
1701630 697
1701640 702
1701650 706
1701660 706
1701670 712
1701680 718
1701690 724
1701700 724
1701710 727
1701720 722
1701730 722
1701740 715
1701750 709
1701760 709
1701770 701
1701780 694
1701790 694
1701800 686
1701810 678
1701820 678
1701830 669
1701840 655
1701850 655
1701860 652
1701870 653
1701880 653
1701890 657
1701900 663
1701910 663
1701920 666
1701930 668
1701940 668
1701950 668
1701960 666
1701970 660
1701980 660
1701990 657
1702000 655
1702010 655
1702020 652
1702030 649
1702040 649
1702050 642
1702060 638
1702070 638
1702080 637
1702090 635
1702100 635
1702110 637
1702120 639
1702130 639
1702140 639
1702150 639
1702160 639
1702170 641
1702180 648
1702190 648
1702200 656
1702210 664
1702220 664
1702230 672
1702240 681
1702250 690
1702260 690
1702270 698
1702280 703
1702290 703
1702300 707
1702310 714
1702320 714
1702330 717
1702340 720
1702350 720
1702360 723
1702370 723
1702380 723
1702390 721
1702400 717
1702410 717
1702420 715
1702430 713
1702440 713
1702450 711
1702460 705
1702470 705
1702480 697
1702490 689
1702500 689
1702510 681
1702520 678
1702530 680
1702540 680
1702550 681
1702560 684
1702570 684
1702580 687
1702590 692
1702600 692
1702610 693
1702620 697
1702630 697
1702640 699
1702650 705
1702660 705
1702670 709
1702680 715
1702690 715
1702700 722
1702710 728
1702720 728
1702730 733
1702740 722
1702750 722
1702760 711
1702770 705
1702780 705
1702790 695
1702800 683
1702810 683
1702820 672
1702830 663
1702840 662
1702850 662
1702860 670
1702870 676
1702880 676
1702890 682
1702900 686
1702910 686
1702920 689
1702930 693
1702940 693
1702950 695
1702960 697
1702970 697
1702980 697
1702990 704
1703000 704
1703010 709
1703020 714
1703030 714
1703040 720
1703050 726
1703060 726
1703070 732
1703080 737
1703090 737
1703100 742
1703110 742
1703120 734
1703130 734
1703140 729
1703150 727
1703160 727
1703170 726
1703180 725
1703190 725
1703200 725
1703210 725
1703220 725
1703230 724
1703240 724
1703250 724
1703260 727
1703270 729
1703280 729
1703290 732
1703300 736
1703310 736
1703320 738
1703330 743
1703340 743
1703350 749
1703360 747
1703370 747
1703380 746
1703390 748
1703400 752
1703410 752
1703420 756
1703430 761
1703440 761
1703450 765
1703460 770
1703470 770
1703480 776
1703490 776
1703500 776
1703510 769
1703520 763
1703530 763
1703540 755
1703550 747
1703560 747
1703570 739
1703580 731
1703590 731
1703600 724
1703610 717
1703620 717
1703630 709
1703640 704
1703650 704
1703660 697
1703670 690
1703680 684
1703690 684
1703700 680
1703710 677
1703720 677
1703730 672
1703740 665
1703750 665
1703760 657
1703770 648
1703780 648
1703790 646
1703800 647
1703810 647
1703820 645
1703830 649
1703840 649
1703850 651
1703860 651
1703870 651
1703880 654
1703890 656
1703900 656
1703910 659
1703920 660
1703930 660
1703940 661
1703950 660
1703960 656
1703970 656
1703980 653
1703990 650
1704000 650
1704010 647
1704020 645
1704030 645
1704040 641
1704050 637
1704060 637
1704070 633
1704080 629
1704090 629
1704100 625
1704110 624
1704120 624
1704130 630
1704140 635
1704150 635
1704160 641
1704170 651
1704180 651
1704190 660
1704200 667
1704210 667
1704220 674
1704230 681
1704240 689
1704250 689
1704260 697
1704270 705
1704280 705
1704290 712
1704300 719
1704310 719
1704320 725
1704330 731
1704340 731
1704350 735
1704360 737
1704370 737
1704380 741
1704390 747
1704400 747
1704410 749
1704420 752
1704430 752
1704440 757
1704450 761
1704460 761
1704470 764
1704480 766
1704490 766
1704500 768
1704510 770
1704520 776
1704530 776
1704540 781
1704550 787
1704560 787
1704570 792
1704580 798
1704590 798
1704600 802
1704610 807
1704620 807
1704630 811
1704640 810
1704650 810
1704660 806
1704670 803
1704680 803
1704690 799
1704700 796
1704710 796
1704720 793
1704730 791
1704740 791
1704750 788
1704760 786
1704770 786
1704780 782
1704790 775
1704800 767
1704810 767
1704820 763
1704830 756
1704840 756
1704850 751
1704860 745
1704870 745
1704880 742
1704890 741
1704900 741
1704910 742
1704920 745
1704930 745
1704940 747
1704950 751
1704960 751
1704970 755
1704980 759
1704990 759
1705000 763
1705010 766
1705020 766
1705030 771
1705040 774
1705050 774
1705060 781
1705070 788
1705080 795
1705090 795
1705100 801
1705110 806
1705120 806
1705130 810
1705140 814
1705150 814
1705160 819
1705170 822
1705180 822
1705190 826
1705200 825
1705210 825
1705220 819
1705230 814
1705240 814
1705250 807
1705260 800
1705270 800
1705280 790
1705290 786
1705300 786
1705310 778
1705320 771
1705330 771
1705340 764
1705350 759
1705360 759
1705370 752
1705380 743
1705390 748
1705400 748
1705410 757
1705420 762
1705430 762
1705440 764
1705450 766
1705460 766
1705470 770
1705480 775
1705490 775
1705500 780
1705510 788
1705520 788
1705530 796
1705540 804
1705550 804
1705560 809
1705570 814
1705580 814
1705590 816
1705600 818
1705610 818
1705620 817
1705630 825
1705640 825
1705650 831
1705660 832
1705670 834
1705680 834
1705690 837
1705700 841
1705710 841
1705720 844
1705730 847
1705740 847
1705750 850
1705760 855
1705770 855
1705780 857
1705790 852
1705800 852
1705810 845
1705820 838
1705830 838
1705840 831
1705850 824
1705860 824
1705870 817
1705880 810
1705890 810
1705900 803
1705910 797
1705920 797
1705930 791
1705940 785
1705950 779
1705960 779
1705970 772
1705980 766
1705990 766
1706000 759
1706010 753
1706020 753
1706030 749
1706040 744
1706050 744
1706060 741
1706070 742
1706080 742
1706090 745
1706100 745
1706110 745
1706120 744
1706130 745
1706140 745
1706150 749
1706160 749
1706170 749
1706180 749
1706190 749
1706200 749
1706210 749
1706220 749
1706230 748
1706240 748
1706250 747
1706260 747
1706270 747
1706280 747
1706290 747
1706300 747
1706310 747
1706320 747
1706330 747
1706340 748
1706350 750
1706360 750
1706370 752
1706380 749
1706390 749
1706400 748
1706410 745
1706420 745
1706430 743
1706440 737
1706450 737
1706460 738
1706470 741
1706480 741
1706490 743
1706500 747
1706510 749
1706520 749
1706530 743
1706540 737
1706550 737
1706560 731
1706570 725
1706580 725
1706590 718
1706600 712
1706610 712
1706620 707
1706630 700
1706640 700
1706650 693
1706660 687
1706670 687
1706680 681
1706690 674
1706700 674
1706710 672
1706720 675
1706730 675
1706740 676
1706750 677
1706760 677
1706770 677
1706780 679
1706790 681
1706800 681
1706810 683
1706820 686
1706830 686
1706840 688
1706850 691
1706860 691
1706870 693
1706880 694
1706890 694
1706900 693
1706910 692
1706920 692
1706930 692
1706940 690
1706950 690
1706960 686
1706970 679
1706980 679
1706990 672
1707000 666
1707010 666
1707020 662
1707030 661
1707040 661
1707050 663
1707060 666
1707070 669
1707080 669
1707090 672
1707100 673
1707110 673
1707120 672
1707130 668
1707140 668
1707150 663
1707160 655
1707170 655
1707180 648
1707190 640
1707200 640
1707210 633
1707220 625
1707230 625
1707240 618
1707250 611
1707260 611
1707270 605
1707280 604
1707290 604
1707300 604
1707310 603
1707320 603
1707330 601
1707340 595
1707350 585
1707360 585
1707370 581
1707380 573
1707390 573
1707400 567
1707410 562
1707420 562
1707430 556
1707440 550
1707450 550
1707460 544
1707470 539
1707480 539
1707490 535
1707500 530
1707510 530
1707520 525
1707530 518
1707540 518
1707550 511
1707560 508
1707570 508
1707580 503
1707590 497
1707600 497
1707610 488
1707620 484
1707630 479
1707640 479
1707650 474
1707660 466
1707670 466
1707680 462
1707690 461
1707700 461
1707710 457
1707720 453
1707730 453
1707740 454
1707750 455
1707760 455
1707770 454
1707780 450
1707790 450
1707800 449
1707810 449
1707820 449
1707830 449
1707840 449
1707850 449
1707860 449
1707870 449
1707880 449
1707890 449
1707900 449
1707910 449
1707920 449
1707930 449
1707940 451
1707950 451
1707960 451
1707970 451
1707980 451
1707990 451
1708000 452
1708010 452
1708020 451
1708030 451
1708040 451
1708050 451
1708060 451
1708070 451
1708080 451
1708090 452
1708100 452
1708110 452
1708120 453
1708130 453
1708140 453
1708150 453
1708160 453
1708170 453
1708180 453
1708190 453
1708200 453
1708210 453
1708220 453
1708230 453
1708240 453
1708250 453
1708260 453
1708270 453
1708280 453
1708290 453
1708300 452
1708310 452
1708320 452
1708330 452
1708340 452
1708350 452
1708360 452
1708370 452
1708380 452
1708390 452
1708400 452
1708410 452
1708420 453
1708430 456
1708440 456
1708450 455
1708460 451
1708470 451
1708480 451
1708490 452
1708500 452
1708510 452
1708520 453
1708530 453
1708540 453
1708550 454
1708560 455
1708570 455
1708580 459
1708590 463
1708600 463
1708610 464
1708620 466
1708630 466
1708640 472
1708650 478
1708660 478
1708670 486
1708680 494
1708690 494
1708700 505
1708710 509
1708720 509
1708730 514
1708740 519
1708750 519
1708760 523
1708770 530
1708780 538
1708790 538
1708800 547
1708810 556
1708820 556
1708830 563
1708840 570
1708850 570
1708860 577
1708870 582
1708880 582
1708890 583
1708900 582
1708910 582
1708920 578
1708930 573
1708940 573
1708950 568
1708960 563
1708970 563
1708980 555
1708990 551
1709000 551
1709010 549
1709020 547
1709030 547
1709040 541
1709050 544
1709060 540
1709070 540
1709080 545
1709090 544
1709100 544
1709110 545
1709120 545
1709130 545
1709140 547
1709150 547
1709160 547
1709170 546
1709180 548
1709190 548
1709200 550
1709210 550
1709220 550
1709230 550
1709240 553
1709250 553
1709260 556
1709270 561
1709280 561
1709290 565
1709300 570
1709310 570
1709320 573
1709330 577
1709340 587
1709350 587
1709360 594
1709370 601
1709380 601
1709390 607
1709400 612
1709410 612
1709420 621
1709430 627
1709440 627
1709450 635
1709460 641
1709470 641
1709480 648
1709490 655
1709500 655
1709510 662
1709520 670
1709530 670
1709540 677
1709550 685
1709560 685
1709570 693
1709580 699
1709590 699
1709600 706
1709610 712
1709620 717
1709630 717
1709640 722
1709650 728
1709660 728
1709670 733
1709680 731
1709690 731
1709700 724
1709710 717
1709720 717
1709730 710
1709740 703
1709750 703
1709760 696
1709770 691
1709780 693
1709790 688
1709800 681
1709810 681
1709820 675
1709830 679
1709840 679
1709850 680
1709860 683
1709870 683
1709880 687
1709890 691
1709900 695
1709910 695
1709920 698
1709930 699
1709940 699
1709950 702
1709960 704
1709970 704
1709980 706
1709990 704
1710000 704
1710010 700
1710020 694
1710030 694
1710040 689
1710050 679
1710060 679
1710070 676
1710080 674
1710090 674
1710100 666
1710110 661
1710120 661
1710130 655
1710140 650
1710150 650
1710160 645
1710170 640
1710180 634
1710190 634
1710200 629
1710210 624
1710220 624
1710230 618
1710240 611
1710250 611
1710260 604
1710270 596
1710280 596
1710290 589
1710300 581
1710310 581
1710320 574
1710330 567
1710340 567
1710350 560
1710360 553
1710370 553
1710380 548
1710390 541
1710400 541
1710410 534
1710420 527
1710430 527
1710440 520
1710450 513
1710460 513
1710470 504
1710480 496
1710490 488
1710500 488
1710510 482
1710520 477
1710530 477
1710540 477
1710550 477
1710560 477
1710570 476
1710580 476
1710590 476
1710600 477
1710610 477
1710620 477
1710630 476
1710640 476
1710650 476
1710660 476
1710670 474
1710680 474
1710690 477
1710700 479
1710710 479
1710720 486
1710730 490
1710740 490
1710750 491
1710760 493
1710770 494
1710780 494
1710790 494
1710800 495
1710810 495
1710820 496
1710830 494
1710840 494
1710850 494
1710860 499
1710870 499
1710880 502
1710890 504
1710900 504
1710910 508
1710920 513
1710930 513
1710940 519
1710950 525
1710960 525
1710970 530
1710980 536
1710990 536
1711000 541
1711010 549
1711020 549
1711030 555
1711040 561
1711050 567
1711060 567
1711070 574
1711080 579
1711090 579
1711100 586
1711110 592
1711120 592
1711130 597
1711140 603
1711150 603
1711160 608
1711170 611
1711180 611
1711190 611
1711200 610
1711210 610
1711220 608
1711230 607
1711240 607
1711250 607
1711260 607
1711270 607
1711280 605
1711290 605
1711300 605
1711310 606
1711320 605
1711330 606
1711340 606
1711350 609
1711360 613
1711370 613
1711380 619
1711390 624
1711400 624
1711410 631
1711420 637
1711430 637
1711440 643
1711450 649
1711460 649
1711470 656
1711480 663
1711490 663
1711500 670
1711510 679
1711520 679
1711530 686
1711540 695
1711550 695
1711560 703
1711570 710
1711580 710
1711590 717
1711600 724
1711610 731
1711620 731
1711630 737
1711640 741
1711650 741
1711660 743
1711670 744
1711680 744
1711690 746
1711700 749
1711710 749
1711720 751
1711730 754
1711740 754
1711750 755
1711760 756
1711770 756
1711780 759
1711790 763
1711800 763
1711810 768
1711820 772
1711830 772
1711840 772
1711850 773
1711860 773
1711870 779
1711880 785
1711890 790
1711900 790
1711910 794
1711920 798
1711930 798
1711940 802
1711950 806
1711960 806
1711970 811
1711980 815
1711990 815
1712000 821
1712010 826
1712020 826
1712030 833
1712040 833
1712050 833
1712060 838
1712070 843
1712080 843
1712090 848
1712100 851
1712110 851
1712120 856
1712130 860
1712140 860
1712150 864
1712160 866
1712170 869
1712180 869
1712190 872
1712200 875
1712210 875
1712220 877
1712230 879
1712240 879
1712250 879
1712260 881
1712270 881
1712280 885
1712290 890
1712300 890
1712310 894
1712320 899
1712330 899
1712340 904
1712350 909
1712360 909
1712370 913
1712380 917
1712390 917
1712400 922
1712410 927
1712420 927
1712430 933
1712440 939
1712450 946
1712460 946
1712470 953
1712480 958
1712490 958
1712500 964
1712510 971
1712520 971
1712530 978
1712540 989
1712550 989
1712560 1003
1712570 1015
1712580 1015
1712590 1021
1712600 1030
1712610 1030
1712620 1035
1712630 1041
1712640 1041
1712650 1053
1712660 1065
1712670 1065
1712680 1080
1712690 1088
1712700 1088
1712710 1097
1712720 1104
1712730 1094
1712740 1094
1712750 1098
1712760 1104
1712770 1104
1712780 1111
1712790 1124
1712800 1124
1712810 1134
1712820 1142
1712830 1142
1712840 1147
1712850 1147
1712860 1152
1712870 1152
1712880 1152
1712890 1152
1712900 1152
1712910 1152
1712920 1152
1712930 1151
1712940 1150
1712950 1150
1712960 1148
1712970 1148
1712980 1148
1712990 1146
1713000 1144
1713010 1143
1713020 1143
1713030 1141
1713040 1140
1713050 1140
1713060 1140
1713070 1139
1713080 1139
1713090 1140
1713100 1139
1713110 1139
1713120 1138
1713130 1138
1713140 1138
1713150 1142
1713160 1145
1713170 1145
1713180 1148
1713190 1151
1713200 1151
1713210 1154
1713220 1157
1713230 1157
1713240 1160
1713250 1163
1713260 1163
1713270 1166
1713280 1167
1713290 1167
1713300 1168
1713310 1171
1713320 1173
1713330 1173
1713340 1176
1713350 1178
1713360 1178
1713370 1179
1713380 1180
1713390 1180
1713400 1179
1713410 1178
1713420 1178
1713430 1172
1713440 1169
1713450 1169
1713460 1164
1713470 1158
1713480 1158
1713490 1154
1713500 1153
1713510 1153
1713520 1151
1713530 1149
1713540 1149
1713550 1144
1713560 1142
1713570 1142
1713580 1146
1713590 1155
1713600 1170
1713610 1170
1713620 1179
1713630 1181
1713640 1181
1713650 1178
1713660 1181
1713670 1181
1713680 1184
1713690 1188
1713700 1188
1713710 1192
1713720 1200
1713730 1200
1713740 1200
1713750 1199
1713760 1199
1713770 1201
1713780 1204
1713790 1204
1713800 1207
1713810 1210
1713820 1210
1713830 1214
1713840 1217
1713850 1217
1713860 1222
1713870 1229
1713880 1223
1713890 1223
1713900 1211
1713910 1211
1713920 1211
1713930 1205
1713940 1202
1713950 1202
1713960 1205
1713970 1211
1713980 1211
1713990 1212
1714000 1213
1714010 1213
1714020 1215
1714030 1221
1714040 1221
1714050 1225
1714060 1228
1714070 1228
1714080 1231
1714090 1233
1714100 1233
1714110 1234
1714120 1235
1714130 1235
1714140 1236
1714150 1238
1714160 1239
1714170 1239
1714180 1240
1714190 1241
1714200 1241
1714210 1243
1714220 1245
1714230 1245
1714240 1251
1714250 1259
1714260 1259
1714270 1260
1714280 1256
1714290 1256
1714300 1252
1714310 1249
1714320 1249
1714330 1246
1714340 1242
1714350 1242
1714360 1239
1714370 1237
1714380 1237
1714390 1237
1714400 1236
1714410 1236
1714420 1236
1714430 1235
1714440 1235
1714450 1235
1714460 1234
1714470 1235
1714480 1235
1714490 1237
1714500 1239
1714510 1239
1714520 1242
1714530 1244
1714540 1244
1714550 1246
1714560 1247
1714570 1247
1714580 1249
1714590 1250
1714600 1250
1714610 1251
1714620 1252
1714630 1252
1714640 1250
1714650 1250
1714660 1250
1714670 1249
1714680 1248
1714690 1248
1714700 1246
1714710 1245
1714720 1245
1714730 1245
1714740 1245
1714750 1245
1714760 1245
1714770 1244
1714780 1243
1714790 1243
1714800 1243
1714810 1242
1714820 1242
1714830 1239
1714840 1237
1714850 1237
1714860 1233
1714870 1229
1714880 1229
1714890 1224
1714900 1221
1714910 1221
1714920 1220
1714930 1219
1714940 1219
1714950 1217
1714960 1214
1714970 1214
1714980 1211
1714990 1210
1715000 1207
1715010 1207
1715020 1207
1715030 1207
1715040 1207
1715050 1209
1715060 1210
1715070 1210
1715080 1212
1715090 1213
1715100 1213
1715110 1216
1715120 1218
1715130 1218
1715140 1219
1715150 1220
1715160 1220
1715170 1221
1715180 1222
1715190 1222
1715200 1222
1715210 1223
1715220 1223
1715230 1224
1715240 1225
1715250 1225
1715260 1227
1715270 1229
1715280 1231
1715290 1231
1715300 1232
1715310 1234
1715320 1234
1715330 1234
1715340 1236
1715350 1236
1715360 1238
1715370 1238
1715380 1238
1715390 1239
1715400 1241
1715410 1241
1715420 1243
1715430 1246
1715440 1246
1715450 1248
1715460 1250
1715470 1250
1715480 1250
1715490 1250
1715500 1250
1715510 1249
1715520 1246
1715530 1246
1715540 1244
1715550 1243
1715560 1243
1715570 1243
1715580 1242
1715590 1243
1715600 1243
1715610 1243
1715620 1244
1715630 1244
1715640 1246
1715650 1248
1715660 1248
1715670 1251
1715680 1254
1715690 1254
1715700 1256
1715710 1258
1715720 1258
1715730 1264
1715740 1266
1715750 1266
1715760 1269
1715770 1273
1715780 1273
1715790 1274
1715800 1275
1715810 1275
1715820 1277
1715830 1277
1715840 1277
1715850 1278
1715860 1279
1715870 1279
1715880 1279
1715890 1280
1715900 1280
1715910 1280
1715920 1280
1715930 1280
1715940 1280
1715950 1279
1715960 1279
1715970 1279
1715980 1279
1715990 1280
1716000 1280
1716010 1283
1716020 1285
1716030 1285
1716040 1287
1716050 1289
1716060 1289
1716070 1291
1716080 1292
1716090 1292
1716100 1295
1716110 1297
1716120 1297
1716130 1300
1716140 1303
1716150 1306
1716160 1306
1716170 1308
1716180 1310
1716190 1310
1716200 1311
1716210 1314
1716220 1314
1716230 1317
1716240 1320
1716250 1320
1716260 1322
1716270 1324
1716280 1324
1716290 1325
1716300 1328
1716310 1328
1716320 1330
1716330 1333
1716340 1333
1716350 1335
1716360 1336
1716370 1336
1716380 1339
1716390 1341
1716400 1341
1716410 1344
1716420 1345
1716430 1347
1716440 1347
1716450 1348
1716460 1349
1716470 1349
1716480 1348
1716490 1341
1716500 1341
1716510 1340
1716520 1341
1716530 1341
1716540 1342
1716550 1343
1716560 1343
1716570 1345
1716580 1347
1716590 1347
1716600 1348
1716610 1350
1716620 1350
1716630 1352
1716640 1356
1716650 1356
1716660 1360
1716670 1366
1716680 1366
1716690 1372
1716700 1377
1716710 1380
1716720 1380
1716730 1381
1716740 1383
1716750 1383
1716760 1386
1716770 1387
1716780 1387
1716790 1390
1716800 1390
1716810 1390
1716820 1392
1716830 1392
1716840 1392
1716850 1392
1716860 1391
1716870 1391
1716880 1390
1716890 1388
1716900 1388
1716910 1386
1716920 1384
1716930 1384
1716940 1382
1716950 1380
1716960 1380
1716970 1378
1716980 1376
1716990 1374
1717000 1374
1717010 1373
1717020 1371
1717030 1371
1717040 1369
1717050 1365
1717060 1365
1717070 1362
1717080 1358
1717090 1358
1717100 1355
1717110 1351
1717120 1351
1717130 1348
1717140 1345
1717150 1345
1717160 1342
1717170 1338
1717180 1338
1717190 1335
1717200 1331
1717210 1331
1717220 1328
1717230 1323
1717240 1323
1717250 1320
1717260 1317
1717270 1313
1717280 1313
1717290 1308
1717300 1306
1717310 1306
1717320 1302
1717330 1298
1717340 1298
1717350 1293
1717360 1291
1717370 1291
1717380 1288
1717390 1285
1717400 1285
1717410 1281
1717420 1277
1717430 1277
1717440 1274
1717450 1271
1717460 1271
1717470 1266
1717480 1264
1717490 1264
1717500 1261
1717510 1257
1717520 1257
1717530 1253
1717540 1249
1717550 1246
1717560 1246
1717570 1242
1717580 1238
1717590 1238
1717600 1234
1717610 1228
1717620 1228
1717630 1226
1717640 1219
1717650 1219
1717660 1209
1717670 1203
1717680 1203
1717690 1199
1717700 1195
1717710 1195
1717720 1191
1717730 1187
1717740 1187
1717750 1184
1717760 1183
1717770 1183
1717780 1182
1717790 1181
1717800 1181
1717810 1180
1717820 1178
1717830 1177
1717840 1177
1717850 1176
1717860 1174
1717870 1174
1717880 1172
1717890 1170
1717900 1170
1717910 1168
1717920 1165
1717930 1165
1717940 1161
1717950 1157
1717960 1157
1717970 1154
1717980 1151
1717990 1151
1718000 1149
1718010 1147
1718020 1147
1718030 1145
1718040 1142
1718050 1142
1718060 1135
1718070 1132
1718080 1132
1718090 1133
1718100 1133
1718110 1133
1718120 1133
1718130 1134
1718140 1135
1718150 1135
1718160 1136
1718170 1138
1718180 1138
1718190 1139
1718200 1141
1718210 1141
1718220 1143
1718230 1145
1718240 1145
1718250 1147
1718260 1149
1718270 1149
1718280 1151
1718290 1153
1718300 1153
1718310 1155
1718320 1157
1718330 1157
1718340 1158
1718350 1160
1718360 1160
1718370 1161
1718380 1164
1718390 1164
1718400 1166
1718410 1167
1718420 1170
1718430 1166
1718440 1168
1718450 1170
1718460 1170
1718470 1173
1718480 1174
1718490 1174
1718500 1177
1718510 1178
1718520 1178
1718530 1179
1718540 1180
1718550 1180
1718560 1182
1718570 1183
1718580 1183
1718590 1185
1718600 1187
1718610 1187
1718620 1188
1718630 1190
1718640 1190
1718650 1192
1718660 1193
1718670 1193
1718680 1194
1718690 1196
1718700 1197
1718710 1197
1718720 1198
1718730 1199
1718740 1199
1718750 1200
1718760 1201
1718770 1201
1718780 1200
1718790 1199
1718800 1199
1718810 1200
1718820 1203
1718830 1203
1718840 1205
1718850 1207
1718860 1207
1718870 1209
1718880 1211
1718890 1211
1718900 1212
1718910 1213
1718920 1213
1718930 1215
1718940 1217
1718950 1217
1718960 1217
1718970 1217
1718980 1219
1718990 1219
1719000 1218
1719010 1219
1719020 1219
1719030 1220
1719040 1220
1719050 1220
1719060 1219
1719070 1219
1719080 1219
1719090 1218
1719100 1218
1719110 1218
1719120 1218
1719130 1217
1719140 1217
1719150 1217
1719160 1216
1719170 1216
1719180 1215
1719190 1214
1719200 1214
1719210 1213
1719220 1211
1719230 1211
1719240 1211
1719250 1210
1719260 1209
1719270 1209
1719280 1208
1719290 1207
1719300 1207
1719310 1205
1719320 1204
1719330 1204
1719340 1203
1719350 1202
1719360 1202
1719370 1199
1719380 1199
1719390 1199
1719400 1199
1719410 1199
1719420 1199
1719430 1199
1719440 1198
1719450 1198
1719460 1196
1719470 1194
1719480 1194
1719490 1193
1719500 1192
1719510 1192
1719520 1190
1719530 1188
1719540 1187
1719550 1187
1719560 1185
1719570 1184
1719580 1184
1719590 1183
1719600 1181
1719610 1181
1719620 1179
1719630 1176
1719640 1176
1719650 1175
1719660 1172
1719670 1172
1719680 1171
1719690 1169
1719700 1169
1719710 1167
1719720 1166
1719730 1166
1719740 1165
1719750 1164
1719760 1164
1719770 1163
1719780 1163
1719790 1163
1719800 1163
1719810 1164
1719820 1165
1719830 1165
1719840 1165
1719850 1165
1719860 1165
1719870 1165
1719880 1164
1719890 1164
1719900 1158
1719910 1157
1719920 1157
1719930 1157
1719940 1157
1719950 1157
1719960 1157
1719970 1157
1719980 1157
1719990 1158
