1700000 851
1700010 846
1700020 846
1700030 842
1700040 841
1700050 841
1700060 841
1700070 843
1700080 843
1700090 848
1700100 854
1700110 854
1700120 860
1700130 867
1700140 867
1700150 874
1700160 881
1700170 888
1700180 888
1700190 895
1700200 903
1700210 903
1700220 910
1700230 914
1700240 914
1700250 912
1700260 906
1700270 906
1700280 901
1700290 895
1700300 895
1700310 890
1700320 886
1700330 886
1700340 883
1700350 879
1700360 879
1700370 877
1700380 875
1700390 875
1700400 873
1700410 871
1700420 871
1700430 870
1700440 869
1700450 870
1700460 870
1700470 871
1700480 868
1700490 868
1700500 858
1700510 851
1700520 851
1700530 846
1700540 850
1700550 850
1700560 860
1700570 866
1700580 866
1700590 874
1700600 882
1700610 882
1700620 887
1700630 889
1700640 889
1700650 892
1700660 894
1700670 894
1700680 898
1700690 902
1700700 902
1700710 906
1700720 908
1700730 910
1700740 910
1700750 910
1700760 904
1700770 904
1700780 898
1700790 892
1700800 892
1700810 885
1700820 880
1700830 880
1700840 872
1700850 865
1700860 865
1700870 857
1700880 852
1700890 852
1700900 845
1700910 837
1700920 837
1700930 830
1700940 826
1700950 826
1700960 821
1700970 825
1700980 825
1700990 834
1701000 843
1701010 853
1701020 853
1701030 863
1701040 870
1701050 870
1701060 877
1701070 882
1701080 882
1701090 888
1701100 892
1701110 892
1701120 897
1701130 902
1701140 902
1701150 907
1701160 911
1701170 911
1701180 914
1701190 918
1701200 918
1701210 920
1701220 919
1701230 919
1701240 916
1701250 912
1701260 912
1701270 908
1701280 902
1701290 896
1701300 896
1701310 891
1701320 884
1701330 884
1701340 878
1701350 872
1701360 872
1701370 868
1701380 865
1701390 865
1701400 863
1701410 863
1701420 863
1701430 863
1701440 863
1701450 863
1701460 863
1701470 866
1701480 866
1701490 870
1701500 877
1701510 877
1701520 881
1701530 885
1701540 885
1701550 889
1701560 892
1701570 892
1701580 895
1701590 898
1701600 901
1701610 901
1701620 902
1701630 903
1701640 903
1701650 903
1701660 902
1701670 902
1701680 892
1701690 883
1701700 883
1701710 876
1701720 865
1701730 865
1701740 857
1701750 848
1701760 848
1701770 841
1701780 832
1701790 832
1701800 826
1701810 817
1701820 817
1701830 809
1701840 800
1701850 800
1701860 792
1701870 783
1701880 774
1701890 774
1701900 765
1701910 756
1701920 756
1701930 749
1701940 745
1701950 745
1701960 739
1701970 730
1701980 730
1701990 723
1702000 715
1702010 715
1702020 712
1702030 711
1702040 711
1702050 718
1702060 720
1702070 720
1702080 715
1702090 717
1702100 717
1702110 718
1702120 720
1702130 720
1702140 724
1702150 730
1702160 733
1702170 733
1702180 733
1702190 731
1702200 731
1702210 729
1702220 729
1702230 729
1702240 729
1702250 736
1702260 736
1702270 745
1702280 753
1702290 753
1702300 762
1702310 770
1702320 770
1702330 778
1702340 786
1702350 786
1702360 790
1702370 792
1702380 792
1702390 793
1702400 794
1702410 794
1702420 796
1702430 798
1702440 802
1702450 802
1702460 807
1702470 812
1702480 812
1702490 816
1702500 820
1702510 820
1702520 822
1702530 817
1702540 817
1702550 809
1702560 801
1702570 801
1702580 794
1702590 785
1702600 785
1702610 776
1702620 768
1702630 768
1702640 761
1702650 753
1702660 753
1702670 745
1702680 738
1702690 738
1702700 732
1702710 732
1702720 739
1702730 739
1702740 741
1702750 745
1702760 745
1702770 750
1702780 753
1702790 753
1702800 757
1702810 761
1702820 761
1702830 764
1702840 766
1702850 766
1702860 769
1702870 773
1702880 773
1702890 778
1702900 782
1702910 782
1702920 787
1702930 792
1702940 792
1702950 797
1702960 803
1702970 803
1702980 811
1702990 813
1703000 819
1703010 819
1703020 825
1703030 830
1703040 830
1703050 835
1703060 839
1703070 839
1703080 843
1703090 847
1703100 847
1703110 853
1703120 858
1703130 858
1703140 863
1703150 869
1703160 869
1703170 876
1703180 880
1703190 880
1703200 885
1703210 889
1703220 889
1703230 894
1703240 890
1703250 890
1703260 885
1703270 877
1703280 867
1703290 867
1703300 862
1703310 856
1703320 856
1703330 846
1703340 836
1703350 836
1703360 827
1703370 819
1703380 819
1703390 810
1703400 805
1703410 805
1703420 800
1703430 793
1703440 793
1703450 790
1703460 787
1703470 787
1703480 783
1703490 778
1703500 778
1703510 775
1703520 768
1703530 768
1703540 761
1703550 768
1703560 770
1703570 770
1703580 769
1703590 769
1703600 769
1703610 769
1703620 772
1703630 772
1703640 775
1703650 778
1703660 778
1703670 783
1703680 787
1703690 787
1703700 790
1703710 792
1703720 792
1703730 794
1703740 798
1703750 798
1703760 801
1703770 804
1703780 804
1703790 808
1703800 812
1703810 812
1703820 816
1703830 820
1703840 822
1703850 822
1703860 818
1703870 812
1703880 812
1703890 805
1703900 798
1703910 798
1703920 792
1703930 785
1703940 785
1703950 778
1703960 772
1703970 772
1703980 765
1703990 758
1704000 758
1704010 751
1704020 745
1704030 745
1704040 739
1704050 733
1704060 733
1704070 728
1704080 722
1704090 722
1704100 717
1704110 713
1704120 707
1704130 707
1704140 702
1704150 694
1704160 694
1704170 685
1704180 685
1704190 685
1704200 691
1704210 687
1704220 687
1704230 682
1704240 679
1704250 679
1704260 682
1704270 685
1704280 685
1704290 691
1704300 696
1704310 696
1704320 703
1704330 708
1704340 708
1704350 712
1704360 718
1704370 718
1704380 722
1704390 726
1704400 730
1704410 730
1704420 733
1704430 736
1704440 736
1704450 737
1704460 741
1704470 741
1704480 746
1704490 745
1704500 745
1704510 744
1704520 749
1704530 749
1704540 756
1704550 764
1704560 764
1704570 770
1704580 776
1704590 776
1704600 781
1704610 787
1704620 787
1704630 790
1704640 796
1704650 796
1704660 800
1704670 801
1704680 798
1704690 798
1704700 798
1704710 803
1704720 803
1704730 808
1704740 813
1704750 813
1704760 819
1704770 826
1704780 826
1704790 832
1704800 836
1704810 836
1704820 838
1704830 839
1704840 839
1704850 839
1704860 839
1704870 839
1704880 841
1704890 848
1704900 848
1704910 854
1704920 860
1704930 860
1704940 864
1704950 870
1704960 877
1704970 877
1704980 883
1704990 886
1705000 886
1705010 893
1705020 895
1705030 895
1705040 903
1705050 906
1705060 906
1705070 913
1705080 915
1705090 915
1705100 922
1705110 930
1705120 930
1705130 937
1705140 943
1705150 943
1705160 947
1705170 947
1705180 947
1705190 946
1705200 943
1705210 943
1705220 942
1705230 938
1705240 938
1705250 933
1705260 929
1705270 924
1705280 924
1705290 919
1705300 915
1705310 915
1705320 912
1705330 913
1705340 913
1705350 912
1705360 909
1705370 909
1705380 905
1705390 903
1705400 903
1705410 901
1705420 900
1705430 900
1705440 898
1705450 898
1705460 898
1705470 897
1705480 896
1705490 896
1705500 889
1705510 897
1705520 897
1705530 906
1705540 911
1705550 917
1705560 917
1705570 924
1705580 930
1705590 930
1705600 937
1705610 943
1705620 943
1705630 949
1705640 953
1705650 953
1705660 956
1705670 962
1705680 962
1705690 968
1705700 972
1705710 972
1705720 970
1705730 967
1705740 967
1705750 965
1705760 960
1705770 960
1705780 954
1705790 952
1705800 952
1705810 952
1705820 953
1705830 956
1705840 956
1705850 959
1705860 961
1705870 961
1705880 962
1705890 960
1705900 960
1705910 959
1705920 958
1705930 958
1705940 957
1705950 956
1705960 956
1705970 957
1705980 960
1705990 960
1706000 962
1706010 965
1706020 965
1706030 968
1706040 970
1706050 970
1706060 975
1706070 978
1706080 978
1706090 982
1706100 985
1706110 988
1706120 988
1706130 990
1706140 991
1706150 991
1706160 990
1706170 988
1706180 988
1706190 986
1706200 980
1706210 980
1706220 974
1706230 968
1706240 968
1706250 964
1706260 960
1706270 960
1706280 957
1706290 950
1706300 950
1706310 943
1706320 931
1706330 931
1706340 921
1706350 914
1706360 914
1706370 912
1706380 912
1706390 911
1706400 911
1706410 911
1706420 910
1706430 910
1706440 908
1706450 906
1706460 906
1706470 904
1706480 903
1706490 903
1706500 901
1706510 899
1706520 899
1706530 896
1706540 893
1706550 893
1706560 889
1706570 886
1706580 886
1706590 883
1706600 881
1706610 881
1706620 879
1706630 880
1706640 880
1706650 881
1706660 883
1706670 882
1706680 882
1706690 881
1706700 879
1706710 879
1706720 879
1706730 877
1706740 877
1706750 876
1706760 875
1706770 875
1706780 872
1706790 867
1706800 867
1706810 860
1706820 853
1706830 853
1706840 846
1706850 839
1706860 839
1706870 832
1706880 824
1706890 824
1706900 816
1706910 809
1706920 809
1706930 801
1706940 794
1706950 786
1706960 786
1706970 779
1706980 771
1706990 771
1707000 765
1707010 758
1707020 758
1707030 749
1707040 741
1707050 741
1707060 735
1707070 728
1707080 728
1707090 721
1707100 713
1707110 713
1707120 703
1707130 695
1707140 695
1707150 689
1707160 686
1707170 686
1707180 686
1707190 680
1707200 680
1707210 677
1707220 675
1707230 671
1707240 671
1707250 670
1707260 668
1707270 668
1707280 665
1707290 662
1707300 662
1707310 656
1707320 654
1707330 654
1707340 653
1707350 654
1707360 654
1707370 655
1707380 654
1707390 654
1707400 649
1707410 651
1707420 651
1707430 650
1707440 649
1707450 649
1707460 647
1707470 641
1707480 641
1707490 636
1707500 635
1707510 633
1707520 633
1707530 631
1707540 628
1707550 628
1707560 625
1707570 622
1707580 622
1707590 620
1707600 618
1707610 618
1707620 615
1707630 612
1707640 612
1707650 609
1707660 606
1707670 606
1707680 602
1707690 600
1707700 600
1707710 597
1707720 593
1707730 593
1707740 586
1707750 579
1707760 579
1707770 571
1707780 569
1707790 563
1707800 563
1707810 556
1707820 548
1707830 548
1707840 541
1707850 535
1707860 535
1707870 529
1707880 522
1707890 522
1707900 516
1707910 511
1707920 511
1707930 506
1707940 500
1707950 500
1707960 494
1707970 488
1707980 488
1707990 482
1708000 473
1708010 473
1708020 464
1708030 460
1708040 460
1708050 460
1708060 460
1708070 460
1708080 460
1708090 458
1708100 457
1708110 457
1708120 457
1708130 458
1708140 458
1708150 457
1708160 457
1708170 457
1708180 457
1708190 458
1708200 458
1708210 458
1708220 457
1708230 457
1708240 456
1708250 457
1708260 457
1708270 457
1708280 457
1708290 457
1708300 457
1708310 458
1708320 458
1708330 455
1708340 451
1708350 450
1708360 450
1708370 450
1708380 450
1708390 450
1708400 449
1708410 448
1708420 448
1708430 448
1708440 448
1708450 448
1708460 448
1708470 448
1708480 448
1708490 448
1708500 448
1708510 448
1708520 448
1708530 448
1708540 448
1708550 448
1708560 448
1708570 448
1708580 448
1708590 449
1708600 449
1708610 449
1708620 450
1708630 450
1708640 450
1708650 450
1708660 452
1708670 452
1708680 456
1708690 455
1708700 455
1708710 460
1708720 461
1708730 461
1708740 461
1708750 462
1708760 462
1708770 462
1708780 463
1708790 463
1708800 463
1708810 464
1708820 464
1708830 465
1708840 466
1708850 466
1708860 467
1708870 470
1708880 470
1708890 477
1708900 485
1708910 491
1708920 491
1708930 497
1708940 506
1708950 506
1708960 513
1708970 521
1708980 521
1708990 528
1709000 534
1709010 534
1709020 539
1709030 545
1709040 545
1709050 551
1709060 556
1709070 556
1709080 561
1709090 567
1709100 567
1709110 573
1709120 578
1709130 578
1709140 584
1709150 591
1709160 591
1709170 598
1709180 602
1709190 602
1709200 610
1709210 616
1709220 623
1709230 623
1709240 630
1709250 638
1709260 638
1709270 646
1709280 656
1709290 656
1709300 664
1709310 670
1709320 670
1709330 675
1709340 678
1709350 678
1709360 678
1709370 671
1709380 671
1709390 663
1709400 657
1709410 657
1709420 650
1709430 644
1709440 644
1709450 638
1709460 633
1709470 633
1709480 623
1709490 622
1709500 622
1709510 622
1709520 620
1709530 618
1709540 618
1709550 616
1709560 611
1709570 611
1709580 606
1709590 603
1709600 603
1709610 607
1709620 611
1709630 611
1709640 611
1709650 615
1709660 615
1709670 619
1709680 622
1709690 622
1709700 625
1709710 626
1709720 626
1709730 626
1709740 629
1709750 629
1709760 631
1709770 629
1709780 624
1709790 624
1709800 619
1709810 613
1709820 613
1709830 607
1709840 599
1709850 599
1709860 593
1709870 585
1709880 585
1709890 578
1709900 571
1709910 571
1709920 565
1709930 559
1709940 559
1709950 553
1709960 548
1709970 548
1709980 540
1709990 535
1710000 535
1710010 527
1710020 520
1710030 520
1710040 524
1710050 531
1710060 538
1710070 538
1710080 545
1710090 552
1710100 552
1710110 559
1710120 567
1710130 567
1710140 576
1710150 580
1710160 580
1710170 578
1710180 573
1710190 573
1710200 564
1710210 556
1710220 556
1710230 549
1710240 541
1710250 541
1710260 534
1710270 527
1710280 527
1710290 517
1710300 513
1710310 513
1710320 506
1710330 497
1710340 488
1710350 488
1710360 479
1710370 472
1710380 472
1710390 471
1710400 470
1710410 470
1710420 470
1710430 470
1710440 470
1710450 470
1710460 469
1710470 469
1710480 470
1710490 470
1710500 470
1710510 468
1710520 470
1710530 470
1710540 470
1710550 476
1710560 476
1710570 481
1710580 492
1710590 492
1710600 504
1710610 514
1710620 519
1710630 519
1710640 523
1710650 531
1710660 531
1710670 541
1710680 544
1710690 544
1710700 546
1710710 551
1710720 551
1710730 557
1710740 561
1710750 561
1710760 568
1710770 576
1710780 576
1710790 583
1710800 585
1710810 585
1710820 586
1710830 589
1710840 589
1710850 594
1710860 599
1710870 599
1710880 605
1710890 612
1710900 616
1710910 616
1710920 611
1710930 606
1710940 606
1710950 600
1710960 594
1710970 594
1710980 588
1710990 581
1711000 581
1711010 573
1711020 567
1711030 567
1711040 565
1711050 572
1711060 572
1711070 578
1711080 586
1711090 586
1711100 593
1711110 601
1711120 601
1711130 608
1711140 614
1711150 614
1711160 618
1711170 619
1711180 618
1711190 618
1711200 616
1711210 616
1711220 616
1711230 615
1711240 614
1711250 614
1711260 613
1711270 614
1711280 614
1711290 613
1711300 611
1711310 611
1711320 609
1711330 609
1711340 609
1711350 603
1711360 599
1711370 599
1711380 600
1711390 608
1711400 608
1711410 618
1711420 626
1711430 626
1711440 633
1711450 638
1711460 641
1711470 641
1711480 643
1711490 646
1711500 646
1711510 649
1711520 652
1711530 652
1711540 654
1711550 657
1711560 657
1711570 660
1711580 665
1711590 665
1711600 669
1711610 674
1711620 674
1711630 678
1711640 684
1711650 684
1711660 690
1711670 696
1711680 696
1711690 704
1711700 711
1711710 711
1711720 716
1711730 721
1711740 727
1711750 727
1711760 732
1711770 738
1711780 738
1711790 742
1711800 746
1711810 746
1711820 752
1711830 757
1711840 757
1711850 764
1711860 768
1711870 768
1711880 773
1711890 778
1711900 778
1711910 783
1711920 788
1711930 788
1711940 793
1711950 798
1711960 798
1711970 802
1711980 806
1711990 806
1712000 811
1712010 815
1712020 821
1712030 821
1712040 825
1712050 828
1712060 828
1712070 833
1712080 837
1712090 837
1712100 841
1712110 844
1712120 844
1712130 848
1712140 853
1712150 853
1712160 857
1712170 862
1712180 862
1712190 868
1712200 873
1712210 873
1712220 878
1712230 883
1712240 883
1712250 887
1712260 891
1712270 891
1712280 896
1712290 899
1712300 902
1712310 902
1712320 905
1712330 910
1712340 910
1712350 915
1712360 922
1712370 922
1712380 929
1712390 937
1712400 937
1712410 1023
1712420 1031
1712430 1031
1712440 1032
1712450 1030
1712460 1030
1712470 1030
1712480 1030
1712490 1030
1712500 1029
1712510 1029
1712520 1029
1712530 1029
1712540 1028
1712550 1028
1712560 1027
1712570 1027
1712580 1026
1712590 1026
1712600 1026
1712610 1024
1712620 1024
1712630 1022
1712640 1020
1712650 1020
1712660 1018
1712670 1015
1712680 1015
1712690 1012
1712700 1008
1712710 1008
1712720 1004
1712730 1001
1712740 1001
1712750 998
1712760 996
1712770 996
1712780 993
1712790 993
1712800 993
1712810 993
1712820 993
1712830 993
1712840 991
1712850 989
1712860 989
1712870 986
1712880 984
1712890 983
1712900 983
1712910 981
1712920 979
1712930 979
1712940 977
1712950 975
1712960 975
1712970 973
1712980 973
1712990 973
1713000 974
1713010 975
1713020 975
1713030 975
1713040 972
1713050 972
1713060 966
1713070 963
1713080 963
1713090 962
1713100 960
1713110 960
1713120 959
1713130 958
1713140 958
1713150 957
1713160 955
1713170 954
1713180 954
1713190 952
1713200 950
1713210 950
1713220 951
1713230 951
1713240 951
1713250 949
1713260 948
1713270 948
1713280 947
1713290 947
1713300 947
1713310 947
1713320 946
1713330 946
1713340 947
1713350 947
1713360 952
1713370 952
1713380 952
1713390 952
1713400 953
1713410 953
1713420 953
1713430 953
1713440 954
1713450 954
1713460 954
1713470 956
1713480 958
1713490 958
1713500 959
1713510 960
1713520 960
1713530 960
1713540 961
1713550 961
1713560 962
1713570 963
1713580 963
1713590 965
1713600 966
1713610 966
1713620 967
1713630 968
1713640 968
1713650 970
1713660 971
1713670 971
1713680 973
1713690 976
1713700 976
1713710 978
1713720 980
1713730 980
1713740 980
1713750 984
1713760 987
1713770 987
1713780 989
1713790 992
1713800 992
1713810 996
1713820 1001
1713830 1001
1713840 1005
1713850 1009
1713860 1009
1713870 1014
1713880 1019
1713890 1019
1713900 1024
1713910 1028
1713920 1028
1713930 1033
1713940 1038
1713950 1038
1713960 1042
1713970 1047
1713980 1047
1713990 1051
1714000 1057
1714010 1062
1714020 1062
1714030 1067
1714040 1073
1714050 1073
1714060 1080
1714070 1084
1714080 1084
1714090 1092
1714100 1098
1714110 1098
1714120 1107
1714130 1110
1714140 1110
1714150 1113
1714160 1116
1714170 1116
1714180 1124
1714190 1130
1714200 1130
1714210 1135
1714220 1140
1714230 1140
1714240 1144
1714250 1148
1714260 1148
1714270 1153
1714280 1158
1714290 1162
1714300 1162
1714310 1167
1714320 1171
1714330 1171
1714340 1175
1714350 1181
1714360 1181
1714370 1186
1714380 1190
1714390 1190
1714400 1194
1714410 1199
1714420 1199
1714430 1203
1714440 1208
1714450 1208
1714460 1213
1714470 1219
1714480 1219
1714490 1224
1714500 1229
1714510 1229
1714520 1234
1714530 1238
1714540 1238
1714550 1242
1714560 1244
1714570 1246
1714580 1246
1714590 1247
1714600 1247
1714610 1247
1714620 1246
1714630 1245
1714640 1245
1714650 1243
1714660 1241
1714670 1241
1714680 1239
1714690 1236
1714700 1236
1714710 1233
1714720 1229
1714730 1229
1714740 1226
1714750 1223
1714760 1223
1714770 1218
1714780 1212
1714790 1212
1714800 1210
1714810 1205
1714820 1205
1714830 1201
1714840 1195
1714850 1189
1714860 1189
1714870 1183
1714880 1178
1714890 1178
1714900 1173
1714910 1168
1714920 1168
1714930 1163
1714940 1160
1714950 1160
1714960 1162
1714970 1166
1714980 1166
1714990 1170
1715000 1174
1715010 1174
1715020 1177
1715030 1182
1715040 1182
1715050 1185
1715060 1187
1715070 1187
1715080 1190
1715090 1194
1715100 1194
1715110 1197
1715120 1200
1715130 1202
1715140 1202
1715150 1205
1715160 1208
1715170 1208
1715180 1211
1715190 1213
1715200 1213
1715210 1215
1715220 1213
1715230 1213
1715240 1208
1715250 1206
1715260 1206
1715270 1204
1715280 1199
1715290 1199
1715300 1194
1715310 1189
1715320 1189
1715330 1183
1715340 1175
1715350 1175
1715360 1169
1715370 1164
1715380 1164
1715390 1157
1715400 1151
1715410 1139
1715420 1139
1715430 1135
1715440 1129
1715450 1129
1715460 1129
1715470 1128
1715480 1128
1715490 1120
1715500 1116
1715510 1116
1715520 1110
1715530 1103
1715540 1103
1715550 1098
1715560 1095
1715570 1095
1715580 1094
1715590 1090
1715600 1090
1715610 1092
1715620 1096
1715630 1096
1715640 1095
1715650 1087
1715660 1087
1715670 1088
1715680 1087
1715690 1083
1715700 1083
1715710 1085
1715720 1091
1715730 1091
1715740 1092
1715750 1098
1715760 1098
1715770 1100
1715780 1086
1715790 1086
1715800 1084
1715810 1084
1715820 1084
1715830 1084
1715840 1083
1715850 1083
1715860 1084
1715870 1085
1715880 1085
1715890 1085
1715900 1086
1715910 1086
1715920 1089
1715930 1093
1715940 1093
1715950 1094
1715960 1097
1715970 1098
1715980 1098
1715990 1102
1716000 1087
1716010 1087
1716020 1088
1716030 1088
1716040 1088
1716050 1100
1716060 1102
1716070 1102
1716080 1100
1716090 1095
1716100 1095
1716110 1092
1716120 1095
1716130 1095
1716140 1096
1716150 1099
1716160 1099
1716170 1097
1716180 1096
1716190 1096
1716200 1099
1716210 1101
1716220 1101
1716230 1105
1716240 1114
1716250 1120
1716260 1120
1716270 1120
1716280 1117
1716290 1117
1716300 1113
1716310 1117
1716320 1117
1716330 1122
1716340 1125
1716350 1125
1716360 1125
1716370 1127
1716380 1127
1716390 1126
1716400 1124
1716410 1124
1716420 1124
1716430 1126
1716440 1126
1716450 1130
1716460 1134
1716470 1134
1716480 1139
1716490 1133
1716500 1133
1716510 1128
1716520 1126
1716530 1126
1716540 1125
1716550 1128
1716560 1130
1716570 1130
1716580 1132
1716590 1136
1716600 1136
1716610 1142
1716620 1149
1716630 1149
1716640 1157
1716650 1162
1716660 1162
1716670 1166
1716680 1168
1716690 1168
1716700 1170
1716710 1172
1716720 1172
1716730 1171
1716740 1174
1716750 1174
1716760 1175
1716770 1176
1716780 1176
1716790 1177
1716800 1177
1716810 1177
1716820 1176
1716830 1176
1716840 1175
1716850 1175
1716860 1174
1716870 1172
1716880 1172
1716890 1171
1716900 1168
1716910 1168
1716920 1167
1716930 1165
1716940 1165
1716950 1163
1716960 1162
1716970 1162
1716980 1161
1716990 1161
1717000 1161
1717010 1161
1717020 1160
1717030 1160
1717040 1160
1717050 1159
1717060 1159
1717070 1160
1717080 1159
1717090 1159
1717100 1158
1717110 1157
1717120 1156
1717130 1156
1717140 1155
1717150 1154
1717160 1154
1717170 1154
1717180 1153
1717190 1153
1717200 1153
1717210 1152
1717220 1152
1717230 1150
1717240 1150
1717250 1150
1717260 1148
1717270 1146
1717280 1146
1717290 1145
1717300 1144
1717310 1144
1717320 1142
1717330 1140
1717340 1140
1717350 1139
1717360 1138
1717370 1138
1717380 1138
1717390 1137
1717400 1137
1717410 1137
1717420 1137
1717430 1137
1717440 1137
1717450 1137
1717460 1137
1717470 1137
1717480 1136
1717490 1136
1717500 1136
1717510 1136
1717520 1136
1717530 1136
1717540 1135
1717550 1132
1717560 1132
1717570 1132
1717580 1130
1717590 1130
1717600 1128
1717610 1127
1717620 1127
1717630 1127
1717640 1126
1717650 1126
1717660 1127
1717670 1127
1717680 1127
1717690 1127
1717700 1128
1717710 1129
1717720 1129
1717730 1132
1717740 1134
1717750 1134
1717760 1136
1717770 1138
1717780 1138
1717790 1140
1717800 1142
1717810 1142
1717820 1144
1717830 1146
1717840 1146
1717850 1149
1717860 1152
1717870 1152
1717880 1155
1717890 1156
1717900 1156
1717910 1159
1717920 1162
1717930 1162
1717940 1165
1717950 1168
1717960 1171
1717970 1171
1717980 1175
1717990 1178
1718000 1178
1718010 1182
1718020 1185
1718030 1185
1718040 1189
1718050 1193
1718060 1193
1718070 1198
1718080 1202
1718090 1202
1718100 1206
1718110 1211
1718120 1211
1718130 1215
1718140 1219
1718150 1219
1718160 1222
1718170 1225
1718180 1225
1718190 1229
1718200 1233
1718210 1233
1718220 1237
1718230 1240
1718240 1243
1718250 1243
1718260 1246
1718270 1248
1718280 1248
1718290 1250
1718300 1251
1718310 1251
1718320 1252
1718330 1255
1718340 1255
1718350 1256
1718360 1260
1718370 1260
1718380 1264
1718390 1267
1718400 1267
1718410 1270
1718420 1273
1718430 1273
1718440 1277
1718450 1281
1718460 1281
1718470 1284
1718480 1288
1718490 1288
1718500 1292
1718510 1296
1718520 1300
1718530 1300
1718540 1304
1718550 1308
1718560 1308
1718570 1312
1718580 1315
1718590 1315
1718600 1319
1718610 1322
1718620 1322
1718630 1326
1718640 1329
1718650 1329
1718660 1333
1718670 1336
1718680 1336
1718690 1338
1718700 1341
1718710 1341
1718720 1343
1718730 1345
1718740 1345
1718750 1348
1718760 1349
1718770 1349
1718780 1351
1718790 1353
1718800 1354
1718810 1354
1718820 1355
1718830 1356
1718840 1356
1718850 1357
1718860 1357
1718870 1357
1718880 1354
1718890 1355
1718900 1355
1718910 1355
1718920 1355
1718930 1355
1718940 1355
1718950 1355
1718960 1355
1718970 1355
1718980 1355
1718990 1355
1719000 1356
1719010 1356
1719020 1356
1719030 1355
1719040 1355
1719050 1355
1719060 1354
1719070 1353
1719080 1352
1719090 1352
1719100 1350
1719110 1349
1719120 1349
1719130 1349
1719140 1348
1719150 1348
1719160 1348
1719170 1348
1719180 1348
1719190 1348
1719200 1348
1719210 1348
1719220 1348
1719230 1347
1719240 1347
1719250 1348
1719260 1348
1719270 1348
1719280 1347
1719290 1346
1719300 1346
1719310 1343
1719320 1342
1719330 1342
1719340 1342
1719350 1341
1719360 1341
1719370 1341
1719380 1340
1719390 1339
1719400 1339
1719410 1340
1719420 1339
1719430 1339
1719440 1338
1719450 1337
1719460 1337
1719470 1336
1719480 1335
1719490 1335
1719500 1333
1719510 1332
1719520 1332
1719530 1331
1719540 1329
1719550 1329
1719560 1327
1719570 1325
1719580 1325
1719590 1324
1719600 1321
1719610 1321
1719620 1320
1719630 1318
1719640 1316
1719650 1316
1719660 1314
1719670 1311
1719680 1311
1719690 1309
1719700 1307
1719710 1307
1719720 1303
1719730 1301
1719740 1301
1719750 1298
1719760 1294
1719770 1294
1719780 1291
1719790 1288
1719800 1288
1719810 1285
1719820 1281
1719830 1281
1719840 1278
1719850 1275
1719860 1275
1719870 1272
1719880 1269
1719890 1269
1719900 1267
1719910 1264
1719920 1261
1719930 1261
1719940 1258
1719950 1256
1719960 1256
1719970 1253
1719980 1249
1719990 1249
