1700000 1154
1700010 1149
1700020 1142
1700030 1142
1700040 1137
1700050 1131
1700060 1131
1700070 1124
1700080 1118
1700090 1118
1700100 1112
1700110 1107
1700120 1107
1700130 1101
1700140 1096
1700150 1096
1700160 1092
1700170 1089
1700180 1089
1700190 1083
1700200 1081
1700210 1081
1700220 1075
1700230 1070
1700240 1070
1700250 1066
1700260 1061
1700270 1061
1700280 1059
1700290 1053
1700300 1047
1700310 1047
1700320 1040
1700330 1033
1700340 1033
1700350 1026
1700360 1019
1700370 1019
1700380 1013
1700390 1006
1700400 1006
1700410 999
1700420 992
1700430 992
1700440 985
1700450 978
1700460 978
1700470 970
1700480 960
1700490 960
1700500 950
1700510 940
1700520 940
1700530 941
1700540 941
1700550 941
1700560 940
1700570 939
1700580 939
1700590 937
1700600 935
1700610 932
1700620 932
1700630 928
1700640 924
1700650 924
1700660 921
1700670 915
1700680 915
1700690 909
1700700 911
1700710 911
1700720 910
1700730 910
1700740 910
1700750 910
1700760 911
1700770 911
1700780 911
1700790 913
1700800 913
1700810 917
1700820 920
1700830 920
1700840 922
1700850 919
1700860 919
1700870 912
1700880 911
1700890 914
1700900 914
1700910 916
1700920 917
1700930 917
1700940 916
1700950 914
1700960 914
1700970 912
1700980 910
1700990 910
1701000 908
1701010 907
1701020 907
1701030 905
1701040 905
1701050 905
1701060 905
1701070 905
1701080 905
1701090 902
1701100 901
1701110 901
1701120 902
1701130 902
1701140 902
1701150 898
1701160 894
1701170 889
1701180 889
1701190 883
1701200 876
1701210 876
1701220 873
1701230 870
1701240 870
1701250 866
1701260 862
1701270 862
1701280 858
1701290 857
1701300 857
1701310 856
1701320 853
1701330 853
1701340 850
1701350 848
1701360 848
1701370 845
1701380 844
1701390 844
1701400 843
1701410 842
1701420 842
1701430 841
1701440 840
1701450 838
1701460 838
1701470 837
1701480 835
1701490 835
1701500 834
1701510 833
1701520 833
1701530 833
1701540 833
1701550 833
1701560 833
1701570 833
1701580 833
1701590 831
1701600 828
1701610 828
1701620 826
1701630 822
1701640 822
1701650 819
1701660 817
1701670 817
1701680 815
1701690 816
1701700 816
1701710 817
1701720 817
1701730 817
1701740 817
1701750 817
1701760 818
1701770 818
1701780 821
1701790 822
1701800 822
1701810 824
1701820 827
1701830 827
1701840 829
1701850 830
1701860 830
1701870 827
1701880 823
1701890 823
1701900 819
1701910 814
1701920 814
1701930 809
1701940 803
1701950 803
1701960 798
1701970 791
1701980 791
1701990 783
1702000 776
1702010 776
1702020 766
1702030 757
1702040 748
1702050 748
1702060 740
1702070 733
1702080 733
1702090 727
1702100 721
1702110 721
1702120 716
1702130 711
1702140 711
1702150 707
1702160 702
1702170 702
1702180 697
1702190 690
1702200 690
1702210 683
1702220 676
1702230 676
1702240 669
1702250 662
1702260 662
1702270 655
1702280 649
1702290 649
1702300 642
1702310 636
1702320 631
1702330 631
1702340 627
1702350 623
1702360 623
1702370 620
1702380 616
1702390 616
1702400 614
1702410 611
1702420 611
1702430 609
1702440 607
1702450 607
1702460 602
1702470 601
1702480 601
1702490 599
1702500 599
1702510 599
1702520 602
1702530 607
1702540 607
1702550 608
1702560 610
1702570 610
1702580 611
1702590 613
1702600 613
1702610 615
1702620 618
1702630 621
1702640 621
1702650 623
1702660 626
1702670 626
1702680 629
1702690 633
1702700 633
1702710 636
1702720 640
1702730 640
1702740 643
1702750 646
1702760 646
1702770 649
1702780 654
1702790 654
1702800 658
1702810 660
1702820 660
1702830 656
1702840 645
1702850 645
1702860 634
1702870 625
1702880 625
1702890 617
1702900 610
1702910 603
1702920 603
1702930 595
1702940 585
1702950 585
1702960 586
1702970 590
1702980 590
1702990 589
1703000 593
1703010 593
1703020 594
1703030 596
1703040 596
1703050 599
1703060 602
1703070 602
1703080 605
1703090 609
1703100 609
1703110 613
1703120 616
1703130 616
1703140 620
1703150 623
1703160 623
1703170 624
1703180 621
1703190 619
1703200 619
1703210 618
1703220 616
1703230 616
1703240 615
1703250 613
1703260 613
1703270 612
1703280 610
1703290 610
1703300 610
1703310 609
1703320 609
1703330 608
1703340 608
1703350 608
1703360 606
1703370 606
1703380 606
1703390 606
1703400 603
1703410 603
1703420 602
1703430 603
1703440 603
1703450 603
1703460 604
1703470 605
1703480 605
1703490 602
1703500 605
1703510 605
1703520 608
1703530 611
1703540 611
1703550 616
1703560 622
1703570 622
1703580 625
1703590 627
1703600 627
1703610 630
1703620 630
1703630 630
1703640 630
1703650 625
1703660 625
1703670 616
1703680 608
1703690 608
1703700 600
1703710 593
1703720 593
1703730 590
1703740 587
1703750 587
1703760 584
1703770 582
1703780 582
1703790 582
1703800 582
1703810 582
1703820 582
1703830 583
1703840 585
1703850 585
1703860 589
1703870 594
1703880 594
1703890 600
1703900 606
1703910 606
1703920 610
1703930 613
1703940 613
1703950 615
1703960 614
1703970 614
1703980 614
1703990 613
1704000 613
1704010 614
1704020 614
1704030 614
1704040 613
1704050 611
1704060 611
1704070 611
1704080 611
1704090 611
1704100 611
1704110 611
1704120 612
1704130 612
1704140 609
1704150 603
1704160 603
1704170 595
1704180 589
1704190 589
1704200 586
1704210 578
1704220 578
1704230 565
1704240 552
1704250 552
1704260 542
1704270 537
1704280 537
1704290 532
1704300 518
1704310 518
1704320 515
1704330 510
1704340 505
1704350 505
1704360 503
1704370 499
1704380 499
1704390 495
1704400 490
1704410 490
1704420 483
1704430 483
1704440 483
1704450 480
1704460 471
1704470 471
1704480 472
1704490 472
1704500 472
1704510 471
1704520 472
1704530 472
1704540 472
1704550 474
1704560 474
1704570 474
1704580 475
1704590 475
1704600 475
1704610 471
1704620 471
1704630 472
1704640 471
1704650 468
1704660 468
1704670 466
1704680 466
1704690 466
1704700 466
1704710 466
1704720 466
1704730 466
1704740 467
1704750 467
1704760 468
1704770 468
1704780 468
1704790 466
1704800 464
1704810 464
1704820 463
1704830 462
1704840 462
1704850 462
1704860 462
1704870 462
1704880 462
1704890 462
1704900 462
1704910 462
1704920 462
1704930 462
1704940 462
1704950 462
1704960 463
1704970 463
1704980 463
1704990 463
1705000 463
1705010 463
1705020 463
1705030 463
1705040 463
1705050 463
1705060 463
1705070 463
1705080 463
1705090 463
1705100 463
1705110 463
1705120 463
1705130 463
1705140 463
1705150 463
1705160 463
1705170 463
1705180 463
1705190 463
1705200 463
1705210 463
1705220 463
1705230 463
1705240 463
1705250 463
1705260 463
1705270 463
1705280 463
1705290 462
1705300 462
1705310 462
1705320 460
1705330 461
1705340 461
1705350 461
1705360 463
1705370 463
1705380 462
1705390 462
1705400 462
1705410 462
1705420 462
1705430 462
1705440 462
1705450 461
1705460 461
1705470 461
1705480 462
1705490 462
1705500 462
1705510 461
1705520 460
1705530 460
1705540 460
1705550 460
1705560 460
1705570 459
1705580 459
1705590 459
1705600 459
1705610 459
1705620 459
1705630 458
1705640 458
1705650 458
1705660 457
1705670 457
1705680 457
1705690 457
1705700 457
1705710 457
1705720 456
1705730 456
1705740 456
1705750 456
1705760 456
1705770 456
1705780 456
1705790 456
1705800 455
1705810 455
1705820 454
1705830 454
1705840 454
1705850 452
1705860 452
1705870 452
1705880 452
1705890 452
1705900 452
1705910 452
1705920 452
1705930 452
1705940 452
1705950 452
1705960 452
1705970 454
1705980 455
1705990 455
1706000 455
1706010 455
1706020 455
1706030 454
1706040 455
1706050 455
1706060 457
1706070 457
1706080 457
1706090 457
1706100 457
1706110 457
1706120 457
1706130 457
1706140 458
1706150 458
1706160 458
1706170 458
1706180 458
1706190 458
1706200 458
1706210 458
1706220 458
1706230 458
1706240 458
1706250 458
1706260 458
1706270 458
1706280 458
1706290 458
1706300 458
1706310 458
1706320 458
1706330 458
1706340 460
1706350 462
1706360 462
1706370 462
1706380 459
1706390 458
1706400 458
1706410 462
1706420 463
1706430 463
1706440 463
1706450 462
1706460 462
1706470 459
1706480 457
1706490 457
1706500 456
1706510 456
1706520 456
1706530 458
1706540 460
1706550 460
1706560 460
1706570 462
1706580 462
1706590 464
1706600 467
1706610 467
1706620 472
1706630 476
1706640 476
1706650 479
1706660 480
1706670 481
1706680 481
1706690 483
1706700 487
1706710 487
1706720 491
1706730 495
1706740 495
1706750 498
1706760 501
1706770 501
1706780 509
1706790 515
1706800 515
1706810 521
1706820 526
1706830 526
1706840 528
1706850 528
1706860 528
1706870 530
1706880 533
1706890 533
1706900 536
1706910 541
1706920 541
1706930 546
1706940 550
1706950 545
1706960 545
1706970 537
1706980 530
1706990 530
1707000 527
1707010 531
1707020 531
1707030 536
1707040 539
1707050 539
1707060 542
1707070 543
1707080 543
1707090 549
1707100 550
1707110 550
1707120 554
1707130 556
1707140 556
1707150 557
1707160 557
1707170 557
1707180 560
1707190 557
1707200 557
1707210 554
1707220 550
1707230 544
1707240 544
1707250 547
1707260 553
1707270 553
1707280 561
1707290 568
1707300 568
1707310 576
1707320 584
1707330 584
1707340 592
1707350 600
1707360 600
1707370 608
1707380 617
1707390 617
1707400 626
1707410 634
1707420 634
1707430 643
1707440 645
1707450 645
1707460 644
1707470 643
1707480 643
1707490 642
1707500 640
1707510 640
1707520 635
1707530 632
1707540 628
1707550 628
1707560 623
1707570 620
1707580 620
1707590 618
1707600 619
1707610 619
1707620 624
1707630 630
1707640 630
1707650 638
1707660 640
1707670 640
1707680 648
1707690 653
1707700 653
1707710 656
1707720 660
1707730 660
1707740 664
1707750 667
1707760 667
1707770 669
1707780 670
1707790 670
1707800 667
1707810 660
1707820 652
1707830 652
1707840 644
1707850 637
1707860 637
1707870 630
1707880 624
1707890 624
1707900 616
1707910 607
1707920 607
1707930 599
1707940 590
1707950 590
1707960 586
1707970 590
1707980 590
1707990 591
1708000 592
1708010 592
1708020 597
1708030 600
1708040 600
1708050 603
1708060 606
1708070 606
1708080 604
1708090 599
1708100 606
1708110 606
1708120 609
1708130 615
1708140 615
1708150 618
1708160 622
1708170 622
1708180 626
1708190 630
1708200 630
1708210 634
1708220 638
1708230 638
1708240 637
1708250 636
1708260 636
1708270 629
1708280 622
1708290 622
1708300 617
1708310 609
1708320 609
1708330 603
1708340 600
1708350 600
1708360 597
1708370 595
1708380 595
1708390 594
1708400 595
1708410 594
1708420 594
1708430 593
1708440 591
1708450 591
1708460 584
1708470 581
1708480 581
1708490 572
1708500 569
1708510 569
1708520 567
1708530 567
1708540 567
1708550 565
1708560 562
1708570 562
1708580 558
1708590 553
1708600 553
1708610 548
1708620 543
1708630 543
1708640 536
1708650 533
1708660 533
1708670 532
1708680 531
1708690 526
1708700 526
1708710 528
1708720 531
1708730 531
1708740 533
1708750 535
1708760 535
1708770 537
1708780 539
1708790 539
1708800 539
1708810 540
1708820 540
1708830 543
1708840 544
1708850 544
1708860 546
1708870 550
1708880 550
1708890 554
1708900 556
1708910 556
1708920 558
1708930 561
1708940 561
1708950 564
1708960 566
1708970 569
1708980 569
1708990 572
1709000 577
1709010 577
1709020 581
1709030 584
1709040 584
1709050 584
1709060 583
1709070 583
1709080 587
1709090 588
1709100 588
1709110 593
1709120 595
1709130 595
1709140 595
1709150 594
1709160 594
1709170 595
1709180 598
1709190 598
1709200 602
1709210 603
1709220 603
1709230 609
1709240 614
1709250 622
1709260 622
1709270 632
1709280 634
1709290 634
1709300 641
1709310 647
1709320 647
1709330 653
1709340 659
1709350 659
1709360 665
1709370 669
1709380 669
1709390 674
1709400 678
1709410 678
1709420 683
1709430 684
1709440 684
1709450 683
1709460 682
1709470 682
1709480 682
1709490 682
1709500 682
1709510 684
1709520 685
1709530 685
1709540 685
1709550 686
1709560 687
1709570 687
1709580 688
1709590 690
1709600 690
1709610 692
1709620 693
1709630 693
1709640 694
1709650 695
1709660 695
1709670 697
1709680 699
1709690 699
1709700 699
1709710 698
1709720 698
1709730 699
1709740 701
1709750 701
1709760 703
1709770 705
1709780 705
1709790 706
1709800 705
1709810 705
1709820 705
1709830 706
1709840 709
1709850 709
1709860 707
1709870 708
1709880 708
1709890 712
1709900 714
1709910 714
1709920 717
1709930 718
1709940 718
1709950 722
1709960 725
1709970 725
1709980 729
1709990 728
1710000 728
1710010 724
1710020 727
1710030 727
1710040 729
1710050 731
1710060 731
1710070 734
1710080 741
1710090 741
1710100 745
1710110 750
1710120 755
1710130 755
1710140 757
1710150 758
1710160 758
1710170 761
1710180 765
1710190 765
1710200 773
1710210 781
1710220 781
1710230 788
1710240 794
1710250 794
1710260 799
1710270 805
1710280 805
1710290 811
1710300 819
1710310 819
1710320 823
1710330 827
1710340 827
1710350 833
1710360 838
1710370 838
1710380 843
1710390 846
1710400 846
1710410 847
1710420 842
1710430 836
1710440 836
1710450 832
1710460 828
1710470 828
1710480 823
1710490 819
1710500 819
1710510 813
1710520 808
1710530 808
1710540 805
1710550 802
1710560 802
1710570 797
1710580 794
1710590 794
1710600 789
1710610 788
1710620 788
1710630 781
1710640 785
1710650 785
1710660 786
1710670 790
1710680 790
1710690 793
1710700 795
1710710 796
1710720 796
1710730 796
1710740 797
1710750 797
1710760 798
1710770 800
1710780 800
1710790 804
1710800 806
1710810 806
1710820 809
1710830 812
1710840 812
1710850 816
1710860 816
1710870 816
1710880 815
1710890 811
1710900 811
1710910 808
1710920 803
1710930 803
1710940 799
1710950 794
1710960 794
1710970 789
1710980 784
1710990 780
1711000 780
1711010 777
1711020 774
1711030 774
1711040 771
1711050 767
1711060 767
1711070 761
1711080 754
1711090 754
1711100 747
1711110 740
1711120 740
1711130 731
1711140 724
1711150 724
1711160 720
1711170 712
1711180 712
1711190 705
1711200 699
1711210 699
1711220 693
1711230 687
1711240 687
1711250 682
1711260 677
1711270 673
1711280 673
1711290 668
1711300 663
1711310 663
1711320 658
1711330 652
1711340 652
1711350 645
1711360 639
1711370 639
1711380 635
1711390 636
1711400 636
1711410 636
1711420 630
1711430 630
1711440 625
1711450 624
1711460 624
1711470 620
1711480 613
1711490 613
1711500 607
1711510 604
1711520 604
1711530 606
1711540 606
1711550 606
1711560 608
1711570 611
1711580 610
1711590 610
1711600 615
1711610 613
1711620 613
1711630 616
1711640 618
1711650 618
1711660 619
1711670 619
1711680 619
1711690 614
1711700 611
1711710 611
1711720 618
1711730 622
1711740 622
1711750 623
1711760 625
1711770 625
1711780 625
1711790 623
1711800 623
1711810 619
1711820 612
1711830 612
1711840 607
1711850 612
1711860 619
1711870 619
1711880 626
1711890 628
1711900 628
1711910 629
1711920 630
1711930 630
1711940 631
1711950 631
1711960 631
1711970 630
1711980 631
1711990 631
1712000 634
1712010 635
1712020 635
1712030 637
1712040 638
1712050 638
1712060 639
1712070 638
1712080 638
1712090 638
1712100 640
1712110 640
1712120 643
1712130 645
1712140 649
1712150 649
1712160 652
1712170 654
1712180 654
1712190 651
1712200 649
1712210 649
1712220 640
1712230 635
1712240 635
1712250 630
1712260 627
1712270 627
1712280 622
1712290 615
1712300 615
1712310 607
1712320 607
1712330 607
1712340 614
1712350 620
1712360 620
1712370 627
1712380 635
1712390 635
1712400 643
1712410 651
1712420 651
1712430 649
1712440 642
1712450 633
1712460 633
1712470 625
1712480 619
1712490 619
1712500 613
1712510 610
1712520 610
1712530 608
1712540 611
1712550 611
1712560 622
1712570 620
1712580 620
1712590 616
1712600 611
1712610 611
1712620 604
1712630 595
1712640 595
1712650 591
1712660 587
1712670 587
1712680 585
1712690 581
1712700 581
1712710 569
1712720 560
1712730 554
1712740 554
1712750 559
1712760 562
1712770 562
1712780 563
1712790 562
1712800 562
1712810 559
1712820 556
1712830 556
1712840 553
1712850 554
1712860 554
1712870 556
1712880 556
1712890 556
1712900 556
1712910 556
1712920 556
1712930 553
1712940 552
1712950 552
1712960 550
1712970 548
1712980 548
1712990 546
1713000 543
1713010 540
1713020 540
1713030 538
1713040 536
1713050 536
1713060 531
1713070 528
1713080 528
1713090 526
1713100 526
1713110 526
1713120 527
1713130 526
1713140 526
1713150 525
1713160 527
1713170 527
1713180 530
1713190 536
1713200 536
1713210 542
1713220 548
1713230 548
1713240 553
1713250 559
1713260 559
1713270 563
1713280 568
1713290 568
1713300 573
1713310 579
1713320 585
1713330 585
1713340 589
1713350 593
1713360 593
1713370 595
1713380 593
1713390 593
1713400 587
1713410 574
1713420 574
1713430 563
1713440 555
1713450 555
1713460 558
1713470 569
1713480 569
1713490 578
1713500 585
1713510 585
1713520 583
1713530 581
1713540 581
1713550 577
1713560 576
1713570 576
1713580 583
1713590 588
1713600 591
1713610 591
1713620 610
1713630 596
1713640 596
1713650 594
1713660 601
1713670 601
1713680 610
1713690 618
1713700 618
1713710 634
1713720 645
1713730 645
1713740 639
1713750 630
1713760 630
1713770 624
1713780 617
1713790 617
1713800 611
1713810 607
1713820 607
1713830 601
1713840 596
1713850 596
1713860 591
1713870 592
1713880 602
1713890 602
1713900 616
1713910 625
1713920 625
1713930 632
1713940 638
1713950 638
1713960 642
1713970 646
1713980 646
1713990 651
1714000 658
1714010 658
1714020 664
1714030 673
1714040 673
1714050 682
1714060 690
1714070 690
1714080 699
1714090 706
1714100 706
1714110 713
1714120 720
1714130 720
1714140 726
1714150 735
1714160 743
1714170 743
1714180 750
1714190 744
1714200 744
1714210 737
1714220 731
1714230 731
1714240 726
1714250 722
1714260 722
1714270 719
1714280 719
1714290 719
1714300 721
1714310 723
1714320 723
1714330 725
1714340 725
1714350 725
1714360 728
1714370 728
1714380 728
1714390 731
1714400 731
1714410 731
1714420 732
1714430 731
1714440 731
1714450 730
1714460 732
1714470 732
1714480 732
1714490 732
1714500 732
1714510 732
1714520 733
1714530 731
1714540 731
1714550 736
1714560 742
1714570 742
1714580 748
1714590 755
1714600 755
1714610 759
1714620 761
1714630 761
1714640 762
1714650 763
1714660 763
1714670 769
1714680 774
1714690 774
1714700 779
1714710 786
1714720 786
1714730 791
1714740 798
1714750 805
1714760 805
1714770 814
1714780 822
1714790 822
1714800 830
1714810 833
1714820 833
1714830 830
1714840 826
1714850 826
1714860 822
1714870 817
1714880 817
1714890 812
1714900 807
1714910 807
1714920 802
1714930 797
1714940 797
1714950 792
1714960 783
1714970 783
1714980 775
1714990 768
1715000 768
1715010 770
1715020 772
1715030 774
1715040 774
1715050 776
1715060 779
1715070 779
1715080 782
1715090 784
1715100 784
1715110 786
1715120 787
1715130 787
1715140 788
1715150 790
1715160 790
1715170 791
1715180 792
1715190 792
1715200 792
1715210 793
1715220 793
1715230 794
1715240 794
1715250 794
1715260 796
1715270 796
1715280 796
1715290 796
1715300 795
1715310 795
1715320 794
1715330 794
1715340 793
1715350 793
1715360 795
1715370 793
1715380 793
1715390 797
1715400 799
1715410 799
1715420 804
1715430 809
1715440 809
1715450 814
1715460 821
1715470 821
1715480 828
1715490 834
1715500 834
1715510 841
1715520 846
1715530 846
1715540 852
1715550 859
1715560 859
1715570 866
1715580 873
1715590 873
1715600 881
1715610 884
1715620 887
1715630 887
1715640 888
1715650 889
1715660 889
1715670 889
1715680 889
1715690 889
1715700 890
1715710 890
1715720 890
1715730 890
1715740 890
1715750 890
1715760 890
1715770 891
1715780 891
1715790 891
1715800 891
1715810 891
1715820 892
1715830 893
1715840 893
1715850 895
1715860 898
1715870 898
1715880 903
1715890 908
1715900 912
1715910 912
1715920 912
1715930 914
1715940 914
1715950 918
1715960 919
1715970 919
1715980 922
1715990 923
1716000 923
1716010 924
1716020 928
1716030 928
1716040 931
1716050 936
1716060 936
1716070 941
1716080 944
1716090 944
1716100 948
1716110 952
1716120 952
1716130 955
1716140 957
1716150 957
1716160 959
1716170 962
1716180 965
1716190 965
1716200 968
1716210 970
1716220 970
1716230 973
1716240 975
1716250 976
1716260 979
1716270 982
1716280 982
1716290 984
1716300 987
1716310 987
1716320 990
1716330 992
1716340 992
1716350 993
1716360 996
1716370 996
1716380 999
1716390 1002
1716400 1002
1716410 1005
1716420 1008
1716430 1008
1716440 1012
1716450 1015
1716460 1015
1716470 1017
1716480 1021
1716490 1023
1716500 1023
1716510 1025
1716520 1027
1716530 1027
1716540 1029
1716550 1031
1716560 1031
1716570 1033
1716580 1036
1716590 1036
1716600 1039
1716610 1040
1716620 1040
1716630 1041
1716640 1042
1716650 1042
1716660 1042
1716670 1042
1716680 1042
1716690 1042
1716700 1042
1716710 1042
1716720 1042
1716730 1044
1716740 1044
1716750 1045
1716760 1049
1716770 1053
1716780 1053
1716790 1057
1716800 1061
1716810 1061
1716820 1064
1716830 1067
1716840 1067
1716850 1070
1716860 1073
1716870 1073
1716880 1075
1716890 1076
1716900 1076
1716910 1078
1716920 1080
1716930 1080
1716940 1084
1716950 1086
1716960 1086
1716970 1089
1716980 1093
1716990 1093
1717000 1096
1717010 1098
1717020 1098
1717030 1100
1717040 1100
1717050 1102
1717060 1102
1717070 1105
1717080 1106
1717090 1106
1717100 1108
1717110 1110
1717120 1110
1717130 1110
1717140 1112
1717150 1112
1717160 1113
1717170 1116
1717180 1116
1717190 1117
1717200 1117
1717210 1117
1717220 1117
1717230 1117
1717240 1117
1717250 1116
1717260 1113
1717270 1113
1717280 1111
1717290 1109
1717300 1109
1717310 1109
1717320 1108
1717330 1108
1717340 1108
1717350 1107
1717360 1105
1717370 1105
1717380 1104
1717390 1103
1717400 1103
1717410 1102
1717420 1100
1717430 1100
1717440 1099
1717450 1096
1717460 1096
1717470 1096
1717480 1098
1717490 1098
1717500 1103
1717510 1106
1717520 1106
1717530 1108
1717540 1109
1717550 1109
1717560 1111
1717570 1111
1717580 1111
1717590 1107
1717600 1102
1717610 1102
1717620 1102
1717630 1104
1717640 1107
1717650 1107
1717660 1111
1717670 1113
1717680 1113
1717690 1114
1717700 1113
1717710 1113
1717720 1112
1717730 1109
1717740 1109
1717750 1106
1717760 1103
1717770 1103
1717780 1101
1717790 1097
1717800 1097
1717810 1093
1717820 1089
1717830 1089
1717840 1085
1717850 1078
1717860 1078
1717870 1070
1717880 1064
1717890 1064
1717900 1061
1717910 1061
1717920 1061
1717930 1061
1717940 1061
1717950 1062
1717960 1062
1717970 1065
1717980 1066
1717990 1066
1718000 1069
1718010 1074
1718020 1074
1718030 1077
1718040 1079
1718050 1079
1718060 1082
1718070 1084
1718080 1084
1718090 1085
1718100 1085
1718110 1085
1718120 1087
1718130 1090
1718140 1090
1718150 1095
1718160 1096
1718170 1096
1718180 1096
1718190 1098
1718200 1098
1718210 1104
1718220 1107
1718230 1110
1718240 1110
1718250 1113
1718260 1115
1718270 1115
1718280 1116
1718290 1117
1718300 1117
1718310 1117
1718320 1118
1718330 1118
1718340 1120
1718350 1122
1718360 1122
1718370 1123
1718380 1124
1718390 1124
1718400 1125
1718410 1126
1718420 1126
1718430 1125
1718440 1126
1718450 1126
1718460 1124
1718470 1124
1718480 1124
1718490 1124
1718500 1126
1718510 1129
1718520 1129
1718530 1131
1718540 1134
1718550 1134
1718560 1136
1718570 1139
1718580 1139
1718590 1141
1718600 1144
1718610 1144
1718620 1147
1718630 1151
1718640 1151
1718650 1154
1718660 1156
1718670 1156
1718680 1161
1718690 1166
1718700 1166
1718710 1169
1718720 1171
1718730 1171
1718740 1175
1718750 1179
1718760 1179
1718770 1182
1718780 1185
1718790 1186
1718800 1186
1718810 1187
1718820 1185
1718830 1185
1718840 1183
1718850 1181
1718860 1181
1718870 1179
1718880 1178
1718890 1178
1718900 1177
1718910 1177
1718920 1171
1718930 1170
1718940 1164
1718950 1164
1718960 1159
1718970 1154
1718980 1154
1718990 1146
1719000 1145
1719010 1145
1719020 1153
1719030 1154
1719040 1154
1719050 1154
1719060 1153
1719070 1153
1719080 1153
1719090 1150
1719100 1149
1719110 1149
1719120 1148
1719130 1146
1719140 1146
1719150 1145
1719160 1142
1719170 1142
1719180 1140
1719190 1133
1719200 1133
1719210 1119
1719220 1109
1719230 1109
1719240 1119
1719250 1125
1719260 1125
1719270 1129
1719280 1133
1719290 1133
1719300 1134
1719310 1133
1719320 1133
1719330 1132
1719340 1136
1719350 1136
1719360 1140
1719370 1145
1719380 1146
1719390 1146
1719400 1147
1719410 1148
1719420 1148
1719430 1148
1719440 1152
1719450 1152
1719460 1155
1719470 1154
1719480 1154
1719490 1149
1719500 1142
1719510 1142
1719520 1149
1719530 1155
1719540 1155
1719550 1152
1719560 1145
1719570 1145
1719580 1135
1719590 1141
1719600 1141
1719610 1150
1719620 1155
1719630 1155
1719640 1160
1719650 1159
1719660 1156
1719670 1156
1719680 1159
1719690 1161
1719700 1161
1719710 1163
1719720 1164
1719730 1164
1719740 1166
1719750 1168
1719760 1168
1719770 1169
1719780 1170
1719790 1170
1719800 1171
1719810 1171
1719820 1171
1719830 1171
1719840 1171
1719850 1171
1719860 1171
1719870 1170
1719880 1170
1719890 1169
1719900 1168
1719910 1168
1719920 1166
1719930 1163
1719940 1160
1719950 1160
1719960 1157
1719970 1152
1719980 1152
1719990 1147
