1700000 794
1700010 794
1700020 800
1700030 800
1700040 800
1700050 799
1700060 798
1700070 798
1700080 798
1700090 798
1700100 798
1700110 799
1700120 799
1700130 799
1700140 800
1700150 800
1700160 800
1700170 799
1700180 795
1700190 795
1700200 792
1700210 793
1700220 793
1700230 794
1700240 792
1700250 792
1700260 790
1700270 787
1700280 786
1700290 786
1700300 784
1700310 781
1700320 781
1700330 778
1700340 775
1700350 775
1700360 771
1700370 766
1700380 766
1700390 762
1700400 765
1700410 765
1700420 772
1700430 777
1700440 777
1700450 781
1700460 783
1700470 783
1700480 784
1700490 787
1700500 787
1700510 789
1700520 791
1700530 791
1700540 793
1700550 794
1700560 794
1700570 795
1700580 796
1700590 800
1700600 800
1700610 804
1700620 809
1700630 809
1700640 814
1700650 820
1700660 820
1700670 825
1700680 830
1700690 830
1700700 834
1700710 840
1700720 840
1700730 846
1700740 851
1700750 851
1700760 857
1700770 864
1700780 864
1700790 870
1700800 876
1700810 876
1700820 881
1700830 887
1700840 887
1700850 893
1700860 900
1700870 906
1700880 906
1700890 912
1700900 918
1700910 918
1700920 923
1700930 927
1700940 927
1700950 931
1700960 935
1700970 935
1700980 933
1700990 927
1701000 927
1701010 922
1701020 917
1701030 917
1701040 912
1701050 908
1701060 908
1701070 901
1701080 890
1701090 890
1701100 884
1701110 879
1701120 879
1701130 876
1701140 872
1701150 872
1701160 867
1701170 860
1701180 853
1701190 853
1701200 845
1701210 837
1701220 837
1701230 831
1701240 826
1701250 826
1701260 823
1701270 822
1701280 822
1701290 819
1701300 808
1701310 808
1701320 800
1701330 796
1701340 796
1701350 787
1701360 778
1701370 778
1701380 771
1701390 767
1701400 767
1701410 765
1701420 765
1701430 765
1701440 758
1701450 748
1701460 747
1701470 747
1701480 749
1701490 747
1701500 747
1701510 745
1701520 748
1701530 748
1701540 752
1701550 755
1701560 755
1701570 757
1701580 754
1701590 754
1701600 749
1701610 746
1701620 746
1701630 744
1701640 744
1701650 744
1701660 738
1701670 731
1701680 731
1701690 724
1701700 720
1701710 720
1701720 721
1701730 714
1701740 714
1701750 717
1701760 723
1701770 728
1701780 728
1701790 733
1701800 738
1701810 738
1701820 741
1701830 743
1701840 743
1701850 746
1701860 750
1701870 750
1701880 754
1701890 753
1701900 753
1701910 748
1701920 745
1701930 745
1701940 750
1701950 753
1701960 753
1701970 748
1701980 746
1701990 746
1702000 749
1702010 746
1702020 746
1702030 742
1702040 743
1702050 746
1702060 746
1702070 747
1702080 753
1702090 753
1702100 759
1702110 764
1702120 764
1702130 768
1702140 759
1702150 759
1702160 756
1702170 753
1702180 753
1702190 752
1702200 752
1702210 752
1702220 754
1702230 757
1702240 757
1702250 762
1702260 767
1702270 767
1702280 769
1702290 763
1702300 763
1702310 755
1702320 753
1702330 753
1702340 752
1702350 754
1702360 757
1702370 757
1702380 759
1702390 753
1702400 753
1702410 749
1702420 747
1702430 747
1702440 749
1702450 749
1702460 749
1702470 746
1702480 742
1702490 742
1702500 740
1702510 740
1702520 740
1702530 739
1702540 739
1702550 739
1702560 740
1702570 741
1702580 741
1702590 740
1702600 740
1702610 740
1702620 744
1702630 745
1702640 745
1702650 745
1702660 742
1702670 737
1702680 737
1702690 734
1702700 728
1702710 728
1702720 721
1702730 715
1702740 715
1702750 711
1702760 707
1702770 707
1702780 698
1702790 689
1702800 689
1702810 682
1702820 675
1702830 675
1702840 670
1702850 668
1702860 668
1702870 665
1702880 659
1702890 659
1702900 652
1702910 647
1702920 642
1702930 642
1702940 634
1702950 628
1702960 628
1702970 622
1702980 615
1702990 615
1703000 609
1703010 602
1703020 602
1703030 596
1703040 590
1703050 590
1703060 585
1703070 584
1703080 584
1703090 582
1703100 584
1703110 584
1703120 586
1703130 591
1703140 591
1703150 592
1703160 593
1703170 593
1703180 597
1703190 601
1703200 601
1703210 603
1703220 602
1703230 607
1703240 607
1703250 612
1703260 616
1703270 616
1703280 619
1703290 623
1703300 623
1703310 626
1703320 627
1703330 627
1703340 623
1703350 621
1703360 621
1703370 625
1703380 630
1703390 630
1703400 635
1703410 639
1703420 639
1703430 642
1703440 644
1703450 644
1703460 646
1703470 645
1703480 645
1703490 645
1703500 646
1703510 648
1703520 648
1703530 648
1703540 648
1703550 648
1703560 651
1703570 653
1703580 653
1703590 655
1703600 656
1703610 656
1703620 658
1703630 660
1703640 660
1703650 663
1703660 664
1703670 664
1703680 664
1703690 663
1703700 663
1703710 664
1703720 665
1703730 665
1703740 668
1703750 671
1703760 671
1703770 674
1703780 678
1703790 678
1703800 682
1703810 686
1703820 689
1703830 689
1703840 685
1703850 676
1703860 676
1703870 666
1703880 658
1703890 658
1703900 645
1703910 638
1703920 638
1703930 632
1703940 624
1703950 624
1703960 616
1703970 608
1703980 608
1703990 598
1704000 590
1704010 590
1704020 580
1704030 573
1704040 573
1704050 565
1704060 557
1704070 557
1704080 549
1704090 542
1704100 535
1704110 535
1704120 530
1704130 526
1704140 526
1704150 519
1704160 510
1704170 510
1704180 501
1704190 494
1704200 494
1704210 488
1704220 484
1704230 484
1704240 481
1704250 481
1704260 481
1704270 482
1704280 474
1704290 474
1704300 471
1704310 468
1704320 468
1704330 467
1704340 467
1704350 467
1704360 467
1704370 467
1704380 467
1704390 467
1704400 467
1704410 467
1704420 467
1704430 467
1704440 467
1704450 467
1704460 467
1704470 467
1704480 467
1704490 467
1704500 467
1704510 467
1704520 467
1704530 467
1704540 467
1704550 470
1704560 470
1704570 470
1704580 470
1704590 470
1704600 470
1704610 475
1704620 483
1704630 483
1704640 494
1704650 503
1704660 503
1704670 513
1704680 524
1704690 531
1704700 531
1704710 539
1704720 546
1704730 546
1704740 553
1704750 565
1704760 565
1704770 571
1704780 577
1704790 577
1704800 580
1704810 582
1704820 582
1704830 584
1704840 589
1704850 589
1704860 597
1704870 605
1704880 605
1704890 612
1704900 617
1704910 617
1704920 617
1704930 620
1704940 620
1704950 623
1704960 629
1704970 629
1704980 635
1704990 641
1705000 647
1705010 647
1705020 653
1705030 659
1705040 659
1705050 665
1705060 671
1705070 671
1705080 676
1705090 682
1705100 682
1705110 686
1705120 691
1705130 691
1705140 696
1705150 700
1705160 700
1705170 704
1705180 707
1705190 707
1705200 711
1705210 717
1705220 717
1705230 722
1705240 729
1705250 729
1705260 731
1705270 737
1705280 743
1705290 743
1705300 748
1705310 752
1705320 752
1705330 757
1705340 760
1705350 760
1705360 763
1705370 766
1705380 766
1705390 769
1705400 772
1705410 772
1705420 775
1705430 779
1705440 779
1705450 783
1705460 789
1705470 789
1705480 794
1705490 799
1705500 799
1705510 804
1705520 807
1705530 807
1705540 803
1705550 797
1705560 797
1705570 792
1705580 790
1705590 787
1705600 787
1705610 786
1705620 786
1705630 786
1705640 785
1705650 783
1705660 783
1705670 776
1705680 771
1705690 771
1705700 765
1705710 759
1705720 759
1705730 752
1705740 746
1705750 746
1705760 739
1705770 732
1705780 732
1705790 728
1705800 724
1705810 724
1705820 719
1705830 721
1705840 721
1705850 727
1705860 731
1705870 738
1705880 738
1705890 744
1705900 745
1705910 745
1705920 746
1705930 747
1705940 747
1705950 747
1705960 748
1705970 748
1705980 751
1705990 755
1706000 755
1706010 759
1706020 762
1706030 762
1706040 766
1706050 770
1706060 770
1706070 776
1706080 782
1706090 782
1706100 790
1706110 797
1706120 797
1706130 805
1706140 813
1706150 813
1706160 821
1706170 829
1706180 837
1706190 837
1706200 844
1706210 852
1706220 852
1706230 859
1706240 866
1706250 866
1706260 872
1706270 880
1706280 880
1706290 887
1706300 893
1706310 893
1706320 899
1706330 903
1706340 903
1706350 910
1706360 914
1706370 914
1706380 919
1706390 924
1706400 924
1706410 929
1706420 935
1706430 935
1706440 941
1706450 946
1706460 951
1706470 951
1706480 956
1706490 960
1706500 960
1706510 964
1706520 968
1706530 968
1706540 970
1706550 972
1706560 972
1706570 969
1706580 966
1706590 966
1706600 967
1706610 970
1706620 970
1706630 974
1706640 968
1706650 968
1706660 962
1706670 957
1706680 957
1706690 951
1706700 948
1706710 948
1706720 950
1706730 954
1706740 954
1706750 952
1706760 952
1706770 957
1706780 957
1706790 963
1706800 969
1706810 969
1706820 976
1706830 980
1706840 980
1706850 985
1706860 989
1706870 989
1706880 987
1706890 980
1706900 980
1706910 973
1706920 966
1706930 966
1706940 954
1706950 943
1706960 943
1706970 931
1706980 925
1706990 925
1707000 919
1707010 912
1707020 912
1707030 901
1707040 890
1707050 886
1707060 886
1707070 892
1707080 901
1707090 901
1707100 909
1707110 914
1707120 914
1707130 911
1707140 912
1707150 912
1707160 912
1707170 907
1707180 907
1707190 904
1707200 906
1707210 906
1707220 910
1707230 913
1707240 913
1707250 919
1707260 925
1707270 925
1707280 933
1707290 943
1707300 943
1707310 950
1707320 956
1707330 956
1707340 954
1707350 947
1707360 933
1707370 933
1707380 917
1707390 908
1707400 908
1707410 893
1707420 882
1707430 882
1707440 875
1707450 880
1707460 880
1707470 888
1707480 895
1707490 895
1707500 905
1707510 913
1707520 913
1707530 922
1707540 929
1707550 929
1707560 933
1707570 938
1707580 938
1707590 945
1707600 952
1707610 952
1707620 961
1707630 971
1707640 974
1707650 974
1707660 964
1707670 954
1707680 954
1707690 946
1707700 942
1707710 942
1707720 935
1707730 928
1707740 928
1707750 925
1707760 918
1707770 918
1707780 911
1707790 902
1707800 902
1707810 893
1707820 888
1707830 888
1707840 894
1707850 903
1707860 903
1707870 909
1707880 916
1707890 916
1707900 923
1707910 930
1707920 930
1707930 936
1707940 943
1707950 950
1707960 950
1707970 958
1707980 966
1707990 966
1708000 974
1708010 981
1708020 981
1708030 988
1708040 993
1708050 993
1708060 997
1708070 998
1708080 998
1708090 991
1708100 984
1708110 984
1708120 971
1708130 963
1708140 963
1708150 956
1708160 948
1708170 948
1708180 955
1708190 962
1708200 962
1708210 966
1708220 970
1708230 974
1708240 974
1708250 979
1708260 984
1708270 984
1708280 990
1708290 996
1708300 996
1708310 1002
1708320 1007
1708330 1007
1708340 1013
1708350 1019
1708360 1019
1708370 1026
1708380 1035
1708390 1035
1708400 1041
1708410 1047
1708420 1047
1708430 1053
1708440 1059
1708450 1059
1708460 1065
1708470 1070
1708480 1070
1708490 1076
1708500 1080
1708510 1089
1708520 1089
1708530 1093
1708540 1092
1708550 1092
1708560 1097
1708570 1095
1708580 1095
1708590 1095
1708600 1094
1708610 1094
1708620 1093
1708630 1091
1708640 1091
1708650 1086
1708660 1081
1708670 1081
1708680 1075
1708690 1075
1708700 1075
1708710 1071
1708720 1068
1708730 1068
1708740 1065
1708750 1063
1708760 1063
1708770 1060
1708780 1058
1708790 1058
1708800 1055
1708810 1051
1708820 1047
1708830 1047
1708840 1040
1708850 1035
1708860 1035
1708870 1029
1708880 1026
1708890 1026
1708900 1020
1708910 1014
1708920 1014
1708930 1007
1708940 1006
1708950 1006
1708960 1008
1708970 1016
1708980 1016
1708990 1021
1709000 1026
1709010 1026
1709020 1031
1709030 1036
1709040 1036
1709050 1039
1709060 1043
1709070 1043
1709080 1046
1709090 1046
1709100 1045
1709110 1045
1709120 1044
1709130 1043
1709140 1043
1709150 1042
1709160 1041
1709170 1041
1709180 1040
1709190 1039
1709200 1039
1709210 1043
1709220 1046
1709230 1046
1709240 1049
1709250 1053
1709260 1053
1709270 1058
1709280 1063
1709290 1063
1709300 1069
1709310 1073
1709320 1073
1709330 1079
1709340 1085
1709350 1085
1709360 1091
1709370 1097
1709380 1097
1709390 1103
1709400 1108
1709410 1114
1709420 1114
1709430 1118
1709440 1123
1709450 1123
1709460 1127
1709470 1131
1709480 1131
1709490 1135
1709500 1138
1709510 1138
1709520 1141
1709530 1145
1709540 1145
1709550 1147
1709560 1150
1709570 1150
1709580 1152
1709590 1152
1709600 1152
1709610 1152
1709620 1150
1709630 1150
1709640 1145
1709650 1141
1709660 1141
1709670 1138
1709680 1135
1709690 1133
1709700 1133
1709710 1129
1709720 1125
1709730 1125
1709740 1122
1709750 1118
1709760 1118
1709770 1116
1709780 1112
1709790 1112
1709800 1108
1709810 1102
1709820 1102
1709830 1098
1709840 1093
1709850 1093
1709860 1087
1709870 1082
1709880 1082
1709890 1076
1709900 1070
1709910 1070
1709920 1063
1709930 1056
1709940 1056
1709950 1050
1709960 1048
1709970 1048
1709980 1047
1709990 1047
1710000 1047
1710010 1047
1710020 1048
1710030 1049
1710040 1049
1710050 1051
1710060 1052
1710070 1052
1710080 1053
1710090 1054
1710100 1054
1710110 1054
1710120 1054
1710130 1054
1710140 1054
1710150 1054
1710160 1054
1710170 1054
1710180 1054
1710190 1054
1710200 1054
1710210 1055
1710220 1055
1710230 1056
1710240 1055
1710250 1055
1710260 1055
1710270 1055
1710280 1055
1710290 1055
1710300 1055
1710310 1054
1710320 1054
1710330 1054
1710340 1053
1710350 1053
1710360 1052
1710370 1049
1710380 1049
1710390 1046
1710400 1042
1710410 1042
1710420 1037
1710430 1033
1710440 1033
1710450 1027
1710460 1020
1710470 1020
1710480 1013
1710490 1004
1710500 1004
1710510 997
1710520 986
1710530 986
1710540 982
1710550 974
1710560 974
1710570 967
1710580 960
1710590 953
1710600 953
1710610 947
1710620 941
1710630 941
1710640 935
1710650 928
1710660 928
1710670 921
1710680 915
1710690 915
1710700 908
1710710 901
1710720 901
1710730 895
1710740 890
1710750 890
1710760 884
1710770 878
1710780 878
1710790 872
1710800 865
1710810 865
1710820 859
1710830 854
1710840 854
1710850 850
1710860 846
1710870 842
1710880 842
1710890 839
1710900 837
1710910 837
1710920 834
1710930 832
1710940 832
1710950 824
1710960 820
1710970 820
1710980 817
1710990 816
1711000 816
1711010 814
1711020 815
1711030 815
1711040 812
1711050 811
1711060 811
1711070 815
1711080 818
1711090 818
1711100 820
1711110 822
1711120 822
1711130 824
1711140 827
1711150 827
1711160 830
1711170 834
1711180 838
1711190 838
1711200 841
1711210 843
1711220 843
1711230 846
1711240 847
1711250 847
1711260 849
1711270 849
1711280 849
1711290 848
1711300 848
1711310 848
1711320 846
1711330 844
1711340 844
1711350 840
1711360 835
1711370 835
1711380 829
1711390 823
1711400 823
1711410 818
1711420 811
1711430 811
1711440 807
1711450 801
1711460 797
1711470 797
1711480 791
1711490 788
1711500 788
1711510 784
1711520 782
1711530 782
1711540 784
1711550 785
1711560 785
1711570 788
1711580 791
1711590 791
1711600 795
1711610 799
1711620 799
1711630 800
1711640 797
1711650 797
1711660 792
1711670 789
1711680 789
1711690 788
1711700 789
1711710 789
1711720 790
1711730 790
1711740 790
1711750 788
1711760 789
1711770 790
1711780 790
1711790 793
1711800 796
1711810 796
1711820 799
1711830 804
1711840 804
1711850 805
1711860 810
1711870 810
1711880 813
1711890 814
1711900 814
1711910 818
1711920 819
1711930 819
1711940 822
1711950 826
1711960 826
1711970 829
1711980 834
1711990 834
1712000 839
1712010 845
1712020 845
1712030 850
1712040 854
1712050 858
1712060 858
1712070 864
1712080 867
1712090 867
1712100 872
1712110 876
1712120 876
1712130 880
1712140 885
1712150 885
1712160 889
1712170 893
1712180 893
1712190 898
1712200 900
1712210 900
1712220 901
1712230 900
1712240 900
1712250 900
1712260 901
1712270 901
1712280 901
1712290 901
1712300 901
1712310 901
1712320 903
1712330 903
1712340 904
1712350 903
1712360 903
1712370 903
1712380 903
1712390 901
1712400 901
1712410 898
1712420 895
1712430 895
1712440 891
1712450 886
1712460 886
1712470 881
1712480 874
1712490 874
1712500 868
1712510 860
1712520 860
1712530 852
1712540 845
1712550 845
1712560 838
1712570 832
1712580 832
1712590 824
1712600 815
1712610 815
1712620 806
1712630 799
1712640 790
1712650 790
1712660 783
1712670 775
1712680 775
1712690 767
1712700 760
1712710 760
1712720 752
1712730 743
1712740 743
1712750 735
1712760 728
1712770 728
1712780 719
1712790 712
1712800 712
1712810 710
1712820 705
1712830 705
1712840 698
1712850 689
1712860 689
1712870 686
1712880 681
1712890 681
1712900 683
1712910 688
1712920 688
1712930 695
1712940 700
1712950 703
1712960 703
1712970 704
1712980 705
1712990 705
1713000 703
1713010 697
1713020 697
1713030 704
1713040 712
1713050 712
1713060 717
1713070 725
1713080 725
1713090 731
1713100 733
1713110 733
1713120 736
1713130 734
1713140 734
1713150 740
1713160 739
1713170 739
1713180 734
1713190 740
1713200 740
1713210 748
1713220 758
1713230 767
1713240 767
1713250 776
1713260 783
1713270 783
1713280 785
1713290 787
1713300 787
1713310 795
1713320 794
1713330 794
1713340 799
1713350 803
1713360 803
1713370 796
1713380 794
1713390 794
1713400 793
1713410 794
1713420 794
1713430 799
1713440 798
1713450 798
1713460 796
1713470 803
1713480 803
1713490 807
1713500 812
1713510 812
1713520 814
1713530 816
1713540 812
1713550 812
1713560 805
1713570 798
1713580 798
1713590 790
1713600 782
1713610 782
1713620 775
1713630 767
1713640 767
1713650 758
1713660 750
1713670 750
1713680 741
1713690 734
1713700 734
1713710 727
1713720 719
1713730 719
1713740 712
1713750 705
1713760 705
1713770 699
1713780 692
1713790 692
1713800 687
1713810 683
1713820 678
1713830 678
1713840 672
1713850 664
1713860 664
1713870 656
1713880 653
1713890 653
1713900 652
1713910 659
1713920 659
1713930 665
1713940 673
1713950 673
1713960 683
1713970 688
1713980 688
1713990 683
1714000 681
1714010 681
1714020 691
1714030 698
1714040 698
1714050 707
1714060 715
1714070 715
1714080 724
1714090 731
1714100 738
1714110 738
1714120 745
1714130 753
1714140 753
1714150 759
1714160 766
1714170 766
1714180 771
1714190 777
1714200 777
1714210 786
1714220 793
1714230 793
1714240 799
1714250 803
1714260 803
1714270 806
1714280 814
1714290 814
1714300 821
1714310 826
1714320 826
1714330 831
1714340 836
1714350 836
1714360 840
1714370 837
1714380 837
1714390 832
1714400 826
1714410 820
1714420 820
1714430 812
1714440 808
1714450 808
1714460 801
1714470 795
1714480 795
1714490 788
1714500 782
1714510 782
1714520 775
1714530 768
1714540 768
1714550 759
1714560 757
1714570 757
1714580 758
1714590 763
1714600 763
1714610 766
1714620 770
1714630 770
1714640 774
1714650 777
1714660 777
1714670 782
1714680 787
1714690 793
1714700 793
1714710 799
1714720 806
1714730 806
1714740 812
1714750 817
1714760 817
1714770 824
1714780 829
1714790 831
1714800 837
1714810 840
1714820 840
1714830 837
1714840 830
1714850 830
1714860 823
1714870 816
1714880 816
1714890 811
1714900 806
1714910 806
1714920 798
1714930 791
1714940 791
1714950 785
1714960 779
1714970 779
1714980 775
1714990 768
1715000 760
1715010 760
1715020 753
1715030 746
1715040 746
1715050 739
1715060 732
1715070 732
1715080 724
1715090 714
1715100 714
1715110 709
1715120 700
1715130 700
1715140 692
1715150 684
1715160 684
1715170 675
1715180 670
1715190 670
1715200 679
1715210 685
1715220 685
1715230 694
1715240 696
1715250 696
1715260 697
1715270 701
1715280 707
1715290 707
1715300 713
1715310 716
1715320 716
1715330 723
1715340 732
1715350 732
1715360 735
1715370 739
1715380 739
1715390 738
1715400 732
1715410 732
1715420 724
1715430 719
1715440 719
1715450 709
1715460 701
1715470 701
1715480 695
1715490 687
1715500 687
1715510 680
1715520 673
1715530 673
1715540 666
1715550 659
1715560 659
1715570 652
1715580 645
1715590 637
1715600 637
1715610 642
1715620 650
1715630 650
1715640 654
1715650 654
1715660 654
1715670 650
1715680 645
1715690 645
1715700 640
1715710 635
1715720 635
1715730 631
1715740 624
1715750 624
1715760 617
1715770 610
1715780 610
1715790 603
1715800 600
1715810 600
1715820 598
1715830 598
1715840 598
1715850 597
1715860 597
1715870 594
1715880 594
1715890 586
1715900 584
1715910 584
1715920 583
1715930 584
1715940 584
1715950 584
1715960 582
1715970 582
1715980 582
1715990 583
1716000 583
1716010 582
1716020 582
1716030 582
1716040 582
1716050 582
1716060 582
1716070 582
1716080 583
1716090 583
1716100 583
1716110 583
1716120 583
1716130 582
1716140 583
1716150 583
1716160 589
1716170 598
1716180 607
1716190 607
1716200 616
1716210 617
1716220 617
1716230 613
1716240 615
1716250 615
1716260 624
1716270 630
1716280 630
1716290 634
1716300 638
1716310 638
1716320 640
1716330 642
1716340 642
1716350 644
1716360 644
1716370 644
1716380 645
1716390 644
1716400 644
1716410 643
1716420 642
1716430 642
1716440 639
1716450 634
1716460 628
1716470 628
1716480 623
1716490 618
1716500 618
1716510 614
1716520 610
1716530 610
1716540 606
1716550 603
1716560 603
1716570 602
1716580 603
1716590 603
1716600 604
1716610 605
1716620 605
1716630 605
1716640 605
1716650 605
1716660 606
1716670 606
1716680 606
1716690 606
1716700 611
1716710 611
1716720 613
1716730 616
1716740 616
1716750 620
1716760 623
1716770 627
1716780 627
1716790 631
1716800 634
1716810 634
1716820 639
1716830 646
1716840 646
1716850 653
1716860 658
1716870 658
1716880 662
1716890 664
1716900 664
1716910 666
1716920 668
1716930 668
1716940 669
1716950 671
1716960 671
1716970 672
1716980 673
1716990 673
1717000 674
1717010 674
1717020 674
1717030 675
1717040 675
1717050 676
1717060 676
1717070 676
1717080 676
1717090 676
1717100 677
1717110 679
1717120 679
1717130 680
1717140 682
1717150 682
1717160 683
1717170 683
1717180 683
1717190 683
1717200 684
1717210 684
1717220 685
1717230 686
1717240 686
1717250 687
1717260 688
1717270 688
1717280 690
1717290 692
1717300 692
1717310 693
1717320 694
1717330 694
1717340 694
1717350 695
1717360 695
1717370 695
1717380 696
1717390 696
1717400 696
1717410 696
1717420 696
1717430 696
1717440 695
1717450 692
1717460 692
1717470 686
1717480 680
1717490 680
1717500 673
1717510 666
1717520 666
1717530 657
1717540 660
1717550 660
1717560 668
1717570 674
1717580 674
1717590 679
1717600 683
1717610 683
1717620 688
1717630 692
1717640 697
1717650 697
1717660 698
1717670 697
1717680 697
1717690 702
1717700 702
1717710 702
1717720 703
1717730 705
1717740 705
1717750 707
1717760 711
1717770 711
1717780 716
1717790 721
1717800 721
1717810 726
1717820 730
1717830 730
1717840 733
1717850 736
1717860 736
1717870 738
1717880 741
1717890 741
1717900 743
1717910 744
1717920 744
1717930 745
1717940 744
1717950 742
1717960 742
1717970 739
1717980 733
1717990 733
1718000 728
1718010 723
1718020 723
1718030 717
1718040 712
1718050 712
1718060 705
1718070 709
1718080 709
1718090 714
1718100 719
1718110 719
1718120 724
1718130 729
1718140 729
1718150 734
1718160 739
1718170 739
1718180 744
1718190 749
1718200 749
1718210 753
1718220 758
1718230 760
1718240 760
1718250 762
1718260 762
1718270 762
1718280 762
1718290 762
1718300 762
1718310 761
1718320 760
1718330 760
1718340 757
1718350 754
1718360 754
1718370 752
1718380 749
1718390 749
1718400 745
1718410 740
1718420 740
1718430 735
1718440 731
1718450 731
1718460 727
1718470 723
1718480 723
1718490 717
1718500 712
1718510 712
1718520 707
1718530 703
1718540 695
1718550 695
1718560 687
1718570 682
1718580 682
1718590 676
1718600 668
1718610 668
1718620 662
1718630 655
1718640 655
1718650 648
1718660 647
1718670 647
1718680 651
1718690 660
1718700 660
1718710 665
1718720 667
1718730 667
1718740 670
1718750 673
1718760 673
1718770 676
1718780 680
1718790 680
1718800 685
1718810 690
1718820 694
1718830 694
1718840 698
1718850 703
1718860 703
1718870 708
1718880 712
1718890 712
1718900 716
1718910 720
1718920 720
1718930 723
1718940 724
1718950 724
1718960 724
1718970 725
1718980 725
1718990 724
1719000 724
1719010 724
1719020 723
1719030 720
1719040 720
1719050 717
1719060 713
1719070 713
1719080 711
1719090 710
1719100 710
1719110 711
1719120 714
1719130 716
1719140 716
1719150 719
1719160 723
1719170 723
1719180 726
1719190 728
1719200 728
1719210 728
1719220 726
1719230 726
1719240 724
1719250 721
1719260 721
1719270 719
1719280 717
1719290 717
1719300 714
1719310 713
1719320 713
1719330 711
1719340 708
1719350 708
1719360 706
1719370 704
1719380 704
1719390 702
1719400 701
1719410 700
1719420 700
1719430 699
1719440 696
1719450 696
1719460 692
1719470 687
1719480 687
1719490 681
1719500 675
1719510 675
1719520 668
1719530 663
1719540 663
1719550 660
1719560 659
1719570 659
1719580 657
1719590 657
1719600 657
1719610 656
1719620 656
1719630 656
1719640 656
1719650 655
1719660 655
1719670 655
1719680 656
1719690 656
1719700 659
1719710 662
1719720 664
1719730 664
1719740 665
1719750 666
1719760 666
1719770 667
1719780 667
1719790 667
1719800 665
1719810 662
1719820 662
1719830 657
1719840 654
1719850 654
1719860 652
1719870 650
1719880 650
1719890 649
1719900 648
1719910 648
1719920 648
1719930 648
1719940 648
1719950 646
1719960 644
1719970 644
1719980 642
1719990 641
