1700000 562
1700010 564
1700020 569
1700030 569
1700040 573
1700050 579
1700060 579
1700070 585
1700080 591
1700090 591
1700100 596
1700110 600
1700120 600
1700130 603
1700140 606
1700150 606
1700160 608
1700170 612
1700180 612
1700190 616
1700200 620
1700210 620
1700220 623
1700230 625
1700240 625
1700250 628
1700260 634
1700270 638
1700280 638
1700290 641
1700300 644
1700310 644
1700320 648
1700330 652
1700340 652
1700350 651
1700360 655
1700370 655
1700380 656
1700390 658
1700400 658
1700410 659
1700420 661
1700430 661
1700440 664
1700450 667
1700460 667
1700470 670
1700480 673
1700490 673
1700500 677
1700510 681
1700520 681
1700530 683
1700540 687
1700550 687
1700560 690
1700570 692
1700580 692
1700590 692
1700600 693
1700610 695
1700620 695
1700630 694
1700640 693
1700650 693
1700660 692
1700670 690
1700680 690
1700690 690
1700700 690
1700710 690
1700720 690
1700730 692
1700740 692
1700750 695
1700760 696
1700770 696
1700780 694
1700790 690
1700800 690
1700810 684
1700820 681
1700830 681
1700840 677
1700850 671
1700860 663
1700870 663
1700880 656
1700890 650
1700900 650
1700910 643
1700920 637
1700930 637
1700940 631
1700950 624
1700960 624
1700970 618
1700980 611
1700990 611
1701000 604
1701010 596
1701020 596
1701030 589
1701040 582
1701050 582
1701060 576
1701070 570
1701080 570
1701090 565
1701100 560
1701110 560
1701120 555
1701130 550
1701140 550
1701150 546
1701160 541
1701170 536
1701180 536
1701190 532
1701200 528
1701210 528
1701220 523
1701230 518
1701240 518
1701250 512
1701260 505
1701270 505
1701280 500
1701290 494
1701300 494
1701310 488
1701320 481
1701330 481
1701340 481
1701350 481
1701360 481
1701370 480
1701380 480
1701390 480
1701400 480
1701410 479
1701420 479
1701430 479
1701440 479
1701450 480
1701460 480
1701470 479
1701480 479
1701490 479
1701500 476
1701510 473
1701520 473
1701530 472
1701540 472
1701550 472
1701560 470
1701570 471
1701580 471
1701590 471
1701600 471
1701610 471
1701620 470
1701630 468
1701640 468
1701650 468
1701660 468
1701670 468
1701680 468
1701690 468
1701700 468
1701710 468
1701720 468
1701730 468
1701740 469
1701750 470
1701760 469
1701770 469
1701780 469
1701790 469
1701800 469
1701810 470
1701820 472
1701830 472
1701840 478
1701850 478
1701860 478
1701870 478
1701880 480
1701890 480
1701900 486
1701910 486
1701920 486
1701930 488
1701940 490
1701950 490
1701960 492
1701970 494
1701980 494
1701990 500
1702000 505
1702010 505
1702020 511
1702030 516
1702040 516
1702050 517
1702060 518
1702070 518
1702080 518
1702090 519
1702100 519
1702110 519
1702120 520
1702130 520
1702140 520
1702150 520
1702160 521
1702170 521
1702180 521
1702190 521
1702200 521
1702210 520
1702220 520
1702230 520
1702240 520
1702250 520
1702260 520
1702270 520
1702280 520
1702290 520
1702300 519
1702310 518
1702320 518
1702330 518
1702340 518
1702350 517
1702360 517
1702370 517
1702380 516
1702390 516
1702400 514
1702410 513
1702420 513
1702430 512
1702440 510
1702450 510
1702460 509
1702470 508
1702480 508
1702490 507
1702500 506
1702510 506
1702520 505
1702530 504
1702540 504
1702550 503
1702560 503
1702570 503
1702580 502
1702590 502
1702600 502
1702610 502
1702620 501
1702630 501
1702640 501
1702650 501
1702660 502
1702670 502
1702680 502
1702690 502
1702700 502
1702710 502
1702720 501
1702730 501
1702740 501
1702750 502
1702760 502
1702770 503
1702780 503
1702790 503
1702800 503
1702810 504
1702820 504
1702830 504
1702840 504
1702850 504
1702860 504
1702870 504
1702880 504
1702890 503
1702900 502
1702910 502
1702920 500
1702930 499
1702940 498
1702950 498
1702960 496
1702970 495
1702980 495
1702990 494
1703000 494
1703010 494
1703020 493
1703030 493
1703040 493
1703050 492
1703060 491
1703070 491
1703080 491
1703090 490
1703100 490
1703110 490
1703120 490
1703130 490
1703140 490
1703150 490
1703160 490
1703170 489
1703180 489
1703190 489
1703200 489
1703210 489
1703220 489
1703230 488
1703240 486
1703250 486
1703260 486
1703270 485
1703280 485
1703290 485
1703300 485
1703310 486
1703320 486
1703330 487
1703340 488
1703350 488
1703360 488
1703370 488
1703380 488
1703390 487
1703400 487
1703410 487
1703420 488
1703430 488
1703440 488
1703450 490
1703460 491
1703470 491
1703480 492
1703490 494
1703500 494
1703510 493
1703520 494
1703530 495
1703540 495
1703550 496
1703560 499
1703570 499
1703580 503
1703590 509
1703600 509
1703610 512
1703620 515
1703630 515
1703640 517
1703650 517
1703660 517
1703670 519
1703680 521
1703690 521
1703700 523
1703710 525
1703720 525
1703730 527
1703740 528
1703750 528
1703760 534
1703770 537
1703780 537
1703790 542
1703800 545
1703810 545
1703820 548
1703830 551
1703840 555
1703850 555
1703860 560
1703870 561
1703880 561
1703890 562
1703900 562
1703910 562
1703920 566
1703930 570
1703940 570
1703950 573
1703960 574
1703970 574
1703980 577
1703990 582
1704000 582
1704010 588
1704020 593
1704030 593
1704040 598
1704050 603
1704060 603
1704070 608
1704080 613
1704090 613
1704100 617
1704110 620
1704120 620
1704130 617
1704140 610
1704150 601
1704160 601
1704170 593
1704180 586
1704190 586
1704200 577
1704210 571
1704220 571
1704230 563
1704240 551
1704250 551
1704260 536
1704270 528
1704280 528
1704290 526
1704300 532
1704310 532
1704320 541
1704330 551
1704340 551
1704350 560
1704360 567
1704370 567
1704380 573
1704390 579
1704400 579
1704410 584
1704420 589
1704430 595
1704440 595
1704450 600
1704460 607
1704470 607
1704480 614
1704490 621
1704500 621
1704510 628
1704520 634
1704530 634
1704540 641
1704550 649
1704560 649
1704570 656
1704580 663
1704590 663
1704600 670
1704610 676
1704620 676
1704630 683
1704640 687
1704650 687
1704660 695
1704670 701
1704680 701
1704690 707
1704700 713
1704710 713
1704720 719
1704730 725
1704740 730
1704750 730
1704760 734
1704770 738
1704780 738
1704790 742
1704800 738
1704810 738
1704820 729
1704830 706
1704840 706
1704850 697
1704860 704
1704870 704
1704880 697
1704890 697
1704900 697
1704910 706
1704920 709
1704930 709
1704940 714
1704950 717
1704960 717
1704970 708
1704980 698
1704990 698
1705000 687
1705010 675
1705020 675
1705030 675
1705040 679
1705050 680
1705060 680
1705070 679
1705080 679
1705090 679
1705100 677
1705110 676
1705120 676
1705130 677
1705140 680
1705150 680
1705160 684
1705170 689
1705180 689
1705190 688
1705200 690
1705210 690
1705220 701
1705230 710
1705240 710
1705250 717
1705260 725
1705270 725
1705280 735
1705290 741
1705300 741
1705310 748
1705320 753
1705330 759
1705340 759
1705350 767
1705360 774
1705370 774
1705380 778
1705390 779
1705400 779
1705410 782
1705420 786
1705430 786
1705440 787
1705450 780
1705460 780
1705470 781
1705480 790
1705490 790
1705500 799
1705510 809
1705520 809
1705530 820
1705540 830
1705550 830
1705560 836
1705570 843
1705580 843
1705590 850
1705600 858
1705610 867
1705620 867
1705630 874
1705640 880
1705650 880
1705660 886
1705670 888
1705680 888
1705690 895
1705700 903
1705710 903
1705720 910
1705730 916
1705740 916
1705750 921
1705760 926
1705770 926
1705780 930
1705790 935
1705800 935
1705810 941
1705820 949
1705830 949
1705840 956
1705850 963
1705860 963
1705870 969
1705880 976
1705890 976
1705900 981
1705910 984
1705920 987
1705930 987
1705940 991
1705950 996
1705960 996
1705970 1004
1705980 1011
1705990 1011
1706000 1020
1706010 1029
1706020 1029
1706030 1037
1706040 1045
1706050 1045
1706060 1053
1706070 1060
1706080 1060
1706090 1068
1706100 1071
1706110 1071
1706120 1078
1706130 1083
1706140 1083
1706150 1090
1706160 1095
1706170 1095
1706180 1099
1706190 1105
1706200 1105
1706210 1112
1706220 1119
1706230 1126
1706240 1126
1706250 1133
1706260 1140
1706270 1140
1706280 1148
1706290 1155
1706300 1155
1706310 1162
1706320 1168
1706330 1168
1706340 1174
1706350 1177
1706360 1177
1706370 1177
1706380 1176
1706390 1176
1706400 1174
1706410 1173
1706420 1173
1706430 1172
1706440 1170
1706450 1170
1706460 1169
1706470 1169
1706480 1169
1706490 1168
1706500 1167
1706510 1167
1706520 1167
1706530 1166
1706540 1165
1706550 1165
1706560 1164
1706570 1163
1706580 1163
1706590 1163
1706600 1162
1706610 1162
1706620 1162
1706630 1163
1706640 1163
1706650 1164
1706660 1164
1706670 1164
1706680 1166
1706690 1167
1706700 1167
1706710 1168
1706720 1170
1706730 1170
1706740 1170
1706750 1172
1706760 1172
1706770 1171
1706780 1171
1706790 1171
1706800 1170
1706810 1167
1706820 1165
1706830 1165
1706840 1162
1706850 1160
1706860 1160
1706870 1157
1706880 1155
1706890 1155
1706900 1154
1706910 1153
1706920 1153
1706930 1153
1706940 1153
1706950 1153
1706960 1152
1706970 1151
1706980 1151
1706990 1150
1707000 1149
1707010 1149
1707020 1148
1707030 1146
1707040 1146
1707050 1144
1707060 1140
1707070 1140
1707080 1137
1707090 1133
1707100 1129
1707110 1129
1707120 1124
1707130 1119
1707140 1119
1707150 1112
1707160 1107
1707170 1107
1707180 1102
1707190 1098
1707200 1098
1707210 1096
1707220 1100
1707230 1100
1707240 1104
1707250 1108
1707260 1108
1707270 1112
1707280 1116
1707290 1116
1707300 1118
1707310 1122
1707320 1122
1707330 1125
1707340 1128
1707350 1128
1707360 1131
1707370 1136
1707380 1136
1707390 1140
1707400 1143
1707410 1147
1707420 1147
1707430 1150
1707440 1153
1707450 1153
1707460 1155
1707470 1158
1707480 1158
1707490 1161
1707500 1164
1707510 1164
1707520 1167
1707530 1169
1707540 1169
1707550 1172
1707560 1174
1707570 1174
1707580 1177
1707590 1179
1707600 1179
1707610 1181
1707620 1181
1707630 1181
1707640 1182
1707650 1185
1707660 1185
1707670 1185
1707680 1188
1707690 1190
1707700 1190
1707710 1192
1707720 1193
1707730 1193
1707740 1194
1707750 1196
1707760 1196
1707770 1199
1707780 1201
1707790 1201
1707800 1203
1707810 1204
1707820 1204
1707830 1205
1707840 1209
1707850 1209
1707860 1213
1707870 1217
1707880 1217
1707890 1219
1707900 1222
1707910 1222
1707920 1224
1707930 1226
1707940 1226
1707950 1228
1707960 1230
1707970 1230
1707980 1231
1707990 1232
1708000 1232
1708010 1232
1708020 1232
1708030 1235
1708040 1235
1708050 1239
1708060 1242
1708070 1242
1708080 1246
1708090 1249
1708100 1249
1708110 1252
1708120 1255
1708130 1255
1708140 1258
1708150 1261
1708160 1261
1708170 1264
1708180 1268
1708190 1268
1708200 1272
1708210 1275
1708220 1275
1708230 1278
1708240 1281
1708250 1281
1708260 1285
1708270 1288
1708280 1288
1708290 1291
1708300 1294
1708310 1297
1708320 1297
1708330 1300
1708340 1303
1708350 1303
1708360 1305
1708370 1307
1708380 1307
1708390 1311
1708400 1314
1708410 1314
1708420 1317
1708430 1322
1708440 1322
1708450 1324
1708460 1325
1708470 1325
1708480 1328
1708490 1331
1708500 1331
1708510 1333
1708520 1336
1708530 1336
1708540 1339
1708550 1342
1708560 1342
1708570 1345
1708580 1348
1708590 1351
1708600 1351
1708610 1353
1708620 1358
1708630 1358
1708640 1361
1708650 1364
1708660 1364
1708670 1368
1708680 1371
1708690 1371
1708700 1374
1708710 1377
1708720 1377
1708730 1380
1708740 1384
1708750 1384
1708760 1386
1708770 1390
1708780 1390
1708790 1394
1708800 1397
1708810 1397
1708820 1400
1708830 1403
1708840 1403
1708850 1407
1708860 1410
1708870 1410
1708880 1414
1708890 1417
1708900 1421
1708910 1421
1708920 1425
1708930 1428
1708940 1428
1708950 1432
1708960 1435
1708970 1437
1708980 1440
1708990 1443
1709000 1443
1709010 1445
1709020 1447
1709030 1447
1709040 1445
1709050 1439
1709060 1439
1709070 1432
1709080 1426
1709090 1426
1709100 1419
1709110 1413
1709120 1413
1709130 1407
1709140 1402
1709150 1402
1709160 1395
1709170 1389
1709180 1382
1709190 1382
1709200 1376
1709210 1370
1709220 1370
1709230 1365
1709240 1360
1709250 1360
1709260 1356
1709270 1352
1709280 1352
1709290 1348
1709300 1343
1709310 1343
1709320 1338
1709330 1333
1709340 1333
1709350 1327
1709360 1322
1709370 1322
1709380 1316
1709390 1310
1709400 1310
1709410 1307
1709420 1302
1709430 1302
1709440 1297
1709450 1292
1709460 1292
1709470 1284
1709480 1270
1709490 1263
1709500 1263
1709510 1257
1709520 1249
1709530 1249
1709540 1241
1709550 1235
1709560 1235
1709570 1223
1709580 1228
1709590 1228
1709600 1230
1709610 1231
1709620 1231
1709630 1231
1709640 1232
1709650 1232
1709660 1231
1709670 1231
1709680 1231
1709690 1231
1709700 1231
1709710 1231
1709720 1230
1709730 1227
1709740 1227
1709750 1222
1709760 1217
1709770 1212
1709780 1212
1709790 1209
1709800 1208
1709810 1208
1709820 1206
1709830 1200
1709840 1200
1709850 1193
1709860 1187
1709870 1187
1709880 1180
1709890 1172
1709900 1172
1709910 1164
1709920 1153
1709930 1153
1709940 1144
1709950 1135
1709960 1135
1709970 1128
1709980 1122
1709990 1122
1710000 1119
1710010 1112
1710020 1112
1710030 1108
1710040 1102
1710050 1102
1710060 1107
1710070 1118
1710080 1125
1710090 1125
1710100 1131
1710110 1138
1710120 1138
1710130 1145
1710140 1149
1710150 1149
1710160 1152
1710170 1154
1710180 1154
1710190 1156
1710200 1157
1710210 1157
1710220 1158
1710230 1156
1710240 1156
1710250 1152
1710260 1149
1710270 1149
1710280 1147
1710290 1149
1710300 1149
1710310 1153
1710320 1156
1710330 1156
1710340 1157
1710350 1159
1710360 1159
1710370 1160
1710380 1161
1710390 1162
1710400 1162
1710410 1163
1710420 1164
1710430 1164
1710440 1166
1710450 1167
1710460 1167
1710470 1168
1710480 1168
1710490 1168
1710500 1170
1710510 1172
1710520 1172
1710530 1173
1710540 1172
1710550 1172
1710560 1169
1710570 1168
1710580 1168
1710590 1165
1710600 1160
1710610 1160
1710620 1160
1710630 1164
1710640 1164
1710650 1164
1710660 1165
1710670 1164
1710680 1164
1710690 1163
1710700 1158
1710710 1158
1710720 1153
1710730 1147
1710740 1147
1710750 1141
1710760 1135
1710770 1135
1710780 1129
1710790 1123
1710800 1123
1710810 1118
1710820 1112
1710830 1112
1710840 1106
1710850 1099
1710860 1099
1710870 1095
1710880 1090
1710890 1090
1710900 1085
1710910 1080
1710920 1080
1710930 1075
1710940 1069
1710950 1069
1710960 1062
1710970 1056
1710980 1051
1710990 1051
1711000 1046
1711010 1041
1711020 1041
1711030 1036
1711040 1031
1711050 1031
1711060 1026
1711070 1021
1711080 1021
1711090 1016
1711100 1012
1711110 1012
1711120 1007
1711130 1003
1711140 1003
1711150 998
1711160 994
1711170 994
1711180 991
1711190 987
1711200 987
1711210 984
1711220 980
1711230 980
1711240 977
1711250 974
1711260 971
1711270 971
1711280 967
1711290 963
1711300 963
1711310 958
1711320 954
1711330 954
1711340 954
1711350 953
1711360 953
1711370 951
1711380 949
1711390 949
1711400 947
1711410 944
1711420 944
1711430 940
1711440 936
1711450 936
1711460 932
1711470 927
1711480 927
1711490 923
1711500 918
1711510 918
1711520 913
1711530 910
1711540 910
1711550 913
1711560 911
1711570 909
1711580 909
1711590 908
1711600 909
1711610 909
1711620 912
1711630 914
1711640 914
1711650 916
1711660 915
1711670 915
1711680 907
1711690 897
1711700 897
1711710 889
1711720 883
1711730 883
1711740 883
1711750 885
1711760 885
1711770 892
1711780 896
1711790 896
1711800 899
1711810 901
1711820 901
1711830 901
1711840 900
1711850 897
1711860 897
1711870 893
1711880 891
1711890 891
1711900 889
1711910 888
1711920 888
1711930 887
1711940 888
1711950 888
1711960 888
1711970 888
1711980 888
1711990 887
1712000 887
1712010 887
1712020 884
1712030 883
1712040 883
1712050 887
1712060 899
1712070 899
1712080 902
1712090 905
1712100 905
1712110 916
1712120 927
1712130 927
1712140 934
1712150 939
1712160 946
1712170 946
1712180 946
1712190 945
1712200 945
1712210 941
1712220 935
1712230 935
1712240 933
1712250 927
1712260 927
1712270 933
1712280 935
1712290 935
1712300 941
1712310 948
1712320 948
1712330 953
1712340 959
1712350 959
1712360 965
1712370 970
1712380 970
1712390 977
1712400 983
1712410 983
1712420 989
1712430 992
1712440 998
1712450 998
1712460 1001
1712470 1004
1712480 1004
1712490 1007
1712500 1009
1712510 1009
1712520 1010
1712530 1010
1712540 1010
1712550 1009
1712560 1006
1712570 1006
1712580 1004
1712590 1000
1712600 1000
1712610 995
1712620 990
1712630 990
1712640 985
1712650 981
1712660 981
1712670 976
1712680 971
1712690 971
1712700 969
1712710 965
1712720 965
1712730 963
1712740 961
1712750 958
1712760 958
1712770 956
1712780 949
1712790 949
1712800 945
1712810 945
1712820 945
1712830 946
1712840 947
1712850 947
1712860 948
1712870 947
1712880 947
1712890 946
1712900 943
1712910 943
1712920 941
1712930 935
1712940 935
1712950 931
1712960 928
1712970 928
1712980 923
1712990 918
1713000 918
1713010 911
1713020 905
1713030 905
1713040 899
1713050 892
1713060 886
1713070 886
1713080 881
1713090 876
1713100 876
1713110 871
1713120 866
1713130 866
1713140 860
1713150 854
1713160 854
1713170 848
1713180 843
1713190 843
1713200 839
1713210 835
1713220 835
1713230 831
1713240 823
1713250 823
1713260 828
1713270 834
1713280 834
1713290 838
1713300 837
1713310 837
1713320 834
1713330 831
1713340 828
1713350 828
1713360 825
1713370 822
1713380 822
1713390 820
1713400 815
1713410 815
1713420 810
1713430 806
1713440 806
1713450 814
1713460 814
1713470 814
1713480 814
1713490 816
1713500 816
1713510 818
1713520 819
1713530 819
1713540 820
1713550 820
1713560 820
1713570 821
1713580 822
1713590 822
1713600 823
1713610 821
1713620 821
1713630 822
1713640 820
1713650 820
1713660 820
1713670 821
1713680 824
1713690 824
1713700 827
1713710 835
1713720 835
1713730 838
1713740 841
1713750 841
1713760 844
1713770 849
1713780 849
1713790 853
1713800 855
1713810 855
1713820 857
1713830 860
1713840 860
1713850 863
1713860 865
1713870 865
1713880 866
1713890 870
1713900 870
1713910 875
1713920 879
1713930 886
1713940 886
1713950 890
1713960 893
1713970 893
1713980 897
1713990 901
1714000 901
1714010 904
1714020 907
1714030 907
1714040 911
1714050 914
1714060 914
1714070 918
1714080 922
1714090 922
1714100 926
1714110 930
1714120 930
1714130 934
1714140 940
1714150 940
1714160 945
1714170 949
1714180 949
1714190 954
1714200 957
1714210 957
1714220 962
1714230 967
1714240 970
1714250 970
1714260 975
1714270 978
1714280 978
1714290 984
1714300 989
1714310 989
1714320 995
1714330 1000
1714340 1000
1714350 1007
1714360 1013
1714370 1013
1714380 1018
1714390 1022
1714400 1022
1714410 1025
1714420 1025
1714430 1025
1714440 1023
1714450 1021
1714460 1021
1714470 1022
1714480 1022
1714490 1022
1714500 1020
1714510 1021
1714520 1024
1714530 1024
1714540 1028
1714550 1031
1714560 1031
1714570 1037
1714580 1040
1714590 1040
1714600 1045
1714610 1048
1714620 1048
1714630 1052
1714640 1054
1714650 1054
1714660 1054
1714670 1051
1714680 1051
1714690 1047
1714700 1043
1714710 1043
1714720 1039
1714730 1036
1714740 1036
1714750 1032
1714760 1028
1714770 1028
1714780 1025
1714790 1021
1714800 1021
1714810 1017
1714820 1012
1714830 1009
1714840 1009
1714850 1005
1714860 1001
1714870 1001
1714880 996
1714890 992
1714900 992
1714910 988
1714920 983
1714930 983
1714940 979
1714950 974
1714960 974
1714970 970
1714980 967
1714990 967
1715000 964
1715010 961
1715020 961
1715030 958
1715040 955
1715050 955
1715060 951
1715070 948
1715080 948
1715090 947
1715100 945
1715110 945
1715120 942
1715130 940
1715140 938
1715150 938
1715160 937
1715170 932
1715180 932
1715190 928
1715200 923
1715210 923
1715220 918
1715230 913
1715240 913
1715250 908
1715260 904
1715270 904
1715280 898
1715290 893
1715300 893
1715310 887
1715320 881
1715330 881
1715340 876
1715350 870
1715360 870
1715370 865
1715380 861
1715390 861
1715400 856
1715410 851
1715420 847
1715430 847
1715440 843
1715450 840
1715460 840
1715470 837
1715480 832
1715490 832
1715500 827
1715510 822
1715520 822
1715530 817
1715540 811
1715550 811
1715560 802
1715570 793
1715580 793
1715590 784
1715600 776
1715610 776
1715620 768
1715630 761
1715640 761
1715650 754
1715660 749
1715670 749
1715680 747
1715690 740
1715700 740
1715710 734
1715720 731
1715730 731
1715740 731
1715750 729
1715760 726
1715770 726
1715780 722
1715790 719
1715800 719
1715810 715
1715820 712
1715830 712
1715840 710
1715850 708
1715860 708
1715870 705
1715880 703
1715890 703
1715900 696
1715910 691
1715920 691
1715930 688
1715940 684
1715950 684
1715960 683
1715970 690
1715980 690
1715990 696
1716000 692
1716010 685
1716020 685
1716030 677
1716040 669
1716050 669
1716060 667
1716070 664
1716080 664
1716090 665
1716100 669
1716110 669
1716120 674
1716130 679
1716140 679
1716150 686
1716160 696
1716170 696
1716180 705
1716190 708
1716200 708
1716210 704
1716220 700
1716230 700
1716240 695
1716250 688
1716260 688
1716270 680
1716280 673
1716290 673
1716300 674
1716310 679
1716320 681
1716330 681
1716340 681
1716350 681
1716360 681
1716370 682
1716380 683
1716390 683
1716400 686
1716410 688
1716420 688
1716430 691
1716440 696
1716450 696
1716460 702
1716470 708
1716480 708
1716490 715
1716500 722
1716510 722
1716520 731
1716530 740
1716540 740
1716550 749
1716560 751
1716570 751
1716580 750
1716590 749
1716600 752
1716610 752
1716620 755
1716630 758
1716640 758
1716650 762
1716660 765
1716670 765
1716680 769
1716690 775
1716700 775
1716710 781
1716720 786
1716730 786
1716740 790
1716750 792
1716760 792
1716770 792
1716780 787
1716790 787
1716800 784
1716810 779
1716820 779
1716830 774
1716840 767
1716850 767
1716860 761
1716870 761
1716880 761
1716890 757
1716900 755
1716910 756
1716920 756
1716930 757
1716940 758
1716950 758
1716960 760
1716970 761
1716980 761
1716990 763
1717000 765
1717010 765
1717020 765
1717030 768
1717040 768
1717050 769
1717060 770
1717070 770
1717080 770
1717090 770
1717100 770
1717110 769
1717120 770
1717130 770
1717140 771
1717150 771
1717160 771
1717170 772
1717180 772
1717190 772
1717200 772
1717210 771
1717220 769
1717230 769
1717240 768
1717250 765
1717260 765
1717270 763
1717280 761
1717290 761
1717300 759
1717310 756
1717320 756
1717330 753
1717340 750
1717350 750
1717360 747
1717370 744
1717380 744
1717390 740
1717400 736
1717410 736
1717420 731
1717430 727
1717440 727
1717450 723
1717460 719
1717470 719
1717480 715
1717490 712
1717500 709
1717510 709
1717520 705
1717530 702
1717540 702
1717550 698
1717560 694
1717570 694
1717580 691
1717590 687
1717600 687
1717610 684
1717620 681
1717630 681
1717640 676
1717650 672
1717660 672
1717670 669
1717680 666
1717690 666
1717700 662
1717710 658
1717720 658
1717730 654
1717740 649
1717750 649
1717760 644
1717770 644
1717780 644
1717790 641
1717800 637
1717810 632
1717820 632
1717830 629
1717840 628
1717850 628
1717860 628
1717870 627
1717880 627
1717890 627
1717900 626
1717910 626
1717920 626
1717930 626
1717940 626
1717950 626
1717960 624
1717970 624
1717980 622
1717990 623
1718000 623
1718010 623
1718020 620
1718030 620
1718040 621
1718050 624
1718060 624
1718070 627
1718080 634
1718090 639
1718100 639
1718110 646
1718120 652
1718130 652
1718140 658
1718150 664
1718160 664
1718170 669
1718180 676
1718190 676
1718200 682
1718210 687
1718220 687
1718230 689
1718240 690
1718250 690
1718260 693
1718270 702
1718280 702
1718290 710
1718300 717
1718310 717
1718320 725
1718330 732
1718340 732
1718350 739
1718360 744
1718370 744
1718380 751
1718390 758
1718400 765
1718410 765
1718420 772
1718430 779
1718440 779
1718450 785
1718460 792
1718470 792
1718480 798
1718490 802
1718500 802
1718510 808
1718520 812
1718530 812
1718540 816
1718550 820
1718560 820
1718570 823
1718580 826
1718590 826
1718600 829
1718610 832
1718620 832
1718630 835
1718640 838
1718650 838
1718660 840
1718670 842
1718680 843
1718690 843
1718700 844
1718710 845
1718720 845
1718730 846
1718740 847
1718750 847
1718760 848
1718770 849
1718780 849
1718790 851
1718800 852
1718810 852
1718820 854
1718830 855
1718840 855
1718850 857
1718860 858
1718870 858
1718880 860
1718890 861
1718900 861
1718910 863
1718920 865
1718930 865
1718940 867
1718950 869
1718960 869
1718970 871
1718980 873
1718990 875
1719000 875
1719010 877
1719020 879
1719030 879
1719040 882
1719050 883
1719060 883
1719070 884
1719080 886
1719090 886
1719100 887
1719110 888
1719120 888
1719130 890
1719140 892
1719150 892
1719160 893
1719170 896
1719180 896
1719190 898
1719200 899
1719210 899
1719220 900
1719230 901
1719240 901
1719250 902
1719260 904
1719270 904
1719280 905
1719290 906
1719300 908
1719310 908
1719320 909
1719330 910
1719340 910
1719350 912
1719360 913
1719370 913
1719380 914
1719390 915
1719400 915
1719410 915
1719420 916
1719430 916
1719440 917
1719450 918
1719460 918
1719470 919
1719480 920
1719490 920
1719500 921
1719510 922
1719520 922
1719530 923
1719540 924
1719550 924
1719560 925
1719570 927
1719580 928
1719590 928
1719600 930
1719610 931
1719620 931
1719630 932
1719640 933
1719650 933
1719660 935
1719670 938
1719680 938
1719690 938
1719700 939
1719710 939
1719720 939
1719730 940
1719740 940
1719750 940
1719760 940
1719770 940
1719780 939
1719790 939
1719800 939
1719810 935
1719820 933
1719830 933
1719840 931
1719850 928
1719860 928
1719870 924
1719880 921
1719890 918
1719900 918
1719910 920
1719920 921
1719930 921
1719940 922
1719950 928
1719960 928
1719970 932
1719980 936
1719990 936
