1700000 547
1700010 546
1700020 546
1700030 544
1700040 542
1700050 544
1700060 544
1700070 542
1700080 542
1700090 542
1700100 544
1700110 546
1700120 546
1700130 550
1700140 556
1700150 556
1700160 562
1700170 568
1700180 568
1700190 573
1700200 577
1700210 577
1700220 579
1700230 581
1700240 581
1700250 584
1700260 586
1700270 586
1700280 589
1700290 591
1700300 591
1700310 593
1700320 593
1700330 595
1700340 595
1700350 598
1700360 600
1700370 600
1700380 603
1700390 605
1700400 605
1700410 608
1700420 611
1700430 611
1700440 614
1700450 616
1700460 616
1700470 620
1700480 622
1700490 622
1700500 623
1700510 629
1700520 629
1700530 632
1700540 635
1700550 635
1700560 638
1700570 640
1700580 640
1700590 643
1700600 646
1700610 646
1700620 649
1700630 652
1700640 655
1700650 655
1700660 656
1700670 655
1700680 655
1700690 653
1700700 649
1700710 649
1700720 645
1700730 640
1700740 640
1700750 635
1700760 628
1700770 628
1700780 622
1700790 617
1700800 617
1700810 613
1700820 609
1700830 609
1700840 605
1700850 603
1700860 603
1700870 600
1700880 597
1700890 597
1700900 593
1700910 590
1700920 588
1700930 588
1700940 584
1700950 581
1700960 581
1700970 577
1700980 573
1700990 573
1701000 569
1701010 565
1701020 565
1701030 560
1701040 554
1701050 554
1701060 548
1701070 544
1701080 544
1701090 539
1701100 536
1701110 536
1701120 532
1701130 529
1701140 529
1701150 526
1701160 523
1701170 523
1701180 519
1701190 515
1701200 515
1701210 512
1701220 510
1701230 507
1701240 507
1701250 502
1701260 499
1701270 499
1701280 495
1701290 492
1701300 492
1701310 489
1701320 483
1701330 483
1701340 484
1701350 483
1701360 483
1701370 482
1701380 482
1701390 482
1701400 480
1701410 480
1701420 480
1701430 480
1701440 480
1701450 480
1701460 480
1701470 473
1701480 473
1701490 471
1701500 471
1701510 471
1701520 469
1701530 468
1701540 468
1701550 468
1701560 468
1701570 468
1701580 468
1701590 468
1701600 469
1701610 469
1701620 471
1701630 471
1701640 471
1701650 470
1701660 470
1701670 470
1701680 470
1701690 470
1701700 470
1701710 470
1701720 470
1701730 470
1701740 470
1701750 470
1701760 470
1701770 469
1701780 470
1701790 470
1701800 470
1701810 472
1701820 479
1701830 479
1701840 478
1701850 478
1701860 478
1701870 485
1701880 492
1701890 492
1701900 499
1701910 508
1701920 508
1701930 518
1701940 526
1701950 526
1701960 531
1701970 535
1701980 535
1701990 539
1702000 544
1702010 544
1702020 549
1702030 554
1702040 554
1702050 562
1702060 568
1702070 568
1702080 572
1702090 573
1702100 573
1702110 574
1702120 574
1702130 573
1702140 573
1702150 573
1702160 573
1702170 573
1702180 572
1702190 572
1702200 572
1702210 571
1702220 569
1702230 569
1702240 568
1702250 566
1702260 566
1702270 565
1702280 563
1702290 563
1702300 561
1702310 560
1702320 560
1702330 558
1702340 555
1702350 555
1702360 552
1702370 548
1702380 548
1702390 546
1702400 548
1702410 551
1702420 551
1702430 554
1702440 557
1702450 557
1702460 558
1702470 558
1702480 558
1702490 557
1702500 557
1702510 557
1702520 555
1702530 554
1702540 554
1702550 554
1702560 554
1702570 554
1702580 554
1702590 554
1702600 554
1702610 554
1702620 554
1702630 554
1702640 554
1702650 555
1702660 555
1702670 554
1702680 553
1702690 553
1702700 554
1702710 554
1702720 554
1702730 554
1702740 551
1702750 551
1702760 551
1702770 550
1702780 545
1702790 545
1702800 540
1702810 538
1702820 538
1702830 537
1702840 533
1702850 533
1702860 537
1702870 543
1702880 543
1702890 547
1702900 549
1702910 549
1702920 551
1702930 551
1702940 551
1702950 551
1702960 550
1702970 550
1702980 546
1702990 542
1703000 542
1703010 540
1703020 541
1703030 542
1703040 542
1703050 544
1703060 545
1703070 545
1703080 546
1703090 547
1703100 547
1703110 548
1703120 548
1703130 548
1703140 548
1703150 546
1703160 546
1703170 544
1703180 541
1703190 541
1703200 538
1703210 535
1703220 535
1703230 529
1703240 531
1703250 531
1703260 538
1703270 545
1703280 545
1703290 549
1703300 550
1703310 549
1703320 549
1703330 545
1703340 542
1703350 546
1703360 547
1703370 546
1703380 546
1703390 546
1703400 546
1703410 546
1703420 542
1703430 542
1703440 542
1703450 547
1703460 549
1703470 549
1703480 550
1703490 554
1703500 554
1703510 555
1703520 557
1703530 557
1703540 558
1703550 555
1703560 555
1703570 549
1703580 544
1703590 544
1703600 542
1703610 539
1703620 535
1703630 535
1703640 532
1703650 530
1703660 530
1703670 529
1703680 531
1703690 531
1703700 531
1703710 536
1703720 536
1703730 544
1703740 550
1703750 550
1703760 556
1703770 562
1703780 562
1703790 569
1703800 577
1703810 577
1703820 583
1703830 590
1703840 590
1703850 597
1703860 604
1703870 604
1703880 613
1703890 616
1703900 623
1703910 623
1703920 629
1703930 634
1703940 634
1703950 639
1703960 645
1703970 645
1703980 650
1703990 656
1704000 656
1704010 661
1704020 667
1704030 667
1704040 672
1704050 678
1704060 678
1704070 684
1704080 690
1704090 690
1704100 695
1704110 698
1704120 698
1704130 703
1704140 707
1704150 707
1704160 711
1704170 715
1704180 715
1704190 716
1704200 711
1704210 710
1704220 710
1704230 704
1704240 701
1704250 701
1704260 703
1704270 696
1704280 696
1704290 688
1704300 684
1704310 684
1704320 684
1704330 684
1704340 684
1704350 677
1704360 671
1704370 671
1704380 662
1704390 655
1704400 655
1704410 649
1704420 643
1704430 643
1704440 640
1704450 636
1704460 636
1704470 632
1704480 627
1704490 621
1704500 621
1704510 613
1704520 610
1704530 610
1704540 621
1704550 627
1704560 627
1704570 636
1704580 644
1704590 644
1704600 651
1704610 656
1704620 656
1704630 662
1704640 666
1704650 666
1704660 672
1704670 676
1704680 676
1704690 680
1704700 685
1704710 685
1704720 689
1704730 698
1704740 698
1704750 706
1704760 713
1704770 713
1704780 718
1704790 726
1704800 731
1704810 731
1704820 741
1704830 748
1704840 748
1704850 756
1704860 764
1704870 764
1704880 770
1704890 780
1704900 780
1704910 787
1704920 795
1704930 795
1704940 807
1704950 814
1704960 814
1704970 821
1704980 828
1704990 828
1705000 835
1705010 842
1705020 842
1705030 848
1705040 855
1705050 855
1705060 860
1705070 863
1705080 863
1705090 863
1705100 863
1705110 866
1705120 866
1705130 868
1705140 856
1705150 856
1705160 851
1705170 848
1705180 848
1705190 846
1705200 844
1705210 844
1705220 850
1705230 848
1705240 848
1705250 842
1705260 846
1705270 846
1705280 853
1705290 861
1705300 861
1705310 863
1705320 857
1705330 857
1705340 857
1705350 863
1705360 863
1705370 863
1705380 860
1705390 864
1705400 864
1705410 870
1705420 877
1705430 877
1705440 882
1705450 884
1705460 884
1705470 889
1705480 894
1705490 894
1705500 900
1705510 907
1705520 907
1705530 914
1705540 923
1705550 923
1705560 932
1705570 938
1705580 938
1705590 947
1705600 957
1705610 957
1705620 969
1705630 980
1705640 980
1705650 987
1705660 987
1705670 987
1705680 988
1705690 991
1705700 995
1705710 995
1705720 999
1705730 997
1705740 997
1705750 996
1705760 994
1705770 994
1705780 991
1705790 993
1705800 993
1705810 998
1705820 1002
1705830 1002
1705840 1007
1705850 1012
1705860 1012
1705870 1018
1705880 1023
1705890 1023
1705900 1027
1705910 1033
1705920 1033
1705930 1040
1705940 1048
1705950 1048
1705960 1055
1705970 1063
1705980 1070
1705990 1070
1706000 1078
1706010 1086
1706020 1086
1706030 1093
1706040 1100
1706050 1100
1706060 1106
1706070 1112
1706080 1112
1706090 1118
1706100 1126
1706110 1126
1706120 1133
1706130 1140
1706140 1140
1706150 1144
1706160 1147
1706170 1147
1706180 1147
1706190 1146
1706200 1146
1706210 1143
1706220 1136
1706230 1136
1706240 1131
1706250 1127
1706260 1127
1706270 1122
1706280 1121
1706290 1118
1706300 1118
1706310 1116
1706320 1115
1706330 1115
1706340 1112
1706350 1109
1706360 1109
1706370 1106
1706380 1103
1706390 1103
1706400 1101
1706410 1099
1706420 1099
1706430 1096
1706440 1094
1706450 1094
1706460 1092
1706470 1089
1706480 1089
1706490 1087
1706500 1086
1706510 1086
1706520 1085
1706530 1084
1706540 1084
1706550 1087
1706560 1091
1706570 1091
1706580 1096
1706590 1100
1706600 1104
1706610 1104
1706620 1108
1706630 1111
1706640 1111
1706650 1113
1706660 1115
1706670 1115
1706680 1117
1706690 1117
1706700 1117
1706710 1113
1706720 1107
1706730 1107
1706740 1100
1706750 1096
1706760 1096
1706770 1093
1706780 1091
1706790 1091
1706800 1089
1706810 1086
1706820 1086
1706830 1081
1706840 1078
1706850 1078
1706860 1075
1706870 1071
1706880 1068
1706890 1068
1706900 1065
1706910 1062
1706920 1062
1706930 1058
1706940 1056
1706950 1056
1706960 1055
1706970 1051
1706980 1051
1706990 1052
1707000 1054
1707010 1054
1707020 1056
1707030 1060
1707040 1060
1707050 1064
1707060 1066
1707070 1066
1707080 1070
1707090 1074
1707100 1074
1707110 1077
1707120 1081
1707130 1081
1707140 1085
1707150 1089
1707160 1089
1707170 1093
1707180 1097
1707190 1102
1707200 1102
1707210 1107
1707220 1111
1707230 1111
1707240 1117
1707250 1121
1707260 1121
1707270 1126
1707280 1133
1707290 1133
1707300 1138
1707310 1143
1707320 1143
1707330 1149
1707340 1156
1707350 1156
1707360 1160
1707370 1164
1707380 1164
1707390 1168
1707400 1173
1707410 1173
1707420 1177
1707430 1182
1707440 1182
1707450 1187
1707460 1193
1707470 1197
1707480 1197
1707490 1203
1707500 1208
1707510 1208
1707520 1213
1707530 1218
1707540 1218
1707550 1222
1707560 1225
1707570 1225
1707580 1229
1707590 1233
1707600 1233
1707610 1237
1707620 1240
1707630 1240
1707640 1246
1707650 1251
1707660 1251
1707670 1257
1707680 1261
1707690 1261
1707700 1269
1707710 1272
1707720 1272
1707730 1276
1707740 1281
1707750 1281
1707760 1283
1707770 1286
1707780 1289
1707790 1289
1707800 1291
1707810 1292
1707820 1292
1707830 1294
1707840 1296
1707850 1296
1707860 1298
1707870 1301
1707880 1301
1707890 1303
1707900 1306
1707910 1306
1707920 1307
1707930 1309
1707940 1309
1707950 1310
1707960 1312
1707970 1312
1707980 1313
1707990 1315
1708000 1315
1708010 1317
1708020 1320
1708030 1320
1708040 1322
1708050 1325
1708060 1325
1708070 1328
1708080 1332
1708090 1335
1708100 1335
1708110 1338
1708120 1340
1708130 1340
1708140 1343
1708150 1345
1708160 1345
1708170 1349
1708180 1352
1708190 1352
1708200 1356
1708210 1359
1708220 1359
1708230 1360
1708240 1360
1708250 1360
1708260 1364
1708270 1367
1708280 1367
1708290 1370
1708300 1375
1708310 1375
1708320 1377
1708330 1380
1708340 1380
1708350 1384
1708360 1388
1708370 1391
1708380 1391
1708390 1395
1708400 1398
1708410 1398
1708420 1401
1708430 1404
1708440 1404
1708450 1407
1708460 1409
1708470 1409
1708480 1411
1708490 1414
1708500 1414
1708510 1416
1708520 1417
1708530 1417
1708540 1420
1708550 1422
1708560 1422
1708570 1424
1708580 1427
1708590 1427
1708600 1429
1708610 1431
1708620 1431
1708630 1434
1708640 1436
1708650 1436
1708660 1438
1708670 1441
1708680 1443
1708690 1443
1708700 1445
1708710 1447
1708720 1447
1708730 1450
1708740 1451
1708750 1451
1708760 1453
1708770 1455
1708780 1455
1708790 1458
1708800 1459
1708810 1459
1708820 1462
1708830 1464
1708840 1464
1708850 1466
1708860 1469
1708870 1469
1708880 1471
1708890 1473
1708900 1473
1708910 1476
1708920 1479
1708930 1479
1708940 1482
1708950 1484
1708960 1487
1708970 1487
1708980 1489
1708990 1491
1709000 1491
1709010 1493
1709020 1494
1709030 1494
1709040 1496
1709050 1498
1709060 1498
1709070 1497
1709080 1488
1709090 1488
1709100 1482
1709110 1478
1709120 1478
1709130 1471
1709140 1465
1709150 1465
1709160 1459
1709170 1451
1709180 1451
1709190 1447
1709200 1442
1709210 1442
1709220 1437
1709230 1432
1709240 1432
1709250 1427
1709260 1421
1709270 1414
1709280 1414
1709290 1407
1709300 1401
1709310 1401
1709320 1394
1709330 1390
1709340 1390
1709350 1384
1709360 1378
1709370 1378
1709380 1374
1709390 1376
1709400 1376
1709410 1377
1709420 1377
1709430 1377
1709440 1378
1709450 1378
1709460 1378
1709470 1377
1709480 1376
1709490 1376
1709500 1374
1709510 1372
1709520 1372
1709530 1370
1709540 1368
1709550 1367
1709560 1367
1709570 1364
1709580 1359
1709590 1359
1709600 1352
1709610 1345
1709620 1345
1709630 1338
1709640 1331
1709650 1331
1709660 1324
1709670 1317
1709680 1317
1709690 1308
1709700 1299
1709710 1299
1709720 1289
1709730 1281
1709740 1281
1709750 1275
1709760 1275
1709770 1275
1709780 1272
1709790 1263
1709800 1263
1709810 1258
1709820 1251
1709830 1251
1709840 1250
1709850 1242
1709860 1235
1709870 1235
1709880 1227
1709890 1222
1709900 1222
1709910 1217
1709920 1210
1709930 1210
1709940 1201
1709950 1199
1709960 1199
1709970 1205
1709980 1207
1709990 1207
1710000 1206
1710010 1205
1710020 1205
1710030 1204
1710040 1201
1710050 1201
1710060 1197
1710070 1202
1710080 1202
1710090 1210
1710100 1216
1710110 1216
1710120 1222
1710130 1228
1710140 1228
1710150 1234
1710160 1240
1710170 1247
1710180 1247
1710190 1253
1710200 1260
1710210 1260
1710220 1265
1710230 1268
1710240 1268
1710250 1272
1710260 1280
1710270 1280
1710280 1282
1710290 1284
1710300 1284
1710310 1285
1710320 1287
1710330 1287
1710340 1288
1710350 1288
1710360 1288
1710370 1288
1710380 1284
1710390 1284
1710400 1278
1710410 1272
1710420 1272
1710430 1265
1710440 1259
1710450 1253
1710460 1253
1710470 1247
1710480 1240
1710490 1240
1710500 1234
1710510 1228
1710520 1228
1710530 1223
1710540 1217
1710550 1217
1710560 1211
1710570 1205
1710580 1205
1710590 1200
1710600 1193
1710610 1193
1710620 1190
1710630 1184
1710640 1184
1710650 1178
1710660 1173
1710670 1173
1710680 1168
1710690 1162
1710700 1162
1710710 1156
1710720 1149
1710730 1149
1710740 1143
1710750 1136
1710760 1130
1710770 1130
1710780 1124
1710790 1118
1710800 1118
1710810 1113
1710820 1108
1710830 1108
1710840 1102
1710850 1098
1710860 1098
1710870 1093
1710880 1088
1710890 1088
1710900 1084
1710910 1079
1710920 1079
1710930 1074
1710940 1069
1710950 1069
1710960 1063
1710970 1058
1710980 1058
1710990 1051
1711000 1042
1711010 1042
1711020 1035
1711030 1028
1711040 1020
1711050 1020
1711060 1013
1711070 1008
1711080 1008
1711090 1002
1711100 992
1711110 992
1711120 988
1711130 991
1711140 991
1711150 996
1711160 994
1711170 994
1711180 993
1711190 991
1711200 991
1711210 991
1711220 989
1711230 989
1711240 983
1711250 981
1711260 981
1711270 976
1711280 970
1711290 970
1711300 961
1711310 959
1711320 959
1711330 963
1711340 967
1711350 966
1711360 966
1711370 966
1711380 965
1711390 965
1711400 964
1711410 963
1711420 963
1711430 962
1711440 961
1711450 961
1711460 961
1711470 960
1711480 960
1711490 959
1711500 959
1711510 959
1711520 959
1711530 959
1711540 959
1711550 958
1711560 956
1711570 956
1711580 955
1711590 954
1711600 954
1711610 952
1711620 949
1711630 949
1711640 945
1711650 941
1711660 935
1711670 935
1711680 932
1711690 928
1711700 928
1711710 925
1711720 923
1711730 923
1711740 921
1711750 918
1711760 918
1711770 914
1711780 913
1711790 913
1711800 914
1711810 914
1711820 914
1711830 922
1711840 927
1711850 927
1711860 933
1711870 939
1711880 939
1711890 946
1711900 952
1711910 952
1711920 960
1711930 967
1711940 974
1711950 974
1711960 980
1711970 986
1711980 986
1711990 993
1712000 1000
1712010 1000
1712020 1008
1712030 1012
1712040 1012
1712050 1020
1712060 1026
1712070 1026
1712080 1032
1712090 1035
1712100 1035
1712110 1035
1712120 1033
1712130 1033
1712140 1031
1712150 1030
1712160 1030
1712170 1028
1712180 1030
1712190 1030
1712200 1032
1712210 1034
1712220 1034
1712230 1037
1712240 1040
1712250 1044
1712260 1044
1712270 1044
1712280 1042
1712290 1042
1712300 1039
1712310 1037
1712320 1037
1712330 1036
1712340 1041
1712350 1041
1712360 1046
1712370 1049
1712380 1049
1712390 1054
1712400 1059
1712410 1059
1712420 1064
1712430 1069
1712440 1069
1712450 1074
1712460 1078
1712470 1078
1712480 1082
1712490 1084
1712500 1084
1712510 1081
1712520 1077
1712530 1072
1712540 1072
1712550 1067
1712560 1062
1712570 1062
1712580 1057
1712590 1052
1712600 1052
1712610 1047
1712620 1042
1712630 1042
1712640 1038
1712650 1033
1712660 1033
1712670 1028
1712680 1023
1712690 1023
1712700 1018
1712710 1013
1712720 1013
1712730 1008
1712740 1003
1712750 1003
1712760 997
1712770 991
1712780 991
1712790 985
1712800 977
1712810 977
1712820 970
1712830 964
1712840 957
1712850 957
1712860 956
1712870 955
1712880 955
1712890 955
1712900 956
1712910 956
1712920 957
1712930 957
1712940 957
1712950 957
1712960 956
1712970 956
1712980 955
1712990 955
1713000 955
1713010 953
1713020 950
1713030 950
1713040 945
1713050 939
1713060 939
1713070 935
1713080 931
1713090 931
1713100 928
1713110 924
1713120 924
1713130 921
1713140 918
1713150 914
1713160 914
1713170 909
1713180 904
1713190 904
1713200 897
1713210 893
1713220 893
1713230 887
1713240 881
1713250 881
1713260 876
1713270 872
1713280 872
1713290 868
1713300 862
1713310 862
1713320 858
1713330 853
1713340 853
1713350 846
1713360 846
1713370 846
1713380 849
1713390 852
1713400 852
1713410 854
1713420 860
1713430 866
1713440 866
1713450 871
1713460 877
1713470 877
1713480 882
1713490 887
1713500 887
1713510 892
1713520 897
1713530 897
1713540 902
1713550 905
1713560 905
1713570 910
1713580 914
1713590 914
1713600 920
1713610 928
1713620 928
1713630 934
1713640 938
1713650 938
1713660 935
1713670 933
1713680 933
1713690 932
1713700 931
1713710 931
1713720 929
1713730 927
1713740 924
1713750 924
1713760 920
1713770 916
1713780 916
1713790 913
1713800 912
1713810 912
1713820 913
1713830 914
1713840 914
1713850 917
1713860 921
1713870 921
1713880 924
1713890 926
1713900 926
1713910 928
1713920 928
1713930 928
1713940 926
1713950 922
1713960 922
1713970 922
1713980 922
1713990 922
1714000 921
1714010 919
1714020 916
1714030 916
1714040 913
1714050 912
1714060 912
1714070 912
1714080 912
1714090 912
1714100 913
1714110 913
1714120 913
1714130 913
1714140 912
1714150 912
1714160 912
1714170 912
1714180 912
1714190 912
1714200 912
1714210 912
1714220 912
1714230 912
1714240 912
1714250 913
1714260 915
1714270 915
1714280 917
1714290 919
1714300 919
1714310 920
1714320 923
1714330 924
1714340 924
1714350 926
1714360 925
1714370 925
1714380 927
1714390 929
1714400 929
1714410 930
1714420 932
1714430 932
1714440 935
1714450 938
1714460 938
1714470 943
1714480 946
1714490 946
1714500 951
1714510 955
1714520 955
1714530 960
1714540 963
1714550 963
1714560 967
1714570 970
1714580 970
1714590 974
1714600 978
1714610 981
1714620 981
1714630 984
1714640 987
1714650 987
1714660 990
1714670 993
1714680 993
1714690 996
1714700 998
1714710 998
1714720 998
1714730 998
1714740 998
1714750 997
1714760 995
1714770 995
1714780 994
1714790 994
1714800 994
1714810 993
1714820 993
1714830 993
1714840 994
1714850 995
1714860 995
1714870 998
1714880 1001
1714890 1001
1714900 1005
1714910 1009
1714920 1012
1714930 1012
1714940 1015
1714950 1018
1714960 1018
1714970 1018
1714980 1015
1714990 1015
1715000 1011
1715010 1006
1715020 1006
1715030 1001
1715040 997
1715050 997
1715060 991
1715070 986
1715080 986
1715090 981
1715100 976
1715110 976
1715120 971
1715130 967
1715140 967
1715150 962
1715160 958
1715170 958
1715180 953
1715190 949
1715200 949
1715210 947
1715220 942
1715230 939
1715240 939
1715250 936
1715260 936
1715270 936
1715280 932
1715290 929
1715300 929
1715310 925
1715320 922
1715330 922
1715340 918
1715350 913
1715360 913
1715370 908
1715380 903
1715390 903
1715400 898
1715410 893
1715420 893
1715430 890
1715440 887
1715450 887
1715460 883
1715470 880
1715480 880
1715490 879
1715500 878
1715510 874
1715520 874
1715530 870
1715540 868
1715550 868
1715560 867
1715570 867
1715580 867
1715590 866
1715600 866
1715610 866
1715620 864
1715630 859
1715640 859
1715650 855
1715660 847
1715670 847
1715680 839
1715690 832
1715700 832
1715710 823
1715720 814
1715730 814
1715740 806
1715750 797
1715760 797
1715770 789
1715780 781
1715790 781
1715800 772
1715810 764
1715820 757
1715830 757
1715840 748
1715850 740
1715860 740
1715870 733
1715880 726
1715890 726
1715900 719
1715910 716
1715920 716
1715930 711
1715940 706
1715950 706
1715960 701
1715970 692
1715980 692
1715990 685
1716000 685
1716010 685
1716020 685
1716030 687
1716040 687
1716050 688
1716060 687
1716070 687
1716080 687
1716090 692
1716100 697
1716110 697
1716120 703
1716130 709
1716140 709
1716150 710
1716160 716
1716170 716
1716180 725
1716190 735
1716200 735
1716210 741
1716220 748
1716230 748
1716240 755
1716250 763
1716260 763
1716270 764
1716280 767
1716290 767
1716300 765
1716310 762
1716320 762
1716330 759
1716340 756
1716350 756
1716360 754
1716370 753
1716380 753
1716390 752
1716400 752
1716410 751
1716420 751
1716430 751
1716440 752
1716450 752
1716460 752
1716470 752
1716480 752
1716490 748
1716500 753
1716510 753
1716520 758
1716530 765
1716540 765
1716550 769
1716560 772
1716570 772
1716580 773
1716590 775
1716600 775
1716610 779
1716620 785
1716630 785
1716640 790
1716650 795
1716660 795
1716670 801
1716680 805
1716690 805
1716700 809
1716710 812
1716720 815
1716730 815
1716740 818
1716750 822
1716760 822
1716770 824
1716780 828
1716790 828
1716800 829
1716810 831
1716820 831
1716830 832
1716840 832
1716850 832
1716860 830
1716870 828
1716880 828
1716890 824
1716900 819
1716910 819
1716920 815
1716930 813
1716940 813
1716950 808
1716960 805
1716970 805
1716980 802
1716990 799
1717000 797
1717010 797
1717020 795
1717030 793
1717040 793
1717050 792
1717060 790
1717070 790
1717080 788
1717090 786
1717100 786
1717110 785
1717120 783
1717130 783
1717140 782
1717150 781
1717160 781
1717170 779
1717180 777
1717190 777
1717200 776
1717210 774
1717220 774
1717230 773
1717240 771
1717250 771
1717260 769
1717270 768
1717280 768
1717290 765
1717300 762
1717310 761
1717320 761
1717330 758
1717340 757
1717350 757
1717360 754
1717370 751
1717380 751
1717390 744
1717400 744
1717410 744
1717420 745
1717430 745
1717440 745
1717450 745
1717460 743
1717470 743
1717480 741
1717490 738
1717500 738
1717510 736
1717520 733
1717530 733
1717540 730
1717550 725
1717560 725
1717570 720
1717580 715
1717590 711
1717600 711
1717610 706
1717620 701
1717630 701
1717640 698
1717650 698
1717660 698
1717670 697
1717680 696
1717690 696
1717700 695
1717710 695
1717720 695
1717730 694
1717740 691
1717750 691
1717760 687
1717770 682
1717780 682
1717790 678
1717800 671
1717810 671
1717820 674
1717830 678
1717840 678
1717850 685
1717860 689
1717870 689
1717880 692
1717890 694
1717900 693
1717910 693
1717920 691
1717930 686
1717940 686
1717950 681
1717960 678
1717970 678
1717980 674
1717990 670
1718000 670
1718010 668
1718020 665
1718030 665
1718040 660
1718050 656
1718060 656
1718070 653
1718080 649
1718090 649
1718100 640
1718110 632
1718120 632
1718130 631
1718140 631
1718150 631
1718160 631
1718170 631
1718180 631
1718190 630
1718200 630
1718210 630
1718220 630
1718230 630
1718240 633
1718250 633
1718260 640
1718270 646
1718280 646
1718290 653
1718300 660
1718310 660
1718320 666
1718330 671
1718340 671
1718350 676
1718360 683
1718370 683
1718380 689
1718390 694
1718400 694
1718410 699
1718420 703
1718430 703
1718440 707
1718450 712
1718460 712
1718470 715
1718480 720
1718490 725
1718500 725
1718510 729
1718520 733
1718530 733
1718540 735
1718550 736
1718560 736
1718570 737
1718580 738
1718590 738
1718600 739
1718610 742
1718620 742
1718630 743
1718640 744
1718650 744
1718660 746
1718670 749
1718680 749
1718690 754
1718700 757
1718710 757
1718720 760
1718730 764
1718740 764
1718750 767
1718760 771
1718770 771
1718780 775
1718790 779
1718800 782
1718810 782
1718820 784
1718830 782
1718840 782
1718850 785
1718860 787
1718870 787
1718880 788
1718890 789
1718900 789
1718910 791
1718920 795
1718930 795
1718940 801
1718950 806
1718960 806
1718970 811
1718980 817
1718990 817
1719000 822
1719010 827
1719020 827
1719030 832
1719040 837
1719050 837
1719060 841
1719070 845
1719080 849
1719090 849
1719100 852
1719110 857
1719120 857
1719130 861
1719140 866
1719150 866
1719160 871
1719170 876
1719180 876
1719190 881
1719200 886
1719210 886
1719220 890
1719230 895
1719240 895
1719250 899
1719260 904
1719270 904
1719280 906
1719290 909
1719300 909
1719310 913
1719320 916
1719330 916
1719340 919
1719350 922
1719360 922
1719370 926
1719380 929
1719390 932
1719400 932
1719410 934
1719420 936
1719430 936
1719440 941
1719450 943
1719460 943
1719470 946
1719480 948
1719490 948
1719500 951
1719510 954
1719520 954
1719530 957
1719540 959
1719550 959
1719560 961
1719570 964
1719580 964
1719590 967
1719600 970
1719610 970
1719620 974
1719630 977
1719640 977
1719650 980
1719660 982
1719670 984
1719680 984
1719690 987
1719700 989
1719710 989
1719720 991
1719730 994
1719740 994
1719750 996
1719760 998
1719770 998
1719780 1000
1719790 1002
1719800 1002
1719810 1003
1719820 1005
1719830 1005
1719840 1006
1719850 1008
1719860 1008
1719870 1009
1719880 1010
1719890 1010
1719900 1011
1719910 1012
1719920 1012
1719930 1012
1719940 1013
1719950 1013
1719960 1013
1719970 1014
1719980 1016
1719990 1016
