1760000 806
1760010 806
1760020 806
1760030 806
1760040 806
1760050 806
1760060 806
1760070 806
1760080 806
1760090 806
1760100 806
1760110 806
1760120 806
1760130 806
1760140 806
1760150 807
1760160 807
1760170 807
1760180 807
1760190 807
1760200 807
1760210 807
1760220 807
1760230 807
1760240 807
1760250 807
1760260 807
1760270 807
1760280 807
1760290 807
1760300 806
1760310 806
1760320 806
1760330 806
1760340 805
1760350 805
1760360 805
1760370 804
1760380 804
1760390 804
1760400 803
1760410 803
1760420 803
1760430 802
1760440 802
1760450 802
1760460 801
1760470 801
1760480 801
1760490 800
1760500 800
1760510 800
1760520 799
1760530 798
1760540 798
1760550 798
1760560 797
1760570 797
1760580 796
1760590 796
1760600 796
1760610 795
1760620 794
1760630 794
1760640 793
1760650 792
1760660 792
1760670 791
1760680 790
1760690 789
1760700 789
1760710 788
1760720 787
1760730 787
1760740 787
1760750 786
1760760 786
1760770 785
1760780 784
1760790 784
1760800 783
1760810 782
1760820 782
1760830 782
1760840 781
1760850 781
1760860 780
1760870 780
1760880 780
1760890 779
1760900 778
1760910 778
1760920 777
1760930 777
1760940 777
1760950 776
1760960 775
1760970 775
1760980 775
1760990 774
1761000 773
1761010 773
1761020 772
1761030 770
1761040 770
1761050 769
1761060 766
1761070 766
1761080 765
1761090 764
1761100 764
1761110 763
1761120 763
1761130 763
1761140 763
1761150 762
1761160 762
1761170 762
1761180 762
1761190 762
1761200 762
1761210 763
1761220 763
1761230 766
1761240 769
1761250 769
1761260 771
1761270 775
1761280 778
1761290 778
1761300 781
1761310 784
1761320 784
1761330 786
1761340 789
1761350 789
1761360 790
1761370 791
1761380 791
1761390 791
1761400 790
1761410 790
1761420 789
1761430 788
1761440 788
1761450 787
1761460 786
1761470 786
1761480 785
1761490 784
1761500 784
1761510 783
1761520 782
1761530 782
1761540 781
1761550 780
1761560 780
1761570 779
1761580 778
1761590 776
1761600 776
1761610 775
1761620 774
1761630 774
1761640 772
1761650 771
1761660 771
1761670 769
1761680 769
1761690 769
1761700 768
1761710 769
1761720 769
1761730 769
1761740 769
1761750 769
1761760 771
1761770 774
1761780 774
1761790 775
1761800 777
1761810 777
1761820 779
1761830 781
1761840 781
1761850 783
1761860 785
1761870 785
1761880 787
1761890 789
1761900 791
1761910 791
1761920 793
1761930 795
1761940 795
1761950 796
1761960 798
1761970 798
1761980 800
1761990 802
1762000 802
1762010 804
1762020 805
1762030 805
1762040 806
1762050 808
1762060 808
1762070 809
1762080 810
1762090 810
1762100 811
1762110 812
1762120 812
1762130 813
1762140 814
1762150 814
1762160 815
1762170 815
1762180 816
1762190 816
1762200 818
1762210 819
1762220 819
1762230 820
1762240 821
1762250 821
1762260 822
1762270 824
1762280 824
1762290 825
1762300 826
1762310 826
1762320 827
1762330 828
1762340 828
1762350 829
1762360 830
1762370 830
1762380 831
1762390 831
1762400 831
1762410 832
1762420 832
1762430 832
1762440 831
1762450 831
1762460 831
1762470 830
1762480 829
1762490 828
1762500 828
1762510 827
1762520 827
1762530 827
1762540 826
1762550 826
1762560 826
1762570 825
1762580 825
1762590 825
1762600 824
1762610 822
1762620 822
1762630 821
1762640 820
1762650 820
1762660 816
1762670 816
1762680 816
1762690 817
1762700 819
1762710 819
1762720 820
1762730 821
1762740 821
1762750 822
1762760 822
1762770 822
1762780 823
1762790 825
1762800 825
1762810 825
1762820 826
1762830 827
1762840 827
1762850 828
1762860 829
1762870 829
1762880 829
1762890 831
1762900 831
1762910 832
1762920 834
1762930 834
1762940 835
1762950 837
1762960 837
1762970 838
1762980 840
1762990 840
1763000 841
1763010 842
1763020 842
1763030 844
1763040 845
1763050 845
1763060 846
1763070 848
1763080 849
1763090 849
1763100 850
1763110 851
1763120 851
1763130 851
1763140 852
1763150 852
1763160 852
1763170 853
1763180 853
1763190 854
1763200 855
1763210 855
1763220 855
1763230 856
1763240 856
1763250 857
1763260 858
1763270 858
1763280 859
1763290 860
1763300 860
1763310 861
1763320 861
1763330 861
1763340 861
1763350 862
1763360 862
1763370 861
1763380 861
1763390 861
1763400 861
1763410 861
1763420 861
1763430 861
1763440 861
1763450 861
1763460 862
1763470 862
1763480 862
1763490 862
1763500 862
1763510 862
1763520 862
1763530 862
1763540 862
1763550 862
1763560 861
1763570 861
1763580 861
1763590 860
1763600 860
1763610 860
1763620 860
1763630 859
1763640 859
1763650 859
1763660 859
1763670 859
1763680 859
1763690 859
1763700 858
1763710 858
1763720 856
1763730 855
1763740 855
1763750 854
1763760 852
1763770 852
1763780 851
1763790 850
1763800 850
1763810 848
1763820 846
1763830 846
1763840 844
1763850 842
1763860 842
1763870 839
1763880 837
1763890 837
1763900 834
1763910 832
1763920 832
1763930 830
1763940 828
1763950 828
1763960 826
1763970 824
1763980 822
1763990 822
1764000 820
1764010 819
1764020 819
1764030 818
1764040 816
1764050 816
1764060 816
1764070 815
1764080 815
1764090 813
1764100 812
1764110 812
1764120 810
1764130 809
1764140 809
1764150 807
1764160 806
1764170 806
1764180 805
1764190 804
1764200 804
1764210 802
1764220 801
1764230 801
1764240 800
1764250 798
1764260 798
1764270 797
1764280 795
1764290 794
1764300 794
1764310 792
1764320 791
1764330 791
1764340 790
1764350 788
1764360 788
1764370 787
1764380 785
1764390 785
1764400 784
1764410 783
1764420 783
1764430 781
1764440 780
1764450 780
1764460 779
1764470 777
1764480 777
1764490 776
1764500 774
1764510 774
1764520 773
1764530 772
1764540 772
1764550 770
1764560 769
1764570 769
1764580 767
1764590 766
1764600 764
1764610 764
1764620 763
1764630 761
1764640 761
1764650 759
1764660 756
1764670 756
1764680 751
1764690 747
1764700 747
1764710 744
1764720 742
1764730 742
1764740 742
1764750 745
1764760 745
1764770 748
1764780 750
1764790 750
1764800 750
1764810 749
1764820 749
1764830 749
1764840 747
1764850 747
1764860 746
1764870 745
1764880 740
1764890 740
1764900 735
1764910 736
1764920 736
1764930 741
1764940 743
1764950 743
1764960 745
1764970 746
1764980 746
1764990 748
1765000 749
1765010 749
1765020 750
1765030 750
1765040 750
1765050 750
1765060 750
1765070 750
1765080 750
1765090 749
1765100 749
1765110 749
1765120 748
1765130 748
1765140 747
1765150 746
1765160 746
1765170 745
1765180 743
1765190 741
1765200 741
1765210 740
1765220 740
1765230 740
1765240 740
1765250 739
1765260 739
1765270 739
1765280 739
1765290 739
1765300 738
1765310 738
1765320 738
1765330 738
1765340 737
1765350 737
1765360 737
1765370 738
1765380 738
1765390 738
1765400 738
1765410 738
1765420 738
1765430 738
1765440 738
1765450 737
1765460 737
1765470 737
1765480 736
1765490 735
1765500 734
1765510 734
1765520 733
1765530 732
1765540 732
1765550 731
1765560 731
1765570 731
1765580 730
1765590 729
1765600 729
1765610 729
1765620 728
1765630 728
1765640 728
1765650 727
1765660 727
1765670 727
1765680 727
1765690 727
1765700 726
1765710 726
1765720 726
1765730 726
1765740 725
1765750 725
1765760 725
1765770 725
1765780 725
1765790 725
1765800 724
1765810 724
1765820 724
1765830 723
1765840 723
1765850 723
1765860 723
1765870 722
1765880 722
1765890 722
1765900 721
1765910 721
1765920 721
1765930 721
1765940 721
1765950 720
1765960 720
1765970 720
1765980 720
1765990 719
1766000 719
1766010 719
1766020 718
1766030 718
1766040 718
1766050 717
1766060 717
1766070 717
1766080 716
1766090 716
1766100 716
1766110 715
1766120 714
1766130 714
1766140 714
1766150 714
1766160 714
1766170 713
1766180 713
1766190 713
1766200 712
1766210 711
1766220 711
1766230 710
1766240 710
1766250 710
1766260 709
1766270 708
1766280 708
1766290 707
1766300 706
1766310 706
1766320 705
1766330 705
1766340 705
1766350 704
1766360 704
1766370 703
1766380 703
1766390 703
1766400 703
1766410 703
1766420 702
1766430 702
1766440 702
1766450 702
1766460 701
1766470 701
1766480 702
1766490 702
1766500 702
1766510 702
1766520 703
1766530 703
1766540 704
1766550 705
1766560 705
1766570 706
1766580 707
1766590 707
1766600 708
1766610 708
1766620 708
1766630 708
1766640 708
1766650 708
1766660 709
1766670 709
1766680 709
1766690 709
1766700 709
1766710 709
1766720 709
1766730 709
1766740 709
1766750 709
1766760 709
1766770 708
1766780 708
1766790 708
1766800 707
1766810 707
1766820 706
1766830 706
1766840 706
1766850 705
1766860 705
1766870 705
1766880 704
1766890 703
1766900 703
1766910 703
1766920 702
1766930 702
1766940 701
1766950 700
1766960 700
1766970 699
1766980 699
1766990 698
1767000 698
1767010 697
1767020 696
1767030 696
1767040 696
1767050 695
1767060 695
1767070 695
1767080 694
1767090 694
1767100 694
1767110 693
1767120 693
1767130 693
1767140 692
1767150 692
1767160 691
1767170 690
1767180 690
1767190 689
1767200 689
1767210 689
1767220 689
1767230 688
1767240 688
1767250 688
1767260 687
1767270 687
1767280 687
1767290 686
1767300 686
1767310 686
1767320 686
1767330 686
1767340 686
1767350 685
1767360 685
1767370 685
1767380 685
1767390 685
1767400 685
1767410 685
1767420 684
1767430 684
1767440 684
1767450 683
1767460 683
1767470 684
1767480 683
1767490 683
1767500 683
1767510 684
1767520 684
1767530 686
1767540 687
1767550 687
1767560 684
1767570 684
1767580 684
1767590 684
1767600 684
1767610 684
1767620 684
1767630 684
1767640 684
1767650 684
1767660 684
1767670 684
1767680 684
1767690 684
1767700 685
1767710 685
1767720 685
1767730 685
1767740 685
1767750 685
1767760 685
1767770 685
1767780 685
1767790 686
1767800 686
1767810 686
1767820 686
1767830 686
1767840 686
1767850 687
1767860 687
1767870 687
1767880 688
1767890 688
1767900 688
1767910 689
1767920 689
1767930 689
1767940 689
1767950 689
1767960 689
1767970 689
1767980 689
1767990 689
1768000 689
1768010 689
1768020 689
1768030 689
1768040 690
1768050 690
1768060 690
1768070 690
1768080 690
1768090 691
1768100 691
1768110 691
1768120 691
1768130 691
1768140 691
1768150 691
1768160 691
1768170 691
1768180 691
1768190 691
1768200 691
1768210 691
1768220 691
1768230 691
1768240 691
1768250 691
1768260 691
1768270 691
1768280 691
1768290 691
1768300 691
1768310 691
1768320 691
1768330 691
1768340 691
1768350 691
1768360 691
1768370 690
1768380 690
1768390 690
1768400 690
1768410 690
1768420 690
1768430 689
1768440 689
1768450 689
1768460 688
1768470 688
1768480 688
1768490 688
1768500 687
1768510 687
1768520 687
1768530 687
1768540 687
1768550 687
1768560 686
1768570 684
1768580 684
1768590 686
1768600 686
1768610 686
1768620 685
1768630 685
1768640 685
1768650 685
1768660 685
1768670 685
1768680 685
1768690 684
1768700 684
1768710 684
1768720 684
1768730 684
1768740 684
1768750 684
1768760 684
1768770 684
1768780 684
1768790 684
1768800 684
1768810 684
1768820 684
1768830 684
1768840 683
1768850 683
1768860 683
1768870 682
1768880 682
1768890 682
1768900 681
1768910 681
1768920 681
1768930 681
1768940 680
1768950 680
1768960 679
1768970 678
1768980 678
1768990 678
1769000 677
1769010 677
1769020 676
1769030 675
1769040 675
1769050 674
1769060 674
1769070 673
1769080 673
1769090 672
1769100 672
1769110 672
1769120 671
1769130 671
1769140 671
1769150 671
1769160 671
1769170 671
1769180 670
1769190 670
1769200 670
1769210 670
1769220 669
1769230 669
1769240 669
1769250 668
1769260 668
1769270 667
1769280 666
1769290 666
1769300 665
1769310 664
1769320 664
1769330 662
1769340 660
1769350 660
1769360 658
1769370 656
1769380 653
1769390 653
1769400 651
1769410 649
1769420 649
1769430 646
1769440 644
1769450 644
1769460 643
1769470 640
1769480 640
1769490 637
1769500 634
1769510 634
1769520 629
1769530 624
1769540 624
1769550 622
1769560 620
1769570 620
1769580 618
1769590 616
1769600 616
1769610 623
1769620 629
1769630 629
1769640 636
1769650 639
1769660 639
1769670 640
1769680 642
1769690 643
1769700 643
1769710 646
1769720 650
1769730 650
1769740 652
1769750 655
1769760 655
1769770 661
1769780 662
1769790 662
1769800 664
1769810 666
1769820 666
1769830 670
1769840 671
1769850 671
1769860 673
1769870 675
1769880 675
1769890 675
1769900 676
1769910 676
1769920 677
1769930 678
1769940 678
1769950 679
1769960 680
1769970 680
1769980 680
1769990 681
1770000 681
1770010 681
1770020 681
1770030 682
1770040 682
1770050 682
1770060 682
1770070 682
1770080 682
1770090 682
1770100 682
1770110 682
1770120 681
1770130 681
1770140 681
1770150 681
1770160 681
1770170 681
1770180 681
1770190 681
1770200 681
1770210 681
1770220 681
1770230 680
1770240 680
1770250 680
1770260 680
1770270 680
1770280 680
1770290 680
1770300 678
1770310 679
1770320 679
1770330 678
1770340 678
1770350 678
1770360 678
1770370 678
1770380 678
1770390 677
1770400 677
1770410 677
1770420 677
1770430 677
1770440 677
1770450 677
1770460 677
1770470 677
1770480 677
1770490 677
1770500 677
1770510 676
1770520 676
1770530 676
1770540 676
1770550 676
1770560 676
1770570 676
1770580 677
1770590 676
1770600 676
1770610 676
1770620 676
1770630 676
1770640 676
1770650 676
1770660 676
1770670 676
1770680 676
1770690 676
1770700 675
1770710 675
1770720 675
1770730 674
1770740 674
1770750 674
1770760 674
1770770 673
1770780 673
1770790 673
1770800 673
1770810 673
1770820 673
1770830 673
1770840 673
1770850 674
1770860 674
1770870 674
1770880 674
1770890 674
1770900 674
1770910 674
1770920 673
1770930 673
1770940 673
1770950 673
1770960 672
1770970 672
1770980 671
1770990 670
1771000 670
1771010 669
1771020 668
1771030 668
1771040 667
1771050 666
1771060 666
1771070 665
1771080 664
1771090 664
1771100 663
1771110 662
1771120 662
1771130 661
1771140 660
1771150 660
1771160 658
1771170 656
1771180 654
1771190 654
1771200 652
1771210 650
1771220 650
1771230 649
1771240 647
1771250 647
1771260 646
1771270 645
1771280 645
1771290 643
1771300 638
1771310 638
1771320 636
1771330 638
1771340 638
1771350 639
1771360 639
1771370 639
1771380 639
1771390 639
1771400 639
1771410 640
1771420 640
1771430 640
1771440 641
1771450 643
1771460 643
1771470 646
1771480 646
1771490 645
1771500 645
1771510 646
1771520 646
1771530 646
1771540 647
1771550 649
1771560 649
1771570 650
1771580 651
1771590 651
1771600 651
1771610 652
1771620 652
1771630 653
1771640 653
1771650 653
1771660 653
1771670 653
1771680 653
1771690 653
1771700 653
1771710 653
1771720 653
1771730 652
1771740 652
1771750 652
1771760 651
1771770 651
1771780 651
1771790 651
1771800 651
1771810 651
1771820 651
1771830 651
1771840 651
1771850 651
1771860 651
1771870 651
1771880 651
1771890 651
1771900 651
1771910 651
1771920 651
1771930 651
1771940 652
1771950 652
1771960 652
1771970 653
1771980 653
1771990 653
1772000 653
1772010 654
1772020 654
1772030 654
1772040 654
1772050 654
1772060 654
1772070 654
1772080 654
1772090 654
1772100 654
1772110 654
1772120 654
1772130 655
1772140 654
1772150 654
1772160 654
1772170 653
1772180 653
1772190 653
1772200 652
1772210 652
1772220 651
1772230 650
1772240 650
1772250 650
1772260 649
1772270 649
1772280 648
1772290 646
1772300 646
1772310 646
1772320 646
1772330 646
1772340 645
1772350 644
1772360 643
1772370 643
1772380 642
1772390 641
1772400 641
1772410 640
1772420 638
1772430 638
1772440 636
1772450 632
1772460 632
1772470 633
1772480 634
1772490 634
1772500 635
1772510 634
1772520 634
1772530 633
1772540 632
1772550 632
1772560 630
1772570 627
1772580 627
1772590 622
1772600 616
1772610 616
1772620 611
1772630 606
1772640 606
1772650 600
1772660 594
1772670 590
1772680 590
1772690 586
1772700 583
1772710 583
1772720 580
1772730 577
1772740 577
1772750 573
1772760 570
1772770 570
1772780 566
1772790 562
1772800 562
1772810 558
1772820 551
1772830 551
1772840 549
1772850 542
1772860 542
1772870 535
1772880 529
1772890 529
1772900 528
1772910 530
1772920 530
1772930 528
1772940 526
1772950 526
1772960 525
1772970 526
1772980 526
1772990 526
1773000 526
1773010 526
1773020 526
1773030 526
1773040 526
1773050 526
1773060 526
1773070 529
1773080 529
1773090 535
1773100 539
1773110 539
1773120 542
1773130 544
1773140 544
1773150 549
1773160 553
1773170 553
1773180 557
1773190 562
1773200 562
1773210 566
1773220 571
1773230 571
1773240 576
1773250 580
1773260 585
1773270 585
1773280 589
1773290 591
1773300 591
1773310 591
1773320 592
1773330 592
1773340 592
1773350 594
1773360 594
1773370 595
1773380 596
1773390 596
1773400 597
1773410 598
1773420 598
1773430 599
1773440 599
1773450 599
1773460 600
1773470 601
1773480 601
1773490 603
1773500 605
1773510 605
1773520 606
1773530 608
1773540 608
1773550 608
1773560 609
1773570 611
1773580 611
1773590 613
1773600 614
1773610 614
1773620 616
1773630 618
1773640 618
1773650 620
1773660 622
1773670 622
1773680 624
1773690 627
1773700 627
1773710 630
1773720 632
1773730 632
1773740 635
1773750 638
1773760 638
1773770 641
1773780 643
1773790 643
1773800 646
1773810 648
1773820 648
1773830 649
1773840 653
1773850 653
1773860 653
1773870 650
1773880 646
1773890 646
1773900 645
1773910 645
1773920 645
1773930 644
1773940 644
1773950 644
1773960 644
1773970 645
1773980 645
1773990 646
1774000 647
1774010 647
1774020 647
1774030 649
1774040 649
1774050 651
1774060 652
1774070 652
1774080 654
1774090 655
1774100 655
1774110 657
1774120 658
1774130 658
1774140 659
1774150 660
1774160 661
1774170 661
1774180 662
1774190 662
1774200 662
1774210 663
1774220 664
1774230 664
1774240 666
1774250 667
1774260 667
1774270 668
1774280 670
1774290 670
1774300 673
1774310 676
1774320 676
1774330 679
1774340 682
1774350 682
1774360 685
1774370 689
1774380 689
1774390 692
1774400 696
1774410 696
1774420 701
1774430 704
1774440 704
1774450 708
1774460 711
1774470 715
1774480 715
1774490 719
1774500 723
1774510 723
1774520 727
1774530 730
1774540 730
1774550 731
1774560 729
1774570 729
1774580 729
1774590 727
1774600 727
1774610 724
1774620 721
1774630 721
1774640 719
1774650 716
1774660 716
1774670 713
1774680 710
1774690 710
1774700 708
1774710 706
1774720 706
1774730 704
1774740 701
1774750 701
1774760 699
1774770 696
1774780 694
1774790 694
1774800 692
1774810 690
1774820 690
1774830 689
1774840 687
1774850 687
1774860 685
1774870 683
1774880 683
1774890 682
1774900 680
1774910 680
1774920 679
1774930 677
1774940 677
1774950 676
1774960 675
1774970 675
1774980 674
1774990 673
1775000 673
1775010 673
1775020 671
1775030 671
1775040 671
1775050 671
1775060 672
1775070 672
1775080 673
1775090 674
1775100 674
1775110 675
1775120 677
1775130 677
1775140 679
1775150 680
1775160 680
1775170 681
1775180 683
1775190 683
1775200 685
1775210 687
1775220 687
1775230 688
1775240 688
1775250 688
1775260 688
1775270 685
1775280 685
1775290 682
1775300 679
1775310 679
1775320 676
1775330 674
1775340 674
1775350 672
1775360 670
1775370 669
1775380 669
1775390 668
1775400 668
1775410 668
1775420 668
1775430 668
1775440 668
1775450 669
1775460 669
1775470 669
1775480 669
1775490 669
1775500 669
1775510 669
1775520 669
1775530 669
1775540 670
1775550 669
1775560 669
1775570 668
1775580 668
1775590 668
1775600 666
1775610 665
1775620 665
1775630 663
1775640 661
1775650 661
1775660 658
1775670 653
1775680 649
1775690 649
1775700 644
1775710 639
1775720 639
1775730 634
1775740 629
1775750 629
1775760 626
1775770 623
1775780 623
1775790 619
1775800 617
1775810 617
1775820 614
1775830 612
1775840 612
1775850 609
1775860 607
1775870 607
1775880 605
1775890 603
1775900 603
1775910 602
1775920 600
1775930 600
1775940 600
1775950 600
1775960 600
1775970 600
1775980 601
1775990 602
1776000 602
1776010 603
1776020 603
1776030 603
1776040 601
1776050 599
1776060 599
1776070 598
1776080 595
1776090 595
1776100 592
1776110 588
1776120 588
1776130 584
1776140 579
1776150 579
1776160 574
1776170 568
1776180 568
1776190 563
1776200 558
1776210 558
1776220 552
1776230 547
1776240 544
1776250 537
1776260 529
1776270 536
1776280 536
1776290 545
1776300 553
1776310 553
1776320 560
1776330 566
1776340 566
1776350 572
1776360 579
1776370 579
1776380 583
1776390 589
1776400 589
1776410 595
1776420 600
1776430 600
1776440 605
1776450 611
1776460 611
1776470 615
1776480 618
1776490 618
1776500 618
1776510 618
1776520 618
1776530 618
1776540 619
1776550 619
1776560 622
1776570 624
1776580 626
1776590 626
1776600 628
1776610 630
1776620 630
1776630 633
1776640 635
1776650 635
1776660 637
1776670 639
1776680 639
1776690 641
1776700 643
1776710 643
1776720 644
1776730 645
1776740 645
1776750 646
1776760 647
1776770 647
1776780 648
1776790 649
1776800 649
1776810 651
1776820 653
1776830 653
1776840 654
1776850 656
1776860 657
1776870 657
1776880 657
1776890 657
1776900 657
1776910 657
1776920 658
1776930 658
1776940 658
1776950 658
1776960 658
1776970 658
1776980 658
1776990 658
1777000 658
1777010 659
1777020 659
1777030 660
1777040 661
1777050 661
1777060 662
1777070 663
1777080 663
1777090 664
1777100 665
1777110 665
1777120 666
1777130 666
1777140 666
1777150 667
1777160 668
1777170 668
1777180 668
1777190 670
1777200 670
1777210 670
1777220 670
1777230 670
1777240 670
1777250 670
1777260 671
1777270 671
1777280 671
1777290 671
1777300 671
1777310 672
1777320 672
1777330 672
1777340 672
1777350 672
1777360 672
1777370 672
1777380 672
1777390 672
1777400 670
1777410 669
1777420 669
1777430 665
1777440 660
1777450 660
1777460 655
1777470 646
1777480 638
1777490 638
1777500 632
1777510 627
1777520 627
1777530 623
1777540 618
1777550 618
1777560 614
1777570 609
1777580 609
1777590 604
1777600 600
1777610 600
1777620 597
1777630 593
1777640 593
1777650 591
1777660 589
1777670 589
1777680 587
1777690 584
1777700 584
1777710 580
1777720 576
1777730 576
1777740 572
1777750 567
1777760 562
1777770 562
1777780 559
1777790 553
1777800 553
1777810 548
1777820 542
1777830 542
1777840 536
1777850 531
1777860 531
1777870 524
1777880 517
1777890 517
1777900 511
1777910 504
1777920 504
1777930 499
1777940 495
1777950 495
1777960 490
1777970 485
1777980 485
1777990 480
1778000 478
1778010 478
1778020 475
1778030 470
1778040 470
1778050 464
1778060 455
1778070 450
1778080 450
1778090 452
1778100 452
1778110 452
1778120 452
1778130 452
1778140 452
1778150 452
1778160 452
1778170 452
1778180 452
1778190 452
1778200 452
1778210 452
1778220 452
1778230 452
1778240 452
1778250 451
1778260 451
1778270 451
1778280 451
1778290 451
1778300 451
1778310 451
1778320 451
1778330 451
1778340 451
1778350 451
1778360 451
1778370 451
1778380 451
1778390 451
1778400 450
1778410 450
1778420 450
1778430 450
1778440 450
1778450 450
1778460 450
1778470 450
1778480 450
1778490 450
1778500 450
1778510 450
1778520 450
1778530 450
1778540 450
1778550 450
1778560 449
1778570 449
1778580 449
1778590 449
1778600 449
1778610 450
1778620 450
1778630 450
1778640 450
1778650 450
1778660 450
1778670 450
1778680 450
1778690 450
1778700 450
1778710 450
1778720 450
1778730 450
1778740 451
1778750 451
1778760 451
1778770 450
1778780 450
1778790 450
1778800 450
1778810 450
1778820 450
1778830 449
1778840 449
1778850 449
1778860 449
1778870 449
1778880 449
1778890 449
1778900 449
1778910 449
1778920 449
1778930 448
1778940 448
1778950 448
1778960 448
1778970 448
1778980 448
1778990 449
1779000 448
1779010 448
1779020 448
1779030 449
1779040 449
1779050 450
1779060 452
1779070 452
1779080 452
1779090 452
1779100 452
1779110 452
1779120 451
1779130 451
1779140 450
1779150 451
1779160 451
1779170 451
1779180 451
1779190 451
1779200 451
1779210 452
1779220 452
1779230 452
1779240 453
1779250 453
1779260 453
1779270 453
1779280 453
1779290 453
1779300 453
1779310 454
1779320 454
1779330 453
1779340 454
1779350 454
1779360 459
1779370 463
1779380 463
1779390 468
1779400 474
1779410 474
1779420 478
1779430 481
1779440 481
1779450 485
1779460 489
1779470 489
1779480 493
1779490 495
1779500 495
1779510 498
1779520 501
1779530 501
1779540 504
1779550 507
1779560 510
1779570 510
1779580 513
1779590 513
1779600 513
1779610 514
1779620 515
1779630 515
1779640 516
1779650 517
1779660 517
1779670 519
1779680 523
1779690 523
1779700 527
1779710 529
1779720 529
1779730 532
1779740 534
1779750 534
1779760 535
1779770 537
1779780 542
1779790 543
1779800 543
1779810 543
1779820 545
1779830 549
1779840 549
1779850 553
1779860 556
1779870 558
1779880 558
1779890 559
1779900 556
1779910 556
1779920 551
1779930 546
1779940 546
1779950 541
1779960 535
1779970 535
1779980 531
1779990 526
