1700000 482
1700010 482
1700020 481
1700030 480
1700040 480
1700050 480
1700060 480
1700070 480
1700080 480
1700090 480
1700100 480
1700110 480
1700120 480
1700130 480
1700140 480
1700150 480
1700160 480
1700170 480
1700180 480
1700190 480
1700200 480
1700210 481
1700220 481
1700230 481
1700240 481
1700250 482
1700260 482
1700270 482
1700280 482
1700290 482
1700300 482
1700310 482
1700320 482
1700330 482
1700340 482
1700350 482
1700360 482
1700370 482
1700380 482
1700390 482
1700400 482
1700410 482
1700420 482
1700430 482
1700440 482
1700450 482
1700460 481
1700470 481
1700480 481
1700490 480
1700500 480
1700510 480
1700520 480
1700530 479
1700540 479
1700550 479
1700560 479
1700570 479
1700580 481
1700590 481
1700600 481
1700610 481
1700620 481
1700630 481
1700640 481
1700650 481
1700660 481
1700670 481
1700680 481
1700690 481
1700700 481
1700710 481
1700720 481
1700730 481
1700740 480
1700750 480
1700760 480
1700770 480
1700780 480
1700790 480
1700800 480
1700810 480
1700820 480
1700830 480
1700840 478
1700850 478
1700860 478
1700870 478
1700880 478
1700890 478
1700900 478
1700910 478
1700920 478
1700930 478
1700940 478
1700950 478
1700960 478
1700970 478
1700980 479
1700990 479
1701000 478
1701010 478
1701020 478
1701030 480
1701040 480
1701050 486
1701060 487
1701070 487
1701080 485
1701090 483
1701100 483
1701110 485
1701120 490
1701130 490
1701140 490
1701150 485
1701160 485
1701170 487
1701180 493
1701190 493
1701200 498
1701210 498
1701220 498
1701230 499
1701240 498
1701250 498
1701260 493
1701270 487
1701280 482
1701290 482
1701300 479
1701310 478
1701320 478
1701330 483
1701340 487
1701350 487
1701360 485
1701370 479
1701380 479
1701390 474
1701400 474
1701410 474
1701420 474
1701430 473
1701440 473
1701450 473
1701460 472
1701470 472
1701480 472
1701490 472
1701500 472
1701510 472
1701520 472
1701530 472
1701540 471
1701550 471
1701560 471
1701570 471
1701580 473
1701590 474
1701600 474
1701610 471
1701620 470
1701630 470
1701640 470
1701650 470
1701660 470
1701670 470
1701680 470
1701690 470
1701700 470
1701710 471
1701720 471
1701730 474
1701740 475
1701750 475
1701760 475
1701770 475
1701780 475
1701790 475
1701800 475
1701810 475
1701820 475
1701830 476
1701840 476
1701850 476
1701860 476
1701870 476
1701880 481
1701890 483
1701900 483
1701910 483
1701920 488
1701930 495
1701940 495
1701950 496
1701960 497
1701970 497
1701980 498
1701990 502
1702000 502
1702010 509
1702020 515
1702030 515
1702040 521
1702050 524
1702060 524
1702070 527
1702080 527
1702090 527
1702100 527
1702110 529
1702120 529
1702130 530
1702140 530
1702150 530
1702160 527
1702170 533
1702180 541
1702190 541
1702200 548
1702210 552
1702220 552
1702230 558
1702240 562
1702250 562
1702260 566
1702270 569
1702280 569
1702290 572
1702300 575
1702310 575
1702320 575
1702330 574
1702340 574
1702350 577
1702360 578
1702370 578
1702380 578
1702390 579
1702400 579
1702410 579
1702420 580
1702430 580
1702440 582
1702450 585
1702460 585
1702470 588
1702480 593
1702490 597
1702500 597
1702510 601
1702520 604
1702530 604
1702540 607
1702550 609
1702560 609
1702570 610
1702580 609
1702590 609
1702600 607
1702610 606
1702620 606
1702630 605
1702640 604
1702650 604
1702660 603
1702670 602
1702680 602
1702690 602
1702700 601
1702710 601
1702720 599
1702730 596
1702740 596
1702750 592
1702760 593
1702770 593
1702780 603
1702790 612
1702800 620
1702810 620
1702820 628
1702830 635
1702840 635
1702850 640
1702860 642
1702870 642
1702880 644
1702890 646
1702900 646
1702910 649
1702920 653
1702930 653
1702940 657
1702950 661
1702960 661
1702970 666
1702980 671
1702990 671
1703000 676
1703010 680
1703020 680
1703030 681
1703040 683
1703050 683
1703060 684
1703070 688
1703080 691
1703090 691
1703100 694
1703110 697
1703120 697
1703130 697
1703140 696
1703150 696
1703160 694
1703170 691
1703180 691
1703190 689
1703200 685
1703210 685
1703220 682
1703230 681
1703240 681
1703250 679
1703260 678
1703270 678
1703280 681
1703290 686
1703300 686
1703310 690
1703320 694
1703330 694
1703340 698
1703350 701
1703360 701
1703370 704
1703380 707
1703390 710
1703400 710
1703410 714
1703420 717
1703430 717
1703440 723
1703450 725
1703460 725
1703470 728
1703480 731
1703490 731
1703500 733
1703510 734
1703520 734
1703530 736
1703540 738
1703550 738
1703560 741
1703570 744
1703580 744
1703590 745
1703600 746
1703610 746
1703620 747
1703630 741
1703640 741
1703650 735
1703660 729
1703670 729
1703680 723
1703690 719
1703700 713
1703710 713
1703720 715
1703730 717
1703740 717
1703750 718
1703760 720
1703770 720
1703780 720
1703790 723
1703800 723
1703810 729
1703820 735
1703830 735
1703840 741
1703850 747
1703860 747
1703870 753
1703880 755
1703890 755
1703900 757
1703910 758
1703920 758
1703930 759
1703940 759
1703950 759
1703960 758
1703970 755
1703980 755
1703990 752
1704000 749
1704010 745
1704020 745
1704030 741
1704040 736
1704050 736
1704060 730
1704070 724
1704080 724
1704090 716
1704100 710
1704110 710
1704120 705
1704130 701
1704140 701
1704150 699
1704160 700
1704170 700
1704180 700
1704190 700
1704200 700
1704210 699
1704220 699
1704230 699
1704240 700
1704250 701
1704260 701
1704270 704
1704280 707
1704290 706
1704300 706
1704310 706
1704320 706
1704330 706
1704340 705
1704350 705
1704360 705
1704370 703
1704380 701
1704390 701
1704400 700
1704410 698
1704420 698
1704430 695
1704440 696
1704450 696
1704460 697
1704470 699
1704480 699
1704490 701
1704500 702
1704510 702
1704520 702
1704530 703
1704540 703
1704550 703
1704560 702
1704570 702
1704580 702
1704590 700
1704600 699
1704610 699
1704620 698
1704630 696
1704640 696
1704650 693
1704660 689
1704670 689
1704680 683
1704690 679
1704700 679
1704710 678
1704720 677
1704730 677
1704740 677
1704750 677
1704760 677
1704770 677
1704780 677
1704790 677
1704800 676
1704810 670
1704820 670
1704830 663
1704840 655
1704850 655
1704860 656
1704870 659
1704880 659
1704890 665
1704900 666
1704910 667
1704920 667
1704930 667
1704940 667
1704950 667
1704960 667
1704970 669
1704980 669
1704990 670
1705000 670
1705010 670
1705020 671
1705030 672
1705040 672
1705050 674
1705060 676
1705070 676
1705080 678
1705090 673
1705100 673
1705110 679
1705120 686
1705130 686
1705140 692
1705150 696
1705160 696
1705170 700
1705180 700
1705190 700
1705200 700
1705210 701
1705220 701
1705230 701
1705240 700
1705250 700
1705260 700
1705270 700
1705280 700
1705290 700
1705300 698
1705310 694
1705320 694
1705330 680
1705340 678
1705350 678
1705360 678
1705370 679
1705380 679
1705390 681
1705400 683
1705410 683
1705420 684
1705430 685
1705440 685
1705450 687
1705460 688
1705470 688
1705480 690
1705490 694
1705500 699
1705510 699
1705520 702
1705530 707
1705540 707
1705550 712
1705560 715
1705570 715
1705580 720
1705590 726
1705600 726
1705610 733
1705620 738
1705630 738
1705640 741
1705650 746
1705660 746
1705670 750
1705680 752
1705690 752
1705700 759
1705710 767
1705720 767
1705730 775
1705740 781
1705750 781
1705760 785
1705770 790
1705780 790
1705790 798
1705800 805
1705810 813
1705820 813
1705830 822
1705840 830
1705850 830
1705860 838
1705870 845
1705880 845
1705890 853
1705900 860
1705910 860
1705920 867
1705930 874
1705940 874
1705950 879
1705960 886
1705970 886
1705980 890
1705990 895
1706000 895
1706010 901
1706020 907
1706030 907
1706040 910
1706050 913
1706060 913
1706070 917
1706080 921
1706090 926
1706100 926
1706110 928
1706120 928
1706130 928
1706140 935
1706150 945
1706160 945
1706170 950
1706180 953
1706190 953
1706200 955
1706210 956
1706220 956
1706230 954
1706240 952
1706250 952
1706260 950
1706270 949
1706280 949
1706290 950
1706300 952
1706310 952
1706320 953
1706330 957
1706340 957
1706350 961
1706360 964
1706370 964
1706380 970
1706390 976
1706400 981
1706410 981
1706420 983
1706430 981
1706440 981
1706450 976
1706460 973
1706470 973
1706480 970
1706490 964
1706500 964
1706510 957
1706520 944
1706530 944
1706540 943
1706550 946
1706560 946
1706570 946
1706580 944
1706590 944
1706600 945
1706610 948
1706620 948
1706630 953
1706640 959
1706650 959
1706660 966
1706670 971
1706680 971
1706690 975
1706700 981
1706710 985
1706720 985
1706730 985
1706740 988
1706750 988
1706760 992
1706770 995
1706780 995
1706790 999
1706800 1004
1706810 1004
1706820 1009
1706830 1013
1706840 1013
1706850 1020
1706860 1021
1706870 1021
1706880 1027
1706890 1032
1706900 1032
1706910 1038
1706920 1042
1706930 1042
1706940 1047
1706950 1053
1706960 1053
1706970 1059
1706980 1064
1706990 1064
1707000 1067
1707010 1072
1707020 1078
1707030 1078
1707040 1083
1707050 1091
1707060 1091
1707070 1097
1707080 1103
1707090 1103
1707100 1108
1707110 1112
1707120 1112
1707130 1115
1707140 1118
1707150 1118
1707160 1122
1707170 1127
1707180 1127
1707190 1133
1707200 1138
1707210 1138
1707220 1142
1707230 1146
1707240 1146
1707250 1151
1707260 1157
1707270 1157
1707280 1164
1707290 1170
1707300 1172
1707310 1172
1707320 1176
1707330 1180
1707340 1180
1707350 1183
1707360 1186
1707370 1186
1707380 1188
1707390 1191
1707400 1191
1707410 1194
1707420 1195
1707430 1195
1707440 1194
1707450 1194
1707460 1194
1707470 1197
1707480 1204
1707490 1204
1707500 1205
1707510 1208
1707520 1208
1707530 1211
1707540 1214
1707550 1214
1707560 1219
1707570 1225
1707580 1225
1707590 1230
1707600 1236
1707610 1243
1707620 1243
1707630 1250
1707640 1260
1707650 1260
1707660 1269
1707670 1272
1707680 1272
1707690 1274
1707700 1274
1707710 1274
1707720 1274
1707730 1274
1707740 1274
1707750 1274
1707760 1273
1707770 1273
1707780 1271
1707790 1268
1707800 1268
1707810 1266
1707820 1265
1707830 1265
1707840 1262
1707850 1258
1707860 1258
1707870 1255
1707880 1255
1707890 1255
1707900 1255
1707910 1255
1707920 1256
1707930 1256
1707940 1256
1707950 1256
1707960 1256
1707970 1256
1707980 1256
1707990 1256
1708000 1256
1708010 1256
1708020 1256
1708030 1257
1708040 1257
1708050 1257
1708060 1256
1708070 1256
1708080 1256
1708090 1256
1708100 1256
1708110 1256
1708120 1258
1708130 1259
1708140 1259
1708150 1258
1708160 1258
1708170 1258
1708180 1257
1708190 1257
1708200 1256
1708210 1256
1708220 1255
1708230 1254
1708240 1254
1708250 1252
1708260 1252
1708270 1252
1708280 1252
1708290 1251
1708300 1251
1708310 1250
1708320 1250
1708330 1250
1708340 1249
1708350 1249
1708360 1249
1708370 1249
1708380 1249
1708390 1249
1708400 1249
1708410 1250
1708420 1250
1708430 1249
1708440 1248
1708450 1248
1708460 1248
1708470 1247
1708480 1247
1708490 1247
1708500 1247
1708510 1246
1708520 1246
1708530 1245
1708540 1244
1708550 1244
1708560 1244
1708570 1243
1708580 1243
1708590 1241
1708600 1238
1708610 1238
1708620 1236
1708630 1237
1708640 1237
1708650 1241
1708660 1246
1708670 1246
1708680 1251
1708690 1257
1708700 1257
1708710 1263
1708720 1271
1708730 1271
1708740 1278
1708750 1285
1708760 1286
1708770 1293
1708780 1299
1708790 1299
1708800 1306
1708810 1312
1708820 1319
1708830 1319
1708840 1326
1708850 1332
1708860 1332
1708870 1338
1708880 1345
1708890 1345
1708900 1350
1708910 1357
1708920 1357
1708930 1360
1708940 1367
1708950 1367
1708960 1373
1708970 1380
1708980 1380
1708990 1384
1709000 1391
1709010 1391
1709020 1396
1709030 1402
1709040 1402
1709050 1407
1709060 1413
1709070 1413
1709080 1418
1709090 1424
1709100 1429
1709110 1429
1709120 1434
1709130 1440
1709140 1440
1709150 1444
1709160 1449
1709170 1449
1709180 1454
1709190 1459
1709200 1459
1709210 1463
1709220 1466
1709230 1466
1709240 1468
1709250 1468
1709260 1468
1709270 1467
1709280 1467
1709290 1467
1709300 1466
1709310 1466
1709320 1466
1709330 1466
1709340 1466
1709350 1466
1709360 1464
1709370 1465
1709380 1465
1709390 1466
1709400 1467
1709410 1467
1709420 1467
1709430 1468
1709440 1468
1709450 1468
1709460 1469
1709470 1471
1709480 1471
1709490 1473
1709500 1475
1709510 1475
1709520 1476
1709530 1480
1709540 1480
1709550 1483
1709560 1484
1709570 1484
1709580 1486
1709590 1490
1709600 1490
1709610 1493
1709620 1496
1709630 1496
1709640 1499
1709650 1502
1709660 1502
1709670 1506
1709680 1509
1709690 1509
1709700 1512
1709710 1515
1709720 1518
1709730 1518
1709740 1522
1709750 1524
1709760 1524
1709770 1526
1709780 1527
1709790 1527
1709800 1528
1709810 1528
1709820 1528
1709830 1528
1709840 1528
1709850 1528
1709860 1527
1709870 1527
1709880 1527
1709890 1528
1709900 1530
1709910 1530
1709920 1531
1709930 1533
1709940 1533
1709950 1532
1709960 1532
1709970 1532
1709980 1532
1709990 1532
1710000 1532
1710010 1531
1710020 1530
1710030 1528
1710040 1528
1710050 1526
1710060 1523
1710070 1523
1710080 1520
1710090 1516
1710100 1516
1710110 1511
1710120 1507
1710130 1507
1710140 1503
1710150 1501
1710160 1501
1710170 1500
1710180 1498
1710190 1498
1710200 1496
1710210 1493
1710220 1493
1710230 1489
1710240 1482
1710250 1482
1710260 1475
1710270 1467
1710280 1467
1710290 1459
1710300 1453
1710310 1447
1710320 1447
1710330 1441
1710340 1436
1710350 1436
1710360 1430
1710370 1426
1710380 1426
1710390 1425
1710400 1425
1710410 1425
1710420 1426
1710430 1428
1710440 1428
1710450 1428
1710460 1431
1710470 1431
1710480 1433
1710490 1435
1710500 1435
1710510 1436
1710520 1438
1710530 1438
1710540 1439
1710550 1441
1710560 1441
1710570 1442
1710580 1442
1710590 1442
1710600 1443
1710610 1444
1710620 1445
1710630 1445
1710640 1447
1710650 1448
1710660 1448
1710670 1449
1710680 1450
1710690 1450
1710700 1451
1710710 1452
1710720 1452
1710730 1452
1710740 1453
1710750 1453
1710760 1452
1710770 1452
1710780 1452
1710790 1452
1710800 1453
1710810 1453
1710820 1452
1710830 1452
1710840 1452
1710850 1450
1710860 1446
1710870 1446
1710880 1442
1710890 1438
1710900 1438
1710910 1435
1710920 1431
1710930 1426
1710940 1426
1710950 1420
1710960 1413
1710970 1413
1710980 1407
1710990 1402
1711000 1402
1711010 1398
1711020 1397
1711030 1397
1711040 1394
1711050 1392
1711060 1392
1711070 1387
1711080 1381
1711090 1381
1711100 1375
1711110 1368
1711120 1368
1711130 1362
1711140 1355
1711150 1355
1711160 1346
1711170 1341
1711180 1341
1711190 1330
1711200 1324
1711210 1320
1711220 1320
1711230 1317
1711240 1314
1711250 1314
1711260 1311
1711270 1307
1711280 1307
1711290 1304
1711300 1300
1711310 1300
1711320 1296
1711330 1291
1711340 1291
1711350 1284
1711360 1277
1711370 1277
1711380 1270
1711390 1265
1711400 1265
1711410 1262
1711420 1260
1711430 1260
1711440 1257
1711450 1255
1711460 1255
1711470 1252
1711480 1248
1711490 1248
1711500 1244
1711510 1240
1711520 1234
1711530 1234
1711540 1233
1711550 1227
1711560 1227
1711570 1223
1711580 1218
1711590 1218
1711600 1214
1711610 1210
1711620 1210
1711630 1207
1711640 1204
1711650 1204
1711660 1201
1711670 1198
1711680 1198
1711690 1196
1711700 1193
1711710 1193
1711720 1191
1711730 1189
1711740 1189
1711750 1188
1711760 1185
1711770 1185
1711780 1183
1711790 1182
1711800 1182
1711810 1181
1711820 1180
1711830 1179
1711840 1179
1711850 1179
1711860 1179
1711870 1179
1711880 1179
1711890 1178
1711900 1178
1711910 1182
1711920 1181
1711930 1181
1711940 1180
1711950 1179
1711960 1179
1711970 1174
1711980 1164
1711990 1164
1712000 1158
1712010 1165
1712020 1165
1712030 1172
1712040 1173
1712050 1173
1712060 1176
1712070 1177
1712080 1177
1712090 1179
1712100 1183
1712110 1186
1712120 1186
1712130 1187
1712140 1184
1712150 1184
1712160 1187
1712170 1188
1712180 1188
1712190 1190
1712200 1194
1712210 1194
1712220 1200
1712230 1204
1712240 1204
1712250 1202
1712260 1203
1712270 1203
1712280 1204
1712290 1211
1712300 1211
1712310 1218
1712320 1225
1712330 1225
1712340 1230
1712350 1238
1712360 1238
1712370 1243
1712380 1248
1712390 1248
1712400 1253
1712410 1256
1712420 1258
1712430 1258
1712440 1259
1712450 1261
1712460 1261
1712470 1261
1712480 1261
1712490 1261
1712500 1262
1712510 1262
1712520 1262
1712530 1262
1712540 1262
1712550 1262
1712560 1262
1712570 1263
1712580 1263
1712590 1264
1712600 1265
1712610 1265
1712620 1266
1712630 1267
1712640 1267
1712650 1268
1712660 1269
1712670 1269
1712680 1270
1712690 1272
1712700 1272
1712710 1273
1712720 1273
1712730 1272
1712740 1272
1712750 1272
1712760 1272
1712770 1272
1712780 1272
1712790 1273
1712800 1273
1712810 1273
1712820 1273
1712830 1273
1712840 1273
1712850 1274
1712860 1274
1712870 1276
1712880 1278
1712890 1278
1712900 1281
1712910 1283
1712920 1283
1712930 1285
1712940 1287
1712950 1287
1712960 1289
1712970 1288
1712980 1288
1712990 1290
1713000 1288
1713010 1288
1713020 1289
1713030 1289
1713040 1291
1713050 1291
1713060 1291
1713070 1291
1713080 1291
1713090 1290
1713100 1292
1713110 1292
1713120 1294
1713130 1295
1713140 1295
1713150 1297
1713160 1299
1713170 1299
1713180 1300
1713190 1302
1713200 1302
1713210 1298
1713220 1294
1713230 1294
1713240 1291
1713250 1287
1713260 1287
1713270 1284
1713280 1280
1713290 1280
1713300 1276
1713310 1272
1713320 1266
1713330 1266
1713340 1259
1713350 1254
1713360 1254
1713370 1249
1713380 1242
1713390 1242
1713400 1236
1713410 1230
1713420 1230
1713430 1224
1713440 1217
1713450 1217
1713460 1210
1713470 1204
1713480 1204
1713490 1196
1713500 1191
1713510 1191
1713520 1190
1713530 1188
1713540 1188
1713550 1187
1713560 1189
1713570 1189
1713580 1188
1713590 1187
1713600 1187
1713610 1190
1713620 1192
1713630 1193
1713640 1193
1713650 1193
1713660 1193
1713670 1193
1713680 1194
1713690 1193
1713700 1193
1713710 1191
1713720 1190
1713730 1190
1713740 1189
1713750 1186
1713760 1186
1713770 1181
1713780 1177
1713790 1177
1713800 1170
1713810 1164
1713820 1164
1713830 1156
1713840 1149
1713850 1149
1713860 1142
1713870 1138
1713880 1138
1713890 1133
1713900 1128
1713910 1128
1713920 1122
1713930 1116
1713940 1110
1713950 1110
1713960 1107
1713970 1109
1713980 1109
1713990 1112
1714000 1116
1714010 1116
1714020 1122
1714030 1127
1714040 1127
1714050 1131
1714060 1137
1714070 1137
1714080 1141
1714090 1141
1714100 1141
1714110 1137
1714120 1135
1714130 1135
1714140 1132
1714150 1127
1714160 1127
1714170 1121
1714180 1115
1714190 1115
1714200 1108
1714210 1101
1714220 1094
1714230 1094
1714240 1085
1714250 1080
1714260 1080
1714270 1073
1714280 1069
1714290 1069
1714300 1065
1714310 1060
1714320 1060
1714330 1054
1714340 1046
1714350 1046
1714360 1038
1714370 1028
1714380 1028
1714390 1030
1714400 1028
1714410 1028
1714420 1022
1714430 1025
1714440 1025
1714450 1033
1714460 1039
1714470 1039
1714480 1047
1714490 1054
1714500 1054
1714510 1057
1714520 1059
1714530 1061
1714540 1061
1714550 1062
1714560 1063
1714570 1063
1714580 1062
1714590 1063
1714600 1063
1714610 1062
1714620 1059
1714630 1059
1714640 1054
1714650 1045
1714660 1045
1714670 1038
1714680 1032
1714690 1032
1714700 1026
1714710 1020
1714720 1020
1714730 1014
1714740 1019
1714750 1019
1714760 1022
1714770 1026
1714780 1026
1714790 1030
1714800 1033
1714810 1033
1714820 1037
1714830 1038
1714840 1041
1714850 1041
1714860 1034
1714870 1028
1714880 1028
1714890 1024
1714900 1022
1714910 1022
1714920 1016
1714930 1012
1714940 1012
1714950 1015
1714960 1019
1714970 1019
1714980 1019
1714990 1017
1715000 1017
1715010 1015
1715020 1012
1715030 1012
1715040 1011
1715050 1019
1715060 1019
1715070 1025
1715080 1028
1715090 1028
1715100 1030
1715110 1031
1715120 1031
1715130 1032
1715140 1033
1715150 1034
1715160 1034
1715170 1033
1715180 1032
1715190 1032
1715200 1026
1715210 1020
1715220 1020
1715230 1013
1715240 1004
1715250 1004
1715260 997
1715270 989
1715280 989
1715290 981
1715300 973
1715310 973
1715320 966
1715330 959
1715340 959
1715350 951
1715360 945
1715370 945
1715380 940
1715390 934
1715400 934
1715410 927
1715420 920
1715430 918
1715440 918
1715450 926
1715460 934
1715470 934
1715480 938
1715490 941
1715500 941
1715510 941
1715520 941
1715530 941
1715540 942
1715550 943
1715560 943
1715570 945
1715580 947
1715590 947
1715600 947
1715610 948
1715620 948
1715630 948
1715640 948
1715650 948
1715660 948
1715670 948
1715680 948
1715690 948
1715700 949
1715710 949
1715720 949
1715730 950
1715740 952
1715750 952
1715760 956
1715770 961
1715780 961
1715790 966
1715800 970
1715810 970
1715820 972
1715830 976
1715840 976
1715850 978
1715860 980
1715870 980
1715880 984
1715890 987
1715900 987
1715910 989
1715920 990
1715930 990
1715940 989
1715950 989
1715960 989
1715970 989
1715980 985
1715990 985
1716000 984
1716010 983
1716020 983
1716030 982
1716040 982
1716050 981
1716060 981
1716070 979
1716080 975
1716090 975
1716100 973
1716110 970
1716120 970
1716130 967
1716140 964
1716150 964
1716160 960
1716170 955
1716180 955
1716190 949
1716200 940
1716210 940
1716220 935
1716230 927
1716240 927
1716250 921
1716260 915
1716270 915
1716280 911
1716290 907
1716300 907
1716310 903
1716320 899
1716330 895
1716340 895
1716350 892
1716360 889
1716370 889
1716380 887
1716390 884
1716400 884
1716410 880
1716420 885
1716430 885
1716440 889
1716450 891
1716460 891
1716470 894
1716480 896
1716490 896
1716500 897
1716510 900
1716520 900
1716530 904
1716540 908
1716550 908
1716560 912
1716570 915
1716580 915
1716590 918
1716600 921
1716610 921
1716620 920
1716630 918
1716640 915
1716650 915
1716660 910
1716670 906
1716680 906
1716690 901
1716700 897
1716710 897
1716720 894
1716730 889
1716740 889
1716750 893
1716760 897
1716770 897
1716780 898
1716790 896
1716800 896
1716810 893
1716820 892
1716830 892
1716840 896
1716850 899
1716860 899
1716870 902
1716880 904
1716890 904
1716900 907
1716910 908
1716920 908
1716930 910
1716940 912
1716950 914
1716960 914
1716970 915
1716980 916
1716990 916
1717000 918
1717010 924
1717020 924
1717030 930
1717040 934
1717050 934
1717060 938
1717070 943
1717080 943
1717090 945
1717100 950
1717110 950
1717120 955
1717130 960
1717140 960
1717150 965
1717160 970
1717170 970
1717180 975
1717190 979
1717200 979
1717210 983
1717220 987
1717230 990
1717240 990
1717250 988
1717260 982
1717270 982
1717280 976
1717290 970
1717300 970
1717310 964
1717320 960
1717330 960
1717340 955
1717350 949
1717360 949
1717370 943
1717380 936
1717390 936
1717400 930
1717410 920
1717420 920
1717430 914
1717440 915
1717450 915
1717460 919
1717470 923
1717480 923
1717490 928
1717500 934
1717510 934
1717520 940
1717530 947
1717540 943
1717550 943
1717560 937
1717570 931
1717580 931
1717590 926
1717600 918
1717610 918
1717620 910
1717630 906
1717640 906
1717650 900
1717660 893
1717670 893
1717680 888
1717690 880
1717700 880
1717710 871
1717720 864
1717730 864
1717740 856
1717750 847
1717760 847
1717770 839
1717780 837
1717790 837
1717800 840
1717810 845
1717820 845
1717830 851
1717840 855
1717850 852
1717860 852
1717870 849
1717880 850
1717890 850
1717900 852
1717910 853
1717920 853
1717930 852
1717940 847
1717950 847
1717960 840
1717970 836
1717980 836
1717990 828
1718000 821
1718010 821
1718020 813
1718030 806
1718040 806
1718050 796
1718060 793
1718070 793
1718080 801
1718090 808
1718100 808
1718110 815
1718120 822
1718130 822
1718140 827
1718150 825
1718160 819
1718170 819
1718180 813
1718190 808
1718200 808
1718210 807
1718220 809
1718230 809
1718240 808
1718250 806
1718260 806
1718270 804
1718280 801
1718290 801
1718300 798
1718310 794
1718320 794
1718330 791
1718340 791
1718350 791
1718360 790
1718370 787
1718380 787
1718390 784
1718400 780
1718410 780
1718420 778
1718430 776
1718440 774
1718450 774
1718460 771
1718470 769
1718480 769
1718490 767
1718500 764
1718510 764
1718520 761
1718530 757
1718540 757
1718550 751
1718560 744
1718570 744
1718580 736
1718590 729
1718600 729
1718610 723
1718620 722
1718630 722
1718640 719
1718650 718
1718660 718
1718670 714
1718680 707
1718690 707
1718700 702
1718710 696
1718720 696
1718730 691
1718740 688
1718750 687
1718760 687
1718770 687
1718780 695
1718790 695
1718800 695
1718810 693
1718820 693
1718830 692
1718840 692
1718850 692
1718860 692
1718870 692
1718880 692
1718890 693
1718900 695
1718910 695
1718920 697
1718930 700
1718940 700
1718950 705
1718960 709
1718970 709
1718980 711
1718990 713
1719000 713
1719010 716
1719020 721
1719030 721
1719040 722
1719050 723
1719060 722
1719070 722
1719080 722
1719090 721
1719100 721
1719110 722
1719120 722
1719130 722
1719140 722
1719150 721
1719160 721
1719170 721
1719180 720
1719190 720
1719200 719
1719210 719
1719220 719
1719230 719
1719240 719
1719250 719
1719260 718
1719270 716
1719280 716
1719290 715
1719300 713
1719310 713
1719320 713
1719330 712
1719340 712
1719350 712
1719360 710
1719370 713
1719380 713
1719390 714
1719400 719
1719410 719
1719420 722
1719430 725
1719440 725
1719450 727
1719460 732
1719470 732
1719480 738
1719490 743
1719500 743
1719510 746
1719520 749
1719530 749
1719540 751
1719550 755
1719560 755
1719570 761
1719580 768
1719590 768
1719600 773
1719610 778
1719620 778
1719630 784
1719640 789
1719650 797
1719660 797
1719670 800
1719680 805
1719690 805
1719700 811
1719710 817
1719720 817
1719730 820
1719740 824
1719750 824
1719760 829
1719770 833
1719780 833
1719790 836
1719800 839
1719810 839
1719820 841
1719830 843
1719840 843
1719850 843
1719860 844
1719870 844
1719880 845
1719890 846
1719900 846
1719910 847
1719920 848
1719930 848
1719940 849
1719950 850
1719960 851
1719970 851
1719980 852
1719990 853
