1700000 524
1700010 522
1700020 522
1700030 522
1700040 522
1700050 522
1700060 522
1700070 522
1700080 522
1700090 522
1700100 522
1700110 522
1700120 522
1700130 522
1700140 522
1700150 522
1700160 522
1700170 522
1700180 522
1700190 522
1700200 522
1700210 522
1700220 522
1700230 522
1700240 522
1700250 523
1700260 524
1700270 524
1700280 524
1700290 525
1700300 525
1700310 525
1700320 524
1700330 524
1700340 524
1700350 523
1700360 523
1700370 523
1700380 524
1700390 524
1700400 524
1700410 524
1700420 524
1700430 524
1700440 524
1700450 524
1700460 524
1700470 523
1700480 524
1700490 524
1700500 524
1700510 524
1700520 524
1700530 524
1700540 524
1700550 524
1700560 524
1700570 524
1700580 524
1700590 524
1700600 524
1700610 524
1700620 524
1700630 524
1700640 524
1700650 524
1700660 524
1700670 524
1700680 523
1700690 523
1700700 523
1700710 523
1700720 523
1700730 523
1700740 523
1700750 523
1700760 523
1700770 523
1700780 523
1700790 522
1700800 522
1700810 522
1700820 522
1700830 522
1700840 522
1700850 521
1700860 521
1700870 522
1700880 522
1700890 522
1700900 522
1700910 522
1700920 522
1700930 521
1700940 521
1700950 521
1700960 521
1700970 521
1700980 521
1700990 522
1701000 522
1701010 522
1701020 522
1701030 522
1701040 522
1701050 522
1701060 522
1701070 522
1701080 522
1701090 522
1701100 523
1701110 523
1701120 523
1701130 525
1701140 525
1701150 525
1701160 526
1701170 526
1701180 526
1701190 525
1701200 525
1701210 526
1701220 528
1701230 528
1701240 528
1701250 528
1701260 528
1701270 529
1701280 529
1701290 529
1701300 529
1701310 529
1701320 529
1701330 529
1701340 533
1701350 539
1701360 539
1701370 541
1701380 544
1701390 544
1701400 545
1701410 545
1701420 545
1701430 545
1701440 546
1701450 546
1701460 547
1701470 549
1701480 549
1701490 551
1701500 553
1701510 553
1701520 555
1701530 558
1701540 558
1701550 561
1701560 564
1701570 564
1701580 566
1701590 567
1701600 567
1701610 567
1701620 567
1701630 568
1701640 568
1701650 569
1701660 570
1701670 570
1701680 570
1701690 571
1701700 571
1701710 569
1701720 570
1701730 570
1701740 572
1701750 572
1701760 572
1701770 572
1701780 577
1701790 577
1701800 580
1701810 584
1701820 584
1701830 585
1701840 592
1701850 592
1701860 595
1701870 596
1701880 596
1701890 601
1701900 604
1701910 604
1701920 606
1701930 608
1701940 609
1701950 609
1701960 609
1701970 609
1701980 609
1701990 608
1702000 607
1702010 607
1702020 606
1702030 604
1702040 604
1702050 602
1702060 600
1702070 600
1702080 598
1702090 596
1702100 596
1702110 594
1702120 592
1702130 592
1702140 589
1702150 587
1702160 587
1702170 584
1702180 580
1702190 580
1702200 576
1702210 576
1702220 576
1702230 574
1702240 571
1702250 571
1702260 570
1702270 569
1702280 568
1702290 568
1702300 567
1702310 566
1702320 566
1702330 565
1702340 565
1702350 565
1702360 564
1702370 563
1702380 563
1702390 562
1702400 560
1702410 560
1702420 558
1702430 557
1702440 557
1702450 554
1702460 551
1702470 551
1702480 549
1702490 546
1702500 546
1702510 544
1702520 541
1702530 541
1702540 539
1702550 537
1702560 537
1702570 536
1702580 536
1702590 537
1702600 537
1702610 535
1702620 536
1702630 536
1702640 538
1702650 538
1702660 538
1702670 537
1702680 534
1702690 534
1702700 533
1702710 531
1702720 531
1702730 528
1702740 526
1702750 526
1702760 526
1702770 526
1702780 526
1702790 525
1702800 524
1702810 524
1702820 523
1702830 523
1702840 523
1702850 522
1702860 522
1702870 522
1702880 519
1702890 518
1702900 518
1702910 518
1702920 517
1702930 516
1702940 516
1702950 516
1702960 516
1702970 516
1702980 515
1702990 514
1703000 514
1703010 513
1703020 512
1703030 512
1703040 512
1703050 512
1703060 512
1703070 510
1703080 509
1703090 509
1703100 509
1703110 509
1703120 509
1703130 509
1703140 508
1703150 508
1703160 508
1703170 508
1703180 508
1703190 508
1703200 508
1703210 508
1703220 508
1703230 508
1703240 508
1703250 508
1703260 507
1703270 507
1703280 507
1703290 507
1703300 507
1703310 507
1703320 506
1703330 506
1703340 506
1703350 506
1703360 507
1703370 507
1703380 507
1703390 507
1703400 507
1703410 507
1703420 507
1703430 507
1703440 507
1703450 507
1703460 507
1703470 507
1703480 507
1703490 507
1703500 507
1703510 507
1703520 507
1703530 507
1703540 507
1703550 507
1703560 507
1703570 507
1703580 507
1703590 507
1703600 506
1703610 507
1703620 507
1703630 508
1703640 508
1703650 508
1703660 508
1703670 508
1703680 508
1703690 507
1703700 507
1703710 507
1703720 505
1703730 506
1703740 506
1703750 506
1703760 506
1703770 506
1703780 506
1703790 506
1703800 506
1703810 506
1703820 506
1703830 506
1703840 506
1703850 506
1703860 506
1703870 506
1703880 506
1703890 506
1703900 506
1703910 507
1703920 506
1703930 506
1703940 506
1703950 506
1703960 506
1703970 506
1703980 506
1703990 506
1704000 506
1704010 506
1704020 506
1704030 506
1704040 507
1704050 507
1704060 506
1704070 507
1704080 507
1704090 508
1704100 509
1704110 509
1704120 509
1704130 506
1704140 506
1704150 506
1704160 505
1704170 505
1704180 505
1704190 505
1704200 505
1704210 505
1704220 505
1704230 505
1704240 505
1704250 505
1704260 504
1704270 504
1704280 504
1704290 504
1704300 504
1704310 504
1704320 504
1704330 504
1704340 504
1704350 505
1704360 505
1704370 505
1704380 505
1704390 505
1704400 505
1704410 504
1704420 504
1704430 505
1704440 505
1704450 505
1704460 505
1704470 504
1704480 506
1704490 506
1704500 506
1704510 506
1704520 506
1704530 506
1704540 506
1704550 506
1704560 505
1704570 506
1704580 506
1704590 506
1704600 506
1704610 506
1704620 506
1704630 506
1704640 506
1704650 506
1704660 506
1704670 506
1704680 506
1704690 506
1704700 506
1704710 506
1704720 506
1704730 506
1704740 506
1704750 506
1704760 506
1704770 505
1704780 505
1704790 506
1704800 506
1704810 504
1704820 503
1704830 503
1704840 503
1704850 503
1704860 503
1704870 503
1704880 503
1704890 503
1704900 503
1704910 503
1704920 503
1704930 503
1704940 504
1704950 504
1704960 504
1704970 503
1704980 503
1704990 504
1705000 504
1705010 504
1705020 504
1705030 505
1705040 505
1705050 505
1705060 505
1705070 505
1705080 505
1705090 505
1705100 505
1705110 505
1705120 505
1705130 505
1705140 505
1705150 505
1705160 505
1705170 505
1705180 505
1705190 505
1705200 505
1705210 505
1705220 505
1705230 505
1705240 505
1705250 505
1705260 505
1705270 505
1705280 505
1705290 505
1705300 505
1705310 505
1705320 505
1705330 505
1705340 506
1705350 506
1705360 505
1705370 505
1705380 505
1705390 505
1705400 505
1705410 505
1705420 505
1705430 505
1705440 505
1705450 505
1705460 505
1705470 505
1705480 505
1705490 505
1705500 505
1705510 505
1705520 505
1705530 505
1705540 505
1705550 505
1705560 506
1705570 506
1705580 507
1705590 507
1705600 507
1705610 503
1705620 503
1705630 503
1705640 503
1705650 503
1705660 503
1705670 505
1705680 505
1705690 505
1705700 505
1705710 506
1705720 506
1705730 506
1705740 505
1705750 505
1705760 505
1705770 505
1705780 505
1705790 505
1705800 505
1705810 505
1705820 505
1705830 505
1705840 505
1705850 505
1705860 506
1705870 506
1705880 506
1705890 506
1705900 506
1705910 506
1705920 506
1705930 506
1705940 506
1705950 506
1705960 506
1705970 506
1705980 506
1705990 506
1706000 506
1706010 506
1706020 506
1706030 506
1706040 507
1706050 508
1706060 505
1706070 505
1706080 508
1706090 508
1706100 508
1706110 509
1706120 509
1706130 509
1706140 509
1706150 509
1706160 509
1706170 509
1706180 509
1706190 509
1706200 509
1706210 509
1706220 509
1706230 509
1706240 509
1706250 509
1706260 509
1706270 508
1706280 508
1706290 508
1706300 508
1706310 508
1706320 508
1706330 508
1706340 508
1706350 507
1706360 508
1706370 508
1706380 508
1706390 510
1706400 511
1706410 511
1706420 512
1706430 512
1706440 512
1706450 512
1706460 513
1706470 513
1706480 513
1706490 513
1706500 513
1706510 514
1706520 514
1706530 514
1706540 514
1706550 514
1706560 514
1706570 514
1706580 514
1706590 514
1706600 514
1706610 514
1706620 514
1706630 514
1706640 515
1706650 515
1706660 513
1706670 513
1706680 513
1706690 513
1706700 513
1706710 513
1706720 513
1706730 513
1706740 513
1706750 513
1706760 511
1706770 508
1706780 508
1706790 507
1706800 512
1706810 512
1706820 513
1706830 513
1706840 513
1706850 513
1706860 512
1706870 512
1706880 509
1706890 508
1706900 508
1706910 508
1706920 510
1706930 510
1706940 514
1706950 517
1706960 517
1706970 515
1706980 515
1706990 515
1707000 517
1707010 517
1707020 517
1707030 517
1707040 517
1707050 516
1707060 516
1707070 516
1707080 517
1707090 517
1707100 517
1707110 518
1707120 518
1707130 519
1707140 520
1707150 520
1707160 520
1707170 522
1707180 522
1707190 524
1707200 526
1707210 526
1707220 527
1707230 527
1707240 527
1707250 527
1707260 528
1707270 528
1707280 528
1707290 528
1707300 528
1707310 528
1707320 528
1707330 528
1707340 528
1707350 530
1707360 530
1707370 530
1707380 530
1707390 531
1707400 531
1707410 531
1707420 533
1707430 533
1707440 535
1707450 534
1707460 534
1707470 535
1707480 536
1707490 536
1707500 537
1707510 541
1707520 541
1707530 544
1707540 547
1707550 547
1707560 550
1707570 554
1707580 554
1707590 556
1707600 559
1707610 559
1707620 561
1707630 563
1707640 563
1707650 563
1707660 560
1707670 557
1707680 557
1707690 557
1707700 557
1707710 557
1707720 559
1707730 564
1707740 564
1707750 568
1707760 572
1707770 572
1707780 575
1707790 579
1707800 579
1707810 585
1707820 589
1707830 589
1707840 592
1707850 597
1707860 597
1707870 602
1707880 608
1707890 608
1707900 614
1707910 620
1707920 620
1707930 625
1707940 629
1707950 629
1707960 626
1707970 621
1707980 617
1707990 617
1708000 614
1708010 610
1708020 610
1708030 606
1708040 604
1708050 604
1708060 602
1708070 598
1708080 598
1708090 594
1708100 592
1708110 592
1708120 593
1708130 594
1708140 594
1708150 595
1708160 597
1708170 597
1708180 598
1708190 605
1708200 605
1708210 609
1708220 617
1708230 617
1708240 623
1708250 630
1708260 630
1708270 634
1708280 642
1708290 649
1708300 649
1708310 655
1708320 662
1708330 662
1708340 668
1708350 675
1708360 675
1708370 681
1708380 685
1708390 685
1708400 688
1708410 687
1708420 687
1708430 684
1708440 681
1708450 681
1708460 678
1708470 674
1708480 674
1708490 670
1708500 662
1708510 662
1708520 656
1708530 649
1708540 649
1708550 645
1708560 639
1708570 639
1708580 637
1708590 632
1708600 626
1708610 626
1708620 626
1708630 633
1708640 633
1708650 637
1708660 640
1708670 640
1708680 641
1708690 642
1708700 642
1708710 642
1708720 644
1708730 644
1708740 645
1708750 645
1708760 645
1708770 645
1708780 644
1708790 644
1708800 645
1708810 644
1708820 644
1708830 643
1708840 638
1708850 638
1708860 641
1708870 648
1708880 648
1708890 652
1708900 657
1708910 662
1708920 662
1708930 668
1708940 674
1708950 674
1708960 679
1708970 685
1708980 685
1708990 690
1709000 694
1709010 694
1709020 701
1709030 704
1709040 704
1709050 708
1709060 712
1709070 712
1709080 716
1709090 719
1709100 719
1709110 722
1709120 723
1709130 723
1709140 724
1709150 723
1709160 723
1709170 719
1709180 714
1709190 714
1709200 708
1709210 702
1709220 697
1709230 697
1709240 692
1709250 689
1709260 689
1709270 685
1709280 682
1709290 682
1709300 679
1709310 676
1709320 676
1709330 675
1709340 674
1709350 674
1709360 674
1709370 675
1709380 675
1709390 677
1709400 679
1709410 679
1709420 680
1709430 678
1709440 678
1709450 675
1709460 670
1709470 670
1709480 665
1709490 661
1709500 661
1709510 656
1709520 651
1709530 651
1709540 648
1709550 644
1709560 640
1709570 640
1709580 635
1709590 629
1709600 629
1709610 624
1709620 619
1709630 619
1709640 612
1709650 604
1709660 604
1709670 599
1709680 591
1709690 591
1709700 582
1709710 574
1709720 574
1709730 571
1709740 571
1709750 571
1709760 568
1709770 571
1709780 571
1709790 571
1709800 571
1709810 571
1709820 571
1709830 571
1709840 571
1709850 569
1709860 568
1709870 569
1709880 569
1709890 570
1709900 571
1709910 571
1709920 573
1709930 578
1709940 578
1709950 580
1709960 585
1709970 585
1709980 592
1709990 599
1710000 599
1710010 601
1710020 604
1710030 604
1710040 606
1710050 608
1710060 608
1710070 610
1710080 613
1710090 613
1710100 615
1710110 618
1710120 618
1710130 620
1710140 623
1710150 623
1710160 625
1710170 629
1710180 633
1710190 633
1710200 637
1710210 637
1710220 637
1710230 636
1710240 635
1710250 635
1710260 643
1710270 649
1710280 649
1710290 656
1710300 661
1710310 661
1710320 666
1710330 669
1710340 669
1710350 673
1710360 677
1710370 677
1710380 681
1710390 685
1710400 685
1710410 691
1710420 696
1710430 696
1710440 701
1710450 707
1710460 707
1710470 712
1710480 718
1710490 724
1710500 724
1710510 730
1710520 735
1710530 735
1710540 737
1710550 743
1710560 743
1710570 748
1710580 752
1710590 752
1710600 753
1710610 756
1710620 756
1710630 758
1710640 760
1710650 760
1710660 762
1710670 764
1710680 764
1710690 765
1710700 767
1710710 767
1710720 769
1710730 773
1710740 773
1710750 776
1710760 779
1710770 779
1710780 783
1710790 787
1710800 787
1710810 790
1710820 796
1710830 800
1710840 800
1710850 804
1710860 808
1710870 808
1710880 811
1710890 814
1710900 814
1710910 817
1710920 819
1710930 819
1710940 821
1710950 823
1710960 823
1710970 825
1710980 827
1710990 827
1711000 828
1711010 830
1711020 830
1711030 831
1711040 835
1711050 835
1711060 837
1711070 840
1711080 840
1711090 842
1711100 844
1711110 844
1711120 845
1711130 846
1711140 849
1711150 849
1711160 852
1711170 855
1711180 855
1711190 855
1711200 851
1711210 851
1711220 847
1711230 845
1711240 845
1711250 842
1711260 839
1711270 839
1711280 838
1711290 837
1711300 837
1711310 835
1711320 831
1711330 831
1711340 828
1711350 828
1711360 828
1711370 829
1711380 828
1711390 828
1711400 827
1711410 825
1711420 825
1711430 825
1711440 823
1711450 823
1711460 823
1711470 824
1711480 825
1711490 825
1711500 829
1711510 831
1711520 831
1711530 836
1711540 842
1711550 842
1711560 847
1711570 852
1711580 852
1711590 857
1711600 859
1711610 859
1711620 860
1711630 861
1711640 861
1711650 863
1711660 866
1711670 866
1711680 870
1711690 875
1711700 875
1711710 882
1711720 888
1711730 888
1711740 894
1711750 898
1711760 904
1711770 904
1711780 909
1711790 913
1711800 913
1711810 916
1711820 912
1711830 912
1711840 906
1711850 900
1711860 900
1711870 893
1711880 886
1711890 886
1711900 881
1711910 882
1711920 882
1711930 886
1711940 889
1711950 889
1711960 892
1711970 895
1711980 895
1711990 898
1712000 900
1712010 900
1712020 903
1712030 907
1712040 907
1712050 911
1712060 913
1712070 915
1712080 915
1712090 912
1712100 907
1712110 907
1712120 903
1712130 898
1712140 898
1712150 894
1712160 888
1712170 888
1712180 881
1712190 874
1712200 874
1712210 866
1712220 857
1712230 857
1712240 852
1712250 844
1712260 844
1712270 836
1712280 829
1712290 829
1712300 823
1712310 816
1712320 816
1712330 810
1712340 803
1712350 803
1712360 796
1712370 789
1712380 789
1712390 783
1712400 792
1712410 799
1712420 799
1712430 805
1712440 811
1712450 811
1712460 816
1712470 821
1712480 821
1712490 826
1712500 831
1712510 831
1712520 835
1712530 840
1712540 840
1712550 845
1712560 849
1712570 849
1712580 853
1712590 858
1712600 858
1712610 862
1712620 866
1712630 866
1712640 868
1712650 867
1712660 867
1712670 863
1712680 859
1712690 859
1712700 854
1712710 848
1712720 845
1712730 845
1712740 842
1712750 841
1712760 841
1712770 840
1712780 839
1712790 839
1712800 839
1712810 838
1712820 838
1712830 836
1712840 833
1712850 833
1712860 829
1712870 826
1712880 826
1712890 821
1712900 818
1712910 818
1712920 815
1712930 811
1712940 811
1712950 807
1712960 800
1712970 800
1712980 792
1712990 788
1713000 788
1713010 794
1713020 801
1713030 808
1713040 808
1713050 812
1713060 814
1713070 814
1713080 814
1713090 816
1713100 816
1713110 817
1713120 820
1713130 820
1713140 826
1713150 832
1713160 832
1713170 837
1713180 842
1713190 842
1713200 848
1713210 851
1713220 851
1713230 856
1713240 860
1713250 860
1713260 865
1713270 870
1713280 870
1713290 874
1713300 879
1713310 879
1713320 883
1713330 887
1713340 891
1713350 891
1713360 895
1713370 898
1713380 898
1713390 902
1713400 906
1713410 906
1713420 911
1713430 914
1713440 914
1713450 918
1713460 922
1713470 922
1713480 926
1713490 932
1713500 932
1713510 937
1713520 940
1713530 940
1713540 945
1713550 950
1713560 950
1713570 956
1713580 961
1713590 961
1713600 968
1713610 972
1713620 972
1713630 978
1713640 982
1713650 987
1713660 987
1713670 992
1713680 997
1713690 997
1713700 1002
1713710 1007
1713720 1007
1713730 1010
1713740 1010
1713750 1010
1713760 1006
1713770 1000
1713780 1000
1713790 994
1713800 988
1713810 988
1713820 982
1713830 975
1713840 975
1713850 970
1713860 966
1713870 966
1713880 963
1713890 961
1713900 961
1713910 955
1713920 949
1713930 949
1713940 940
1713950 931
1713960 931
1713970 922
1713980 915
1713990 907
1714000 907
1714010 900
1714020 906
1714030 906
1714040 907
1714050 907
1714060 907
1714070 907
1714080 907
1714090 907
1714100 906
1714110 899
1714120 899
1714130 896
1714140 893
1714150 893
1714160 889
1714170 885
1714180 885
1714190 877
1714200 866
1714210 866
1714220 854
1714230 850
1714240 850
1714250 841
1714260 836
1714270 836
1714280 834
1714290 831
1714300 827
1714310 827
1714320 824
1714330 821
1714340 821
1714350 818
1714360 813
1714370 813
1714380 810
1714390 807
1714400 807
1714410 802
1714420 795
1714430 795
1714440 786
1714450 778
1714460 778
1714470 771
1714480 761
1714490 761
1714500 758
1714510 752
1714520 752
1714530 753
1714540 753
1714550 753
1714560 759
1714570 766
1714580 766
1714590 770
1714600 775
1714610 783
1714620 783
1714630 787
1714640 791
1714650 791
1714660 794
1714670 796
1714680 796
1714690 802
1714700 808
1714710 808
1714720 807
1714730 814
1714740 814
1714750 820
1714760 825
1714770 825
1714780 828
1714790 834
1714800 834
1714810 842
1714820 849
1714830 849
1714840 854
1714850 859
1714860 859
1714870 863
1714880 866
1714890 866
1714900 868
1714910 871
1714920 877
1714930 877
1714940 882
1714950 887
1714960 887
1714970 895
1714980 900
1714990 900
1715000 904
1715010 907
1715020 907
1715030 910
1715040 912
1715050 912
1715060 913
1715070 915
1715080 915
1715090 917
1715100 919
1715110 919
1715120 921
1715130 924
1715140 924
1715150 928
1715160 931
1715170 931
1715180 934
1715190 938
1715200 938
1715210 943
1715220 946
1715230 946
1715240 949
1715250 951
1715260 955
1715270 955
1715280 957
1715290 961
1715300 961
1715310 963
1715320 964
1715330 964
1715340 966
1715350 969
1715360 969
1715370 975
1715380 979
1715390 979
1715400 984
1715410 990
1715420 990
1715430 994
1715440 999
1715450 999
1715460 1004
1715470 1008
1715480 1008
1715490 1012
1715500 1016
1715510 1016
1715520 1021
1715530 1025
1715540 1025
1715550 1029
1715560 1034
1715570 1038
1715580 1038
1715590 1042
1715600 1045
1715610 1045
1715620 1049
1715630 1052
1715640 1052
1715650 1057
1715660 1062
1715670 1062
1715680 1066
1715690 1070
1715700 1070
1715710 1074
1715720 1076
1715730 1076
1715740 1076
1715750 1074
1715760 1074
1715770 1071
1715780 1068
1715790 1068
1715800 1066
1715810 1064
1715820 1064
1715830 1065
1715840 1063
1715850 1063
1715860 1060
1715870 1058
1715880 1054
1715890 1054
1715900 1054
1715910 1052
1715920 1052
1715930 1047
1715940 1043
1715950 1043
1715960 1039
1715970 1034
1715980 1034
1715990 1027
1716000 1021
1716010 1021
1716020 1014
1716030 1006
1716040 1006
1716050 998
1716060 990
1716070 990
1716080 983
1716090 975
1716100 975
1716110 968
1716120 961
1716130 961
1716140 953
1716150 947
1716160 947
1716170 940
1716180 935
1716190 929
1716200 929
1716210 924
1716220 920
1716230 920
1716240 914
1716250 910
1716260 910
1716270 904
1716280 899
1716290 899
1716300 894
1716310 888
1716320 888
1716330 880
1716340 871
1716350 871
1716360 867
1716370 862
1716380 862
1716390 856
1716400 850
1716410 850
1716420 843
1716430 837
1716440 837
1716450 835
1716460 830
1716470 830
1716480 824
1716490 818
1716500 810
1716510 810
1716520 803
1716530 798
1716540 798
1716550 798
1716560 795
1716570 795
1716580 792
1716590 790
1716600 790
1716610 786
1716620 782
1716630 782
1716640 780
1716650 776
1716660 776
1716670 772
1716680 769
1716690 769
1716700 764
1716710 759
1716720 759
1716730 753
1716740 746
1716750 746
1716760 753
1716770 761
1716780 761
1716790 766
1716800 768
1716810 768
1716820 764
1716830 757
1716840 750
1716850 750
1716860 742
1716870 736
1716880 736
1716890 729
1716900 722
1716910 722
1716920 713
1716930 712
1716940 712
1716950 711
1716960 713
1716970 713
1716980 713
1716990 715
1717000 715
1717010 714
1717020 713
1717030 713
1717040 713
1717050 713
1717060 713
1717070 712
1717080 710
1717090 710
1717100 711
1717110 713
1717120 713
1717130 720
1717140 728
1717150 735
1717160 735
1717170 743
1717180 750
1717190 750
1717200 750
1717210 754
1717220 754
1717230 751
1717240 750
1717250 750
1717260 752
1717270 754
1717280 754
1717290 756
1717300 759
1717310 759
1717320 760
1717330 761
1717340 761
1717350 763
1717360 766
1717370 766
1717380 768
1717390 769
1717400 769
1717410 769
1717420 769
1717430 769
1717440 769
1717450 769
1717460 770
1717470 770
1717480 764
1717490 770
1717500 770
1717510 771
1717520 776
1717530 776
1717540 779
1717550 785
1717560 785
1717570 789
1717580 794
1717590 794
1717600 799
1717610 801
1717620 801
1717630 805
1717640 805
1717650 805
1717660 813
1717670 818
1717680 818
1717690 822
1717700 827
1717710 827
1717720 827
1717730 832
1717740 832
1717750 836
1717760 843
1717770 851
1717780 851
1717790 857
1717800 863
1717810 863
1717820 869
1717830 875
1717840 875
1717850 881
1717860 886
1717870 886
1717880 890
1717890 888
1717900 888
1717910 885
1717920 880
1717930 880
1717940 880
1717950 877
1717960 877
1717970 874
1717980 872
1717990 872
1718000 870
1718010 867
1718020 867
1718030 865
1718040 863
1718050 863
1718060 862
1718070 860
1718080 860
1718090 860
1718100 859
1718110 859
1718120 859
1718130 859
1718140 860
1718150 860
1718160 863
1718170 866
1718180 866
1718190 867
1718200 864
1718210 864
1718220 858
1718230 851
1718240 851
1718250 843
1718260 836
1718270 836
1718280 829
1718290 822
1718300 822
1718310 813
1718320 804
1718330 804
1718340 801
1718350 798
1718360 798
1718370 803
1718380 802
1718390 802
1718400 805
1718410 806
1718420 807
1718430 807
1718440 809
1718450 811
1718460 811
1718470 813
1718480 815
1718490 815
1718500 817
1718510 820
1718520 820
1718530 822
1718540 823
1718550 823
1718560 823
1718570 821
1718580 821
1718590 818
1718600 815
1718610 815
1718620 812
1718630 808
1718640 808
1718650 805
1718660 803
1718670 803
1718680 803
1718690 808
1718700 808
1718710 816
1718720 823
1718730 828
1718740 828
1718750 834
1718760 840
1718770 840
1718780 845
1718790 852
1718800 852
1718810 857
1718820 863
1718830 863
1718840 865
1718850 871
1718860 871
1718870 877
1718880 883
1718890 883
1718900 889
1718910 894
1718920 894
1718930 898
1718940 902
1718950 902
1718960 905
1718970 906
1718980 906
1718990 908
1719000 908
1719010 908
1719020 908
1719030 909
1719040 909
1719050 909
1719060 908
1719070 905
1719080 905
1719090 901
1719100 898
1719110 898
1719120 894
1719130 891
1719140 891
1719150 887
1719160 882
1719170 882
1719180 881
1719190 880
1719200 880
1719210 878
1719220 877
1719230 877
1719240 874
1719250 871
1719260 871
1719270 868
1719280 864
1719290 864
1719300 858
1719310 858
1719320 858
1719330 860
1719340 863
1719350 869
1719360 869
1719370 873
1719380 879
1719390 879
1719400 883
1719410 887
1719420 887
1719430 889
1719440 887
1719450 887
1719460 882
1719470 876
1719480 876
1719490 869
1719500 862
1719510 862
1719520 855
1719530 848
1719540 848
1719550 842
1719560 836
1719570 836
1719580 830
1719590 823
1719600 823
1719610 817
1719620 810
1719630 810
1719640 802
1719650 798
1719660 798
1719670 792
1719680 787
1719690 780
1719700 780
1719710 773
1719720 767
1719730 767
1719740 761
1719750 755
1719760 755
1719770 748
1719780 742
1719790 742
1719800 736
1719810 732
1719820 732
1719830 729
1719840 724
1719850 724
1719860 718
1719870 714
1719880 714
1719890 713
1719900 710
1719910 710
1719920 706
1719930 705
1719940 705
1719950 705
1719960 702
1719970 702
1719980 701
1719990 694
