1700000 527
1700010 527
1700020 527
1700030 527
1700040 527
1700050 527
1700060 527
1700070 527
1700080 527
1700090 526
1700100 526
1700110 526
1700120 526
1700130 527
1700140 527
1700150 527
1700160 527
1700170 526
1700180 526
1700190 525
1700200 525
1700210 525
1700220 525
1700230 525
1700240 525
1700250 525
1700260 525
1700270 525
1700280 525
1700290 524
1700300 524
1700310 525
1700320 525
1700330 525
1700340 525
1700350 525
1700360 525
1700370 525
1700380 525
1700390 525
1700400 525
1700410 525
1700420 525
1700430 525
1700440 525
1700450 525
1700460 525
1700470 525
1700480 525
1700490 525
1700500 526
1700510 526
1700520 526
1700530 526
1700540 526
1700550 526
1700560 527
1700570 527
1700580 527
1700590 527
1700600 528
1700610 528
1700620 528
1700630 529
1700640 529
1700650 530
1700660 531
1700670 531
1700680 532
1700690 533
1700700 533
1700710 533
1700720 534
1700730 534
1700740 534
1700750 533
1700760 534
1700770 534
1700780 534
1700790 533
1700800 533
1700810 531
1700820 531
1700830 531
1700840 531
1700850 531
1700860 531
1700870 532
1700880 532
1700890 532
1700900 531
1700910 532
1700920 532
1700930 531
1700940 531
1700950 531
1700960 531
1700970 529
1700980 529
1700990 529
1701000 529
1701010 529
1701020 528
1701030 528
1701040 528
1701050 529
1701060 530
1701070 532
1701080 532
1701090 535
1701100 539
1701110 539
1701120 542
1701130 543
1701140 543
1701150 542
1701160 543
1701170 543
1701180 545
1701190 549
1701200 549
1701210 552
1701220 555
1701230 555
1701240 559
1701250 564
1701260 564
1701270 570
1701280 573
1701290 573
1701300 574
1701310 571
1701320 571
1701330 568
1701340 565
1701350 565
1701360 562
1701370 560
1701380 561
1701390 561
1701400 559
1701410 559
1701420 559
1701430 558
1701440 556
1701450 556
1701460 555
1701470 549
1701480 549
1701490 550
1701500 551
1701510 551
1701520 549
1701530 552
1701540 552
1701550 558
1701560 564
1701570 564
1701580 569
1701590 573
1701600 573
1701610 576
1701620 581
1701630 581
1701640 585
1701650 588
1701660 588
1701670 591
1701680 593
1701690 593
1701700 597
1701710 600
1701720 603
1701730 603
1701740 607
1701750 610
1701760 610
1701770 613
1701780 615
1701790 615
1701800 617
1701810 619
1701820 619
1701830 625
1701840 626
1701850 626
1701860 628
1701870 632
1701880 632
1701890 635
1701900 635
1701910 635
1701920 631
1701930 627
1701940 627
1701950 624
1701960 622
1701970 622
1701980 619
1701990 617
1702000 617
1702010 615
1702020 613
1702030 611
1702040 611
1702050 609
1702060 606
1702070 606
1702080 604
1702090 603
1702100 603
1702110 603
1702120 602
1702130 602
1702140 600
1702150 598
1702160 598
1702170 597
1702180 597
1702190 597
1702200 597
1702210 597
1702220 597
1702230 596
1702240 595
1702250 595
1702260 595
1702270 593
1702280 593
1702290 591
1702300 588
1702310 588
1702320 585
1702330 582
1702340 580
1702350 580
1702360 578
1702370 576
1702380 576
1702390 574
1702400 573
1702410 573
1702420 571
1702430 569
1702440 569
1702450 568
1702460 563
1702470 563
1702480 556
1702490 555
1702500 555
1702510 559
1702520 561
1702530 561
1702540 561
1702550 563
1702560 563
1702570 564
1702580 564
1702590 564
1702600 562
1702610 561
1702620 561
1702630 560
1702640 559
1702650 558
1702660 558
1702670 558
1702680 558
1702690 558
1702700 557
1702710 557
1702720 557
1702730 556
1702740 555
1702750 555
1702760 555
1702770 554
1702780 554
1702790 554
1702800 552
1702810 552
1702820 551
1702830 549
1702840 549
1702850 549
1702860 548
1702870 548
1702880 549
1702890 549
1702900 549
1702910 548
1702920 548
1702930 548
1702940 546
1702950 546
1702960 544
1702970 544
1702980 543
1702990 543
1703000 543
1703010 545
1703020 543
1703030 543
1703040 543
1703050 542
1703060 542
1703070 540
1703080 540
1703090 540
1703100 539
1703110 538
1703120 538
1703130 538
1703140 538
1703150 538
1703160 538
1703170 539
1703180 539
1703190 538
1703200 537
1703210 537
1703220 536
1703230 534
1703240 534
1703250 532
1703260 531
1703270 531
1703280 530
1703290 529
1703300 528
1703310 528
1703320 527
1703330 526
1703340 526
1703350 525
1703360 525
1703370 525
1703380 524
1703390 525
1703400 525
1703410 526
1703420 527
1703430 527
1703440 525
1703450 525
1703460 525
1703470 524
1703480 524
1703490 524
1703500 523
1703510 523
1703520 523
1703530 523
1703540 524
1703550 524
1703560 523
1703570 523
1703580 523
1703590 523
1703600 523
1703610 522
1703620 522
1703630 522
1703640 521
1703650 521
1703660 518
1703670 519
1703680 519
1703690 519
1703700 518
1703710 518
1703720 517
1703730 517
1703740 517
1703750 516
1703760 515
1703770 515
1703780 515
1703790 515
1703800 515
1703810 514
1703820 514
1703830 514
1703840 513
1703850 514
1703860 514
1703870 514
1703880 514
1703890 514
1703900 514
1703910 515
1703920 515
1703930 515
1703940 514
1703950 514
1703960 514
1703970 514
1703980 514
1703990 514
1704000 514
1704010 514
1704020 514
1704030 514
1704040 515
1704050 515
1704060 515
1704070 515
1704080 515
1704090 515
1704100 515
1704110 515
1704120 516
1704130 516
1704140 516
1704150 516
1704160 516
1704170 516
1704180 516
1704190 516
1704200 516
1704210 517
1704220 517
1704230 517
1704240 517
1704250 517
1704260 518
1704270 518
1704280 518
1704290 518
1704300 518
1704310 518
1704320 518
1704330 518
1704340 517
1704350 517
1704360 517
1704370 517
1704380 518
1704390 518
1704400 518
1704410 518
1704420 518
1704430 517
1704440 517
1704450 517
1704460 518
1704470 518
1704480 518
1704490 514
1704500 515
1704510 515
1704520 515
1704530 515
1704540 515
1704550 515
1704560 516
1704570 516
1704580 516
1704590 517
1704600 516
1704610 516
1704620 516
1704630 516
1704640 516
1704650 516
1704660 516
1704670 516
1704680 515
1704690 515
1704700 515
1704710 515
1704720 514
1704730 514
1704740 514
1704750 513
1704760 513
1704770 512
1704780 510
1704790 510
1704800 509
1704810 508
1704820 508
1704830 507
1704840 506
1704850 506
1704860 505
1704870 505
1704880 505
1704890 505
1704900 505
1704910 505
1704920 505
1704930 505
1704940 505
1704950 505
1704960 505
1704970 505
1704980 505
1704990 505
1705000 505
1705010 505
1705020 505
1705030 505
1705040 505
1705050 506
1705060 505
1705070 505
1705080 506
1705090 506
1705100 506
1705110 506
1705120 506
1705130 506
1705140 505
1705150 505
1705160 505
1705170 505
1705180 505
1705190 505
1705200 505
1705210 505
1705220 505
1705230 505
1705240 505
1705250 505
1705260 505
1705270 505
1705280 505
1705290 505
1705300 505
1705310 505
1705320 505
1705330 504
1705340 505
1705350 505
1705360 507
1705370 504
1705380 504
1705390 510
1705400 510
1705410 510
1705420 510
1705430 510
1705440 510
1705450 509
1705460 507
1705470 507
1705480 507
1705490 509
1705500 510
1705510 510
1705520 512
1705530 512
1705540 512
1705550 512
1705560 512
1705570 512
1705580 512
1705590 512
1705600 512
1705610 512
1705620 512
1705630 512
1705640 512
1705650 513
1705660 513
1705670 512
1705680 513
1705690 513
1705700 513
1705710 513
1705720 513
1705730 510
1705740 507
1705750 507
1705760 506
1705770 507
1705780 507
1705790 507
1705800 507
1705810 507
1705820 506
1705830 506
1705840 506
1705850 506
1705860 506
1705870 506
1705880 506
1705890 506
1705900 507
1705910 507
1705920 506
1705930 506
1705940 506
1705950 506
1705960 506
1705970 506
1705980 506
1705990 507
1706000 507
1706010 507
1706020 506
1706030 506
1706040 507
1706050 507
1706060 507
1706070 507
1706080 507
1706090 507
1706100 507
1706110 507
1706120 507
1706130 507
1706140 507
1706150 507
1706160 507
1706170 508
1706180 508
1706190 508
1706200 507
1706210 507
1706220 507
1706230 507
1706240 507
1706250 507
1706260 507
1706270 507
1706280 507
1706290 507
1706300 507
1706310 507
1706320 507
1706330 507
1706340 507
1706350 505
1706360 505
1706370 505
1706380 506
1706390 507
1706400 507
1706410 508
1706420 509
1706430 509
1706440 511
1706450 511
1706460 511
1706470 511
1706480 511
1706490 511
1706500 511
1706510 511
1706520 510
1706530 510
1706540 510
1706550 510
1706560 510
1706570 510
1706580 510
1706590 510
1706600 512
1706610 511
1706620 511
1706630 512
1706640 512
1706650 512
1706660 510
1706670 509
1706680 509
1706690 509
1706700 509
1706710 509
1706720 509
1706730 509
1706740 509
1706750 510
1706760 514
1706770 514
1706780 514
1706790 513
1706800 513
1706810 513
1706820 513
1706830 513
1706840 513
1706850 513
1706860 513
1706870 513
1706880 513
1706890 513
1706900 513
1706910 513
1706920 514
1706930 514
1706940 514
1706950 514
1706960 514
1706970 514
1706980 514
1706990 514
1707000 514
1707010 515
1707020 515
1707030 515
1707040 515
1707050 515
1707060 515
1707070 515
1707080 515
1707090 515
1707100 515
1707110 515
1707120 515
1707130 516
1707140 516
1707150 516
1707160 516
1707170 516
1707180 516
1707190 516
1707200 516
1707210 516
1707220 516
1707230 516
1707240 516
1707250 516
1707260 516
1707270 516
1707280 516
1707290 516
1707300 516
1707310 516
1707320 516
1707330 516
1707340 517
1707350 517
1707360 517
1707370 517
1707380 517
1707390 517
1707400 517
1707410 517
1707420 518
1707430 518
1707440 518
1707450 518
1707460 518
1707470 517
1707480 518
1707490 518
1707500 518
1707510 517
1707520 517
1707530 517
1707540 517
1707550 517
1707560 518
1707570 520
1707580 520
1707590 522
1707600 523
1707610 523
1707620 523
1707630 523
1707640 523
1707650 523
1707660 525
1707670 525
1707680 528
1707690 530
1707700 530
1707710 530
1707720 530
1707730 531
1707740 531
1707750 531
1707760 531
1707770 531
1707780 532
1707790 533
1707800 533
1707810 534
1707820 536
1707830 536
1707840 537
1707850 539
1707860 539
1707870 541
1707880 542
1707890 542
1707900 544
1707910 546
1707920 546
1707930 547
1707940 548
1707950 548
1707960 548
1707970 549
1707980 549
1707990 550
1708000 551
1708010 551
1708020 552
1708030 553
1708040 555
1708050 555
1708060 556
1708070 558
1708080 558
1708090 559
1708100 563
1708110 563
1708120 570
1708130 573
1708140 573
1708150 580
1708160 584
1708170 584
1708180 593
1708190 601
1708200 601
1708210 608
1708220 613
1708230 613
1708240 618
1708250 621
1708260 621
1708270 621
1708280 616
1708290 616
1708300 612
1708310 609
1708320 609
1708330 607
1708340 605
1708350 605
1708360 603
1708370 602
1708380 600
1708390 600
1708400 599
1708410 598
1708420 598
1708430 596
1708440 593
1708450 593
1708460 594
1708470 592
1708480 592
1708490 588
1708500 583
1708510 583
1708520 578
1708530 581
1708540 581
1708550 589
1708560 595
1708570 595
1708580 601
1708590 607
1708600 607
1708610 614
1708620 622
1708630 622
1708640 628
1708650 635
1708660 635
1708670 642
1708680 647
1708690 655
1708700 655
1708710 661
1708720 668
1708730 668
1708740 674
1708750 680
1708760 680
1708770 685
1708780 691
1708790 691
1708800 695
1708810 698
1708820 698
1708830 703
1708840 708
1708850 708
1708860 712
1708870 717
1708880 717
1708890 720
1708900 723
1708910 723
1708920 726
1708930 728
1708940 728
1708950 729
1708960 727
1708970 727
1708980 725
1708990 720
1709000 715
1709010 715
1709020 709
1709030 704
1709040 704
1709050 701
1709060 696
1709070 696
1709080 692
1709090 688
1709100 688
1709110 684
1709120 680
1709130 680
1709140 674
1709150 668
1709160 668
1709170 665
1709180 658
1709190 658
1709200 656
1709210 652
1709220 652
1709230 645
1709240 635
1709250 635
1709260 628
1709270 623
1709280 623
1709290 624
1709300 624
1709310 626
1709320 626
1709330 623
1709340 621
1709350 621
1709360 614
1709370 608
1709380 608
1709390 611
1709400 614
1709410 614
1709420 615
1709430 616
1709440 616
1709450 617
1709460 617
1709470 617
1709480 618
1709490 618
1709500 618
1709510 618
1709520 616
1709530 616
1709540 611
1709550 604
1709560 604
1709570 596
1709580 586
1709590 586
1709600 576
1709610 571
1709620 568
1709630 568
1709640 565
1709650 568
1709660 568
1709670 569
1709680 567
1709690 567
1709700 565
1709710 564
1709720 564
1709730 564
1709740 567
1709750 567
1709760 568
1709770 569
1709780 569
1709790 567
1709800 566
1709810 566
1709820 566
1709830 564
1709840 564
1709850 562
1709860 563
1709870 563
1709880 565
1709890 568
1709900 568
1709910 569
1709920 575
1709930 575
1709940 580
1709950 586
1709960 589
1709970 589
1709980 591
1709990 595
1710000 595
1710010 599
1710020 603
1710030 603
1710040 606
1710050 610
1710060 610
1710070 614
1710080 619
1710090 619
1710100 624
1710110 629
1710120 629
1710130 632
1710140 637
1710150 637
1710160 641
1710170 645
1710180 645
1710190 649
1710200 654
1710210 654
1710220 658
1710230 662
1710240 662
1710250 667
1710260 673
1710270 677
1710280 677
1710290 681
1710300 685
1710310 685
1710320 690
1710330 693
1710340 693
1710350 698
1710360 703
1710370 703
1710380 707
1710390 713
1710400 713
1710410 720
1710420 725
1710430 725
1710440 728
1710450 726
1710460 726
1710470 727
1710480 730
1710490 730
1710500 733
1710510 736
1710520 736
1710530 740
1710540 742
1710550 742
1710560 744
1710570 745
1710580 746
1710590 746
1710600 748
1710610 751
1710620 751
1710630 755
1710640 758
1710650 758
1710660 760
1710670 762
1710680 762
1710690 764
1710700 764
1710710 764
1710720 763
1710730 763
1710740 763
1710750 763
1710760 763
1710770 763
1710780 764
1710790 765
1710800 765
1710810 767
1710820 769
1710830 769
1710840 771
1710850 773
1710860 773
1710870 775
1710880 777
1710890 779
1710900 779
1710910 781
1710920 782
1710930 782
1710940 783
1710950 783
1710960 783
1710970 784
1710980 783
1710990 783
1711000 781
1711010 779
1711020 779
1711030 776
1711040 774
1711050 774
1711060 771
1711070 770
1711080 770
1711090 770
1711100 774
1711110 774
1711120 779
1711130 782
1711140 782
1711150 786
1711160 791
1711170 791
1711180 796
1711190 800
1711200 800
1711210 804
1711220 803
1711230 801
1711240 801
1711250 797
1711260 794
1711270 794
1711280 789
1711290 785
1711300 785
1711310 778
1711320 772
1711330 772
1711340 766
1711350 763
1711360 763
1711370 761
1711380 759
1711390 759
1711400 757
1711410 762
1711420 762
1711430 767
1711440 770
1711450 770
1711460 774
1711470 778
1711480 778
1711490 784
1711500 789
1711510 789
1711520 792
1711530 794
1711540 796
1711550 796
1711560 797
1711570 800
1711580 800
1711590 806
1711600 814
1711610 814
1711620 816
1711630 815
1711640 815
1711650 819
1711660 824
1711670 824
1711680 828
1711690 832
1711700 832
1711710 835
1711720 842
1711730 842
1711740 847
1711750 851
1711760 851
1711770 851
1711780 846
1711790 846
1711800 842
1711810 836
1711820 836
1711830 830
1711840 825
1711850 819
1711860 819
1711870 814
1711880 809
1711890 809
1711900 805
1711910 803
1711920 803
1711930 804
1711940 809
1711950 809
1711960 814
1711970 820
1711980 820
1711990 825
1712000 832
1712010 832
1712020 835
1712030 835
1712040 835
1712050 836
1712060 837
1712070 837
1712080 839
1712090 842
1712100 842
1712110 847
1712120 845
1712130 845
1712140 843
1712150 842
1712160 843
1712170 843
1712180 843
1712190 841
1712200 841
1712210 838
1712220 832
1712230 832
1712240 826
1712250 820
1712260 820
1712270 813
1712280 806
1712290 806
1712300 799
1712310 792
1712320 792
1712330 785
1712340 778
1712350 778
1712360 772
1712370 765
1712380 765
1712390 759
1712400 753
1712410 753
1712420 747
1712430 739
1712440 739
1712450 741
1712460 748
1712470 748
1712480 755
1712490 761
1712500 767
1712510 767
1712520 772
1712530 777
1712540 777
1712550 781
1712560 787
1712570 787
1712580 789
1712590 787
1712600 787
1712610 783
1712620 780
1712630 780
1712640 776
1712650 770
1712660 770
1712670 764
1712680 759
1712690 759
1712700 754
1712710 748
1712720 748
1712730 742
1712740 743
1712750 743
1712760 748
1712770 755
1712780 755
1712790 762
1712800 769
1712810 773
1712820 773
1712830 778
1712840 783
1712850 783
1712860 790
1712870 793
1712880 793
1712890 800
1712900 806
1712910 806
1712920 812
1712930 818
1712940 818
1712950 824
1712960 829
1712970 829
1712980 833
1712990 836
1713000 836
1713010 840
1713020 844
1713030 844
1713040 848
1713050 857
1713060 857
1713070 863
1713080 870
1713090 870
1713100 877
1713110 885
1713120 892
1713130 892
1713140 899
1713150 906
1713160 906
1713170 915
1713180 919
1713190 919
1713200 924
1713210 930
1713220 930
1713230 937
1713240 942
1713250 942
1713260 946
1713270 951
1713280 951
1713290 954
1713300 956
1713310 956
1713320 956
1713330 956
1713340 956
1713350 956
1713360 956
1713370 956
1713380 955
1713390 955
1713400 955
1713410 956
1713420 957
1713430 958
1713440 958
1713450 960
1713460 963
1713470 963
1713480 965
1713490 967
1713500 967
1713510 968
1713520 967
1713530 967
1713540 962
1713550 957
1713560 957
1713570 952
1713580 948
1713590 948
1713600 943
1713610 939
1713620 939
1713630 935
1713640 932
1713650 932
1713660 930
1713670 929
1713680 929
1713690 928
1713700 927
1713710 927
1713720 926
1713730 925
1713740 925
1713750 924
1713760 921
1713770 917
1713780 917
1713790 910
1713800 907
1713810 907
1713820 902
1713830 897
1713840 897
1713850 894
1713860 891
1713870 891
1713880 888
1713890 884
1713900 884
1713910 881
1713920 879
1713930 879
1713940 876
1713950 872
1713960 872
1713970 865
1713980 856
1713990 856
1714000 848
1714010 838
1714020 838
1714030 831
1714040 823
1714050 823
1714060 816
1714070 810
1714080 805
1714090 805
1714100 799
1714110 793
1714120 793
1714130 786
1714140 779
1714150 779
1714160 769
1714170 764
1714180 764
1714190 755
1714200 745
1714210 745
1714220 739
1714230 735
1714240 735
1714250 723
1714260 718
1714270 718
1714280 723
1714290 731
1714300 731
1714310 739
1714320 744
1714330 744
1714340 748
1714350 753
1714360 753
1714370 759
1714380 764
1714390 768
1714400 768
1714410 774
1714420 779
1714430 779
1714440 785
1714450 790
1714460 790
1714470 794
1714480 799
1714490 799
1714500 803
1714510 807
1714520 807
1714530 813
1714540 818
1714550 818
1714560 822
1714570 826
1714580 826
1714590 829
1714600 831
1714610 831
1714620 834
1714630 836
1714640 836
1714650 839
1714660 843
1714670 843
1714680 846
1714690 851
1714700 852
1714710 852
1714720 854
1714730 856
1714740 856
1714750 860
1714760 865
1714770 865
1714780 870
1714790 873
1714800 873
1714810 877
1714820 882
1714830 882
1714840 885
1714850 887
1714860 887
1714870 889
1714880 891
1714890 891
1714900 892
1714910 893
1714920 893
1714930 895
1714940 897
1714950 897
1714960 901
1714970 903
1714980 903
1714990 907
1715000 910
1715010 910
1715020 912
1715030 913
1715040 915
1715050 915
1715060 919
1715070 920
1715080 920
1715090 927
1715100 932
1715110 932
1715120 937
1715130 942
1715140 942
1715150 946
1715160 949
1715170 949
1715180 952
1715190 955
1715200 955
1715210 960
1715220 964
1715230 964
1715240 967
1715250 971
1715260 971
1715270 973
1715280 976
1715290 976
1715300 979
1715310 984
1715320 984
1715330 988
1715340 992
1715350 995
1715360 995
1715370 997
1715380 1001
1715390 1001
1715400 1004
1715410 1007
1715420 1007
1715430 1011
1715440 1015
1715450 1015
1715460 1019
1715470 1024
1715480 1024
1715490 1028
1715500 1031
1715510 1031
1715520 1034
1715530 1037
1715540 1037
1715550 1040
1715560 1043
1715570 1043
1715580 1046
1715590 1049
1715600 1049
1715610 1051
1715620 1053
1715630 1053
1715640 1057
1715650 1061
1715660 1064
1715670 1064
1715680 1067
1715690 1069
1715700 1069
1715710 1071
1715720 1073
1715730 1073
1715740 1075
1715750 1077
1715760 1077
1715770 1078
1715780 1079
1715790 1079
1715800 1079
1715810 1075
1715820 1075
1715830 1071
1715840 1065
1715850 1065
1715860 1058
1715870 1047
1715880 1047
1715890 1038
1715900 1027
1715910 1028
1715920 1019
1715930 1011
1715940 1011
1715950 1004
1715960 998
1715970 992
1715980 992
1715990 985
1716000 979
1716010 979
1716020 973
1716030 967
1716040 967
1716050 962
1716060 956
1716070 956
1716080 948
1716090 938
1716100 938
1716110 931
1716120 924
1716130 924
1716140 916
1716150 909
1716160 909
1716170 904
1716180 897
1716190 897
1716200 891
1716210 885
1716220 885
1716230 879
1716240 873
1716250 873
1716260 868
1716270 862
1716280 856
1716290 856
1716300 850
1716310 845
1716320 845
1716330 840
1716340 836
1716350 836
1716360 831
1716370 826
1716380 826
1716390 822
1716400 816
1716410 816
1716420 818
1716430 812
1716440 812
1716450 812
1716460 811
1716470 811
1716480 811
1716490 809
1716500 809
1716510 808
1716520 805
1716530 805
1716540 803
1716550 801
1716560 801
1716570 801
1716580 802
1716590 802
1716600 803
1716610 803
1716620 803
1716630 803
1716640 802
1716650 801
1716660 801
1716670 799
1716680 798
1716690 798
1716700 796
1716710 794
1716720 794
1716730 789
1716740 782
1716750 782
1716760 776
1716770 770
1716780 770
1716790 765
1716800 755
1716810 755
1716820 747
1716830 739
1716840 739
1716850 731
1716860 724
1716870 724
1716880 718
1716890 713
1716900 713
1716910 707
1716920 699
1716930 696
1716940 696
1716950 697
1716960 696
1716970 696
1716980 695
1716990 692
1717000 692
1717010 700
1717020 706
1717030 706
1717040 712
1717050 717
1717060 717
1717070 723
1717080 728
1717090 728
1717100 734
1717110 741
1717120 741
1717130 746
1717140 743
1717150 743
1717160 746
1717170 748
1717180 748
1717190 752
1717200 753
1717210 753
1717220 755
1717230 756
1717240 757
1717250 757
1717260 757
1717270 758
1717280 758
1717290 759
1717300 760
1717310 760
1717320 764
1717330 764
1717340 764
1717350 765
1717360 772
1717370 772
1717380 778
1717390 781
1717400 781
1717410 788
1717420 794
1717430 794
1717440 800
1717450 805
1717460 805
1717470 811
1717480 816
1717490 816
1717500 821
1717510 826
1717520 826
1717530 830
1717540 834
1717550 839
1717560 839
1717570 842
1717580 846
1717590 846
1717600 850
1717610 853
1717620 853
1717630 855
1717640 852
1717650 852
1717660 849
1717670 849
1717680 849
1717690 846
1717700 844
1717710 844
1717720 843
1717730 841
1717740 841
1717750 840
1717760 838
1717770 838
1717780 836
1717790 834
1717800 834
1717810 832
1717820 831
1717830 831
1717840 830
1717850 829
1717860 829
1717870 828
1717880 827
1717890 826
1717900 826
1717910 825
1717920 822
1717930 822
1717940 819
1717950 815
1717960 815
1717970 810
1717980 802
1717990 802
1718000 796
1718010 789
1718020 789
1718030 782
1718040 774
1718050 774
1718060 768
1718070 764
1718080 764
1718090 770
1718100 774
1718110 774
1718120 779
1718130 785
1718140 785
1718150 791
1718160 796
1718170 796
1718180 801
1718190 806
1718200 809
1718210 809
1718220 811
1718230 813
1718240 813
1718250 815
1718260 814
1718270 814
1718280 812
1718290 809
1718300 809
1718310 806
1718320 800
1718330 800
1718340 793
1718350 786
1718360 786
1718370 780
1718380 774
1718390 774
1718400 769
1718410 766
1718420 766
1718430 762
1718440 759
1718450 759
1718460 755
1718470 760
1718480 760
1718490 768
1718500 773
1718510 777
1718520 777
1718530 782
1718540 786
1718550 786
1718560 790
1718570 796
1718580 796
1718590 801
1718600 805
1718610 805
1718620 807
1718630 811
1718640 811
1718650 815
1718660 819
1718670 819
1718680 823
1718690 826
1718700 826
1718710 829
1718720 831
1718730 831
1718740 834
1718750 835
1718760 835
1718770 837
1718780 838
1718790 838
1718800 839
1718810 839
1718820 835
1718830 835
1718840 830
1718850 825
1718860 825
1718870 820
1718880 818
1718890 818
1718900 816
1718910 814
1718920 814
1718930 814
1718940 814
1718950 814
1718960 813
1718970 812
1718980 812
1718990 810
1719000 808
1719010 808
1719020 809
1719030 808
1719040 808
1719050 806
1719060 807
1719070 807
1719080 806
1719090 804
1719100 804
1719110 800
1719120 794
1719130 794
1719140 790
1719150 786
1719160 782
1719170 782
1719180 778
1719190 774
1719200 774
1719210 767
1719220 771
1719230 771
1719240 778
1719250 784
1719260 784
1719270 790
1719280 795
1719290 795
1719300 801
1719310 808
1719320 808
1719330 814
1719340 819
1719350 819
1719360 824
1719370 828
1719380 828
1719390 834
1719400 837
1719410 837
1719420 840
1719430 839
1719440 839
1719450 834
1719460 828
1719470 823
1719480 823
1719490 815
1719500 808
1719510 808
1719520 802
1719530 796
1719540 796
1719550 790
1719560 783
1719570 783
1719580 778
1719590 774
1719600 774
1719610 768
1719620 762
1719630 762
1719640 755
1719650 751
1719660 751
1719670 746
1719680 741
1719690 741
1719700 735
1719710 727
1719720 727
1719730 719
1719740 713
1719750 713
1719760 708
1719770 703
1719780 696
1719790 696
1719800 688
1719810 681
1719820 681
1719830 672
1719840 665
1719850 665
1719860 663
1719870 661
1719880 661
1719890 663
1719900 665
1719910 665
1719920 665
1719930 671
1719940 671
1719950 680
1719960 686
1719970 686
1719980 691
1719990 694
