1760000 1008
1760010 1009
1760020 1009
1760030 1011
1760040 1012
1760050 1012
1760060 1013
1760070 1013
1760080 1013
1760090 1014
1760100 1015
1760110 1015
1760120 1016
1760130 1017
1760140 1017
1760150 1018
1760160 1019
1760170 1021
1760180 1021
1760190 1023
1760200 1025
1760210 1025
1760220 1026
1760230 1027
1760240 1027
1760250 1029
1760260 1031
1760270 1031
1760280 1032
1760290 1034
1760300 1034
1760310 1035
1760320 1037
1760330 1037
1760340 1038
1760350 1038
1760360 1038
1760370 1039
1760380 1040
1760390 1040
1760400 1040
1760410 1042
1760420 1042
1760430 1044
1760440 1046
1760450 1046
1760460 1048
1760470 1050
1760480 1053
1760490 1053
1760500 1055
1760510 1057
1760520 1057
1760530 1060
1760540 1062
1760550 1062
1760560 1063
1760570 1065
1760580 1065
1760590 1065
1760600 1063
1760610 1063
1760620 1062
1760630 1061
1760640 1061
1760650 1058
1760660 1054
1760670 1054
1760680 1051
1760690 1046
1760700 1046
1760710 1042
1760720 1038
1760730 1038
1760740 1033
1760750 1029
1760760 1029
1760770 1023
1760780 1021
1760790 1021
1760800 1015
1760810 1010
1760820 1006
1760830 1006
1760840 1003
1760850 999
1760860 999
1760870 995
1760880 989
1760890 989
1760900 985
1760910 981
1760920 981
1760930 976
1760940 972
1760950 972
1760960 968
1760970 965
1760980 965
1760990 961
1761000 958
1761010 958
1761020 955
1761030 952
1761040 952
1761050 948
1761060 946
1761070 946
1761080 944
1761090 942
1761100 942
1761110 939
1761120 936
1761130 933
1761140 933
1761150 931
1761160 928
1761170 928
1761180 925
1761190 922
1761200 922
1761210 920
1761220 918
1761230 918
1761240 915
1761250 910
1761260 910
1761270 905
1761280 902
1761290 902
1761300 897
1761310 893
1761320 893
1761330 889
1761340 885
1761350 885
1761360 880
1761370 874
1761380 874
1761390 868
1761400 861
1761410 861
1761420 854
1761430 846
1761440 851
1761450 840
1761460 832
1761470 824
1761480 824
1761490 817
1761500 811
1761510 811
1761520 805
1761530 799
1761540 799
1761550 794
1761560 790
1761570 790
1761580 785
1761590 782
1761600 782
1761610 778
1761620 775
1761630 775
1761640 773
1761650 771
1761660 771
1761670 769
1761680 767
1761690 767
1761700 765
1761710 760
1761720 760
1761730 751
1761740 744
1761750 744
1761760 739
1761770 733
1761780 728
1761790 728
1761800 723
1761810 714
1761820 714
1761830 709
1761840 708
1761850 708
1761860 708
1761870 708
1761880 708
1761890 709
1761900 710
1761910 710
1761920 715
1761930 719
1761940 719
1761950 722
1761960 726
1761970 726
1761980 728
1761990 732
1762000 732
1762010 737
1762020 740
1762030 740
1762040 744
1762050 746
1762060 746
1762070 748
1762080 750
1762090 752
1762100 752
1762110 752
1762120 753
1762130 753
1762140 755
1762150 757
1762160 757
1762170 759
1762180 760
1762190 760
1762200 763
1762210 765
1762220 765
1762230 768
1762240 770
1762250 770
1762260 773
1762270 777
1762280 777
1762290 779
1762300 781
1762310 781
1762320 782
1762330 784
1762340 784
1762350 785
1762360 786
1762370 786
1762380 787
1762390 787
1762400 787
1762410 789
1762420 790
1762430 792
1762440 792
1762450 794
1762460 795
1762470 795
1762480 797
1762490 800
1762500 800
1762510 803
1762520 805
1762530 805
1762540 807
1762550 809
1762560 809
1762570 812
1762580 817
1762590 817
1762600 818
1762610 819
1762620 819
1762630 821
1762640 823
1762650 823
1762660 824
1762670 826
1762680 826
1762690 828
1762700 830
1762710 830
1762720 832
1762730 831
1762740 832
1762750 832
1762760 832
1762770 831
1762780 831
1762790 831
1762800 831
1762810 831
1762820 830
1762830 831
1762840 831
1762850 831
1762860 830
1762870 830
1762880 829
1762890 828
1762900 828
1762910 826
1762920 824
1762930 824
1762940 822
1762950 819
1762960 819
1762970 816
1762980 813
1762990 813
1763000 809
1763010 806
1763020 806
1763030 803
1763040 799
1763050 799
1763060 790
1763070 782
1763080 777
1763090 777
1763100 774
1763110 771
1763120 771
1763130 768
1763140 764
1763150 764
1763160 756
1763170 753
1763180 753
1763190 746
1763200 739
1763210 739
1763220 733
1763230 724
1763240 724
1763250 720
1763260 716
1763270 716
1763280 714
1763290 714
1763300 714
1763310 716
1763320 722
1763330 722
1763340 725
1763350 729
1763360 729
1763370 734
1763380 736
1763390 739
1763400 739
1763410 746
1763420 752
1763430 752
1763440 757
1763450 764
1763460 764
1763470 769
1763480 774
1763490 774
1763500 782
1763510 788
1763520 788
1763530 794
1763540 801
1763550 801
1763560 808
1763570 812
1763580 812
1763590 817
1763600 823
1763610 823
1763620 827
1763630 832
1763640 832
1763650 837
1763660 842
1763670 842
1763680 847
1763690 851
1763700 851
1763710 854
1763720 858
1763730 863
1763740 863
1763750 867
1763760 869
1763770 869
1763780 874
1763790 878
1763800 878
1763810 881
1763820 885
1763830 885
1763840 888
1763850 891
1763860 891
1763870 896
1763880 899
1763890 899
1763900 900
1763910 901
1763920 901
1763930 902
1763940 903
1763950 903
1763960 904
1763970 905
1763980 905
1763990 904
1764000 904
1764010 904
1764020 904
1764030 904
1764040 904
1764050 904
1764060 904
1764070 905
1764080 905
1764090 905
1764100 907
1764110 907
1764120 909
1764130 912
1764140 912
1764150 913
1764160 915
1764170 915
1764180 918
1764190 924
1764200 924
1764210 926
1764220 928
1764230 928
1764240 931
1764250 933
1764260 933
1764270 934
1764280 935
1764290 935
1764300 937
1764310 938
1764320 938
1764330 939
1764340 940
1764350 940
1764360 942
1764370 943
1764380 945
1764390 945
1764400 947
1764410 949
1764420 949
1764430 950
1764440 951
1764450 951
1764460 953
1764470 956
1764480 956
1764490 956
1764500 957
1764510 957
1764520 958
1764530 959
1764540 959
1764550 960
1764560 960
1764570 960
1764580 961
1764590 961
1764600 961
1764610 962
1764620 963
1764630 963
1764640 963
1764650 965
1764660 965
1764670 965
1764680 965
1764690 966
1764700 966
1764710 966
1764720 966
1764730 966
1764740 967
1764750 967
1764760 967
1764770 967
1764780 966
1764790 966
1764800 966
1764810 967
1764820 967
1764830 967
1764840 967
1764850 967
1764860 966
1764870 966
1764880 966
1764890 966
1764900 966
1764910 966
1764920 966
1764930 965
1764940 965
1764950 965
1764960 964
1764970 964
1764980 964
1764990 964
1765000 964
1765010 964
1765020 964
1765030 963
1765040 963
1765050 963
1765060 963
1765070 963
1765080 963
1765090 963
1765100 963
1765110 963
1765120 964
1765130 964
1765140 965
1765150 965
1765160 965
1765170 965
1765180 966
1765190 966
1765200 966
1765210 966
1765220 966
1765230 966
1765240 967
1765250 967
1765260 967
1765270 967
1765280 967
1765290 967
1765300 966
1765310 966
1765320 965
1765330 964
1765340 962
1765350 962
1765360 959
1765370 955
1765380 955
1765390 952
1765400 950
1765410 950
1765420 946
1765430 943
1765440 943
1765450 942
1765460 939
1765470 939
1765480 938
1765490 935
1765500 935
1765510 933
1765520 931
1765530 933
1765540 930
1765550 928
1765560 928
1765570 925
1765580 922
1765590 922
1765600 919
1765610 915
1765620 915
1765630 913
1765640 910
1765650 910
1765660 908
1765670 904
1765680 901
1765690 901
1765700 898
1765710 896
1765720 896
1765730 893
1765740 891
1765750 891
1765760 888
1765770 886
1765780 886
1765790 884
1765800 882
1765810 882
1765820 880
1765830 878
1765840 878
1765850 875
1765860 874
1765870 874
1765880 873
1765890 871
1765900 871
1765910 873
1765920 875
1765930 875
1765940 875
1765950 875
1765960 875
1765970 874
1765980 874
1765990 874
1766000 874
1766010 875
1766020 875
1766030 875
1766040 874
1766050 874
1766060 874
1766070 874
1766080 875
1766090 875
1766100 876
1766110 877
1766120 877
1766130 878
1766140 878
1766150 878
1766160 879
1766170 880
1766180 880
1766190 880
1766200 880
1766210 880
1766220 881
1766230 882
1766240 882
1766250 882
1766260 878
1766270 878
1766280 881
1766290 881
1766300 881
1766310 882
1766320 882
1766330 882
1766340 882
1766350 882
1766360 881
1766370 881
1766380 881
1766390 881
1766400 881
1766410 881
1766420 881
1766430 881
1766440 881
1766450 881
1766460 881
1766470 881
1766480 882
1766490 882
1766500 882
1766510 881
1766520 881
1766530 880
1766540 879
1766550 879
1766560 877
1766570 875
1766580 875
1766590 873
1766600 870
1766610 870
1766620 868
1766630 866
1766640 864
1766650 864
1766660 863
1766670 861
1766680 861
1766690 859
1766700 857
1766710 857
1766720 855
1766730 853
1766740 853
1766750 851
1766760 849
1766770 849
1766780 846
1766790 843
1766800 843
1766810 839
1766820 835
1766830 835
1766840 830
1766850 825
1766860 824
1766870 819
1766880 810
1766890 810
1766900 813
1766910 816
1766920 816
1766930 818
1766940 819
1766950 819
1766960 822
1766970 824
1766980 827
1766990 827
1767000 831
1767010 834
1767020 834
1767030 837
1767040 839
1767050 839
1767060 842
1767070 845
1767080 845
1767090 847
1767100 850
1767110 850
1767120 853
1767130 856
1767140 856
1767150 859
1767160 861
1767170 861
1767180 863
1767190 867
1767200 867
1767210 870
1767220 872
1767230 872
1767240 875
1767250 879
1767260 879
1767270 881
1767280 884
1767290 886
1767300 886
1767310 888
1767320 890
1767330 890
1767340 891
1767350 892
1767360 892
1767370 892
1767380 891
1767390 891
1767400 890
1767410 888
1767420 888
1767430 885
1767440 883
1767450 883
1767460 880
1767470 878
1767480 878
1767490 875
1767500 873
1767510 873
1767520 870
1767530 866
1767540 866
1767550 863
1767560 859
1767570 859
1767580 849
1767590 840
1767600 840
1767610 832
1767620 826
1767630 819
1767640 819
1767650 814
1767660 809
1767670 809
1767680 806
1767690 802
1767700 802
1767710 795
1767720 798
1767730 798
1767740 799
1767750 801
1767760 801
1767770 805
1767780 810
1767790 810
1767800 815
1767810 818
1767820 818
1767830 821
1767840 823
1767850 823
1767860 826
1767870 827
1767880 827
1767890 830
1767900 835
1767910 835
1767920 840
1767930 844
1767940 847
1767950 847
1767960 850
1767970 853
1767980 853
1767990 858
1768000 861
1768010 861
1768020 865
1768030 870
1768040 870
1768050 874
1768060 877
1768070 877
1768080 881
1768090 886
1768100 886
1768110 887
1768120 890
1768130 890
1768140 892
1768150 896
1768160 896
1768170 899
1768180 903
1768190 903
1768200 908
1768210 912
1768220 912
1768230 917
1768240 922
1768250 922
1768260 927
1768270 931
1768280 935
1768290 935
1768300 940
1768310 942
1768320 942
1768330 948
1768340 953
1768350 953
1768360 958
1768370 962
1768380 962
1768390 967
1768400 972
1768410 972
1768420 976
1768430 979
1768440 979
1768450 984
1768460 988
1768470 988
1768480 993
1768490 996
1768500 996
1768510 1000
1768520 1004
1768530 1004
1768540 1007
1768550 1010
1768560 1010
1768570 1013
1768580 1016
1768590 1019
1768600 1019
1768610 1022
1768620 1025
1768630 1025
1768640 1028
1768650 1031
1768660 1031
1768670 1033
1768680 1035
1768690 1035
1768700 1037
1768710 1037
1768720 1037
1768730 1037
1768740 1036
1768750 1036
1768760 1034
1768770 1032
1768780 1032
1768790 1029
1768800 1027
1768810 1027
1768820 1025
1768830 1023
1768840 1023
1768850 1022
1768860 1020
1768870 1020
1768880 1018
1768890 1016
1768900 1016
1768910 1014
1768920 1013
1768930 1011
1768940 1011
1768950 1010
1768960 1008
1768970 1008
1768980 1006
1768990 1004
1769000 1004
1769010 1002
1769020 1001
1769030 1001
1769040 999
1769050 997
1769060 997
1769070 996
1769080 994
1769090 994
1769100 991
1769110 990
1769120 990
1769130 988
1769140 987
1769150 987
1769160 986
1769170 985
1769180 985
1769190 984
1769200 983
1769210 983
1769220 982
1769230 981
1769240 980
1769250 980
1769260 980
1769270 980
1769280 980
1769290 980
1769300 979
1769310 979
1769320 980
1769330 980
1769340 980
1769350 979
1769360 978
1769370 978
1769380 978
1769390 976
1769400 976
1769410 975
1769420 974
1769430 974
1769440 972
1769450 970
1769460 971
1769470 969
1769480 967
1769490 967
1769500 964
1769510 962
1769520 962
1769530 960
1769540 958
1769550 958
1769560 956
1769570 955
1769580 954
1769590 954
1769600 952
1769610 950
1769620 950
1769630 948
1769640 946
1769650 946
1769660 943
1769670 942
1769680 942
1769690 940
1769700 937
1769710 937
1769720 935
1769730 932
1769740 932
1769750 929
1769760 926
1769770 926
1769780 922
1769790 918
1769800 918
1769810 915
1769820 911
1769830 911
1769840 906
1769850 901
1769860 901
1769870 895
1769880 889
1769890 884
1769900 884
1769910 878
1769920 874
1769930 874
1769940 870
1769950 867
1769960 867
1769970 864
1769980 861
1769990 861
1770000 858
1770010 854
1770020 854
1770030 851
1770040 847
1770050 847
1770060 843
1770070 839
1770080 839
1770090 833
1770100 829
1770110 829
1770120 823
1770130 817
1770140 817
1770150 815
1770160 813
1770170 813
1770180 812
1770190 811
1770200 811
1770210 813
1770220 814
1770230 815
1770240 815
1770250 815
1770260 818
1770270 818
1770280 821
1770290 824
1770300 824
1770310 827
1770320 830
1770330 830
1770340 833
1770350 834
1770360 834
1770370 836
1770380 839
1770390 839
1770400 841
1770410 840
1770420 840
1770430 840
1770440 841
1770450 841
1770460 843
1770470 844
1770480 844
1770490 847
1770500 849
1770510 849
1770520 851
1770530 852
1770540 854
1770550 854
1770560 856
1770570 858
1770580 858
1770590 859
1770600 861
1770610 861
1770620 863
1770630 864
1770640 864
1770650 866
1770660 867
1770670 867
1770680 868
1770690 869
1770700 869
1770710 870
1770720 872
1770730 875
1770740 877
1770750 880
1770760 880
1770770 882
1770780 884
1770790 884
1770800 885
1770810 886
1770820 886
1770830 887
1770840 888
1770850 888
1770860 891
1770870 893
1770880 895
1770890 895
1770900 897
1770910 898
1770920 898
1770930 898
1770940 898
1770950 898
1770960 895
1770970 891
1770980 891
1770990 884
1771000 878
1771010 878
1771020 873
1771030 867
1771040 867
1771050 861
1771060 854
1771070 854
1771080 849
1771090 843
1771100 843
1771110 837
1771120 832
1771130 832
1771140 827
1771150 822
1771160 822
1771170 816
1771180 809
1771190 800
1771200 800
1771210 791
1771220 783
1771230 783
1771240 775
1771250 768
1771260 768
1771270 760
1771280 753
1771290 753
1771300 746
1771310 739
1771320 739
1771330 732
1771340 727
1771350 727
1771360 720
1771370 713
1771380 713
1771390 706
1771400 702
1771410 702
1771420 694
1771430 688
1771440 688
1771450 682
1771460 677
1771470 677
1771480 671
1771490 664
1771500 658
1771510 658
1771520 658
1771530 657
1771540 657
1771550 657
1771560 659
1771570 659
1771580 661
1771590 663
1771600 663
1771610 665
1771620 671
1771630 671
1771640 680
1771650 685
1771660 685
1771670 690
1771680 694
1771690 694
1771700 700
1771710 704
1771720 704
1771730 706
1771740 710
1771750 710
1771760 712
1771770 719
1771780 719
1771790 729
1771800 733
1771810 733
1771820 737
1771830 743
1771840 748
1771850 748
1771860 754
1771870 760
1771880 760
1771890 766
1771900 771
1771910 771
1771920 776
1771930 782
1771940 782
1771950 786
1771960 791
1771970 791
1771980 797
1771990 802
1772000 802
1772010 807
1772020 810
1772030 810
1772040 814
1772050 818
1772060 818
1772070 822
1772080 825
1772090 825
1772100 829
1772110 832
1772120 832
1772130 834
1772140 837
1772150 839
1772160 839
1772170 842
1772180 844
1772190 844
1772200 845
1772210 847
1772220 847
1772230 848
1772240 850
1772250 850
1772260 851
1772270 852
1772280 852
1772290 853
1772300 854
1772310 854
1772320 855
1772330 856
1772340 856
1772350 857
1772360 856
1772370 856
1772380 857
1772390 857
1772400 857
1772410 856
1772420 856
1772430 856
1772440 856
1772450 855
1772460 855
1772470 854
1772480 852
1772490 848
1772500 848
1772510 844
1772520 841
1772530 841
1772540 839
1772550 836
1772560 836
1772570 834
1772580 833
1772590 833
1772600 833
1772610 834
1772620 834
1772630 835
1772640 837
1772650 837
1772660 838
1772670 838
1772680 838
1772690 838
1772700 837
1772710 837
1772720 837
1772730 836
1772740 836
1772750 837
1772760 838
1772770 838
1772780 839
1772790 840
1772800 841
1772810 841
1772820 841
1772830 839
1772840 839
1772850 837
1772860 834
1772870 834
1772880 828
1772890 822
1772900 822
1772910 815
1772920 812
1772930 812
1772940 813
1772950 814
1772960 814
1772970 815
1772980 818
1772990 818
1773000 819
1773010 823
1773020 823
1773030 825
1773040 824
1773050 824
1773060 819
1773070 814
1773080 814
1773090 809
1773100 802
1773110 802
1773120 797
1773130 793
1773140 788
1773150 788
1773160 784
1773170 779
1773180 779
1773190 773
1773200 769
1773210 769
1773220 766
1773230 759
1773240 765
1773250 761
1773260 758
1773270 758
1773280 754
1773290 750
1773300 750
1773310 748
1773320 745
1773330 745
1773340 741
1773350 735
1773360 735
1773370 730
1773380 725
1773390 725
1773400 722
1773410 721
1773420 721
1773430 721
1773440 721
1773450 722
1773460 722
1773470 722
1773480 723
1773490 723
1773500 725
1773510 727
1773520 727
1773530 732
1773540 736
1773550 736
1773560 741
1773570 745
1773580 745
1773590 749
1773600 751
1773610 751
1773620 752
1773630 753
1773640 753
1773650 757
1773660 763
1773670 763
1773680 769
1773690 775
1773700 775
1773710 782
1773720 788
1773730 788
1773740 794
1773750 799
1773760 799
1773770 805
1773780 810
1773790 816
1773800 816
1773810 822
1773820 828
1773830 828
1773840 834
1773850 841
1773860 841
1773870 847
1773880 854
1773890 854
1773900 860
1773910 866
1773920 866
1773930 872
1773940 877
1773950 877
1773960 882
1773970 887
1773980 887
1773990 893
1774000 898
1774010 898
1774020 902
1774030 904
1774040 904
1774050 905
1774060 908
1774070 908
1774080 911
1774090 914
1774100 918
1774110 918
1774120 921
1774130 924
1774140 924
1774150 927
1774160 930
1774170 930
1774180 932
1774190 935
1774200 935
1774210 938
1774220 940
1774230 940
1774240 943
1774250 946
1774260 946
1774270 948
1774280 949
1774290 949
1774300 952
1774310 954
1774320 954
1774330 956
1774340 958
1774350 958
1774360 960
1774370 962
1774380 962
1774390 964
1774400 965
1774410 965
1774420 968
1774430 969
1774440 971
1774450 971
1774460 973
1774470 972
1774480 972
1774490 974
1774500 977
1774510 977
1774520 980
1774530 982
1774540 982
1774550 985
1774560 987
1774570 987
1774580 990
1774590 992
1774600 992
1774610 994
1774620 997
1774630 997
1774640 998
1774650 998
1774660 998
1774670 998
1774680 998
1774690 998
1774700 999
1774710 1000
1774720 1000
1774730 1001
1774740 1003
1774750 1004
1774760 1004
1774770 1006
1774780 1008
1774790 1008
1774800 1010
1774810 1011
1774820 1011
1774830 1013
1774840 1015
1774850 1015
1774860 1017
1774870 1019
1774880 1019
1774890 1020
1774900 1021
1774910 1021
1774920 1023
1774930 1024
1774940 1024
1774950 1026
1774960 1028
1774970 1028
1774980 1031
1774990 1034
1775000 1034
1775010 1037
1775020 1040
1775030 1040
1775040 1043
1775050 1046
1775060 1046
1775070 1049
1775080 1053
1775090 1054
1775100 1054
1775110 1058
1775120 1061
1775130 1061
1775140 1064
1775150 1066
1775160 1066
1775170 1069
1775180 1071
1775190 1071
1775200 1074
1775210 1076
1775220 1076
1775230 1079
1775240 1082
1775250 1082
1775260 1085
1775270 1088
1775280 1088
1775290 1090
1775300 1092
1775310 1092
1775320 1094
1775330 1097
1775340 1097
1775350 1099
1775360 1100
1775370 1100
1775380 1101
1775390 1103
1775400 1104
1775410 1104
1775420 1106
1775430 1108
1775440 1108
1775450 1109
1775460 1110
1775470 1110
1775480 1112
1775490 1114
1775500 1114
1775510 1116
1775520 1118
1775530 1118
1775540 1120
1775550 1122
1775560 1122
1775570 1124
1775580 1126
1775590 1126
1775600 1128
1775610 1130
1775620 1130
1775630 1132
1775640 1134
1775650 1134
1775660 1135
1775670 1137
1775680 1134
1775690 1135
1775700 1137
1775710 1137
1775720 1139
1775730 1141
1775740 1143
1775750 1143
1775760 1144
1775770 1146
1775780 1146
1775790 1148
1775800 1149
1775810 1149
1775820 1150
1775830 1152
1775840 1152
1775850 1154
1775860 1155
1775870 1155
1775880 1157
1775890 1158
1775900 1158
1775910 1159
1775920 1162
1775930 1162
1775940 1163
1775950 1165
1775960 1165
1775970 1167
1775980 1168
1775990 1168
1776000 1170
1776010 1171
1776020 1171
1776030 1174
1776040 1175
1776050 1177
1776060 1177
1776070 1179
1776080 1181
1776090 1181
1776100 1182
1776110 1184
1776120 1184
1776130 1186
1776140 1188
1776150 1188
1776160 1191
1776170 1193
1776180 1193
1776190 1194
1776200 1196
1776210 1196
1776220 1199
1776230 1201
1776240 1201
1776250 1203
1776260 1205
1776270 1205
1776280 1207
1776290 1209
1776300 1209
1776310 1211
1776320 1213
1776330 1213
1776340 1215
1776350 1216
1776360 1216
1776370 1218
1776380 1220
1776390 1221
1776400 1221
1776410 1223
1776420 1224
1776430 1224
1776440 1226
1776450 1227
1776460 1227
1776470 1228
1776480 1230
1776490 1230
1776500 1231
1776510 1232
1776520 1232
1776530 1232
1776540 1233
1776550 1233
1776560 1234
1776570 1235
1776580 1235
1776590 1236
1776600 1236
1776610 1236
1776620 1236
1776630 1237
1776640 1237
1776650 1237
1776660 1237
1776670 1237
1776680 1237
1776690 1237
1776700 1237
1776710 1237
1776720 1237
1776730 1237
1776740 1237
1776750 1237
1776760 1237
1776770 1237
1776780 1236
1776790 1236
1776800 1236
1776810 1235
1776820 1235
1776830 1235
1776840 1235
1776850 1235
1776860 1235
1776870 1235
1776880 1236
1776890 1236
1776900 1236
1776910 1236
1776920 1236
1776930 1235
1776940 1235
1776950 1235
1776960 1235
1776970 1234
1776980 1234
1776990 1233
1777000 1233
1777010 1233
1777020 1232
1777030 1231
1777040 1229
1777050 1229
1777060 1228
1777070 1226
1777080 1226
1777090 1223
1777100 1221
1777110 1221
1777120 1218
1777130 1215
1777140 1215
1777150 1212
1777160 1211
1777170 1211
1777180 1211
1777190 1211
1777200 1211
1777210 1211
1777220 1212
1777230 1212
1777240 1212
1777250 1214
1777260 1214
1777270 1215
1777280 1216
1777290 1216
1777300 1217
1777310 1219
1777320 1219
1777330 1221
1777340 1223
1777350 1224
1777360 1224
1777370 1226
1777380 1228
1777390 1228
1777400 1229
1777410 1231
1777420 1231
1777430 1232
1777440 1233
1777450 1233
1777460 1234
1777470 1235
1777480 1235
1777490 1237
1777500 1238
1777510 1238
1777520 1238
1777530 1239
1777540 1239
1777550 1241
1777560 1242
1777570 1242
1777580 1244
1777590 1245
1777600 1245
1777610 1245
1777620 1246
1777630 1246
1777640 1247
1777650 1248
1777660 1248
1777670 1249
1777680 1250
1777690 1250
1777700 1250
1777710 1251
1777720 1251
1777730 1251
1777740 1251
1777750 1252
1777760 1252
1777770 1252
1777780 1253
1777790 1253
1777800 1253
1777810 1254
1777820 1254
1777830 1254
1777840 1255
1777850 1255
1777860 1255
1777870 1256
1777880 1256
1777890 1256
1777900 1257
1777910 1257
1777920 1257
1777930 1257
1777940 1257
1777950 1258
1777960 1258
1777970 1258
1777980 1258
1777990 1258
1778000 1258
1778010 1258
1778020 1258
1778030 1257
1778040 1257
1778050 1258
1778060 1258
1778070 1261
1778080 1261
1778090 1261
1778100 1261
1778110 1262
1778120 1263
1778130 1263
1778140 1264
1778150 1265
1778160 1265
1778170 1266
1778180 1267
1778190 1267
1778200 1269
1778210 1269
1778220 1269
1778230 1270
1778240 1270
1778250 1270
1778260 1271
1778270 1272
1778280 1272
1778290 1273
1778300 1273
1778310 1273
1778320 1274
1778330 1274
1778340 1275
1778350 1275
1778360 1275
1778370 1276
1778380 1276
1778390 1277
1778400 1278
1778410 1278
1778420 1278
1778430 1278
1778440 1278
1778450 1278
1778460 1278
1778470 1278
1778480 1278
1778490 1278
1778500 1278
1778510 1279
1778520 1279
1778530 1279
1778540 1279
1778550 1279
1778560 1279
1778570 1280
1778580 1280
1778590 1280
1778600 1280
1778610 1281
1778620 1281
1778630 1281
1778640 1282
1778650 1283
1778660 1283
1778670 1283
1778680 1283
1778690 1283
1778700 1284
1778710 1285
1778720 1285
1778730 1286
1778740 1287
1778750 1287
1778760 1288
1778770 1289
1778780 1289
1778790 1291
1778800 1292
1778810 1292
1778820 1293
1778830 1294
1778840 1294
1778850 1296
1778860 1297
1778870 1297
1778880 1298
1778890 1299
1778900 1299
1778910 1300
1778920 1301
1778930 1301
1778940 1301
1778950 1302
1778960 1302
1778970 1303
1778980 1303
1778990 1303
1779000 1303
1779010 1304
1779020 1304
1779030 1304
1779040 1303
1779050 1303
1779060 1303
1779070 1303
1779080 1302
1779090 1302
1779100 1301
1779110 1301
1779120 1301
1779130 1300
1779140 1300
1779150 1300
1779160 1300
1779170 1299
1779180 1299
1779190 1299
1779200 1299
1779210 1299
1779220 1298
1779230 1298
1779240 1298
1779250 1299
1779260 1299
1779270 1299
1779280 1299
1779290 1300
1779300 1301
1779310 1301
1779320 1301
1779330 1302
1779340 1302
1779350 1303
1779360 1304
1779370 1304
1779380 1304
1779390 1305
1779400 1305
1779410 1306
1779420 1307
1779430 1307
1779440 1307
1779450 1308
1779460 1308
1779470 1308
1779480 1307
1779490 1307
1779500 1307
1779510 1307
1779520 1307
1779530 1307
1779540 1306
1779550 1306
1779560 1307
1779570 1307
1779580 1307
1779590 1307
1779600 1307
1779610 1307
1779620 1306
1779630 1305
1779640 1304
1779650 1304
1779660 1303
1779670 1300
1779680 1300
1779690 1298
1779700 1295
1779710 1295
1779720 1292
1779730 1290
1779740 1290
1779750 1287
1779760 1285
1779770 1285
1779780 1283
1779790 1280
1779800 1280
1779810 1278
1779820 1276
1779830 1276
1779840 1273
1779850 1271
1779860 1271
1779870 1268
1779880 1266
1779890 1266
1779900 1264
1779910 1261
1779920 1261
1779930 1259
1779940 1257
1779950 1255
1779960 1255
1779970 1252
1779980 1249
1779990 1249
