1700000 944
1700010 938
1700020 938
1700030 931
1700040 925
1700050 925
1700060 919
1700070 914
1700080 908
1700090 908
1700100 903
1700110 898
1700120 898
1700130 893
1700140 888
1700150 888
1700160 883
1700170 880
1700180 880
1700190 875
1700200 872
1700210 872
1700220 870
1700230 869
1700240 869
1700250 867
1700260 865
1700270 865
1700280 864
1700290 863
1700300 863
1700310 862
1700320 861
1700330 861
1700340 859
1700350 859
1700360 859
1700370 860
1700380 857
1700390 854
1700400 852
1700410 849
1700420 845
1700430 845
1700440 844
1700450 841
1700460 841
1700470 839
1700480 837
1700490 837
1700500 833
1700510 829
1700520 829
1700530 825
1700540 822
1700550 822
1700560 821
1700570 821
1700580 821
1700590 822
1700600 821
1700610 821
1700620 821
1700630 822
1700640 822
1700650 823
1700660 824
1700670 824
1700680 826
1700690 827
1700700 827
1700710 829
1700720 829
1700730 827
1700740 827
1700750 824
1700760 818
1700770 818
1700780 812
1700790 805
1700800 805
1700810 798
1700820 791
1700830 791
1700840 786
1700850 781
1700860 781
1700870 776
1700880 773
1700890 773
1700900 768
1700910 764
1700920 764
1700930 759
1700940 755
1700950 755
1700960 754
1700970 749
1700980 749
1700990 744
1701000 738
1701010 738
1701020 734
1701030 731
1701040 729
1701050 729
1701060 726
1701070 725
1701080 725
1701090 723
1701100 722
1701110 722
1701120 720
1701130 719
1701140 719
1701150 719
1701160 717
1701170 717
1701180 715
1701190 712
1701200 712
1701210 710
1701220 707
1701230 707
1701240 704
1701250 703
1701260 703
1701270 701
1701280 697
1701290 697
1701300 695
1701310 693
1701320 693
1701330 691
1701340 691
1701350 691
1701360 688
1701370 685
1701380 679
1701390 679
1701400 676
1701410 673
1701420 673
1701430 675
1701440 678
1701450 678
1701460 683
1701470 688
1701480 688
1701490 695
1701500 702
1701510 702
1701520 704
1701530 709
1701540 709
1701550 713
1701560 715
1701570 715
1701580 716
1701590 715
1701600 715
1701610 713
1701620 714
1701630 714
1701640 715
1701650 714
1701660 714
1701670 712
1701680 711
1701690 709
1701700 709
1701710 708
1701720 706
1701730 706
1701740 704
1701750 702
1701760 702
1701770 700
1701780 698
1701790 698
1701800 697
1701810 695
1701820 695
1701830 692
1701840 692
1701850 692
1701860 692
1701870 692
1701880 692
1701890 691
1701900 691
1701910 691
1701920 689
1701930 688
1701940 688
1701950 686
1701960 685
1701970 685
1701980 684
1701990 683
1702000 683
1702010 682
1702020 681
1702030 679
1702040 679
1702050 678
1702060 676
1702070 676
1702080 675
1702090 675
1702100 675
1702110 675
1702120 674
1702130 674
1702140 673
1702150 672
1702160 672
1702170 671
1702180 671
1702190 671
1702200 672
1702210 670
1702220 670
1702230 669
1702240 669
1702250 669
1702260 668
1702270 666
1702280 666
1702290 665
1702300 665
1702310 665
1702320 666
1702330 666
1702340 666
1702350 665
1702360 665
1702370 663
1702380 663
1702390 661
1702400 659
1702410 659
1702420 659
1702430 659
1702440 659
1702450 657
1702460 658
1702470 658
1702480 656
1702490 657
1702500 657
1702510 658
1702520 658
1702530 658
1702540 657
1702550 656
1702560 656
1702570 655
1702580 654
1702590 654
1702600 654
1702610 654
1702620 654
1702630 654
1702640 653
1702650 653
1702660 653
1702670 653
1702680 653
1702690 653
1702700 653
1702710 653
1702720 653
1702730 650
1702740 650
1702750 650
1702760 648
1702770 648
1702780 648
1702790 647
1702800 646
1702810 646
1702820 642
1702830 642
1702840 642
1702850 641
1702860 639
1702870 639
1702880 639
1702890 637
1702900 637
1702910 636
1702920 636
1702930 636
1702940 636
1702950 635
1702960 635
1702970 635
1702980 635
1702990 635
1703000 636
1703010 636
1703020 635
1703030 635
1703040 636
1703050 637
1703060 637
1703070 637
1703080 637
1703090 637
1703100 638
1703110 638
1703120 638
1703130 639
1703140 639
1703150 639
1703160 640
1703170 640
1703180 640
1703190 640
1703200 640
1703210 640
1703220 640
1703230 641
1703240 641
1703250 641
1703260 641
1703270 641
1703280 641
1703290 644
1703300 644
1703310 645
1703320 645
1703330 645
1703340 645
1703350 645
1703360 645
1703370 645
1703380 645
1703390 644
1703400 644
1703410 644
1703420 643
1703430 643
1703440 643
1703450 644
1703460 644
1703470 644
1703480 645
1703490 645
1703500 645
1703510 645
1703520 645
1703530 644
1703540 644
1703550 644
1703560 644
1703570 645
1703580 645
1703590 645
1703600 645
1703610 645
1703620 645
1703630 644
1703640 644
1703650 644
1703660 644
1703670 644
1703680 644
1703690 644
1703700 643
1703710 643
1703720 643
1703730 641
1703740 641
1703750 641
1703760 640
1703770 640
1703780 639
1703790 638
1703800 638
1703810 638
1703820 636
1703830 636
1703840 634
1703850 634
1703860 634
1703870 633
1703880 634
1703890 634
1703900 633
1703910 632
1703920 632
1703930 631
1703940 630
1703950 630
1703960 628
1703970 628
1703980 627
1703990 627
1704000 627
1704010 626
1704020 626
1704030 625
1704040 624
1704050 624
1704060 622
1704070 621
1704080 621
1704090 621
1704100 619
1704110 619
1704120 617
1704130 617
1704140 617
1704150 616
1704160 614
1704170 614
1704180 612
1704190 610
1704200 610
1704210 609
1704220 607
1704230 607
1704240 605
1704250 604
1704260 604
1704270 602
1704280 600
1704290 600
1704300 598
1704310 598
1704320 598
1704330 595
1704340 593
1704350 592
1704360 592
1704370 591
1704380 591
1704390 591
1704400 591
1704410 590
1704420 590
1704430 589
1704440 590
1704450 590
1704460 587
1704470 585
1704480 585
1704490 583
1704500 583
1704510 583
1704520 583
1704530 583
1704540 583
1704550 583
1704560 582
1704570 582
1704580 580
1704590 580
1704600 580
1704610 580
1704620 579
1704630 579
1704640 580
1704650 580
1704660 579
1704670 579
1704680 579
1704690 578
1704700 578
1704710 578
1704720 577
1704730 577
1704740 577
1704750 579
1704760 579
1704770 579
1704780 580
1704790 580
1704800 584
1704810 583
1704820 583
1704830 586
1704840 587
1704850 587
1704860 585
1704870 586
1704880 586
1704890 585
1704900 585
1704910 585
1704920 584
1704930 584
1704940 584
1704950 584
1704960 584
1704970 584
1704980 584
1704990 585
1705000 584
1705010 584
1705020 584
1705030 583
1705040 583
1705050 583
1705060 583
1705070 583
1705080 583
1705090 584
1705100 584
1705110 584
1705120 584
1705130 584
1705140 584
1705150 584
1705160 584
1705170 583
1705180 583
1705190 583
1705200 583
1705210 583
1705220 583
1705230 583
1705240 583
1705250 583
1705260 582
1705270 582
1705280 582
1705290 582
1705300 582
1705310 582
1705320 582
1705330 581
1705340 582
1705350 582
1705360 582
1705370 583
1705380 583
1705390 583
1705400 583
1705410 583
1705420 584
1705430 584
1705440 584
1705450 585
1705460 585
1705470 585
1705480 585
1705490 586
1705500 586
1705510 586
1705520 586
1705530 586
1705540 586
1705550 586
1705560 586
1705570 586
1705580 586
1705590 586
1705600 586
1705610 585
1705620 585
1705630 585
1705640 584
1705650 583
1705660 583
1705670 582
1705680 581
1705690 581
1705700 580
1705710 578
1705720 578
1705730 577
1705740 576
1705750 576
1705760 576
1705770 576
1705780 576
1705790 574
1705800 573
1705810 573
1705820 572
1705830 571
1705840 571
1705850 570
1705860 569
1705870 569
1705880 569
1705890 566
1705900 566
1705910 566
1705920 565
1705930 565
1705940 565
1705950 564
1705960 562
1705970 562
1705980 561
1705990 560
1706000 560
1706010 556
1706020 555
1706030 555
1706040 557
1706050 557
1706060 557
1706070 557
1706080 557
1706090 557
1706100 555
1706110 555
1706120 555
1706130 555
1706140 556
1706150 556
1706160 557
1706170 558
1706180 558
1706190 558
1706200 558
1706210 558
1706220 558
1706230 558
1706240 558
1706250 558
1706260 558
1706270 558
1706280 558
1706290 559
1706300 559
1706310 559
1706320 562
1706330 562
1706340 562
1706350 564
1706360 565
1706370 565
1706380 565
1706390 566
1706400 566
1706410 566
1706420 569
1706430 569
1706440 569
1706450 569
1706460 569
1706470 568
1706480 569
1706490 569
1706500 569
1706510 569
1706520 569
1706530 569
1706540 569
1706550 569
1706560 569
1706570 569
1706580 569
1706590 570
1706600 570
1706610 570
1706620 570
1706630 568
1706640 567
1706650 567
1706660 566
1706670 566
1706680 566
1706690 565
1706700 565
1706710 565
1706720 565
1706730 564
1706740 564
1706750 564
1706760 563
1706770 563
1706780 562
1706790 561
1706800 561
1706810 560
1706820 561
1706830 561
1706840 562
1706850 562
1706860 562
1706870 562
1706880 562
1706890 562
1706900 562
1706910 561
1706920 561
1706930 561
1706940 561
1706950 561
1706960 561
1706970 559
1706980 559
1706990 559
1707000 560
1707010 562
1707020 562
1707030 562
1707040 562
1707050 562
1707060 562
1707070 562
1707080 562
1707090 561
1707100 561
1707110 561
1707120 561
1707130 561
1707140 561
1707150 562
1707160 561
1707170 561
1707180 561
1707190 561
1707200 561
1707210 560
1707220 560
1707230 560
1707240 559
1707250 559
1707260 559
1707270 559
1707280 559
1707290 559
1707300 559
1707310 559
1707320 559
1707330 559
1707340 558
1707350 558
1707360 558
1707370 558
1707380 557
1707390 557
1707400 557
1707410 557
1707420 557
1707430 556
1707440 556
1707450 556
1707460 556
1707470 556
1707480 556
1707490 555
1707500 555
1707510 555
1707520 555
1707530 554
1707540 554
1707550 554
1707560 554
1707570 554
1707580 554
1707590 554
1707600 553
1707610 553
1707620 553
1707630 553
1707640 553
1707650 553
1707660 553
1707670 553
1707680 552
1707690 552
1707700 552
1707710 552
1707720 552
1707730 552
1707740 551
1707750 551
1707760 551
1707770 551
1707780 551
1707790 551
1707800 548
1707810 547
1707820 547
1707830 550
1707840 549
1707850 549
1707860 549
1707870 548
1707880 548
1707890 548
1707900 548
1707910 547
1707920 547
1707930 547
1707940 547
1707950 547
1707960 547
1707970 546
1707980 546
1707990 547
1708000 547
1708010 547
1708020 548
1708030 548
1708040 548
1708050 549
1708060 549
1708070 549
1708080 550
1708090 550
1708100 550
1708110 549
1708120 549
1708130 549
1708140 549
1708150 549
1708160 549
1708170 549
1708180 548
1708190 548
1708200 548
1708210 548
1708220 548
1708230 547
1708240 547
1708250 546
1708260 546
1708270 546
1708280 547
1708290 547
1708300 547
1708310 547
1708320 547
1708330 547
1708340 546
1708350 546
1708360 546
1708370 545
1708380 545
1708390 544
1708400 544
1708410 544
1708420 543
1708430 543
1708440 543
1708450 543
1708460 543
1708470 543
1708480 543
1708490 543
1708500 543
1708510 543
1708520 543
1708530 543
1708540 542
1708550 542
1708560 542
1708570 542
1708580 542
1708590 542
1708600 542
1708610 542
1708620 542
1708630 542
1708640 542
1708650 542
1708660 542
1708670 541
1708680 541
1708690 541
1708700 541
1708710 541
1708720 541
1708730 541
1708740 541
1708750 541
1708760 540
1708770 540
1708780 540
1708790 540
1708800 540
1708810 540
1708820 540
1708830 540
1708840 540
1708850 539
1708860 539
1708870 539
1708880 539
1708890 539
1708900 539
1708910 539
1708920 539
1708930 538
1708940 538
1708950 538
1708960 538
1708970 538
1708980 538
1708990 538
1709000 538
1709010 537
1709020 537
1709030 537
1709040 536
1709050 536
1709060 536
1709070 536
1709080 535
1709090 535
1709100 535
1709110 535
1709120 535
1709130 535
1709140 534
1709150 534
1709160 534
1709170 534
1709180 534
1709190 534
1709200 534
1709210 533
1709220 533
1709230 533
1709240 533
1709250 533
1709260 532
1709270 532
1709280 532
1709290 532
1709300 532
1709310 532
1709320 532
1709330 531
1709340 531
1709350 532
1709360 532
1709370 532
1709380 532
1709390 532
1709400 532
1709410 532
1709420 533
1709430 533
1709440 533
1709450 533
1709460 533
1709470 533
1709480 533
1709490 533
1709500 532
1709510 533
1709520 533
1709530 533
1709540 532
1709550 532
1709560 532
1709570 532
1709580 532
1709590 532
1709600 533
1709610 533
1709620 533
1709630 533
1709640 533
1709650 533
1709660 533
1709670 533
1709680 533
1709690 533
1709700 533
1709710 533
1709720 533
1709730 533
1709740 533
1709750 533
1709760 533
1709770 533
1709780 533
1709790 533
1709800 533
1709810 533
1709820 533
1709830 533
1709840 534
1709850 533
1709860 533
1709870 533
1709880 533
1709890 533
1709900 533
1709910 533
1709920 533
1709930 533
1709940 533
1709950 533
1709960 533
1709970 533
1709980 533
1709990 533
1710000 533
1710010 533
1710020 533
1710030 533
1710040 533
1710050 533
1710060 532
1710070 533
1710080 533
1710090 533
1710100 532
1710110 532
1710120 532
1710130 532
1710140 532
1710150 533
1710160 532
1710170 532
1710180 532
1710190 532
1710200 532
1710210 532
1710220 532
1710230 532
1710240 532
1710250 532
1710260 532
1710270 532
1710280 532
1710290 532
1710300 532
1710310 532
1710320 532
1710330 532
1710340 532
1710350 532
1710360 532
1710370 532
1710380 532
1710390 532
1710400 532
1710410 532
1710420 532
1710430 533
1710440 534
1710450 534
1710460 534
1710470 534
1710480 534
1710490 534
1710500 534
1710510 534
1710520 534
1710530 534
1710540 534
1710550 534
1710560 534
1710570 534
1710580 534
1710590 535
1710600 535
1710610 535
1710620 535
1710630 536
1710640 536
1710650 535
1710660 535
1710670 535
1710680 535
1710690 536
1710700 536
1710710 536
1710720 536
1710730 536
1710740 536
1710750 537
1710760 537
1710770 537
1710780 537
1710790 537
1710800 537
1710810 537
1710820 537
1710830 537
1710840 537
1710850 537
1710860 537
1710870 537
1710880 537
1710890 537
1710900 538
1710910 537
1710920 537
1710930 538
1710940 539
1710950 539
1710960 536
1710970 536
1710980 536
1710990 538
1711000 538
1711010 538
1711020 538
1711030 538
1711040 538
1711050 538
1711060 538
1711070 539
1711080 538
1711090 539
1711100 539
1711110 538
1711120 538
1711130 538
1711140 538
1711150 539
1711160 539
1711170 538
1711180 538
1711190 538
1711200 538
1711210 538
1711220 538
1711230 538
1711240 538
1711250 538
1711260 538
1711270 538
1711280 538
1711290 538
1711300 538
1711310 538
1711320 538
1711330 538
1711340 538
1711350 538
1711360 538
1711370 538
1711380 538
1711390 538
1711400 538
1711410 538
1711420 538
1711430 538
1711440 538
1711450 539
1711460 538
1711470 538
1711480 538
1711490 538
1711500 538
1711510 538
1711520 538
1711530 538
1711540 538
1711550 538
1711560 537
1711570 537
1711580 536
1711590 536
1711600 536
1711610 536
1711620 534
1711630 534
1711640 533
1711650 533
1711660 533
1711670 533
1711680 534
1711690 534
1711700 533
1711710 533
1711720 533
1711730 533
1711740 534
1711750 534
1711760 533
1711770 532
1711780 532
1711790 532
1711800 531
1711810 531
1711820 531
1711830 531
1711840 531
1711850 531
1711860 531
1711870 531
1711880 531
1711890 531
1711900 531
1711910 531
1711920 531
1711930 532
1711940 532
1711950 533
1711960 532
1711970 532
1711980 532
1711990 531
1712000 531
1712010 530
1712020 530
1712030 530
1712040 531
1712050 531
1712060 531
1712070 531
1712080 530
1712090 530
1712100 530
1712110 530
1712120 530
1712130 531
1712140 530
1712150 530
1712160 530
1712170 530
1712180 530
1712190 530
1712200 530
1712210 530
1712220 530
1712230 530
1712240 530
1712250 530
1712260 531
1712270 531
1712280 531
1712290 530
1712300 530
1712310 530
1712320 530
1712330 530
1712340 530
1712350 530
1712360 530
1712370 530
1712380 530
1712390 530
1712400 530
1712410 530
1712420 530
1712430 530
1712440 530
1712450 531
1712460 531
1712470 531
1712480 531
1712490 531
1712500 531
1712510 531
1712520 531
1712530 531
1712540 531
1712550 531
1712560 531
1712570 531
1712580 531
1712590 531
1712600 531
1712610 531
1712620 531
1712630 531
1712640 531
1712650 531
1712660 531
1712670 531
1712680 531
1712690 531
1712700 531
1712710 531
1712720 531
1712730 531
1712740 531
1712750 531
1712760 531
1712770 531
1712780 531
1712790 531
1712800 531
1712810 531
1712820 532
1712830 531
1712840 531
1712850 531
1712860 531
1712870 531
1712880 531
1712890 531
1712900 531
1712910 531
1712920 531
1712930 531
1712940 532
1712950 531
1712960 531
1712970 531
1712980 531
1712990 531
1713000 531
1713010 531
1713020 531
1713030 529
1713040 529
1713050 529
1713060 529
1713070 532
1713080 532
1713090 532
1713100 532
1713110 532
1713120 531
1713130 531
1713140 532
1713150 532
1713160 532
1713170 532
1713180 532
1713190 532
1713200 532
1713210 532
1713220 532
1713230 532
1713240 532
1713250 532
1713260 532
1713270 532
1713280 532
1713290 531
1713300 531
1713310 532
1713320 532
1713330 532
1713340 532
1713350 532
1713360 532
1713370 532
1713380 532
1713390 532
1713400 532
1713410 532
1713420 532
1713430 532
1713440 532
1713450 532
1713460 532
1713470 532
1713480 531
1713490 531
1713500 532
1713510 532
1713520 532
1713530 532
1713540 532
1713550 532
1713560 536
1713570 541
1713580 541
1713590 542
1713600 542
1713610 542
1713620 542
1713630 539
1713640 539
1713650 534
1713660 533
1713670 533
1713680 533
1713690 533
1713700 533
1713710 533
1713720 533
1713730 533
1713740 533
1713750 533
1713760 533
1713770 533
1713780 532
1713790 532
1713800 532
1713810 533
1713820 533
1713830 533
1713840 533
1713850 533
1713860 533
1713870 533
1713880 533
1713890 533
1713900 533
1713910 533
1713920 533
1713930 533
1713940 533
1713950 533
1713960 533
1713970 534
1713980 534
1713990 534
1714000 535
1714010 535
1714020 535
1714030 535
1714040 535
1714050 536
1714060 536
1714070 536
1714080 536
1714090 537
1714100 537
1714110 537
1714120 538
1714130 538
1714140 538
1714150 539
1714160 539
1714170 539
1714180 539
1714190 540
1714200 540
1714210 540
1714220 540
1714230 540
1714240 540
1714250 541
1714260 541
1714270 542
1714280 543
1714290 543
1714300 543
1714310 544
1714320 544
1714330 544
1714340 545
1714350 545
1714360 545
1714370 546
1714380 546
1714390 546
1714400 546
1714410 546
1714420 547
1714430 547
1714440 547
1714450 547
1714460 548
1714470 548
1714480 548
1714490 548
1714500 549
1714510 549
1714520 549
1714530 549
1714540 549
1714550 550
1714560 550
1714570 550
1714580 550
1714590 550
1714600 550
1714610 551
1714620 551
1714630 551
1714640 551
1714650 551
1714660 551
1714670 552
1714680 553
1714690 553
1714700 553
1714710 553
1714720 553
1714730 553
1714740 553
1714750 553
1714760 555
1714770 557
1714780 558
1714790 558
1714800 559
1714810 560
1714820 560
1714830 562
1714840 564
1714850 564
1714860 567
1714870 567
1714880 567
1714890 569
1714900 571
1714910 571
1714920 573
1714930 575
1714940 575
1714950 577
1714960 580
1714970 580
1714980 582
1714990 584
1715000 584
1715010 585
1715020 585
1715030 585
1715040 585
1715050 584
1715060 584
1715070 583
1715080 582
1715090 582
1715100 581
1715110 579
1715120 578
1715130 578
1715140 577
1715150 577
1715160 577
1715170 575
1715180 575
1715190 575
1715200 575
1715210 577
1715220 577
1715230 577
1715240 577
1715250 577
1715260 577
1715270 577
1715280 577
1715290 578
1715300 578
1715310 578
1715320 578
1715330 577
1715340 577
1715350 576
1715360 577
1715370 577
1715380 576
1715390 575
1715400 575
1715410 574
1715420 574
1715430 573
1715440 573
1715450 571
1715460 569
1715470 569
1715480 567
1715490 566
1715500 566
1715510 565
1715520 565
1715530 565
1715540 566
1715550 566
1715560 566
1715570 566
1715580 566
1715590 566
1715600 566
1715610 566
1715620 566
1715630 565
1715640 565
1715650 565
1715660 564
1715670 565
1715680 565
1715690 565
1715700 565
1715710 565
1715720 565
1715730 565
1715740 565
1715750 564
1715760 564
1715770 564
1715780 564
1715790 564
1715800 564
1715810 564
1715820 565
1715830 565
1715840 565
1715850 564
1715860 564
1715870 564
1715880 564
1715890 564
1715900 564
1715910 563
1715920 563
1715930 563
1715940 563
1715950 563
1715960 563
1715970 563
1715980 563
1715990 563
1716000 563
1716010 563
1716020 563
1716030 562
1716040 560
1716050 560
1716060 562
1716070 563
1716080 563
1716090 563
1716100 564
1716110 566
1716120 566
1716130 568
1716140 569
1716150 569
1716160 570
1716170 572
1716180 572
1716190 575
1716200 577
1716210 577
1716220 581
1716230 585
1716240 585
1716250 590
1716260 595
1716270 595
1716280 600
1716290 606
1716300 606
1716310 611
1716320 616
1716330 616
1716340 621
1716350 625
1716360 625
1716370 629
1716380 631
1716390 631
1716400 635
1716410 638
1716420 639
1716430 639
1716440 641
1716450 645
1716460 645
1716470 649
1716480 653
1716490 653
1716500 656
1716510 658
1716520 658
1716530 660
1716540 662
1716550 662
1716560 665
1716570 671
1716580 671
1716590 676
1716600 681
1716610 681
1716620 686
1716630 692
1716640 692
1716650 698
1716660 704
1716670 704
1716680 711
1716690 717
1716700 717
1716710 719
1716720 720
1716730 720
1716740 720
1716750 720
1716760 720
1716770 720
1716780 720
1716790 720
1716800 720
1716810 720
1716820 720
1716830 720
1716840 720
1716850 720
1716860 718
1716870 718
1716880 718
1716890 718
1716900 719
1716910 719
1716920 719
1716930 719
1716940 720
1716950 720
1716960 720
1716970 721
1716980 721
1716990 721
1717000 721
1717010 721
1717020 721
1717030 721
1717040 721
1717050 721
1717060 720
1717070 721
1717080 721
1717090 721
1717100 721
1717110 721
1717120 720
1717130 720
1717140 720
1717150 720
1717160 718
1717170 718
1717180 716
1717190 714
1717200 714
1717210 711
1717220 708
1717230 708
1717240 705
1717250 702
1717260 702
1717270 698
1717280 696
1717290 696
1717300 693
1717310 693
1717320 693
1717330 688
1717340 694
1717350 694
1717360 698
1717370 701
1717380 704
1717390 704
1717400 708
1717410 712
1717420 712
1717430 715
1717440 717
1717450 717
1717460 723
1717470 727
1717480 727
1717490 730
1717500 734
1717510 734
1717520 739
1717530 743
1717540 743
1717550 749
1717560 752
1717570 752
1717580 757
1717590 762
1717600 762
1717610 767
1717620 772
1717630 772
1717640 776
1717650 780
1717660 780
1717670 785
1717680 790
1717690 790
1717700 794
1717710 797
1717720 801
1717730 801
1717740 805
1717750 809
1717760 809
1717770 813
1717780 818
1717790 818
1717800 819
1717810 820
1717820 820
1717830 819
1717840 820
1717850 820
1717860 820
1717870 820
1717880 820
1717890 820
1717900 820
1717910 820
1717920 821
1717930 820
1717940 820
1717950 820
1717960 819
1717970 819
1717980 817
1717990 816
1718000 816
1718010 815
1718020 815
1718030 815
1718040 813
1718050 811
1718060 809
1718070 809
1718080 806
1718090 804
1718100 804
1718110 801
1718120 799
1718130 799
1718140 797
1718150 795
1718160 795
1718170 794
1718180 792
1718190 792
1718200 790
1718210 789
1718220 789
1718230 788
1718240 787
1718250 787
1718260 785
1718270 782
1718280 782
1718290 781
1718300 782
1718310 782
1718320 781
1718330 780
1718340 780
1718350 779
1718360 778
1718370 776
1718380 776
1718390 774
1718400 772
1718410 772
1718420 771
1718430 770
1718440 770
1718450 770
1718460 770
1718470 770
1718480 769
1718490 769
1718500 769
1718510 769
1718520 770
1718530 770
1718540 770
1718550 770
1718560 770
1718570 771
1718580 771
1718590 771
1718600 771
1718610 770
1718620 770
1718630 771
1718640 773
1718650 773
1718660 769
1718670 767
1718680 767
1718690 765
1718700 764
1718710 763
1718720 763
1718730 760
1718740 762
1718750 762
1718760 758
1718770 756
1718780 756
1718790 754
1718800 752
1718810 752
1718820 750
1718830 748
1718840 748
1718850 746
1718860 743
1718870 743
1718880 740
1718890 738
1718900 738
1718910 735
1718920 732
1718930 732
1718940 730
1718950 729
1718960 729
1718970 726
1718980 724
1718990 724
1719000 722
1719010 719
1719020 716
1719030 716
1719040 713
1719050 709
1719060 709
1719070 706
1719080 703
1719090 703
1719100 700
1719110 697
1719120 697
1719130 693
1719140 690
1719150 690
1719160 687
1719170 682
1719180 682
1719190 674
1719200 667
1719210 667
1719220 660
1719230 653
1719240 653
1719250 647
1719260 642
1719270 642
1719280 636
1719290 630
1719300 630
1719310 624
1719320 618
1719330 618
1719340 613
1719350 611
1719360 608
1719370 608
1719380 606
1719390 605
1719400 605
1719410 605
1719420 604
1719430 604
1719440 612
1719450 615
1719460 615
1719470 618
1719480 621
1719490 621
1719500 622
1719510 621
1719520 621
1719530 627
1719540 632
1719550 632
1719560 635
1719570 638
1719580 638
1719590 642
1719600 645
1719610 645
1719620 648
1719630 649
1719640 649
1719650 650
1719660 649
1719670 648
1719680 648
1719690 648
1719700 648
1719710 648
1719720 648
1719730 648
1719740 648
1719750 648
1719760 647
1719770 647
1719780 647
1719790 646
1719800 646
1719810 645
1719820 643
1719830 643
1719840 641
1719850 639
1719860 639
1719870 635
1719880 631
1719890 631
1719900 628
1719910 623
1719920 623
1719930 617
1719940 611
1719950 611
1719960 607
1719970 605
1719980 605
1719990 602
