1700000 861
1700010 861
1700020 858
1700030 857
1700040 857
1700050 855
1700060 854
1700070 854
1700080 852
1700090 851
1700100 851
1700110 849
1700120 848
1700130 848
1700140 847
1700150 845
1700160 842
1700170 842
1700180 842
1700190 839
1700200 839
1700210 836
1700220 833
1700230 833
1700240 829
1700250 826
1700260 826
1700270 823
1700280 819
1700290 819
1700300 816
1700310 812
1700320 812
1700330 807
1700340 805
1700350 805
1700360 804
1700370 804
1700380 804
1700390 804
1700400 804
1700410 804
1700420 805
1700430 808
1700440 808
1700450 811
1700460 813
1700470 815
1700480 815
1700490 816
1700500 816
1700510 816
1700520 818
1700530 816
1700540 816
1700550 811
1700560 809
1700570 809
1700580 809
1700590 809
1700600 809
1700610 813
1700620 818
1700630 818
1700640 822
1700650 825
1700660 825
1700670 828
1700680 831
1700690 831
1700700 833
1700710 835
1700720 835
1700730 835
1700740 834
1700750 834
1700760 830
1700770 824
1700780 824
1700790 817
1700800 811
1700810 806
1700820 806
1700830 801
1700840 798
1700850 798
1700860 800
1700870 806
1700880 806
1700890 813
1700900 820
1700910 820
1700920 827
1700930 834
1700940 834
1700950 841
1700960 847
1700970 847
1700980 853
1700990 855
1701000 855
1701010 858
1701020 861
1701030 861
1701040 863
1701050 865
1701060 865
1701070 867
1701080 869
1701090 869
1701100 871
1701110 873
1701120 873
1701130 876
1701140 879
1701150 882
1701160 882
1701170 885
1701180 888
1701190 888
1701200 890
1701210 892
1701220 892
1701230 892
1701240 891
1701250 891
1701260 887
1701270 881
1701280 881
1701290 874
1701300 867
1701310 867
1701320 860
1701330 853
1701340 853
1701350 845
1701360 836
1701370 836
1701380 837
1701390 843
1701400 843
1701410 845
1701420 847
1701430 847
1701440 849
1701450 851
1701460 852
1701470 852
1701480 854
1701490 855
1701500 855
1701510 856
1701520 856
1701530 856
1701540 857
1701550 858
1701560 858
1701570 858
1701580 859
1701590 859
1701600 860
1701610 861
1701620 861
1701630 862
1701640 863
1701650 863
1701660 863
1701670 864
1701680 864
1701690 864
1701700 862
1701710 862
1701720 859
1701730 854
1701740 854
1701750 848
1701760 843
1701770 843
1701780 839
1701790 834
1701800 829
1701810 829
1701820 823
1701830 818
1701840 818
1701850 810
1701860 806
1701870 806
1701880 804
1701890 806
1701900 806
1701910 807
1701920 810
1701930 810
1701940 811
1701950 811
1701960 811
1701970 811
1701980 812
1701990 812
1702000 813
1702010 814
1702020 814
1702030 816
1702040 817
1702050 817
1702060 819
1702070 821
1702080 821
1702090 823
1702100 825
1702110 825
1702120 826
1702130 826
1702140 824
1702150 824
1702160 821
1702170 818
1702180 818
1702190 814
1702200 809
1702210 809
1702220 803
1702230 798
1702240 798
1702250 794
1702260 789
1702270 789
1702280 783
1702290 779
1702300 779
1702310 781
1702320 785
1702330 785
1702340 789
1702350 792
1702360 792
1702370 795
1702380 798
1702390 798
1702400 801
1702410 804
1702420 804
1702430 805
1702440 805
1702450 805
1702460 803
1702470 801
1702480 797
1702490 797
1702500 794
1702510 790
1702520 790
1702530 786
1702540 783
1702550 783
1702560 782
1702570 781
1702580 781
1702590 784
1702600 786
1702610 786
1702620 788
1702630 787
1702640 787
1702650 786
1702660 784
1702670 784
1702680 782
1702690 781
1702700 781
1702710 778
1702720 774
1702730 774
1702740 769
1702750 764
1702760 764
1702770 757
1702780 751
1702790 749
1702800 749
1702810 749
1702820 747
1702830 747
1702840 744
1702850 742
1702860 742
1702870 741
1702880 740
1702890 740
1702900 740
1702910 739
1702920 739
1702930 738
1702940 737
1702950 737
1702960 736
1702970 735
1702980 735
1702990 734
1703000 732
1703010 732
1703020 731
1703030 731
1703040 731
1703050 730
1703060 730
1703070 730
1703080 729
1703090 728
1703100 728
1703110 727
1703120 725
1703130 724
1703140 724
1703150 722
1703160 721
1703170 721
1703180 720
1703190 718
1703200 718
1703210 717
1703220 715
1703230 715
1703240 714
1703250 713
1703260 713
1703270 711
1703280 710
1703290 710
1703300 709
1703310 708
1703320 708
1703330 707
1703340 706
1703350 706
1703360 704
1703370 702
1703380 702
1703390 701
1703400 700
1703410 700
1703420 699
1703430 698
1703440 698
1703450 692
1703460 692
1703470 690
1703480 690
1703490 689
1703500 688
1703510 688
1703520 690
1703530 690
1703540 690
1703550 690
1703560 691
1703570 691
1703580 691
1703590 691
1703600 691
1703610 691
1703620 691
1703630 691
1703640 689
1703650 690
1703660 690
1703670 691
1703680 691
1703690 691
1703700 690
1703710 690
1703720 690
1703730 690
1703740 690
1703750 690
1703760 690
1703770 690
1703780 689
1703790 689
1703800 689
1703810 689
1703820 689
1703830 690
1703840 690
1703850 690
1703860 691
1703870 691
1703880 691
1703890 691
1703900 691
1703910 691
1703920 690
1703930 690
1703940 690
1703950 690
1703960 690
1703970 690
1703980 690
1703990 691
1704000 691
1704010 691
1704020 692
1704030 692
1704040 692
1704050 692
1704060 692
1704070 692
1704080 693
1704090 693
1704100 694
1704110 694
1704120 695
1704130 695
1704140 696
1704150 696
1704160 696
1704170 696
1704180 696
1704190 696
1704200 697
1704210 698
1704220 698
1704230 698
1704240 698
1704250 698
1704260 698
1704270 698
1704280 698
1704290 697
1704300 697
1704310 697
1704320 697
1704330 698
1704340 698
1704350 698
1704360 699
1704370 699
1704380 700
1704390 700
1704400 700
1704410 699
1704420 700
1704430 700
1704440 700
1704450 698
1704460 698
1704470 698
1704480 697
1704490 697
1704500 697
1704510 691
1704520 691
1704530 691
1704540 692
1704550 693
1704560 693
1704570 688
1704580 678
1704590 678
1704600 675
1704610 675
1704620 675
1704630 674
1704640 673
1704650 673
1704660 672
1704670 668
1704680 668
1704690 665
1704700 665
1704710 665
1704720 664
1704730 663
1704740 663
1704750 662
1704760 661
1704770 660
1704780 660
1704790 659
1704800 658
1704810 658
1704820 658
1704830 659
1704840 659
1704850 659
1704860 658
1704870 658
1704880 658
1704890 658
1704900 658
1704910 659
1704920 659
1704930 659
1704940 659
1704950 661
1704960 661
1704970 664
1704980 665
1704990 665
1705000 666
1705010 666
1705020 666
1705030 667
1705040 667
1705050 667
1705060 667
1705070 667
1705080 667
1705090 667
1705100 668
1705110 668
1705120 668
1705130 669
1705140 671
1705150 671
1705160 672
1705170 674
1705180 674
1705190 675
1705200 675
1705210 675
1705220 675
1705230 675
1705240 675
1705250 675
1705260 675
1705270 675
1705280 675
1705290 674
1705300 674
1705310 674
1705320 674
1705330 674
1705340 672
1705350 672
1705360 672
1705370 671
1705380 669
1705390 669
1705400 667
1705410 665
1705420 665
1705430 663
1705440 660
1705450 658
1705460 658
1705470 656
1705480 651
1705490 651
1705500 653
1705510 653
1705520 653
1705530 653
1705540 654
1705550 654
1705560 654
1705570 653
1705580 653
1705590 653
1705600 652
1705610 652
1705620 652
1705630 652
1705640 652
1705650 652
1705660 651
1705670 651
1705680 651
1705690 650
1705700 650
1705710 649
1705720 649
1705730 649
1705740 648
1705750 648
1705760 648
1705770 647
1705780 646
1705790 646
1705800 646
1705810 645
1705820 645
1705830 645
1705840 644
1705850 644
1705860 644
1705870 643
1705880 643
1705890 643
1705900 642
1705910 642
1705920 642
1705930 641
1705940 640
1705950 640
1705960 639
1705970 639
1705980 639
1705990 638
1706000 637
1706010 637
1706020 637
1706030 636
1706040 636
1706050 635
1706060 634
1706070 634
1706080 633
1706090 632
1706100 631
1706110 631
1706120 630
1706130 630
1706140 630
1706150 630
1706160 631
1706170 631
1706180 632
1706190 634
1706200 634
1706210 635
1706220 636
1706230 636
1706240 636
1706250 636
1706260 636
1706270 637
1706280 637
1706290 637
1706300 637
1706310 636
1706320 636
1706330 637
1706340 637
1706350 637
1706360 637
1706370 637
1706380 637
1706390 637
1706400 637
1706410 637
1706420 637
1706430 637
1706440 637
1706450 637
1706460 636
1706470 636
1706480 638
1706490 637
1706500 637
1706510 637
1706520 637
1706530 637
1706540 637
1706550 636
1706560 636
1706570 636
1706580 635
1706590 634
1706600 634
1706610 633
1706620 632
1706630 632
1706640 629
1706650 626
1706660 626
1706670 623
1706680 621
1706690 621
1706700 620
1706710 618
1706720 618
1706730 617
1706740 615
1706750 615
1706760 615
1706770 614
1706780 613
1706790 613
1706800 611
1706810 609
1706820 609
1706830 606
1706840 605
1706850 605
1706860 604
1706870 603
1706880 603
1706890 603
1706900 603
1706910 603
1706920 605
1706930 605
1706940 605
1706950 605
1706960 605
1706970 605
1706980 605
1706990 605
1707000 605
1707010 606
1707020 606
1707030 606
1707040 607
1707050 610
1707060 610
1707070 610
1707080 607
1707090 604
1707100 604
1707110 603
1707120 602
1707130 602
1707140 601
1707150 601
1707160 601
1707170 601
1707180 599
1707190 599
1707200 605
1707210 610
1707220 610
1707230 615
1707240 620
1707250 620
1707260 625
1707270 630
1707280 630
1707290 635
1707300 640
1707310 640
1707320 644
1707330 648
1707340 648
1707350 652
1707360 656
1707370 656
1707380 658
1707390 661
1707400 661
1707410 664
1707420 667
1707430 670
1707440 670
1707450 673
1707460 675
1707470 675
1707480 677
1707490 678
1707500 678
1707510 679
1707520 681
1707530 681
1707540 682
1707550 682
1707560 682
1707570 684
1707580 684
1707590 684
1707600 684
1707610 685
1707620 685
1707630 687
1707640 688
1707650 688
1707660 689
1707670 692
1707680 692
1707690 694
1707700 696
1707710 696
1707720 698
1707730 701
1707740 701
1707750 704
1707760 704
1707770 702
1707780 702
1707790 700
1707800 698
1707810 698
1707820 696
1707830 693
1707840 693
1707850 688
1707860 682
1707870 682
1707880 679
1707890 679
1707900 679
1707910 677
1707920 675
1707930 675
1707940 672
1707950 668
1707960 668
1707970 664
1707980 662
1707990 662
1708000 659
1708010 658
1708020 658
1708030 655
1708040 650
1708050 650
1708060 645
1708070 641
1708080 641
1708090 637
1708100 634
1708110 633
1708120 633
1708130 631
1708140 630
1708150 630
1708160 628
1708170 626
1708180 626
1708190 627
1708200 627
1708210 627
1708220 624
1708230 620
1708240 620
1708250 618
1708260 618
1708270 618
1708280 617
1708290 618
1708300 618
1708310 618
1708320 619
1708330 619
1708340 619
1708350 619
1708360 619
1708370 617
1708380 616
1708390 616
1708400 616
1708410 615
1708420 615
1708430 615
1708440 614
1708450 613
1708460 613
1708470 613
1708480 612
1708490 612
1708500 611
1708510 611
1708520 611
1708530 610
1708540 611
1708550 611
1708560 611
1708570 611
1708580 611
1708590 611
1708600 611
1708610 611
1708620 611
1708630 612
1708640 612
1708650 612
1708660 614
1708670 614
1708680 615
1708690 616
1708700 616
1708710 617
1708720 617
1708730 617
1708740 617
1708750 616
1708760 616
1708770 616
1708780 616
1708790 615
1708800 615
1708810 615
1708820 613
1708830 613
1708840 612
1708850 611
1708860 611
1708870 610
1708880 610
1708890 610
1708900 609
1708910 609
1708920 609
1708930 608
1708940 608
1708950 608
1708960 608
1708970 608
1708980 608
1708990 607
1709000 607
1709010 607
1709020 607
1709030 607
1709040 607
1709050 607
1709060 607
1709070 607
1709080 607
1709090 607
1709100 607
1709110 607
1709120 607
1709130 607
1709140 607
1709150 607
1709160 606
1709170 606
1709180 606
1709190 605
1709200 605
1709210 605
1709220 605
1709230 605
1709240 604
1709250 604
1709260 604
1709270 605
1709280 605
1709290 605
1709300 605
1709310 606
1709320 606
1709330 607
1709340 608
1709350 608
1709360 608
1709370 609
1709380 609
1709390 610
1709400 611
1709410 611
1709420 611
1709430 612
1709440 612
1709450 612
1709460 612
1709470 612
1709480 612
1709490 611
1709500 610
1709510 610
1709520 610
1709530 609
1709540 609
1709550 608
1709560 607
1709570 607
1709580 606
1709590 605
1709600 605
1709610 605
1709620 604
1709630 604
1709640 603
1709650 603
1709660 603
1709670 603
1709680 603
1709690 603
1709700 602
1709710 603
1709720 603
1709730 603
1709740 603
1709750 603
1709760 603
1709770 603
1709780 603
1709790 603
1709800 603
1709810 605
1709820 605
1709830 606
1709840 607
1709850 607
1709860 607
1709870 607
1709880 607
1709890 608
1709900 609
1709910 609
1709920 610
1709930 610
1709940 610
1709950 611
1709960 611
1709970 611
1709980 612
1709990 612
1710000 612
1710010 613
1710020 614
1710030 614
1710040 614
1710050 614
1710060 614
1710070 614
1710080 614
1710090 614
1710100 614
1710110 614
1710120 614
1710130 614
1710140 615
1710150 616
1710160 616
1710170 617
1710180 619
1710190 619
1710200 622
1710210 623
1710220 623
1710230 625
1710240 627
1710250 627
1710260 629
1710270 631
1710280 631
1710290 634
1710300 636
1710310 636
1710320 637
1710330 640
1710340 640
1710350 641
1710360 642
1710370 642
1710380 643
1710390 645
1710400 645
1710410 645
1710420 646
1710430 647
1710440 647
1710450 647
1710460 647
1710470 647
1710480 646
1710490 643
1710500 643
1710510 642
1710520 639
1710530 639
1710540 635
1710550 631
1710560 631
1710570 626
1710580 622
1710590 622
1710600 618
1710610 615
1710620 615
1710630 613
1710640 613
1710650 613
1710660 612
1710670 610
1710680 610
1710690 608
1710700 608
1710710 608
1710720 607
1710730 606
1710740 605
1710750 605
1710760 605
1710770 606
1710780 606
1710790 604
1710800 603
1710810 603
1710820 602
1710830 601
1710840 601
1710850 600
1710860 598
1710870 598
1710880 597
1710890 596
1710900 596
1710910 595
1710920 594
1710930 594
1710940 593
1710950 592
1710960 592
1710970 592
1710980 591
1710990 591
1711000 591
1711010 589
1711020 589
1711030 586
1711040 586
1711050 586
1711060 586
1711070 586
1711080 586
1711090 586
1711100 586
1711110 586
1711120 586
1711130 585
1711140 585
1711150 585
1711160 585
1711170 584
1711180 584
1711190 585
1711200 587
1711210 587
1711220 589
1711230 590
1711240 590
1711250 591
1711260 591
1711270 591
1711280 592
1711290 592
1711300 592
1711310 593
1711320 594
1711330 594
1711340 595
1711350 596
1711360 596
1711370 597
1711380 598
1711390 598
1711400 598
1711410 600
1711420 600
1711430 600
1711440 601
1711450 602
1711460 602
1711470 603
1711480 604
1711490 604
1711500 605
1711510 605
1711520 605
1711530 606
1711540 607
1711550 607
1711560 607
1711570 607
1711580 607
1711590 607
1711600 607
1711610 607
1711620 606
1711630 606
1711640 606
1711650 605
1711660 604
1711670 604
1711680 604
1711690 604
1711700 604
1711710 603
1711720 602
1711730 602
1711740 602
1711750 601
1711760 600
1711770 600
1711780 599
1711790 599
1711800 599
1711810 598
1711820 597
1711830 597
1711840 596
1711850 595
1711860 595
1711870 594
1711880 593
1711890 593
1711900 593
1711910 592
1711920 592
1711930 592
1711940 590
1711950 590
1711960 589
1711970 588
1711980 588
1711990 586
1712000 585
1712010 585
1712020 582
1712030 580
1712040 580
1712050 579
1712060 578
1712070 576
1712080 576
1712090 576
1712100 575
1712110 575
1712120 574
1712130 572
1712140 572
1712150 572
1712160 572
1712170 572
1712180 573
1712190 574
1712200 574
1712210 575
1712220 575
1712230 575
1712240 575
1712250 576
1712260 576
1712270 575
1712280 576
1712290 576
1712300 575
1712310 576
1712320 576
1712330 576
1712340 575
1712350 575
1712360 575
1712370 574
1712380 574
1712390 574
1712400 573
1712410 572
1712420 572
1712430 571
1712440 571
1712450 571
1712460 570
1712470 568
1712480 568
1712490 567
1712500 566
1712510 566
1712520 565
1712530 563
1712540 563
1712550 562
1712560 561
1712570 561
1712580 559
1712590 558
1712600 558
1712610 557
1712620 556
1712630 556
1712640 555
1712650 550
1712660 550
1712670 550
1712680 550
1712690 550
1712700 550
1712710 550
1712720 550
1712730 550
1712740 549
1712750 549
1712760 549
1712770 549
1712780 549
1712790 549
1712800 549
1712810 548
1712820 548
1712830 548
1712840 548
1712850 548
1712860 548
1712870 548
1712880 548
1712890 550
1712900 550
1712910 550
1712920 550
1712930 550
1712940 550
1712950 550
1712960 550
1712970 550
1712980 551
1712990 551
1713000 551
1713010 550
1713020 550
1713030 550
1713040 550
1713050 550
1713060 550
1713070 550
1713080 550
1713090 550
1713100 550
1713110 550
1713120 550
1713130 550
1713140 550
1713150 550
1713160 550
1713170 549
1713180 549
1713190 549
1713200 549
1713210 550
1713220 550
1713230 550
1713240 550
1713250 550
1713260 550
1713270 550
1713280 550
1713290 549
1713300 549
1713310 549
1713320 549
1713330 549
1713340 549
1713350 549
1713360 549
1713370 549
1713380 550
1713390 550
1713400 550
1713410 550
1713420 551
1713430 552
1713440 552
1713450 552
1713460 553
1713470 553
1713480 555
1713490 556
1713500 556
1713510 557
1713520 558
1713530 558
1713540 558
1713550 560
1713560 560
1713570 560
1713580 560
1713590 560
1713600 560
1713610 560
1713620 560
1713630 558
1713640 557
1713650 557
1713660 557
1713670 556
1713680 556
1713690 555
1713700 554
1713710 554
1713720 551
1713730 550
1713740 550
1713750 550
1713760 550
1713770 551
1713780 551
1713790 551
1713800 551
1713810 551
1713820 551
1713830 551
1713840 551
1713850 551
1713860 551
1713870 551
1713880 552
1713890 551
1713900 551
1713910 550
1713920 550
1713930 550
1713940 549
1713950 549
1713960 549
1713970 549
1713980 548
1713990 548
1714000 547
1714010 545
1714020 545
1714030 545
1714040 545
1714050 543
1714060 543
1714070 543
1714080 542
1714090 542
1714100 542
1714110 542
1714120 542
1714130 542
1714140 541
1714150 541
1714160 540
1714170 540
1714180 540
1714190 540
1714200 540
1714210 540
1714220 540
1714230 540
1714240 540
1714250 540
1714260 540
1714270 540
1714280 540
1714290 540
1714300 540
1714310 540
1714320 540
1714330 540
1714340 540
1714350 539
1714360 539
1714370 539
1714380 539
1714390 539
1714400 539
1714410 539
1714420 539
1714430 539
1714440 538
1714450 538
1714460 538
1714470 538
1714480 538
1714490 538
1714500 538
1714510 539
1714520 539
1714530 539
1714540 538
1714550 538
1714560 538
1714570 538
1714580 538
1714590 538
1714600 538
1714610 538
1714620 537
1714630 538
1714640 538
1714650 538
1714660 538
1714670 538
1714680 538
1714690 538
1714700 538
1714710 538
1714720 538
1714730 536
1714740 536
1714750 539
1714760 540
1714770 540
1714780 539
1714790 539
1714800 539
1714810 539
1714820 539
1714830 539
1714840 539
1714850 540
1714860 540
1714870 539
1714880 539
1714890 539
1714900 539
1714910 537
1714920 537
1714930 538
1714940 539
1714950 539
1714960 539
1714970 539
1714980 539
1714990 539
1715000 539
1715010 539
1715020 538
1715030 538
1715040 538
1715050 538
1715060 539
1715070 540
1715080 540
1715090 540
1715100 542
1715110 542
1715120 543
1715130 543
1715140 543
1715150 543
1715160 542
1715170 542
1715180 541
1715190 540
1715200 540
1715210 540
1715220 540
1715230 540
1715240 539
1715250 541
1715260 541
1715270 541
1715280 541
1715290 541
1715300 541
1715310 541
1715320 541
1715330 541
1715340 541
1715350 541
1715360 541
1715370 541
1715380 541
1715390 541
1715400 541
1715410 541
1715420 541
1715430 543
1715440 545
1715450 545
1715460 544
1715470 543
1715480 543
1715490 542
1715500 542
1715510 542
1715520 542
1715530 542
1715540 542
1715550 542
1715560 542
1715570 542
1715580 542
1715590 542
1715600 542
1715610 542
1715620 542
1715630 542
1715640 542
1715650 542
1715660 542
1715670 542
1715680 542
1715690 542
1715700 543
1715710 543
1715720 542
1715730 542
1715740 542
1715750 543
1715760 543
1715770 543
1715780 543
1715790 543
1715800 543
1715810 543
1715820 543
1715830 543
1715840 543
1715850 543
1715860 543
1715870 544
1715880 544
1715890 544
1715900 547
1715910 547
1715920 549
1715930 550
1715940 550
1715950 551
1715960 553
1715970 553
1715980 555
1715990 559
1716000 559
1716010 563
1716020 566
1716030 566
1716040 568
1716050 568
1716060 569
1716070 569
1716080 568
1716090 569
1716100 569
1716110 571
1716120 571
1716130 571
1716140 570
1716150 568
1716160 568
1716170 569
1716180 568
1716190 568
1716200 570
1716210 568
1716220 568
1716230 570
1716240 572
1716250 572
1716260 573
1716270 574
1716280 574
1716290 576
1716300 577
1716310 577
1716320 579
1716330 583
1716340 583
1716350 586
1716360 588
1716370 589
1716380 589
1716390 590
1716400 590
1716410 590
1716420 590
1716430 591
1716440 591
1716450 592
1716460 593
1716470 593
1716480 595
1716490 598
1716500 598
1716510 595
1716520 594
1716530 594
1716540 593
1716550 593
1716560 593
1716570 594
1716580 594
1716590 594
1716600 596
1716610 596
1716620 596
1716630 599
1716640 602
1716650 602
1716660 606
1716670 608
1716680 608
1716690 611
1716700 612
1716710 616
1716720 616
1716730 615
1716740 621
1716750 621
1716760 623
1716770 625
1716780 625
1716790 627
1716800 628
1716810 628
1716820 628
1716830 627
1716840 627
1716850 626
1716860 624
1716870 624
1716880 622
1716890 620
1716900 620
1716910 617
1716920 614
1716930 614
1716940 610
1716950 607
1716960 607
1716970 605
1716980 604
1716990 604
1717000 603
1717010 602
1717020 602
1717030 602
1717040 602
1717050 602
1717060 602
1717070 601
1717080 600
1717090 600
1717100 598
1717110 597
1717120 597
1717130 596
1717140 595
1717150 595
1717160 594
1717170 594
1717180 594
1717190 593
1717200 592
1717210 592
1717220 590
1717230 588
1717240 588
1717250 586
1717260 585
1717270 585
1717280 583
1717290 582
1717300 582
1717310 580
1717320 579
1717330 579
1717340 578
1717350 576
1717360 576
1717370 576
1717380 577
1717390 577
1717400 577
1717410 577
1717420 576
1717430 576
1717440 576
1717450 575
1717460 575
1717470 575
1717480 575
1717490 575
1717500 574
1717510 573
1717520 573
1717530 573
1717540 573
1717550 573
1717560 573
1717570 573
1717580 573
1717590 572
1717600 572
1717610 572
1717620 572
1717630 571
1717640 571
1717650 571
1717660 570
1717670 570
1717680 570
1717690 569
1717700 569
1717710 569
1717720 570
1717730 569
1717740 569
1717750 569
1717760 568
1717770 568
1717780 568
1717790 568
1717800 568
1717810 568
1717820 568
1717830 568
1717840 567
1717850 567
1717860 567
1717870 567
1717880 567
1717890 567
1717900 566
1717910 565
1717920 565
1717930 565
1717940 565
1717950 565
1717960 565
1717970 565
1717980 565
1717990 565
1718000 564
1718010 564
1718020 563
1718030 565
1718040 565
1718050 565
1718060 566
1718070 566
1718080 566
1718090 566
1718100 566
1718110 566
1718120 567
1718130 568
1718140 568
1718150 568
1718160 568
1718170 568
1718180 568
1718190 568
1718200 568
1718210 569
1718220 569
1718230 569
1718240 569
1718250 569
1718260 569
1718270 569
1718280 569
1718290 569
1718300 570
1718310 570
1718320 570
1718330 570
1718340 570
1718350 570
1718360 570
1718370 570
1718380 570
1718390 570
1718400 571
1718410 571
1718420 571
1718430 571
1718440 572
1718450 572
1718460 573
1718470 576
1718480 576
1718490 581
1718500 583
1718510 583
1718520 586
1718530 587
1718540 587
1718550 589
1718560 590
1718570 590
1718580 591
1718590 592
1718600 592
1718610 594
1718620 596
1718630 596
1718640 599
1718650 599
1718660 599
1718670 600
1718680 601
1718690 602
1718700 602
1718710 603
1718720 604
1718730 604
1718740 604
1718750 606
1718760 606
1718770 608
1718780 610
1718790 610
1718800 611
1718810 612
1718820 612
1718830 613
1718840 614
1718850 614
1718860 615
1718870 618
1718880 618
1718890 621
1718900 623
1718910 623
1718920 627
1718930 631
1718940 631
1718950 634
1718960 636
1718970 636
1718980 639
1718990 641
1719000 641
1719010 645
1719020 648
1719030 651
1719040 651
1719050 655
1719060 659
1719070 659
1719080 664
1719090 668
1719100 668
1719110 673
1719120 678
1719130 678
1719140 684
1719150 688
1719160 688
1719170 693
1719180 698
1719190 698
1719200 703
1719210 708
1719220 708
1719230 712
1719240 715
1719250 715
1719260 719
1719270 720
1719280 720
1719290 718
1719300 716
1719310 716
1719320 712
1719330 708
1719340 708
1719350 704
1719360 701
1719370 698
1719380 698
1719390 698
1719400 699
1719410 699
1719420 700
1719430 701
1719440 701
1719450 702
1719460 703
1719470 703
1719480 701
1719490 702
1719500 702
1719510 701
1719520 704
1719530 704
1719540 706
1719550 710
1719560 710
1719570 711
1719580 713
1719590 713
1719600 718
1719610 723
1719620 723
1719630 728
1719640 734
1719650 734
1719660 740
1719670 746
1719680 751
1719690 751
1719700 756
1719710 759
1719720 759
1719730 760
1719740 761
1719750 761
1719760 769
1719770 773
1719780 773
1719790 777
1719800 780
1719810 780
1719820 783
1719830 787
1719840 787
1719850 791
1719860 795
1719870 795
1719880 799
1719890 803
1719900 803
1719910 807
1719920 812
1719930 812
1719940 815
1719950 818
1719960 818
1719970 823
1719980 826
1719990 826
