1760000 909
1760010 907
1760020 905
1760030 905
1760040 903
1760050 899
1760060 899
1760070 895
1760080 891
1760090 891
1760100 888
1760110 885
1760120 885
1760130 882
1760140 878
1760150 878
1760160 875
1760170 871
1760180 871
1760190 868
1760200 866
1760210 866
1760220 863
1760230 859
1760240 859
1760250 855
1760260 852
1760270 852
1760280 848
1760290 845
1760300 842
1760310 842
1760320 838
1760330 835
1760340 835
1760350 832
1760360 828
1760370 828
1760380 826
1760390 822
1760400 822
1760410 819
1760420 816
1760430 816
1760440 814
1760450 808
1760460 808
1760470 811
1760480 816
1760490 816
1760500 822
1760510 826
1760520 826
1760530 830
1760540 834
1760550 834
1760560 839
1760570 843
1760580 843
1760590 848
1760600 852
1760610 852
1760620 856
1760630 858
1760640 860
1760650 860
1760660 863
1760670 865
1760680 865
1760690 868
1760700 868
1760710 868
1760720 867
1760730 864
1760740 864
1760750 861
1760760 858
1760770 858
1760780 854
1760790 849
1760800 849
1760810 846
1760820 841
1760830 841
1760840 838
1760850 835
1760860 835
1760870 833
1760880 830
1760890 830
1760900 828
1760910 827
1760920 827
1760930 827
1760940 823
1760950 823
1760960 820
1760970 825
1760980 828
1760990 828
1761000 830
1761010 833
1761020 833
1761030 835
1761040 838
1761050 838
1761060 841
1761070 844
1761080 844
1761090 847
1761100 850
1761110 850
1761120 853
1761130 856
1761140 856
1761150 858
1761160 861
1761170 861
1761180 865
1761190 867
1761200 867
1761210 870
1761220 871
1761230 871
1761240 871
1761250 871
1761260 871
1761270 872
1761280 873
1761290 874
1761300 874
1761310 876
1761320 874
1761330 874
1761340 875
1761350 878
1761360 878
1761370 880
1761380 881
1761390 881
1761400 884
1761410 886
1761420 886
1761430 889
1761440 892
1761450 892
1761460 895
1761470 899
1761480 899
1761490 901
1761500 904
1761510 904
1761520 908
1761530 912
1761540 912
1761550 915
1761560 920
1761570 920
1761580 925
1761590 928
1761600 928
1761610 931
1761620 934
1761630 937
1761640 937
1761650 939
1761660 941
1761670 941
1761680 943
1761690 946
1761700 946
1761710 949
1761720 951
1761730 951
1761740 953
1761750 955
1761760 955
1761770 957
1761780 959
1761790 959
1761800 962
1761810 965
1761820 965
1761830 968
1761840 971
1761850 971
1761860 974
1761870 977
1761880 977
1761890 979
1761900 982
1761910 982
1761920 984
1761930 987
1761940 987
1761950 989
1761960 991
1761970 992
1761980 992
1761990 997
1762000 998
1762010 998
1762020 1000
1762030 1003
1762040 1003
1762050 1007
1762060 1011
1762070 1011
1762080 1013
1762090 1016
1762100 1016
1762110 1019
1762120 1022
1762130 1022
1762140 1025
1762150 1028
1762160 1028
1762170 1029
1762180 1031
1762190 1031
1762200 1032
1762210 1033
1762220 1033
1762230 1033
1762240 1034
1762250 1034
1762260 1036
1762270 1036
1762280 1037
1762290 1037
1762300 1038
1762310 1039
1762320 1039
1762330 1041
1762340 1042
1762350 1042
1762360 1043
1762370 1044
1762380 1044
1762390 1046
1762400 1047
1762410 1047
1762420 1049
1762430 1050
1762440 1050
1762450 1051
1762460 1053
1762470 1053
1762480 1054
1762490 1055
1762500 1055
1762510 1056
1762520 1057
1762530 1057
1762540 1058
1762550 1059
1762560 1059
1762570 1059
1762580 1061
1762590 1061
1762600 1061
1762610 1062
1762620 1062
1762630 1062
1762640 1063
1762650 1063
1762660 1063
1762670 1064
1762680 1064
1762690 1064
1762700 1067
1762710 1068
1762720 1068
1762730 1068
1762740 1069
1762750 1069
1762760 1069
1762770 1070
1762780 1070
1762790 1070
1762800 1070
1762810 1070
1762820 1071
1762830 1072
1762840 1072
1762850 1072
1762860 1073
1762870 1073
1762880 1074
1762890 1074
1762900 1074
1762910 1075
1762920 1076
1762930 1076
1762940 1077
1762950 1077
1762960 1078
1762970 1078
1762980 1079
1762990 1081
1763000 1081
1763010 1081
1763020 1082
1763030 1082
1763040 1082
1763050 1083
1763060 1083
1763070 1083
1763080 1083
1763090 1083
1763100 1083
1763110 1084
1763120 1084
1763130 1083
1763140 1084
1763150 1084
1763160 1084
1763170 1085
1763180 1085
1763190 1087
1763200 1088
1763210 1088
1763220 1089
1763230 1091
1763240 1091
1763250 1093
1763260 1094
1763270 1094
1763280 1095
1763290 1097
1763300 1097
1763310 1097
1763320 1098
1763330 1100
1763340 1100
1763350 1101
1763360 1104
1763370 1104
1763380 1105
1763390 1105
1763400 1105
1763410 1106
1763420 1107
1763430 1107
1763440 1108
1763450 1109
1763460 1109
1763470 1109
1763480 1109
1763490 1109
1763500 1109
1763510 1109
1763520 1109
1763530 1109
1763540 1109
1763550 1109
1763560 1109
1763570 1109
1763580 1109
1763590 1109
1763600 1108
1763610 1107
1763620 1107
1763630 1106
1763640 1104
1763650 1104
1763660 1101
1763670 1104
1763680 1104
1763690 1105
1763700 1105
1763710 1105
1763720 1105
1763730 1105
1763740 1105
1763750 1105
1763760 1105
1763770 1105
1763780 1105
1763790 1105
1763800 1105
1763810 1105
1763820 1105
1763830 1105
1763840 1103
1763850 1102
1763860 1102
1763870 1099
1763880 1097
1763890 1097
1763900 1095
1763910 1093
1763920 1093
1763930 1090
1763940 1088
1763950 1085
1763960 1085
1763970 1082
1763980 1078
1763990 1078
1764000 1074
1764010 1070
1764020 1070
1764030 1065
1764040 1061
1764050 1061
1764060 1057
1764070 1054
1764080 1054
1764090 1049
1764100 1046
1764110 1046
1764120 1041
1764130 1037
1764140 1037
1764150 1034
1764160 1030
1764170 1030
1764180 1027
1764190 1024
1764200 1024
1764210 1021
1764220 1018
1764230 1018
1764240 1016
1764250 1013
1764260 1013
1764270 1012
1764280 1009
1764290 1006
1764300 1006
1764310 1000
1764320 1004
1764330 1004
1764340 1006
1764350 1008
1764360 1008
1764370 1010
1764380 1012
1764390 1012
1764400 1014
1764410 1015
1764420 1015
1764430 1017
1764440 1018
1764450 1018
1764460 1020
1764470 1022
1764480 1022
1764490 1023
1764500 1024
1764510 1024
1764520 1025
1764530 1028
1764540 1028
1764550 1030
1764560 1030
1764570 1030
1764580 1031
1764590 1032
1764600 1031
1764610 1031
1764620 1030
1764630 1030
1764640 1030
1764650 1030
1764660 1030
1764670 1030
1764680 1029
1764690 1029
1764700 1029
1764710 1029
1764720 1028
1764730 1028
1764740 1028
1764750 1026
1764760 1026
1764770 1026
1764780 1025
1764790 1025
1764800 1024
1764810 1024
1764820 1024
1764830 1023
1764840 1023
1764850 1023
1764860 1023
1764870 1023
1764880 1023
1764890 1023
1764900 1023
1764910 1023
1764920 1023
1764930 1023
1764940 1022
1764950 1022
1764960 1022
1764970 1022
1764980 1022
1764990 1020
1765000 1019
1765010 1019
1765020 1018
1765030 1016
1765040 1016
1765050 1015
1765060 1014
1765070 1014
1765080 1012
1765090 1010
1765100 1010
1765110 1008
1765120 1004
1765130 1004
1765140 1000
1765150 995
1765160 995
1765170 990
1765180 985
1765190 985
1765200 979
1765210 974
1765220 974
1765230 969
1765240 965
1765250 965
1765260 960
1765270 956
1765280 952
1765290 952
1765300 949
1765310 945
1765320 945
1765330 943
1765340 949
1765350 949
1765360 954
1765370 957
1765380 957
1765390 960
1765400 964
1765410 964
1765420 971
1765430 975
1765440 975
1765450 980
1765460 983
1765470 983
1765480 988
1765490 991
1765500 991
1765510 995
1765520 999
1765530 999
1765540 1002
1765550 1003
1765560 1003
1765570 1005
1765580 1008
1765590 1010
1765600 1010
1765610 1010
1765620 1010
1765630 1010
1765640 1011
1765650 1010
1765660 1010
1765670 1006
1765680 1003
1765690 1003
1765700 998
1765710 994
1765720 994
1765730 992
1765740 990
1765750 990
1765760 989
1765770 988
1765780 988
1765790 986
1765800 985
1765810 985
1765820 983
1765830 981
1765840 981
1765850 979
1765860 977
1765870 977
1765880 974
1765890 970
1765900 970
1765910 966
1765920 963
1765930 955
1765940 955
1765950 947
1765960 940
1765970 940
1765980 933
1765990 926
1766000 926
1766010 920
1766020 919
1766030 919
1766040 925
1766050 931
1766060 931
1766070 938
1766080 941
1766090 941
1766100 945
1766110 950
1766120 950
1766130 956
1766140 960
1766150 960
1766160 963
1766170 967
1766180 967
1766190 970
1766200 973
1766210 973
1766220 976
1766230 978
1766240 978
1766250 982
1766260 984
1766270 988
1766280 988
1766290 992
1766300 996
1766310 996
1766320 1001
1766330 1005
1766340 1005
1766350 1008
1766360 1010
1766370 1010
1766380 1012
1766390 1014
1766400 1014
1766410 1016
1766420 1018
1766430 1018
1766440 1019
1766450 1020
1766460 1020
1766470 1021
1766480 1021
1766490 1021
1766500 1020
1766510 1020
1766520 1020
1766530 1022
1766540 1025
1766550 1025
1766560 1028
1766570 1030
1766580 1030
1766590 1031
1766600 1032
1766610 1033
1766620 1033
1766630 1035
1766640 1037
1766650 1037
1766660 1040
1766670 1043
1766680 1043
1766690 1045
1766700 1046
1766710 1046
1766720 1050
1766730 1054
1766740 1055
1766750 1058
1766760 1061
1766770 1061
1766780 1064
1766790 1067
1766800 1067
1766810 1070
1766820 1074
1766830 1074
1766840 1077
1766850 1080
1766860 1080
1766870 1082
1766880 1086
1766890 1086
1766900 1088
1766910 1093
1766920 1095
1766930 1095
1766940 1098
1766950 1102
1766960 1102
1766970 1103
1766980 1107
1766990 1107
1767000 1110
1767010 1113
1767020 1113
1767030 1114
1767040 1119
1767050 1119
1767060 1121
1767070 1124
1767080 1124
1767090 1126
1767100 1128
1767110 1128
1767120 1130
1767130 1132
1767140 1132
1767150 1133
1767160 1135
1767170 1135
1767180 1135
1767190 1138
1767200 1138
1767210 1140
1767220 1141
1767230 1141
1767240 1142
1767250 1144
1767260 1145
1767270 1145
1767280 1147
1767290 1148
1767300 1148
1767310 1149
1767320 1150
1767330 1150
1767340 1151
1767350 1151
1767360 1151
1767370 1154
1767380 1155
1767390 1155
1767400 1156
1767410 1157
1767420 1157
1767430 1158
1767440 1159
1767450 1159
1767460 1161
1767470 1162
1767480 1162
1767490 1165
1767500 1166
1767510 1166
1767520 1168
1767530 1170
1767540 1170
1767550 1172
1767560 1173
1767570 1173
1767580 1175
1767590 1176
1767600 1177
1767610 1177
1767620 1178
1767630 1179
1767640 1179
1767650 1180
1767660 1180
1767670 1180
1767680 1181
1767690 1181
1767700 1181
1767710 1182
1767720 1182
1767730 1182
1767740 1183
1767750 1183
1767760 1183
1767770 1182
1767780 1182
1767790 1182
1767800 1181
1767810 1180
1767820 1180
1767830 1179
1767840 1178
1767850 1178
1767860 1177
1767870 1176
1767880 1176
1767890 1175
1767900 1176
1767910 1175
1767920 1175
1767930 1174
1767940 1174
1767950 1174
1767960 1173
1767970 1173
1767980 1173
1767990 1172
1768000 1171
1768010 1171
1768020 1171
1768030 1172
1768040 1172
1768050 1175
1768060 1175
1768070 1175
1768080 1175
1768090 1176
1768100 1176
1768110 1175
1768120 1178
1768130 1178
1768140 1178
1768150 1179
1768160 1179
1768170 1179
1768180 1179
1768190 1179
1768200 1179
1768210 1179
1768220 1179
1768230 1178
1768240 1180
1768250 1179
1768260 1179
1768270 1179
1768280 1180
1768290 1180
1768300 1180
1768310 1182
1768320 1182
1768330 1182
1768340 1183
1768350 1183
1768360 1185
1768370 1186
1768380 1186
1768390 1186
1768400 1187
1768410 1187
1768420 1187
1768430 1187
1768440 1187
1768450 1186
1768460 1184
1768470 1184
1768480 1184
1768490 1183
1768500 1183
1768510 1182
1768520 1181
1768530 1181
1768540 1179
1768550 1176
1768560 1176
1768570 1173
1768580 1171
1768590 1169
1768600 1169
1768610 1167
1768620 1165
1768630 1165
1768640 1163
1768650 1162
1768660 1162
1768670 1160
1768680 1159
1768690 1159
1768700 1157
1768710 1155
1768720 1155
1768730 1153
1768740 1151
1768750 1151
1768760 1150
1768770 1151
1768780 1151
1768790 1148
1768800 1145
1768810 1145
1768820 1143
1768830 1141
1768840 1141
1768850 1139
1768860 1139
1768870 1139
1768880 1136
1768890 1134
1768900 1131
1768910 1131
1768920 1128
1768930 1125
1768940 1125
1768950 1122
1768960 1119
1768970 1119
1768980 1116
1768990 1113
1769000 1113
1769010 1110
1769020 1107
1769030 1107
1769040 1104
1769050 1102
1769060 1102
1769070 1099
1769080 1096
1769090 1096
1769100 1094
1769110 1092
1769120 1092
1769130 1090
1769140 1087
1769150 1087
1769160 1085
1769170 1083
1769180 1083
1769190 1081
1769200 1078
1769210 1078
1769220 1077
1769230 1075
1769240 1074
1769250 1074
1769260 1072
1769270 1071
1769280 1071
1769290 1069
1769300 1068
1769310 1068
1769320 1066
1769330 1063
1769340 1063
1769350 1057
1769360 1055
1769370 1055
1769380 1054
1769390 1052
1769400 1052
1769410 1051
1769420 1049
1769430 1049
1769440 1047
1769450 1046
1769460 1046
1769470 1045
1769480 1043
1769490 1043
1769500 1041
1769510 1039
1769520 1039
1769530 1038
1769540 1035
1769550 1035
1769560 1033
1769570 1033
1769580 1031
1769590 1031
1769600 1029
1769610 1027
1769620 1027
1769630 1025
1769640 1023
1769650 1023
1769660 1022
1769670 1020
1769680 1020
1769690 1018
1769700 1017
1769710 1017
1769720 1015
1769730 1014
1769740 1014
1769750 1012
1769760 1010
1769770 1010
1769780 1009
1769790 1008
1769800 1008
1769810 1006
1769820 1004
1769830 1004
1769840 1002
1769850 1000
1769860 1000
1769870 998
1769880 996
1769890 996
1769900 994
1769910 992
1769920 990
1769930 990
1769940 988
1769950 985
1769960 985
1769970 982
1769980 979
1769990 979
1770000 977
1770010 975
1770020 975
1770030 973
1770040 971
1770050 971
1770060 968
1770070 966
1770080 966
1770090 963
1770100 961
1770110 961
1770120 959
1770130 958
1770140 958
1770150 957
1770160 955
1770170 955
1770180 952
1770190 948
1770200 948
1770210 943
1770220 939
1770230 934
1770240 934
1770250 929
1770260 924
1770270 924
1770280 919
1770290 913
1770300 913
1770310 904
1770320 897
1770330 897
1770340 888
1770350 880
1770360 880
1770370 872
1770380 866
1770390 866
1770400 859
1770410 853
1770420 853
1770430 848
1770440 841
1770450 841
1770460 835
1770470 829
1770480 829
1770490 823
1770500 818
1770510 818
1770520 813
1770530 810
1770540 810
1770550 806
1770560 802
1770570 797
1770580 797
1770590 792
1770600 785
1770610 785
1770620 783
1770630 783
1770640 783
1770650 784
1770660 788
1770670 788
1770680 793
1770690 798
1770700 798
1770710 804
1770720 808
1770730 808
1770740 814
1770750 820
1770760 820
1770770 824
1770780 829
1770790 829
1770800 835
1770810 840
1770820 840
1770830 845
1770840 849
1770850 849
1770860 851
1770870 855
1770880 855
1770890 857
1770900 860
1770910 862
1770920 862
1770930 863
1770940 864
1770950 864
1770960 865
1770970 866
1770980 866
1770990 866
1771000 858
1771010 858
1771020 853
1771030 844
1771040 844
1771050 836
1771060 829
1771070 829
1771080 823
1771090 816
1771100 816
1771110 811
1771120 805
1771130 805
1771140 800
1771150 792
1771160 792
1771170 785
1771180 779
1771190 779
1771200 774
1771210 767
1771220 762
1771230 762
1771240 756
1771250 750
1771260 750
1771270 747
1771280 746
1771290 746
1771300 745
1771310 745
1771320 745
1771330 744
1771340 745
1771350 745
1771360 748
1771370 751
1771380 751
1771390 752
1771400 753
1771410 753
1771420 755
1771430 758
1771440 758
1771450 761
1771460 765
1771470 765
1771480 769
1771490 773
1771500 773
1771510 777
1771520 780
1771530 780
1771540 782
1771550 782
1771560 783
1771570 783
1771580 785
1771590 788
1771600 788
1771610 791
1771620 795
1771630 795
1771640 799
1771650 802
1771660 802
1771670 805
1771680 808
1771690 808
1771700 810
1771710 811
1771720 811
1771730 816
1771740 819
1771750 819
1771760 822
1771770 825
1771780 825
1771790 828
1771800 832
1771810 832
1771820 835
1771830 840
1771840 840
1771850 846
1771860 851
1771870 851
1771880 854
1771890 857
1771900 858
1771910 858
1771920 859
1771930 862
1771940 862
1771950 865
1771960 868
1771970 868
1771980 871
1771990 875
1772000 875
1772010 878
1772020 882
1772030 882
1772040 885
1772050 889
1772060 889
1772070 892
1772080 894
1772090 894
1772100 896
1772110 898
1772120 898
1772130 900
1772140 902
1772150 902
1772160 904
1772170 905
1772180 905
1772190 907
1772200 910
1772210 912
1772220 912
1772230 914
1772240 916
1772250 916
1772260 917
1772270 919
1772280 919
1772290 921
1772300 922
1772310 922
1772320 923
1772330 924
1772340 924
1772350 925
1772360 926
1772370 926
1772380 927
1772390 929
1772400 929
1772410 932
1772420 935
1772430 935
1772440 937
1772450 939
1772460 939
1772470 941
1772480 943
1772490 943
1772500 944
1772510 944
1772520 944
1772530 946
1772540 948
1772550 950
1772560 950
1772570 952
1772580 954
1772590 954
1772600 957
1772610 960
1772620 960
1772630 963
1772640 965
1772650 965
1772660 968
1772670 971
1772680 971
1772690 974
1772700 977
1772710 977
1772720 980
1772730 984
1772740 984
1772750 987
1772760 989
1772770 989
1772780 995
1772790 998
1772800 998
1772810 1002
1772820 1004
1772830 1004
1772840 1009
1772850 1012
1772860 1012
1772870 1015
1772880 1018
1772890 1021
1772900 1021
1772910 1024
1772920 1028
1772930 1028
1772940 1031
1772950 1035
1772960 1035
1772970 1039
1772980 1043
1772990 1043
1773000 1047
1773010 1050
1773020 1050
1773030 1053
1773040 1055
1773050 1055
1773060 1058
1773070 1061
1773080 1061
1773090 1063
1773100 1065
1773110 1065
1773120 1067
1773130 1069
1773140 1069
1773150 1072
1773160 1075
1773170 1075
1773180 1078
1773190 1081
1773200 1081
1773210 1083
1773220 1087
1773230 1090
1773240 1090
1773250 1093
1773260 1095
1773270 1095
1773280 1098
1773290 1099
1773300 1099
1773310 1102
1773320 1104
1773330 1104
1773340 1106
1773350 1109
1773360 1109
1773370 1112
1773380 1114
1773390 1114
1773400 1117
1773410 1119
1773420 1119
1773430 1121
1773440 1124
1773450 1124
1773460 1126
1773470 1128
1773480 1128
1773490 1130
1773500 1133
1773510 1133
1773520 1136
1773530 1139
1773540 1141
1773550 1141
1773560 1144
1773570 1147
1773580 1147
1773590 1149
1773600 1152
1773610 1152
1773620 1155
1773630 1156
1773640 1156
1773650 1159
1773660 1161
1773670 1161
1773680 1163
1773690 1165
1773700 1165
1773710 1167
1773720 1169
1773730 1169
1773740 1170
1773750 1172
1773760 1172
1773770 1173
1773780 1175
1773790 1175
1773800 1176
1773810 1178
1773820 1178
1773830 1179
1773840 1180
1773850 1180
1773860 1181
1773870 1182
1773880 1181
1773890 1181
1773900 1178
1773910 1177
1773920 1177
1773930 1174
1773940 1172
1773950 1172
1773960 1169
1773970 1165
1773980 1165
1773990 1162
1774000 1158
1774010 1158
1774020 1154
1774030 1149
1774040 1149
1774050 1145
1774060 1141
1774070 1141
1774080 1138
1774090 1134
1774100 1134
1774110 1131
1774120 1128
1774130 1128
1774140 1125
1774150 1122
1774160 1122
1774170 1119
1774180 1116
1774190 1116
1774200 1111
1774210 1107
1774220 1103
1774230 1103
1774240 1099
1774250 1093
1774260 1093
1774270 1091
1774280 1085
1774290 1085
1774300 1080
1774310 1075
1774320 1075
1774330 1070
1774340 1066
1774350 1066
1774360 1060
1774370 1053
1774380 1053
1774390 1048
1774400 1043
1774410 1043
1774420 1041
1774430 1037
1774440 1037
1774450 1036
1774460 1033
1774470 1033
1774480 1026
1774490 1020
1774500 1020
1774510 1016
1774520 1012
1774530 1008
1774540 1008
1774550 1005
1774560 1002
1774570 1002
1774580 1000
1774590 998
1774600 998
1774610 994
1774620 990
1774630 990
1774640 986
1774650 980
1774660 980
1774670 978
1774680 971
1774690 971
1774700 963
1774710 957
1774720 957
1774730 950
1774740 944
1774750 944
1774760 938
1774770 933
1774780 933
1774790 926
1774800 920
1774810 920
1774820 913
1774830 908
1774840 908
1774850 903
1774860 897
1774870 892
1774880 892
1774890 886
1774900 880
1774910 880
1774920 874
1774930 868
1774940 868
1774950 862
1774960 859
1774970 859
1774980 858
1774990 861
1775000 861
1775010 866
1775020 871
1775030 871
1775040 874
1775050 878
1775060 878
1775070 881
1775080 885
1775090 885
1775100 889
1775110 893
1775120 893
1775130 898
1775140 903
1775150 903
1775160 908
1775170 914
1775180 914
1775190 921
1775200 927
1775210 932
1775220 932
1775230 935
1775240 941
1775250 941
1775260 945
1775270 949
1775280 949
1775290 952
1775300 956
1775310 956
1775320 961
1775330 965
1775340 965
1775350 969
1775360 974
1775370 974
1775380 978
1775390 981
1775400 981
1775410 984
1775420 988
1775430 988
1775440 993
1775450 998
1775460 998
1775470 1001
1775480 1005
1775490 1005
1775500 1009
1775510 1013
1775520 1016
1775530 1016
1775540 1019
1775550 1022
1775560 1022
1775570 1023
1775580 1027
1775590 1027
1775600 1031
1775610 1035
1775620 1035
1775630 1040
1775640 1043
1775650 1043
1775660 1046
1775670 1049
1775680 1049
1775690 1053
1775700 1056
1775710 1056
1775720 1059
1775730 1063
1775740 1063
1775750 1066
1775760 1070
1775770 1070
1775780 1073
1775790 1076
1775800 1076
1775810 1079
1775820 1081
1775830 1081
1775840 1084
1775850 1086
1775860 1088
1775870 1088
1775880 1089
1775890 1093
1775900 1093
1775910 1096
1775920 1099
1775930 1099
1775940 1102
1775950 1106
1775960 1106
1775970 1109
1775980 1112
1775990 1112
1776000 1116
1776010 1119
1776020 1119
1776030 1123
1776040 1127
1776050 1127
1776060 1131
1776070 1135
1776080 1135
1776090 1138
1776100 1142
1776110 1142
1776120 1145
1776130 1149
1776140 1149
1776150 1152
1776160 1156
1776170 1156
1776180 1158
1776190 1161
1776200 1164
1776210 1164
1776220 1167
1776230 1170
1776240 1170
1776250 1173
1776260 1176
1776270 1176
1776280 1178
1776290 1181
1776300 1181
1776310 1184
1776320 1187
1776330 1187
1776340 1189
1776350 1191
1776360 1191
1776370 1194
1776380 1195
1776390 1195
1776400 1197
1776410 1200
1776420 1200
1776430 1201
1776440 1202
1776450 1202
1776460 1204
1776470 1207
1776480 1207
1776490 1209
1776500 1211
1776510 1213
1776520 1213
1776530 1214
1776540 1216
1776550 1216
1776560 1219
1776570 1221
1776580 1221
1776590 1223
1776600 1225
1776610 1225
1776620 1227
1776630 1229
1776640 1229
1776650 1230
1776660 1232
1776670 1232
1776680 1233
1776690 1234
1776700 1234
1776710 1236
1776720 1236
1776730 1236
1776740 1238
1776750 1239
1776760 1239
1776770 1240
1776780 1240
1776790 1240
1776800 1241
1776810 1243
1776820 1243
1776830 1245
1776840 1247
1776850 1249
1776860 1249
1776870 1251
1776880 1253
1776890 1253
1776900 1254
1776910 1256
1776920 1256
1776930 1258
1776940 1261
1776950 1261
1776960 1263
1776970 1266
1776980 1266
1776990 1269
1777000 1271
1777010 1271
1777020 1274
1777030 1277
1777040 1277
1777050 1280
1777060 1283
1777070 1283
1777080 1285
1777090 1288
1777100 1288
1777110 1291
1777120 1294
1777130 1294
1777140 1297
1777150 1300
1777160 1300
1777170 1303
1777180 1305
1777190 1308
1777200 1308
1777210 1310
1777220 1313
1777230 1313
1777240 1316
1777250 1319
1777260 1319
1777270 1321
1777280 1324
1777290 1324
1777300 1326
1777310 1328
1777320 1328
1777330 1331
1777340 1333
1777350 1333
1777360 1335
1777370 1338
1777380 1338
1777390 1340
1777400 1342
1777410 1342
1777420 1344
1777430 1346
1777440 1346
1777450 1348
1777460 1351
1777470 1351
1777480 1353
1777490 1355
1777500 1355
1777510 1357
1777520 1360
1777530 1361
1777540 1361
1777550 1363
1777560 1365
1777570 1365
1777580 1366
1777590 1368
1777600 1368
1777610 1370
1777620 1371
1777630 1371
1777640 1372
1777650 1373
1777660 1373
1777670 1373
1777680 1374
1777690 1374
1777700 1374
1777710 1374
1777720 1374
1777730 1374
1777740 1374
1777750 1374
1777760 1373
1777770 1373
1777780 1373
1777790 1372
1777800 1371
1777810 1371
1777820 1370
1777830 1369
1777840 1368
1777850 1368
1777860 1367
1777870 1365
1777880 1365
1777890 1365
1777900 1364
1777910 1364
1777920 1363
1777930 1363
1777940 1363
1777950 1362
1777960 1362
1777970 1362
1777980 1361
1777990 1361
1778000 1361
1778010 1360
1778020 1360
1778030 1360
1778040 1359
1778050 1359
1778060 1359
1778070 1359
1778080 1358
1778090 1358
1778100 1358
1778110 1358
1778120 1358
1778130 1357
1778140 1357
1778150 1357
1778160 1356
1778170 1356
1778180 1355
1778190 1355
1778200 1355
1778210 1355
1778220 1355
1778230 1354
1778240 1354
1778250 1354
1778260 1353
1778270 1353
1778280 1353
1778290 1352
1778300 1352
1778310 1352
1778320 1352
1778330 1351
1778340 1351
1778350 1351
1778360 1350
1778370 1350
1778380 1349
1778390 1349
1778400 1349
1778410 1349
1778420 1348
1778430 1348
1778440 1347
1778450 1347
1778460 1347
1778470 1346
1778480 1345
1778490 1345
1778500 1344
1778510 1343
1778520 1342
1778530 1342
1778540 1342
1778550 1341
1778560 1341
1778570 1340
1778580 1340
1778590 1340
1778600 1339
1778610 1338
1778620 1338
1778630 1337
1778640 1337
1778650 1337
1778660 1337
1778670 1336
1778680 1336
1778690 1335
1778700 1335
1778710 1335
1778720 1335
1778730 1335
1778740 1335
1778750 1335
1778760 1335
1778770 1335
1778780 1335
1778790 1334
1778800 1334
1778810 1334
1778820 1333
1778830 1333
1778840 1333
1778850 1333
1778860 1332
1778870 1332
1778880 1332
1778890 1331
1778900 1331
1778910 1331
1778920 1330
1778930 1330
1778940 1330
1778950 1330
1778960 1330
1778970 1329
1778980 1328
1778990 1328
1779000 1328
1779010 1328
1779020 1328
1779030 1328
1779040 1328
1779050 1328
1779060 1327
1779070 1327
1779080 1327
1779090 1327
1779100 1326
1779110 1326
1779120 1326
1779130 1325
1779140 1326
1779150 1325
1779160 1325
1779170 1324
1779180 1324
1779190 1323
1779200 1322
1779210 1322
1779220 1321
1779230 1320
1779240 1320
1779250 1318
1779260 1315
1779270 1315
1779280 1312
1779290 1309
1779300 1309
1779310 1307
1779320 1304
1779330 1304
1779340 1301
1779350 1298
1779360 1298
1779370 1294
1779380 1291
1779390 1291
1779400 1288
1779410 1286
1779420 1286
1779430 1282
1779440 1279
1779450 1279
1779460 1277
1779470 1273
1779480 1273
1779490 1271
1779500 1269
1779510 1267
1779520 1267
1779530 1265
1779540 1263
1779550 1263
1779560 1261
1779570 1259
1779580 1259
1779590 1256
1779600 1253
1779610 1253
1779620 1250
1779630 1247
1779640 1247
1779650 1244
1779660 1241
1779670 1241
1779680 1238
1779690 1235
1779700 1235
1779710 1233
1779720 1231
1779730 1231
1779740 1228
1779750 1226
1779760 1226
1779770 1224
1779780 1221
1779790 1221
1779800 1218
1779810 1216
1779820 1214
1779830 1214
1779840 1212
1779850 1210
1779860 1210
1779870 1209
1779880 1207
1779890 1207
1779900 1206
1779910 1203
1779920 1203
1779930 1202
1779940 1200
1779950 1200
1779960 1198
1779970 1195
1779980 1195
1779990 1194
