1700000 912
1700010 912
1700020 912
1700030 912
1700040 912
1700050 911
1700060 909
1700070 909
1700080 905
1700090 897
1700100 897
1700110 887
1700120 878
1700130 878
1700140 869
1700150 861
1700160 861
1700170 855
1700180 849
1700190 850
1700200 850
1700210 856
1700220 861
1700230 861
1700240 866
1700250 872
1700260 872
1700270 876
1700280 879
1700290 879
1700300 880
1700310 880
1700320 880
1700330 879
1700340 880
1700350 880
1700360 880
1700370 879
1700380 879
1700390 874
1700400 868
1700410 868
1700420 860
1700430 850
1700440 850
1700450 843
1700460 836
1700470 836
1700480 830
1700490 831
1700500 831
1700510 834
1700520 839
1700530 845
1700540 845
1700550 852
1700560 859
1700570 859
1700580 865
1700590 871
1700600 871
1700610 876
1700620 882
1700630 882
1700640 887
1700650 891
1700660 891
1700670 896
1700680 900
1700690 900
1700700 903
1700710 906
1700720 906
1700730 909
1700740 916
1700750 916
1700760 918
1700770 919
1700780 919
1700790 918
1700800 917
1700810 917
1700820 912
1700830 906
1700840 906
1700850 901
1700860 897
1700870 890
1700880 890
1700890 881
1700900 873
1700910 873
1700920 865
1700930 858
1700940 858
1700950 852
1700960 845
1700970 845
1700980 845
1700990 854
1701000 854
1701010 862
1701020 869
1701030 869
1701040 875
1701050 881
1701060 881
1701070 887
1701080 893
1701090 893
1701100 898
1701110 899
1701120 899
1701130 905
1701140 908
1701150 908
1701160 915
1701170 922
1701180 922
1701190 930
1701200 935
1701210 943
1701220 943
1701230 946
1701240 947
1701250 947
1701260 946
1701270 943
1701280 943
1701290 939
1701300 934
1701310 934
1701320 933
1701330 926
1701340 926
1701350 926
1701360 927
1701370 927
1701380 929
1701390 930
1701400 930
1701410 932
1701420 934
1701430 934
1701440 935
1701450 936
1701460 936
1701470 937
1701480 939
1701490 939
1701500 941
1701510 942
1701520 944
1701530 944
1701540 945
1701550 945
1701560 945
1701570 943
1701580 938
1701590 938
1701600 932
1701610 925
1701620 925
1701630 918
1701640 911
1701650 911
1701660 904
1701670 898
1701680 898
1701690 893
1701700 886
1701710 886
1701720 884
1701730 888
1701740 888
1701750 888
1701760 888
1701770 888
1701780 889
1701790 891
1701800 891
1701810 892
1701820 894
1701830 894
1701840 895
1701850 897
1701860 898
1701870 898
1701880 900
1701890 901
1701900 901
1701910 902
1701920 903
1701930 903
1701940 903
1701950 902
1701960 902
1701970 900
1701980 895
1701990 895
1702000 889
1702010 882
1702020 882
1702030 876
1702040 870
1702050 870
1702060 865
1702070 864
1702080 864
1702090 865
1702100 866
1702110 866
1702120 867
1702130 868
1702140 868
1702150 869
1702160 869
1702170 869
1702180 870
1702190 869
1702200 867
1702210 867
1702220 863
1702230 858
1702240 858
1702250 851
1702260 847
1702270 847
1702280 850
1702290 854
1702300 854
1702310 858
1702320 861
1702330 861
1702340 864
1702350 867
1702360 867
1702370 870
1702380 872
1702390 872
1702400 872
1702410 870
1702420 870
1702430 868
1702440 866
1702450 866
1702460 863
1702470 859
1702480 859
1702490 856
1702500 854
1702510 850
1702520 850
1702530 847
1702540 842
1702550 842
1702560 836
1702570 831
1702580 831
1702590 826
1702600 820
1702610 820
1702620 815
1702630 810
1702640 810
1702650 806
1702660 801
1702670 801
1702680 798
1702690 792
1702700 792
1702710 788
1702720 783
1702730 783
1702740 777
1702750 769
1702760 769
1702770 773
1702780 772
1702790 772
1702800 770
1702810 769
1702820 769
1702830 767
1702840 765
1702850 763
1702860 763
1702870 761
1702880 759
1702890 759
1702900 758
1702910 756
1702920 756
1702930 755
1702940 753
1702950 753
1702960 753
1702970 751
1702980 751
1702990 750
1703000 748
1703010 748
1703020 746
1703030 743
1703040 743
1703050 742
1703060 740
1703070 740
1703080 738
1703090 739
1703100 739
1703110 738
1703120 737
1703130 737
1703140 736
1703150 735
1703160 735
1703170 734
1703180 734
1703190 733
1703200 733
1703210 732
1703220 731
1703230 731
1703240 730
1703250 729
1703260 729
1703270 727
1703280 724
1703290 724
1703300 722
1703310 718
1703320 718
1703330 717
1703340 713
1703350 713
1703360 713
1703370 712
1703380 712
1703390 712
1703400 711
1703410 711
1703420 710
1703430 710
1703440 710
1703450 710
1703460 711
1703470 711
1703480 711
1703490 711
1703500 711
1703510 711
1703520 712
1703530 712
1703540 712
1703550 713
1703560 713
1703570 713
1703580 713
1703590 712
1703600 712
1703610 710
1703620 708
1703630 708
1703640 709
1703650 708
1703660 708
1703670 709
1703680 709
1703690 709
1703700 709
1703710 710
1703720 710
1703730 712
1703740 713
1703750 713
1703760 715
1703770 716
1703780 716
1703790 717
1703800 718
1703810 718
1703820 719
1703830 721
1703840 722
1703850 722
1703860 723
1703870 724
1703880 724
1703890 725
1703900 726
1703910 726
1703920 727
1703930 728
1703940 728
1703950 730
1703960 730
1703970 730
1703980 731
1703990 731
1704000 731
1704010 730
1704020 730
1704030 730
1704040 730
1704050 731
1704060 731
1704070 732
1704080 734
1704090 734
1704100 736
1704110 738
1704120 738
1704130 740
1704140 743
1704150 743
1704160 746
1704170 749
1704180 751
1704190 751
1704200 754
1704210 756
1704220 756
1704230 758
1704240 760
1704250 760
1704260 762
1704270 765
1704280 765
1704290 767
1704300 767
1704310 767
1704320 767
1704330 766
1704340 766
1704350 766
1704360 765
1704370 765
1704380 763
1704390 762
1704400 762
1704410 762
1704420 761
1704430 761
1704440 760
1704450 759
1704460 759
1704470 758
1704480 757
1704490 757
1704500 756
1704510 755
1704520 754
1704530 754
1704540 752
1704550 751
1704560 751
1704570 748
1704580 745
1704590 745
1704600 742
1704610 739
1704620 739
1704630 745
1704640 741
1704650 741
1704660 740
1704670 739
1704680 739
1704690 738
1704700 737
1704710 737
1704720 736
1704730 733
1704740 733
1704750 731
1704760 730
1704770 730
1704780 728
1704790 727
1704800 727
1704810 726
1704820 724
1704830 724
1704840 723
1704850 721
1704860 720
1704870 720
1704880 718
1704890 718
1704900 718
1704910 714
1704920 712
1704930 712
1704940 710
1704950 708
1704960 708
1704970 705
1704980 702
1704990 702
1705000 700
1705010 695
1705020 695
1705030 690
1705040 688
1705050 688
1705060 688
1705070 687
1705080 687
1705090 684
1705100 683
1705110 683
1705120 681
1705130 679
1705140 679
1705150 678
1705160 677
1705170 673
1705180 673
1705190 669
1705200 671
1705210 671
1705220 670
1705230 671
1705240 671
1705250 671
1705260 670
1705270 670
1705280 670
1705290 670
1705300 670
1705310 670
1705320 670
1705330 670
1705340 671
1705350 671
1705360 671
1705370 671
1705380 671
1705390 671
1705400 671
1705410 671
1705420 671
1705430 670
1705440 670
1705450 670
1705460 670
1705470 669
1705480 669
1705490 669
1705500 668
1705510 667
1705520 667
1705530 666
1705540 665
1705550 665
1705560 664
1705570 663
1705580 663
1705590 663
1705600 662
1705610 662
1705620 662
1705630 661
1705640 661
1705650 661
1705660 660
1705670 660
1705680 660
1705690 659
1705700 659
1705710 659
1705720 659
1705730 659
1705740 658
1705750 658
1705760 658
1705770 657
1705780 656
1705790 656
1705800 656
1705810 654
1705820 654
1705830 653
1705840 652
1705850 650
1705860 650
1705870 649
1705880 647
1705890 647
1705900 645
1705910 643
1705920 643
1705930 643
1705940 642
1705950 642
1705960 643
1705970 643
1705980 643
1705990 643
1706000 643
1706010 643
1706020 643
1706030 644
1706040 644
1706050 645
1706060 646
1706070 646
1706080 647
1706090 648
1706100 648
1706110 649
1706120 650
1706130 650
1706140 651
1706150 652
1706160 653
1706170 653
1706180 653
1706190 654
1706200 654
1706210 655
1706220 656
1706230 656
1706240 656
1706250 656
1706260 656
1706270 657
1706280 657
1706290 657
1706300 658
1706310 657
1706320 657
1706330 657
1706340 657
1706350 657
1706360 657
1706370 657
1706380 657
1706390 657
1706400 657
1706410 657
1706420 657
1706430 657
1706440 657
1706450 656
1706460 656
1706470 656
1706480 656
1706490 655
1706500 654
1706510 654
1706520 652
1706530 651
1706540 651
1706550 650
1706560 645
1706570 645
1706580 643
1706590 642
1706600 642
1706610 636
1706620 633
1706630 633
1706640 630
1706650 626
1706660 626
1706670 624
1706680 620
1706690 620
1706700 615
1706710 614
1706720 614
1706730 615
1706740 615
1706750 615
1706760 615
1706770 616
1706780 616
1706790 616
1706800 616
1706810 616
1706820 612
1706830 616
1706840 623
1706850 623
1706860 623
1706870 627
1706880 627
1706890 630
1706900 632
1706910 632
1706920 635
1706930 637
1706940 637
1706950 639
1706960 640
1706970 640
1706980 640
1706990 641
1707000 641
1707010 641
1707020 641
1707030 641
1707040 640
1707050 640
1707060 640
1707070 639
1707080 639
1707090 639
1707100 638
1707110 636
1707120 636
1707130 635
1707140 633
1707150 633
1707160 631
1707170 628
1707180 626
1707190 626
1707200 625
1707210 624
1707220 624
1707230 623
1707240 623
1707250 623
1707260 624
1707270 620
1707280 620
1707290 614
1707300 611
1707310 611
1707320 609
1707330 610
1707340 610
1707350 616
1707360 622
1707370 622
1707380 629
1707390 634
1707400 634
1707410 638
1707420 642
1707430 642
1707440 645
1707450 649
1707460 649
1707470 652
1707480 655
1707490 659
1707500 659
1707510 663
1707520 666
1707530 666
1707540 670
1707550 673
1707560 673
1707570 676
1707580 679
1707590 679
1707600 681
1707610 683
1707620 683
1707630 685
1707640 687
1707650 687
1707660 690
1707670 693
1707680 693
1707690 696
1707700 698
1707710 698
1707720 701
1707730 702
1707740 702
1707750 705
1707760 708
1707770 708
1707780 711
1707790 712
1707800 712
1707810 714
1707820 717
1707830 720
1707840 720
1707850 723
1707860 725
1707870 725
1707880 728
1707890 731
1707900 731
1707910 733
1707920 736
1707930 736
1707940 738
1707950 740
1707960 740
1707970 740
1707980 737
1707990 737
1708000 732
1708010 726
1708020 726
1708030 722
1708040 717
1708050 717
1708060 714
1708070 709
1708080 709
1708090 704
1708100 700
1708110 700
1708120 695
1708130 690
1708140 690
1708150 684
1708160 678
1708170 672
1708180 672
1708190 667
1708200 663
1708210 663
1708220 662
1708230 664
1708240 664
1708250 668
1708260 671
1708270 671
1708280 675
1708290 678
1708300 678
1708310 683
1708320 688
1708330 688
1708340 693
1708350 699
1708360 699
1708370 703
1708380 704
1708390 704
1708400 703
1708410 699
1708420 699
1708430 694
1708440 691
1708450 691
1708460 688
1708470 685
1708480 685
1708490 682
1708500 680
1708510 679
1708520 679
1708530 676
1708540 677
1708550 677
1708560 677
1708570 676
1708580 676
1708590 675
1708600 675
1708610 675
1708620 674
1708630 673
1708640 673
1708650 672
1708660 672
1708670 672
1708680 673
1708690 675
1708700 675
1708710 675
1708720 671
1708730 671
1708740 666
1708750 666
1708760 666
1708770 669
1708780 672
1708790 672
1708800 676
1708810 679
1708820 681
1708830 681
1708840 681
1708850 681
1708860 681
1708870 679
1708880 677
1708890 677
1708900 675
1708910 674
1708920 674
1708930 673
1708940 673
1708950 673
1708960 673
1708970 675
1708980 675
1708990 676
1709000 676
1709010 676
1709020 675
1709030 674
1709040 674
1709050 671
1709060 668
1709070 668
1709080 665
1709090 664
1709100 664
1709110 664
1709120 663
1709130 663
1709140 660
1709150 657
1709160 656
1709170 656
1709180 657
1709190 658
1709200 658
1709210 658
1709220 657
1709230 657
1709240 656
1709250 656
1709260 656
1709270 656
1709280 655
1709290 655
1709300 655
1709310 655
1709320 655
1709330 653
1709340 652
1709350 652
1709360 651
1709370 648
1709380 648
1709390 643
1709400 640
1709410 640
1709420 641
1709430 641
1709440 641
1709450 642
1709460 642
1709470 642
1709480 644
1709490 646
1709500 648
1709510 648
1709520 649
1709530 651
1709540 651
1709550 652
1709560 652
1709570 652
1709580 655
1709590 657
1709600 657
1709610 657
1709620 661
1709630 661
1709640 663
1709650 665
1709660 665
1709670 667
1709680 668
1709690 668
1709700 669
1709710 670
1709720 670
1709730 671
1709740 671
1709750 671
1709760 671
1709770 667
1709780 667
1709790 666
1709800 664
1709810 662
1709820 662
1709830 657
1709840 656
1709850 656
1709860 656
1709870 656
1709880 656
1709890 655
1709900 654
1709910 654
1709920 653
1709930 653
1709940 653
1709950 653
1709960 652
1709970 652
1709980 650
1709990 648
1710000 648
1710010 646
1710020 645
1710030 645
1710040 645
1710050 646
1710060 646
1710070 646
1710080 647
1710090 647
1710100 647
1710110 648
1710120 648
1710130 651
1710140 651
1710150 654
1710160 654
1710170 656
1710180 658
1710190 658
1710200 661
1710210 663
1710220 663
1710230 664
1710240 667
1710250 667
1710260 669
1710270 672
1710280 672
1710290 674
1710300 675
1710310 675
1710320 679
1710330 682
1710340 682
1710350 684
1710360 686
1710370 686
1710380 688
1710390 690
1710400 690
1710410 692
1710420 694
1710430 694
1710440 695
1710450 696
1710460 696
1710470 697
1710480 698
1710490 698
1710500 698
1710510 697
1710520 696
1710530 696
1710540 695
1710550 696
1710560 696
1710570 695
1710580 690
1710590 690
1710600 686
1710610 682
1710620 682
1710630 675
1710640 669
1710650 669
1710660 663
1710670 657
1710680 657
1710690 653
1710700 648
1710710 648
1710720 645
1710730 642
1710740 642
1710750 638
1710760 635
1710770 635
1710780 634
1710790 631
1710800 631
1710810 629
1710820 627
1710830 625
1710840 625
1710850 623
1710860 622
1710870 622
1710880 620
1710890 616
1710900 616
1710910 614
1710920 611
1710930 611
1710940 610
1710950 609
1710960 609
1710970 607
1710980 603
1710990 603
1711000 600
1711010 593
1711020 593
1711030 592
1711040 594
1711050 594
1711060 593
1711070 593
1711080 593
1711090 593
1711100 593
1711110 593
1711120 593
1711130 593
1711140 594
1711150 594
1711160 594
1711170 595
1711180 595
1711190 597
1711200 599
1711210 599
1711220 600
1711230 601
1711240 601
1711250 602
1711260 603
1711270 603
1711280 604
1711290 604
1711300 604
1711310 605
1711320 606
1711330 607
1711340 607
1711350 608
1711360 608
1711370 609
1711380 609
1711390 609
1711400 610
1711410 609
1711420 609
1711430 609
1711440 609
1711450 609
1711460 610
1711470 610
1711480 610
1711490 610
1711500 610
1711510 609
1711520 609
1711530 608
1711540 607
1711550 607
1711560 606
1711570 606
1711580 606
1711590 605
1711600 604
1711610 604
1711620 604
1711630 603
1711640 603
1711650 602
1711660 601
1711670 601
1711680 600
1711690 600
1711700 600
1711710 599
1711720 598
1711730 598
1711740 597
1711750 596
1711760 596
1711770 595
1711780 595
1711790 595
1711800 595
1711810 595
1711820 595
1711830 595
1711840 594
1711850 594
1711860 594
1711870 594
1711880 593
1711890 593
1711900 592
1711910 592
1711920 592
1711930 592
1711940 592
1711950 592
1711960 592
1711970 591
1711980 591
1711990 591
1712000 590
1712010 590
1712020 590
1712030 589
1712040 589
1712050 589
1712060 589
1712070 589
1712080 588
1712090 588
1712100 588
1712110 588
1712120 587
1712130 587
1712140 587
1712150 586
1712160 584
1712170 584
1712180 581
1712190 578
1712200 578
1712210 575
1712220 572
1712230 572
1712240 570
1712250 569
1712260 569
1712270 567
1712280 566
1712290 566
1712300 564
1712310 563
1712320 563
1712330 562
1712340 561
1712350 561
1712360 559
1712370 560
1712380 560
1712390 560
1712400 561
1712410 561
1712420 561
1712430 562
1712440 562
1712450 562
1712460 562
1712470 562
1712480 562
1712490 563
1712500 564
1712510 564
1712520 565
1712530 565
1712540 565
1712550 565
1712560 565
1712570 565
1712580 566
1712590 565
1712600 565
1712610 565
1712620 565
1712630 565
1712640 566
1712650 566
1712660 566
1712670 565
1712680 565
1712690 565
1712700 565
1712710 566
1712720 566
1712730 567
1712740 567
1712750 567
1712760 567
1712770 567
1712780 567
1712790 568
1712800 569
1712810 569
1712820 569
1712830 568
1712840 568
1712850 568
1712860 569
1712870 569
1712880 569
1712890 569
1712900 570
1712910 570
1712920 570
1712930 570
1712940 570
1712950 569
1712960 569
1712970 569
1712980 569
1712990 569
1713000 569
1713010 569
1713020 568
1713030 568
1713040 569
1713050 570
1713060 570
1713070 571
1713080 571
1713090 571
1713100 571
1713110 570
1713120 570
1713130 570
1713140 570
1713150 571
1713160 571
1713170 571
1713180 571
1713190 571
1713200 571
1713210 570
1713220 570
1713230 570
1713240 570
1713250 570
1713260 570
1713270 569
1713280 569
1713290 570
1713300 570
1713310 570
1713320 570
1713330 569
1713340 569
1713350 570
1713360 569
1713370 569
1713380 570
1713390 569
1713400 569
1713410 569
1713420 570
1713430 570
1713440 569
1713450 569
1713460 569
1713470 569
1713480 569
1713490 568
1713500 568
1713510 567
1713520 567
1713530 567
1713540 566
1713550 563
1713560 563
1713570 561
1713580 561
1713590 561
1713600 560
1713610 558
1713620 558
1713630 557
1713640 560
1713650 560
1713660 561
1713670 560
1713680 560
1713690 559
1713700 559
1713710 559
1713720 562
1713730 562
1713740 562
1713750 562
1713760 561
1713770 561
1713780 560
1713790 560
1713800 561
1713810 561
1713820 564
1713830 564
1713840 564
1713850 563
1713860 563
1713870 563
1713880 561
1713890 560
1713900 560
1713910 558
1713920 553
1713930 553
1713940 553
1713950 552
1713960 552
1713970 549
1713980 549
1713990 549
1714000 549
1714010 547
1714020 547
1714030 545
1714040 543
1714050 543
1714060 542
1714070 541
1714080 541
1714090 541
1714100 541
1714110 541
1714120 541
1714130 541
1714140 541
1714150 541
1714160 542
1714170 543
1714180 543
1714190 543
1714200 542
1714210 542
1714220 542
1714230 542
1714240 542
1714250 540
1714260 540
1714270 540
1714280 541
1714290 542
1714300 541
1714310 542
1714320 542
1714330 542
1714340 542
1714350 542
1714360 542
1714370 541
1714380 541
1714390 541
1714400 541
1714410 540
1714420 540
1714430 540
1714440 540
1714450 540
1714460 540
1714470 540
1714480 540
1714490 540
1714500 540
1714510 540
1714520 540
1714530 540
1714540 540
1714550 540
1714560 540
1714570 540
1714580 540
1714590 540
1714600 540
1714610 540
1714620 540
1714630 540
1714640 540
1714650 541
1714660 540
1714670 540
1714680 540
1714690 540
1714700 540
1714710 540
1714720 540
1714730 540
1714740 540
1714750 540
1714760 540
1714770 540
1714780 540
1714790 539
1714800 539
1714810 539
1714820 539
1714830 539
1714840 539
1714850 540
1714860 540
1714870 540
1714880 539
1714890 539
1714900 539
1714910 540
1714920 540
1714930 539
1714940 538
1714950 538
1714960 538
1714970 538
1714980 538
1714990 539
1715000 539
1715010 539
1715020 539
1715030 539
1715040 539
1715050 539
1715060 540
1715070 540
1715080 540
1715090 539
1715100 539
1715110 539
1715120 539
1715130 540
1715140 540
1715150 540
1715160 540
1715170 540
1715180 540
1715190 540
1715200 540
1715210 540
1715220 540
1715230 540
1715240 540
1715250 540
1715260 540
1715270 540
1715280 540
1715290 540
1715300 540
1715310 540
1715320 540
1715330 540
1715340 540
1715350 540
1715360 540
1715370 540
1715380 540
1715390 542
1715400 544
1715410 544
1715420 544
1715430 544
1715440 544
1715450 544
1715460 544
1715470 544
1715480 544
1715490 545
1715500 545
1715510 545
1715520 545
1715530 544
1715540 544
1715550 543
1715560 543
1715570 543
1715580 543
1715590 540
1715600 540
1715610 540
1715620 540
1715630 540
1715640 541
1715650 541
1715660 541
1715670 541
1715680 540
1715690 540
1715700 540
1715710 544
1715720 544
1715730 546
1715740 546
1715750 546
1715760 543
1715770 542
1715780 542
1715790 542
1715800 543
1715810 543
1715820 543
1715830 544
1715840 544
1715850 544
1715860 544
1715870 545
1715880 545
1715890 544
1715900 544
1715910 544
1715920 544
1715930 544
1715940 544
1715950 544
1715960 544
1715970 544
1715980 544
1715990 545
1716000 545
1716010 546
1716020 545
1716030 545
1716040 545
1716050 546
1716060 546
1716070 547
1716080 548
1716090 548
1716100 548
1716110 548
1716120 550
1716130 550
1716140 552
1716150 554
1716160 554
1716170 553
1716180 552
1716190 552
1716200 552
1716210 552
1716220 552
1716230 552
1716240 553
1716250 553
1716260 553
1716270 554
1716280 554
1716290 556
1716300 558
1716310 558
1716320 559
1716330 561
1716340 561
1716350 563
1716360 562
1716370 562
1716380 560
1716390 561
1716400 561
1716410 563
1716420 565
1716430 565
1716440 566
1716450 567
1716460 569
1716470 569
1716480 570
1716490 572
1716500 572
1716510 574
1716520 576
1716530 576
1716540 578
1716550 580
1716560 580
1716570 582
1716580 582
1716590 582
1716600 581
1716610 581
1716620 581
1716630 577
1716640 574
1716650 574
1716660 575
1716670 576
1716680 576
1716690 576
1716700 574
1716710 574
1716720 575
1716730 574
1716740 574
1716750 574
1716760 573
1716770 573
1716780 571
1716790 570
1716800 569
1716810 569
1716820 569
1716830 568
1716840 568
1716850 567
1716860 567
1716870 567
1716880 567
1716890 566
1716900 566
1716910 564
1716920 563
1716930 563
1716940 563
1716950 563
1716960 563
1716970 563
1716980 562
1716990 562
1717000 562
1717010 562
1717020 562
1717030 562
1717040 562
1717050 562
1717060 562
1717070 563
1717080 563
1717090 562
1717100 562
1717110 562
1717120 562
1717130 562
1717140 562
1717150 562
1717160 562
1717170 562
1717180 562
1717190 562
1717200 562
1717210 562
1717220 562
1717230 563
1717240 563
1717250 563
1717260 563
1717270 563
1717280 563
1717290 563
1717300 563
1717310 563
1717320 563
1717330 563
1717340 563
1717350 563
1717360 563
1717370 564
1717380 564
1717390 564
1717400 564
1717410 564
1717420 564
1717430 564
1717440 564
1717450 564
1717460 564
1717470 564
1717480 564
1717490 564
1717500 564
1717510 564
1717520 564
1717530 564
1717540 565
1717550 565
1717560 565
1717570 565
1717580 565
1717590 565
1717600 565
1717610 565
1717620 565
1717630 565
1717640 565
1717650 565
1717660 565
1717670 565
1717680 565
1717690 565
1717700 565
1717710 565
1717720 565
1717730 565
1717740 565
1717750 566
1717760 566
1717770 566
1717780 566
1717790 566
1717800 566
1717810 566
1717820 565
1717830 565
1717840 564
1717850 564
1717860 564
1717870 563
1717880 563
1717890 563
1717900 563
1717910 563
1717920 563
1717930 562
1717940 562
1717950 562
1717960 562
1717970 564
1717980 564
1717990 563
1718000 564
1718010 564
1718020 565
1718030 565
1718040 565
1718050 566
1718060 566
1718070 566
1718080 566
1718090 566
1718100 566
1718110 566
1718120 567
1718130 567
1718140 567
1718150 568
1718160 568
1718170 568
1718180 568
1718190 568
1718200 568
1718210 568
1718220 569
1718230 569
1718240 569
1718250 570
1718260 570
1718270 571
1718280 572
1718290 572
1718300 573
1718310 575
1718320 575
1718330 576
1718340 578
1718350 578
1718360 578
1718370 581
1718380 581
1718390 584
1718400 588
1718410 588
1718420 593
1718430 597
1718440 601
1718450 601
1718460 604
1718470 607
1718480 607
1718490 611
1718500 613
1718510 613
1718520 616
1718530 620
1718540 620
1718550 623
1718560 627
1718570 627
1718580 631
1718590 635
1718600 635
1718610 639
1718620 643
1718630 643
1718640 647
1718650 651
1718660 651
1718670 655
1718680 659
1718690 659
1718700 664
1718710 667
1718720 667
1718730 673
1718740 678
1718750 678
1718760 682
1718770 686
1718780 690
1718790 690
1718800 694
1718810 698
1718820 698
1718830 701
1718840 701
1718850 701
1718860 699
1718870 698
1718880 698
1718890 700
1718900 703
1718910 703
1718920 706
1718930 705
1718940 705
1718950 703
1718960 699
1718970 699
1718980 696
1718990 695
1719000 695
1719010 695
1719020 696
1719030 696
1719040 699
1719050 702
1719060 702
1719070 707
1719080 711
1719090 711
1719100 716
1719110 721
1719120 726
1719130 726
1719140 731
1719150 736
1719160 736
1719170 740
1719180 742
1719190 742
1719200 742
1719210 742
1719220 742
1719230 742
1719240 742
1719250 742
1719260 742
1719270 742
1719280 742
1719290 742
1719300 741
1719310 741
1719320 739
1719330 740
1719340 740
1719350 738
1719360 737
1719370 737
1719380 736
1719390 734
1719400 734
1719410 733
1719420 731
1719430 731
1719440 729
1719450 728
1719460 727
1719470 727
1719480 727
1719490 727
1719500 727
1719510 728
1719520 730
1719530 730
1719540 732
1719550 735
1719560 735
1719570 737
1719580 737
1719590 737
1719600 737
1719610 736
1719620 736
1719630 737
1719640 738
1719650 738
1719660 740
1719670 742
1719680 742
1719690 743
1719700 743
1719710 743
1719720 740
1719730 744
1719740 744
1719750 749
1719760 753
1719770 757
1719780 757
1719790 760
1719800 764
1719810 764
1719820 768
1719830 773
1719840 773
1719850 776
1719860 780
1719870 780
1719880 785
1719890 789
1719900 789
1719910 794
1719920 798
1719930 798
1719940 805
1719950 810
1719960 810
1719970 815
1719980 820
1719990 820
