1760000 992
1760010 986
1760020 979
1760030 979
1760040 972
1760050 965
1760060 965
1760070 960
1760080 957
1760090 957
1760100 954
1760110 951
1760120 951
1760130 949
1760140 946
1760150 946
1760160 943
1760170 939
1760180 939
1760190 937
1760200 932
1760210 929
1760220 929
1760230 926
1760240 922
1760250 922
1760260 919
1760270 914
1760280 914
1760290 911
1760300 914
1760310 914
1760320 921
1760330 926
1760340 926
1760350 927
1760360 930
1760370 930
1760380 934
1760390 938
1760400 938
1760410 942
1760420 946
1760430 946
1760440 950
1760450 952
1760460 952
1760470 953
1760480 955
1760490 955
1760500 957
1760510 959
1760520 959
1760530 961
1760540 965
1760550 965
1760560 965
1760570 968
1760580 968
1760590 968
1760600 969
1760610 970
1760620 970
1760630 971
1760640 973
1760650 973
1760660 975
1760670 978
1760680 978
1760690 981
1760700 984
1760710 984
1760720 986
1760730 991
1760740 991
1760750 995
1760760 996
1760770 996
1760780 998
1760790 999
1760800 999
1760810 999
1760820 1001
1760830 1001
1760840 1004
1760850 1006
1760860 1006
1760870 1009
1760880 1011
1760890 1014
1760900 1014
1760910 1017
1760920 1019
1760930 1019
1760940 1022
1760950 1025
1760960 1025
1760970 1028
1760980 1032
1760990 1032
1761000 1036
1761010 1041
1761020 1041
1761030 1046
1761040 1051
1761050 1051
1761060 1054
1761070 1057
1761080 1057
1761090 1058
1761100 1059
1761110 1059
1761120 1062
1761130 1065
1761140 1065
1761150 1068
1761160 1071
1761170 1071
1761180 1074
1761190 1077
1761200 1077
1761210 1079
1761220 1080
1761230 1081
1761240 1081
1761250 1083
1761260 1084
1761270 1084
1761280 1086
1761290 1087
1761300 1087
1761310 1087
1761320 1087
1761330 1087
1761340 1087
1761350 1086
1761360 1086
1761370 1086
1761380 1086
1761390 1086
1761400 1085
1761410 1085
1761420 1085
1761430 1084
1761440 1083
1761450 1083
1761460 1082
1761470 1080
1761480 1080
1761490 1082
1761500 1079
1761510 1079
1761520 1076
1761530 1073
1761540 1073
1761550 1070
1761560 1066
1761570 1063
1761580 1063
1761590 1060
1761600 1056
1761610 1056
1761620 1053
1761630 1049
1761640 1049
1761650 1045
1761660 1041
1761670 1041
1761680 1037
1761690 1033
1761700 1033
1761710 1029
1761720 1026
1761730 1026
1761740 1022
1761750 1020
1761760 1020
1761770 1013
1761780 1008
1761790 1008
1761800 1001
1761810 1000
1761820 1000
1761830 999
1761840 999
1761850 999
1761860 1004
1761870 1009
1761880 1014
1761890 1014
1761900 1019
1761910 1025
1761920 1025
1761930 1031
1761940 1038
1761950 1038
1761960 1045
1761970 1051
1761980 1051
1761990 1057
1762000 1060
1762010 1060
1762020 1064
1762030 1069
1762040 1069
1762050 1070
1762060 1070
1762070 1070
1762080 1071
1762090 1072
1762100 1072
1762110 1072
1762120 1074
1762130 1074
1762140 1076
1762150 1078
1762160 1078
1762170 1081
1762180 1083
1762190 1083
1762200 1085
1762210 1086
1762220 1088
1762230 1088
1762240 1091
1762250 1094
1762260 1094
1762270 1098
1762280 1101
1762290 1101
1762300 1105
1762310 1108
1762320 1108
1762330 1112
1762340 1114
1762350 1114
1762360 1116
1762370 1119
1762380 1119
1762390 1120
1762400 1120
1762410 1120
1762420 1122
1762430 1123
1762440 1123
1762450 1123
1762460 1124
1762470 1124
1762480 1124
1762490 1125
1762500 1125
1762510 1126
1762520 1128
1762530 1128
1762540 1129
1762550 1131
1762560 1132
1762570 1132
1762580 1132
1762590 1132
1762600 1132
1762610 1133
1762620 1133
1762630 1133
1762640 1134
1762650 1135
1762660 1135
1762670 1140
1762680 1141
1762690 1141
1762700 1142
1762710 1143
1762720 1143
1762730 1145
1762740 1146
1762750 1146
1762760 1147
1762770 1149
1762780 1149
1762790 1150
1762800 1151
1762810 1151
1762820 1153
1762830 1156
1762840 1156
1762850 1158
1762860 1162
1762870 1162
1762880 1165
1762890 1167
1762900 1170
1762910 1170
1762920 1173
1762930 1175
1762940 1175
1762950 1178
1762960 1181
1762970 1181
1762980 1183
1762990 1186
1763000 1186
1763010 1188
1763020 1191
1763030 1191
1763040 1192
1763050 1194
1763060 1194
1763070 1197
1763080 1200
1763090 1200
1763100 1203
1763110 1206
1763120 1206
1763130 1209
1763140 1212
1763150 1212
1763160 1215
1763170 1217
1763180 1217
1763190 1220
1763200 1222
1763210 1222
1763220 1225
1763230 1228
1763240 1230
1763250 1230
1763260 1233
1763270 1236
1763280 1236
1763290 1238
1763300 1240
1763310 1240
1763320 1243
1763330 1244
1763340 1244
1763350 1246
1763360 1246
1763370 1246
1763380 1249
1763390 1250
1763400 1250
1763410 1255
1763420 1257
1763430 1257
1763440 1260
1763450 1262
1763460 1262
1763470 1264
1763480 1266
1763490 1266
1763500 1268
1763510 1271
1763520 1271
1763530 1274
1763540 1275
1763550 1276
1763560 1276
1763570 1277
1763580 1278
1763590 1278
1763600 1278
1763610 1279
1763620 1279
1763630 1279
1763640 1278
1763650 1278
1763660 1278
1763670 1278
1763680 1278
1763690 1277
1763700 1277
1763710 1277
1763720 1277
1763730 1277
1763740 1277
1763750 1277
1763760 1276
1763770 1276
1763780 1276
1763790 1275
1763800 1275
1763810 1277
1763820 1276
1763830 1276
1763840 1275
1763850 1275
1763860 1275
1763870 1277
1763880 1277
1763890 1276
1763900 1276
1763910 1279
1763920 1280
1763930 1280
1763940 1279
1763950 1278
1763960 1278
1763970 1278
1763980 1279
1763990 1279
1764000 1280
1764010 1281
1764020 1281
1764030 1281
1764040 1283
1764050 1283
1764060 1282
1764070 1281
1764080 1281
1764090 1279
1764100 1277
1764110 1277
1764120 1273
1764130 1271
1764140 1271
1764150 1268
1764160 1264
1764170 1264
1764180 1260
1764190 1256
1764200 1256
1764210 1253
1764220 1249
1764230 1247
1764240 1247
1764250 1244
1764260 1241
1764270 1241
1764280 1237
1764290 1234
1764300 1234
1764310 1231
1764320 1227
1764330 1227
1764340 1223
1764350 1220
1764360 1220
1764370 1216
1764380 1211
1764390 1211
1764400 1207
1764410 1202
1764420 1202
1764430 1199
1764440 1197
1764450 1197
1764460 1197
1764470 1197
1764480 1197
1764490 1196
1764500 1195
1764510 1195
1764520 1194
1764530 1194
1764540 1194
1764550 1193
1764560 1194
1764570 1195
1764580 1195
1764590 1194
1764600 1195
1764610 1195
1764620 1196
1764630 1197
1764640 1197
1764650 1198
1764660 1200
1764670 1200
1764680 1201
1764690 1201
1764700 1201
1764710 1202
1764720 1202
1764730 1202
1764740 1202
1764750 1201
1764760 1201
1764770 1200
1764780 1198
1764790 1198
1764800 1198
1764810 1198
1764820 1198
1764830 1197
1764840 1196
1764850 1196
1764860 1195
1764870 1195
1764880 1195
1764890 1194
1764900 1193
1764910 1192
1764920 1192
1764930 1190
1764940 1188
1764950 1188
1764960 1186
1764970 1183
1764980 1183
1764990 1181
1765000 1179
1765010 1179
1765020 1177
1765030 1177
1765040 1177
1765050 1175
1765060 1173
1765070 1173
1765080 1171
1765090 1171
1765100 1171
1765110 1169
1765120 1170
1765130 1170
1765140 1171
1765150 1172
1765160 1172
1765170 1173
1765180 1173
1765190 1173
1765200 1173
1765210 1173
1765220 1173
1765230 1173
1765240 1173
1765250 1173
1765260 1173
1765270 1173
1765280 1174
1765290 1174
1765300 1174
1765310 1175
1765320 1175
1765330 1176
1765340 1177
1765350 1177
1765360 1179
1765370 1179
1765380 1183
1765390 1183
1765400 1183
1765410 1183
1765420 1183
1765430 1183
1765440 1183
1765450 1182
1765460 1182
1765470 1182
1765480 1182
1765490 1181
1765500 1181
1765510 1181
1765520 1180
1765530 1180
1765540 1179
1765550 1178
1765560 1177
1765570 1177
1765580 1176
1765590 1175
1765600 1175
1765610 1173
1765620 1171
1765630 1171
1765640 1169
1765650 1166
1765660 1166
1765670 1163
1765680 1160
1765690 1160
1765700 1156
1765710 1153
1765720 1153
1765730 1148
1765740 1146
1765750 1146
1765760 1143
1765770 1140
1765780 1140
1765790 1135
1765800 1130
1765810 1130
1765820 1126
1765830 1120
1765840 1120
1765850 1116
1765860 1111
1765870 1111
1765880 1106
1765890 1102
1765900 1097
1765910 1097
1765920 1094
1765930 1089
1765940 1089
1765950 1084
1765960 1080
1765970 1080
1765980 1075
1765990 1070
1766000 1070
1766010 1066
1766020 1063
1766030 1063
1766040 1059
1766050 1056
1766060 1056
1766070 1053
1766080 1051
1766090 1051
1766100 1049
1766110 1047
1766120 1047
1766130 1049
1766140 1053
1766150 1053
1766160 1057
1766170 1061
1766180 1061
1766190 1063
1766200 1066
1766210 1066
1766220 1065
1766230 1061
1766240 1058
1766250 1058
1766260 1052
1766270 1048
1766280 1048
1766290 1044
1766300 1040
1766310 1040
1766320 1036
1766330 1031
1766340 1031
1766350 1027
1766360 1027
1766370 1027
1766380 1028
1766390 1030
1766400 1030
1766410 1032
1766420 1034
1766430 1034
1766440 1038
1766450 1041
1766460 1041
1766470 1045
1766480 1050
1766490 1050
1766500 1054
1766510 1061
1766520 1061
1766530 1064
1766540 1069
1766550 1069
1766560 1073
1766570 1077
1766580 1079
1766590 1079
1766600 1082
1766610 1087
1766620 1087
1766630 1091
1766640 1094
1766650 1094
1766660 1099
1766670 1103
1766680 1103
1766690 1104
1766700 1106
1766710 1106
1766720 1108
1766730 1111
1766740 1111
1766750 1114
1766760 1117
1766770 1117
1766780 1120
1766790 1123
1766800 1123
1766810 1127
1766820 1130
1766830 1130
1766840 1136
1766850 1139
1766860 1139
1766870 1142
1766880 1144
1766890 1146
1766900 1146
1766910 1147
1766920 1149
1766930 1149
1766940 1151
1766950 1153
1766960 1153
1766970 1155
1766980 1157
1766990 1157
1767000 1159
1767010 1162
1767020 1162
1767030 1163
1767040 1165
1767050 1165
1767060 1168
1767070 1171
1767080 1171
1767090 1173
1767100 1175
1767110 1175
1767120 1177
1767130 1179
1767140 1179
1767150 1181
1767160 1185
1767170 1185
1767180 1190
1767190 1195
1767200 1195
1767210 1199
1767220 1202
1767230 1206
1767240 1206
1767250 1209
1767260 1213
1767270 1213
1767280 1217
1767290 1220
1767300 1220
1767310 1222
1767320 1223
1767330 1223
1767340 1224
1767350 1226
1767360 1226
1767370 1228
1767380 1229
1767390 1229
1767400 1230
1767410 1230
1767420 1230
1767430 1232
1767440 1234
1767450 1234
1767460 1236
1767470 1237
1767480 1237
1767490 1238
1767500 1240
1767510 1240
1767520 1244
1767530 1248
1767540 1248
1767550 1252
1767560 1257
1767570 1262
1767580 1262
1767590 1265
1767600 1268
1767610 1268
1767620 1271
1767630 1274
1767640 1274
1767650 1277
1767660 1280
1767670 1280
1767680 1282
1767690 1284
1767700 1284
1767710 1285
1767720 1287
1767730 1287
1767740 1287
1767750 1286
1767760 1286
1767770 1285
1767780 1284
1767790 1284
1767800 1282
1767810 1281
1767820 1281
1767830 1280
1767840 1278
1767850 1278
1767860 1276
1767870 1275
1767880 1275
1767890 1272
1767900 1270
1767910 1268
1767920 1268
1767930 1266
1767940 1264
1767950 1264
1767960 1262
1767970 1260
1767980 1260
1767990 1257
1768000 1253
1768010 1253
1768020 1249
1768030 1245
1768040 1245
1768050 1241
1768060 1237
1768070 1237
1768080 1233
1768090 1230
1768100 1230
1768110 1226
1768120 1221
1768130 1221
1768140 1217
1768150 1213
1768160 1213
1768170 1210
1768180 1208
1768190 1208
1768200 1204
1768210 1201
1768220 1201
1768230 1198
1768240 1195
1768250 1192
1768260 1192
1768270 1188
1768280 1184
1768290 1184
1768300 1180
1768310 1176
1768320 1176
1768330 1172
1768340 1169
1768350 1169
1768360 1165
1768370 1161
1768380 1161
1768390 1156
1768400 1152
1768410 1152
1768420 1148
1768430 1144
1768440 1144
1768450 1141
1768460 1138
1768470 1138
1768480 1135
1768490 1130
1768500 1130
1768510 1127
1768520 1122
1768530 1122
1768540 1119
1768550 1114
1768560 1114
1768570 1111
1768580 1107
1768590 1103
1768600 1103
1768610 1098
1768620 1095
1768630 1095
1768640 1090
1768650 1086
1768660 1086
1768670 1082
1768680 1077
1768690 1077
1768700 1072
1768710 1067
1768720 1067
1768730 1063
1768740 1058
1768750 1058
1768760 1054
1768770 1052
1768780 1052
1768790 1052
1768800 1050
1768810 1050
1768820 1048
1768830 1044
1768840 1044
1768850 1041
1768860 1039
1768870 1039
1768880 1035
1768890 1033
1768900 1035
1768910 1035
1768920 1040
1768930 1043
1768940 1043
1768950 1047
1768960 1049
1768970 1049
1768980 1051
1768990 1052
1769000 1052
1769010 1053
1769020 1056
1769030 1056
1769040 1059
1769050 1063
1769060 1063
1769070 1066
1769080 1069
1769090 1069
1769100 1073
1769110 1076
1769120 1076
1769130 1078
1769140 1080
1769150 1080
1769160 1083
1769170 1085
1769180 1085
1769190 1088
1769200 1091
1769210 1091
1769220 1093
1769230 1096
1769240 1099
1769250 1099
1769260 1101
1769270 1103
1769280 1103
1769290 1105
1769300 1107
1769310 1108
1769320 1110
1769330 1111
1769340 1111
1769350 1112
1769360 1113
1769370 1113
1769380 1115
1769390 1116
1769400 1116
1769410 1117
1769420 1118
1769430 1118
1769440 1120
1769450 1121
1769460 1121
1769470 1123
1769480 1124
1769490 1124
1769500 1125
1769510 1126
1769520 1126
1769530 1127
1769540 1128
1769550 1128
1769560 1129
1769570 1129
1769580 1129
1769590 1129
1769600 1130
1769610 1130
1769620 1130
1769630 1130
1769640 1130
1769650 1130
1769660 1129
1769670 1129
1769680 1129
1769690 1129
1769700 1128
1769710 1128
1769720 1128
1769730 1127
1769740 1127
1769750 1126
1769760 1125
1769770 1125
1769780 1125
1769790 1124
1769800 1124
1769810 1124
1769820 1124
1769830 1124
1769840 1123
1769850 1123
1769860 1123
1769870 1122
1769880 1121
1769890 1121
1769900 1121
1769910 1121
1769920 1120
1769930 1120
1769940 1121
1769950 1119
1769960 1119
1769970 1118
1769980 1117
1769990 1117
1770000 1115
1770010 1113
1770020 1113
1770030 1111
1770040 1109
1770050 1109
1770060 1107
1770070 1104
1770080 1104
1770090 1100
1770100 1097
1770110 1097
1770120 1093
1770130 1090
1770140 1090
1770150 1087
1770160 1083
1770170 1083
1770180 1080
1770190 1076
1770200 1076
1770210 1073
1770220 1069
1770230 1069
1770240 1066
1770250 1062
1770260 1058
1770270 1058
1770280 1054
1770290 1050
1770300 1050
1770310 1046
1770320 1042
1770330 1042
1770340 1038
1770350 1034
1770360 1034
1770370 1029
1770380 1024
1770390 1024
1770400 1020
1770410 1015
1770420 1015
1770430 1011
1770440 1009
1770450 1009
1770460 1005
1770470 1000
1770480 1000
1770490 996
1770500 993
1770510 993
1770520 990
1770530 986
1770540 986
1770550 983
1770560 979
1770570 976
1770580 976
1770590 980
1770600 979
1770610 979
1770620 977
1770630 974
1770640 974
1770650 972
1770660 972
1770670 972
1770680 971
1770690 971
1770700 971
1770710 968
1770720 960
1770730 960
1770740 948
1770750 940
1770760 940
1770770 932
1770780 926
1770790 926
1770800 918
1770810 915
1770820 915
1770830 918
1770840 922
1770850 922
1770860 925
1770870 927
1770880 927
1770890 930
1770900 933
1770910 936
1770920 936
1770930 939
1770940 943
1770950 943
1770960 946
1770970 949
1770980 949
1770990 953
1771000 956
1771010 956
1771020 960
1771030 964
1771040 964
1771050 967
1771060 971
1771070 971
1771080 975
1771090 978
1771100 978
1771110 982
1771120 986
1771130 986
1771140 990
1771150 993
1771160 993
1771170 997
1771180 1001
1771190 1001
1771200 1005
1771210 1009
1771220 1009
1771230 1013
1771240 1016
1771250 1018
1771260 1018
1771270 1020
1771280 1021
1771290 1021
1771300 1020
1771310 1018
1771320 1018
1771330 1016
1771340 1015
1771350 1015
1771360 1013
1771370 1010
1771380 1010
1771390 1008
1771400 1005
1771410 1005
1771420 1003
1771430 1000
1771440 1000
1771450 998
1771460 996
1771470 996
1771480 994
1771490 993
1771500 993
1771510 991
1771520 990
1771530 990
1771540 988
1771550 986
1771560 986
1771570 984
1771580 980
1771590 976
1771600 976
1771610 969
1771620 961
1771630 961
1771640 956
1771650 953
1771660 953
1771670 951
1771680 950
1771690 950
1771700 950
1771710 950
1771720 950
1771730 947
1771740 945
1771750 945
1771760 943
1771770 941
1771780 941
1771790 940
1771800 940
1771810 940
1771820 938
1771830 935
1771840 935
1771850 937
1771860 935
1771870 935
1771880 933
1771890 931
1771900 931
1771910 929
1771920 929
1771930 926
1771940 926
1771950 927
1771960 925
1771970 925
1771980 925
1771990 922
1772000 922
1772010 918
1772020 914
1772030 914
1772040 913
1772050 911
1772060 911
1772070 907
1772080 906
1772090 906
1772100 905
1772110 900
1772120 900
1772130 896
1772140 888
1772150 888
1772160 880
1772170 870
1772180 870
1772190 863
1772200 858
1772210 858
1772220 852
1772230 847
1772240 841
1772250 841
1772260 837
1772270 837
1772280 837
1772290 837
1772300 839
1772310 839
1772320 841
1772330 845
1772340 845
1772350 849
1772360 855
1772370 855
1772380 862
1772390 867
1772400 867
1772410 873
1772420 877
1772430 877
1772440 881
1772450 885
1772460 885
1772470 889
1772480 893
1772490 893
1772500 897
1772510 899
1772520 899
1772530 904
1772540 909
1772550 909
1772560 913
1772570 918
1772580 922
1772590 922
1772600 925
1772610 929
1772620 929
1772630 930
1772640 932
1772650 932
1772660 934
1772670 938
1772680 938
1772690 940
1772700 943
1772710 943
1772720 946
1772730 950
1772740 950
1772750 955
1772760 959
1772770 959
1772780 963
1772790 966
1772800 966
1772810 969
1772820 972
1772830 972
1772840 975
1772850 978
1772860 978
1772870 981
1772880 983
1772890 983
1772900 986
1772910 988
1772920 990
1772930 990
1772940 992
1772950 994
1772960 994
1772970 996
1772980 999
1772990 999
1773000 1001
1773010 1004
1773020 1004
1773030 1008
1773040 1011
1773050 1011
1773060 1015
1773070 1018
1773080 1018
1773090 1022
1773100 1025
1773110 1025
1773120 1029
1773130 1033
1773140 1033
1773150 1036
1773160 1040
1773170 1040
1773180 1043
1773190 1046
1773200 1046
1773210 1050
1773220 1053
1773230 1053
1773240 1056
1773250 1060
1773260 1063
1773270 1063
1773280 1066
1773290 1069
1773300 1069
1773310 1073
1773320 1076
1773330 1076
1773340 1079
1773350 1083
1773360 1083
1773370 1086
1773380 1088
1773390 1088
1773400 1092
1773410 1093
1773420 1093
1773430 1098
1773440 1101
1773450 1101
1773460 1104
1773470 1107
1773480 1107
1773490 1109
1773500 1113
1773510 1113
1773520 1116
1773530 1119
1773540 1119
1773550 1122
1773560 1125
1773570 1125
1773580 1128
1773590 1131
1773600 1134
1773610 1134
1773620 1137
1773630 1140
1773640 1140
1773650 1143
1773660 1146
1773670 1146
1773680 1150
1773690 1152
1773700 1152
1773710 1156
1773720 1159
1773730 1159
1773740 1162
1773750 1165
1773760 1165
1773770 1167
1773780 1170
1773790 1170
1773800 1173
1773810 1176
1773820 1176
1773830 1179
1773840 1182
1773850 1182
1773860 1184
1773870 1187
1773880 1187
1773890 1190
1773900 1194
1773910 1196
1773920 1196
1773930 1199
1773940 1203
1773950 1203
1773960 1203
1773970 1206
1773980 1206
1773990 1209
1774000 1212
1774010 1212
1774020 1215
1774030 1217
1774040 1217
1774050 1220
1774060 1222
1774070 1222
1774080 1224
1774090 1227
1774100 1227
1774110 1229
1774120 1231
1774130 1231
1774140 1233
1774150 1233
1774160 1233
1774170 1236
1774180 1237
1774190 1237
1774200 1239
1774210 1239
1774220 1239
1774230 1240
1774240 1240
1774250 1239
1774260 1239
1774270 1238
1774280 1237
1774290 1237
1774300 1235
1774310 1233
1774320 1233
1774330 1232
1774340 1230
1774350 1230
1774360 1227
1774370 1224
1774380 1224
1774390 1221
1774400 1218
1774410 1218
1774420 1215
1774430 1212
1774440 1212
1774450 1211
1774460 1208
1774470 1208
1774480 1205
1774490 1203
1774500 1203
1774510 1200
1774520 1197
1774530 1197
1774540 1194
1774550 1189
1774560 1189
1774570 1184
1774580 1180
1774590 1175
1774600 1175
1774610 1170
1774620 1165
1774630 1165
1774640 1160
1774650 1154
1774660 1154
1774670 1149
1774680 1144
1774690 1144
1774700 1139
1774710 1134
1774720 1134
1774730 1128
1774740 1122
1774750 1122
1774760 1117
1774770 1110
1774780 1110
1774790 1104
1774800 1099
1774810 1099
1774820 1093
1774830 1088
1774840 1088
1774850 1082
1774860 1076
1774870 1076
1774880 1071
1774890 1065
1774900 1065
1774910 1060
1774920 1054
1774930 1049
1774940 1049
1774950 1044
1774960 1039
1774970 1039
1774980 1034
1774990 1030
1775000 1030
1775010 1026
1775020 1024
1775030 1024
1775040 1023
1775050 1023
1775060 1023
1775070 1021
1775080 1018
1775090 1018
1775100 1022
1775110 1029
1775120 1029
1775130 1033
1775140 1036
1775150 1036
1775160 1040
1775170 1043
1775180 1043
1775190 1046
1775200 1050
1775210 1050
1775220 1054
1775230 1057
1775240 1057
1775250 1061
1775260 1064
1775270 1068
1775280 1068
1775290 1071
1775300 1074
1775310 1074
1775320 1077
1775330 1080
1775340 1080
1775350 1083
1775360 1085
1775370 1085
1775380 1087
1775390 1089
1775400 1089
1775410 1091
1775420 1093
1775430 1093
1775440 1095
1775450 1096
1775460 1096
1775470 1096
1775480 1096
1775490 1096
1775500 1096
1775510 1096
1775520 1096
1775530 1095
1775540 1098
1775550 1098
1775560 1097
1775570 1096
1775580 1096
1775590 1094
1775600 1093
1775610 1091
1775620 1091
1775630 1089
1775640 1087
1775650 1087
1775660 1085
1775670 1084
1775680 1084
1775690 1083
1775700 1081
1775710 1081
1775720 1079
1775730 1077
1775740 1077
1775750 1075
1775760 1072
1775770 1072
1775780 1071
1775790 1070
1775800 1070
1775810 1068
1775820 1064
1775830 1064
1775840 1062
1775850 1060
1775860 1060
1775870 1058
1775880 1056
1775890 1056
1775900 1053
1775910 1050
1775920 1045
1775930 1045
1775940 1043
1775950 1040
1775960 1040
1775970 1038
1775980 1034
1775990 1034
1776000 1031
1776010 1029
1776020 1029
1776030 1025
1776040 1023
1776050 1023
1776060 1020
1776070 1018
1776080 1018
1776090 1016
1776100 1014
1776110 1014
1776120 1011
1776130 1008
1776140 1008
1776150 997
1776160 995
1776170 995
1776180 996
1776190 1004
1776200 1004
1776210 1010
1776220 1015
1776230 1015
1776240 1021
1776250 1027
1776260 1034
1776270 1034
1776280 1039
1776290 1046
1776300 1046
1776310 1053
1776320 1059
1776330 1059
1776340 1065
1776350 1071
1776360 1071
1776370 1078
1776380 1084
1776390 1084
1776400 1089
1776410 1094
1776420 1094
1776430 1098
1776440 1100
1776450 1100
1776460 1101
1776470 1101
1776480 1101
1776490 1100
1776500 1099
1776510 1099
1776520 1096
1776530 1094
1776540 1094
1776550 1090
1776560 1086
1776570 1086
1776580 1082
1776590 1078
1776600 1074
1776610 1074
1776620 1071
1776630 1068
1776640 1068
1776650 1065
1776660 1062
1776670 1062
1776680 1060
1776690 1058
1776700 1058
1776710 1057
1776720 1056
1776730 1056
1776740 1054
1776750 1056
1776760 1056
1776770 1053
1776780 1051
1776790 1051
1776800 1048
1776810 1050
1776820 1050
1776830 1056
1776840 1063
1776850 1063
1776860 1070
1776870 1077
1776880 1077
1776890 1083
1776900 1088
1776910 1088
1776920 1094
1776930 1100
1776940 1105
1776950 1105
1776960 1110
1776970 1114
1776980 1114
1776990 1120
1777000 1126
1777010 1126
1777020 1131
1777030 1136
1777040 1136
1777050 1139
1777060 1143
1777070 1143
1777080 1148
1777090 1152
1777100 1152
1777110 1156
1777120 1159
1777130 1159
1777140 1163
1777150 1167
1777160 1167
1777170 1170
1777180 1174
1777190 1174
1777200 1179
1777210 1182
1777220 1182
1777230 1187
1777240 1190
1777250 1190
1777260 1194
1777270 1198
1777280 1202
1777290 1202
1777300 1206
1777310 1209
1777320 1209
1777330 1213
1777340 1216
1777350 1216
1777360 1219
1777370 1223
1777380 1223
1777390 1226
1777400 1230
1777410 1230
1777420 1234
1777430 1237
1777440 1237
1777450 1240
1777460 1243
1777470 1243
1777480 1246
1777490 1250
1777500 1250
1777510 1253
1777520 1256
1777530 1256
1777540 1260
1777550 1263
1777560 1263
1777570 1266
1777580 1269
1777590 1272
1777600 1272
1777610 1274
1777620 1278
1777630 1278
1777640 1283
1777650 1285
1777660 1285
1777670 1288
1777680 1292
1777690 1292
1777700 1295
1777710 1298
1777720 1298
1777730 1302
1777740 1305
1777750 1305
1777760 1309
1777770 1313
1777780 1313
1777790 1316
1777800 1319
1777810 1319
1777820 1322
1777830 1326
1777840 1326
1777850 1329
1777860 1332
1777870 1332
1777880 1335
1777890 1338
1777900 1338
1777910 1342
1777920 1346
1777930 1349
1777940 1349
1777950 1353
1777960 1357
1777970 1357
1777980 1360
1777990 1363
1778000 1363
1778010 1366
1778020 1369
1778030 1369
1778040 1371
1778050 1374
1778060 1374
1778070 1376
1778080 1377
1778090 1377
1778100 1379
1778110 1381
1778120 1381
1778130 1383
1778140 1384
1778150 1384
1778160 1385
1778170 1385
1778180 1385
1778190 1385
1778200 1385
1778210 1385
1778220 1385
1778230 1383
1778240 1383
1778250 1382
1778260 1380
1778270 1378
1778280 1378
1778290 1376
1778300 1374
1778310 1374
1778320 1372
1778330 1370
1778340 1370
1778350 1367
1778360 1364
1778370 1364
1778380 1362
1778390 1359
1778400 1359
1778410 1357
1778420 1355
1778430 1355
1778440 1354
1778450 1354
1778460 1354
1778470 1353
1778480 1352
1778490 1352
1778500 1349
1778510 1348
1778520 1348
1778530 1346
1778540 1345
1778550 1345
1778560 1344
1778570 1343
1778580 1343
1778590 1342
1778600 1341
1778610 1337
1778620 1337
1778630 1336
1778640 1332
1778650 1332
1778660 1329
1778670 1326
1778680 1326
1778690 1323
1778700 1320
1778710 1320
1778720 1317
1778730 1314
1778740 1314
1778750 1312
1778760 1309
1778770 1309
1778780 1305
1778790 1301
1778800 1301
1778810 1300
1778820 1297
1778830 1297
1778840 1293
1778850 1292
1778860 1292
1778870 1289
1778880 1286
1778890 1286
1778900 1283
1778910 1281
1778920 1281
1778930 1279
1778940 1277
1778950 1276
1778960 1276
1778970 1273
1778980 1269
1778990 1269
1779000 1266
1779010 1263
1779020 1263
1779030 1260
1779040 1257
1779050 1257
1779060 1254
1779070 1251
1779080 1251
1779090 1248
1779100 1246
1779110 1247
1779120 1245
1779130 1243
1779140 1243
1779150 1240
1779160 1238
1779170 1238
1779180 1237
1779190 1236
1779200 1236
1779210 1234
1779220 1232
1779230 1232
1779240 1229
1779250 1228
1779260 1227
1779270 1227
1779280 1225
1779290 1223
1779300 1223
1779310 1221
1779320 1219
1779330 1219
1779340 1217
1779350 1215
1779360 1215
1779370 1213
1779380 1210
1779390 1210
1779400 1208
1779410 1206
1779420 1206
1779430 1205
1779440 1203
1779450 1203
1779460 1202
1779470 1200
1779480 1200
1779490 1199
1779500 1198
1779510 1198
1779520 1197
1779530 1198
1779540 1198
1779550 1198
1779560 1198
1779570 1198
1779580 1197
1779590 1196
1779600 1193
1779610 1193
1779620 1193
1779630 1195
1779640 1195
1779650 1195
1779660 1195
1779670 1195
1779680 1194
1779690 1192
1779700 1192
1779710 1191
1779720 1189
1779730 1189
1779740 1188
1779750 1185
1779760 1185
1779770 1184
1779780 1183
1779790 1183
1779800 1182
1779810 1181
1779820 1181
1779830 1181
1779840 1179
1779850 1179
1779860 1176
1779870 1173
1779880 1173
1779890 1169
1779900 1166
1779910 1166
1779920 1164
1779930 1163
1779940 1160
1779950 1160
1779960 1158
1779970 1157
1779980 1157
1779990 1156
