1760000 1088
1760010 1088
1760020 1085
1760030 1081
1760040 1081
1760050 1085
1760060 1090
1760070 1090
1760080 1095
1760090 1099
1760100 1099
1760110 1104
1760120 1108
1760130 1108
1760140 1112
1760150 1115
1760160 1119
1760170 1119
1760180 1121
1760190 1124
1760200 1124
1760210 1128
1760220 1131
1760230 1131
1760240 1135
1760250 1139
1760260 1139
1760270 1144
1760280 1150
1760290 1150
1760300 1156
1760310 1163
1760320 1163
1760330 1169
1760340 1175
1760350 1175
1760360 1181
1760370 1186
1760380 1186
1760390 1192
1760400 1196
1760410 1196
1760420 1202
1760430 1207
1760440 1207
1760450 1212
1760460 1217
1760470 1217
1760480 1221
1760490 1225
1760500 1225
1760510 1229
1760520 1232
1760530 1235
1760540 1235
1760550 1237
1760560 1239
1760570 1239
1760580 1241
1760590 1243
1760600 1243
1760610 1246
1760620 1248
1760630 1248
1760640 1250
1760650 1253
1760660 1253
1760670 1253
1760680 1254
1760690 1254
1760700 1257
1760710 1259
1760720 1259
1760730 1262
1760740 1267
1760750 1267
1760760 1271
1760770 1273
1760780 1273
1760790 1275
1760800 1278
1760810 1278
1760820 1279
1760830 1280
1760840 1280
1760850 1282
1760860 1284
1760870 1288
1760880 1288
1760890 1290
1760900 1292
1760910 1292
1760920 1293
1760930 1295
1760940 1295
1760950 1296
1760960 1297
1760970 1297
1760980 1298
1760990 1299
1761000 1299
1761010 1298
1761020 1297
1761030 1297
1761040 1296
1761050 1294
1761060 1294
1761070 1290
1761080 1284
1761090 1284
1761100 1276
1761110 1269
1761120 1269
1761130 1264
1761140 1260
1761150 1260
1761160 1258
1761170 1254
1761180 1254
1761190 1250
1761200 1245
1761210 1245
1761220 1242
1761230 1238
1761240 1233
1761250 1233
1761260 1228
1761270 1223
1761280 1223
1761290 1217
1761300 1211
1761310 1211
1761320 1209
1761330 1206
1761340 1206
1761350 1204
1761360 1202
1761370 1202
1761380 1201
1761390 1202
1761400 1202
1761410 1202
1761420 1202
1761430 1202
1761440 1202
1761450 1203
1761460 1203
1761470 1203
1761480 1203
1761490 1203
1761500 1203
1761510 1203
1761520 1203
1761530 1204
1761540 1207
1761550 1207
1761560 1208
1761570 1209
1761580 1211
1761590 1211
1761600 1212
1761610 1214
1761620 1214
1761630 1216
1761640 1218
1761650 1218
1761660 1220
1761670 1222
1761680 1222
1761690 1225
1761700 1226
1761710 1226
1761720 1229
1761730 1231
1761740 1231
1761750 1232
1761760 1234
1761770 1234
1761780 1236
1761790 1238
1761800 1238
1761810 1240
1761820 1243
1761830 1243
1761840 1245
1761850 1247
1761860 1247
1761870 1249
1761880 1250
1761890 1250
1761900 1252
1761910 1255
1761920 1255
1761930 1258
1761940 1260
1761950 1262
1761960 1262
1761970 1265
1761980 1268
1761990 1268
1762000 1271
1762010 1275
1762020 1275
1762030 1279
1762040 1283
1762050 1283
1762060 1287
1762070 1290
1762080 1290
1762090 1293
1762100 1297
1762110 1297
1762120 1300
1762130 1304
1762140 1304
1762150 1307
1762160 1310
1762170 1310
1762180 1314
1762190 1318
1762200 1318
1762210 1322
1762220 1326
1762230 1326
1762240 1331
1762250 1335
1762260 1335
1762270 1339
1762280 1342
1762290 1345
1762300 1345
1762310 1348
1762320 1349
1762330 1349
1762340 1352
1762350 1354
1762360 1354
1762370 1357
1762380 1359
1762390 1359
1762400 1362
1762410 1364
1762420 1364
1762430 1366
1762440 1367
1762450 1367
1762460 1369
1762470 1372
1762480 1372
1762490 1374
1762500 1376
1762510 1376
1762520 1380
1762530 1382
1762540 1382
1762550 1384
1762560 1384
1762570 1384
1762580 1384
1762590 1383
1762600 1383
1762610 1382
1762620 1382
1762630 1382
1762640 1382
1762650 1381
1762660 1381
1762670 1381
1762680 1380
1762690 1377
1762700 1377
1762710 1371
1762720 1366
1762730 1366
1762740 1361
1762750 1358
1762760 1358
1762770 1356
1762780 1352
1762790 1352
1762800 1347
1762810 1343
1762820 1343
1762830 1340
1762840 1336
1762850 1336
1762860 1331
1762870 1326
1762880 1326
1762890 1321
1762900 1316
1762910 1316
1762920 1312
1762930 1310
1762940 1310
1762950 1308
1762960 1306
1762970 1306
1762980 1303
1762990 1301
1763000 1299
1763010 1299
1763020 1296
1763030 1293
1763040 1293
1763050 1290
1763060 1286
1763070 1287
1763080 1283
1763090 1280
1763100 1280
1763110 1277
1763120 1272
1763130 1272
1763140 1268
1763150 1264
1763160 1264
1763170 1260
1763180 1257
1763190 1257
1763200 1253
1763210 1247
1763220 1247
1763230 1243
1763240 1238
1763250 1238
1763260 1233
1763270 1229
1763280 1229
1763290 1226
1763300 1231
1763310 1231
1763320 1231
1763330 1230
1763340 1230
1763350 1229
1763360 1228
1763370 1225
1763380 1225
1763390 1223
1763400 1222
1763410 1222
1763420 1220
1763430 1220
1763440 1220
1763450 1219
1763460 1219
1763470 1219
1763480 1219
1763490 1218
1763500 1218
1763510 1218
1763520 1216
1763530 1216
1763540 1215
1763550 1214
1763560 1214
1763570 1213
1763580 1212
1763590 1212
1763600 1211
1763610 1211
1763620 1211
1763630 1209
1763640 1207
1763650 1207
1763660 1206
1763670 1204
1763680 1204
1763690 1200
1763700 1198
1763710 1199
1763720 1199
1763730 1200
1763740 1199
1763750 1199
1763760 1200
1763770 1202
1763780 1202
1763790 1202
1763800 1203
1763810 1203
1763820 1203
1763830 1203
1763840 1203
1763850 1203
1763860 1202
1763870 1202
1763880 1202
1763890 1202
1763900 1202
1763910 1201
1763920 1200
1763930 1200
1763940 1200
1763950 1199
1763960 1199
1763970 1198
1763980 1197
1763990 1197
1764000 1196
1764010 1194
1764020 1194
1764030 1193
1764040 1192
1764050 1192
1764060 1192
1764070 1192
1764080 1191
1764090 1191
1764100 1193
1764110 1196
1764120 1196
1764130 1197
1764140 1199
1764150 1199
1764160 1201
1764170 1202
1764180 1202
1764190 1204
1764200 1206
1764210 1206
1764220 1207
1764230 1209
1764240 1209
1764250 1211
1764260 1213
1764270 1213
1764280 1214
1764290 1215
1764300 1215
1764310 1216
1764320 1217
1764330 1217
1764340 1218
1764350 1218
1764360 1218
1764370 1219
1764380 1220
1764390 1220
1764400 1221
1764410 1222
1764420 1222
1764430 1226
1764440 1228
1764450 1228
1764460 1228
1764470 1229
1764480 1230
1764490 1230
1764500 1231
1764510 1233
1764520 1233
1764530 1234
1764540 1235
1764550 1235
1764560 1237
1764570 1239
1764580 1239
1764590 1242
1764600 1244
1764610 1244
1764620 1246
1764630 1248
1764640 1248
1764650 1250
1764660 1252
1764670 1252
1764680 1255
1764690 1255
1764700 1255
1764710 1258
1764720 1259
1764730 1259
1764740 1261
1764750 1262
1764760 1262
1764770 1263
1764780 1263
1764790 1264
1764800 1264
1764810 1265
1764820 1265
1764830 1265
1764840 1265
1764850 1264
1764860 1264
1764870 1264
1764880 1263
1764890 1263
1764900 1262
1764910 1261
1764920 1261
1764930 1259
1764940 1257
1764950 1257
1764960 1255
1764970 1254
1764980 1254
1764990 1251
1765000 1250
1765010 1250
1765020 1247
1765030 1245
1765040 1245
1765050 1242
1765060 1240
1765070 1240
1765080 1237
1765090 1234
1765100 1234
1765110 1229
1765120 1227
1765130 1227
1765140 1223
1765150 1221
1765160 1220
1765170 1220
1765180 1219
1765190 1218
1765200 1218
1765210 1218
1765220 1216
1765230 1216
1765240 1214
1765250 1211
1765260 1211
1765270 1209
1765280 1206
1765290 1206
1765300 1203
1765310 1198
1765320 1198
1765330 1193
1765340 1188
1765350 1188
1765360 1184
1765370 1181
1765380 1181
1765390 1178
1765400 1175
1765410 1175
1765420 1172
1765430 1168
1765440 1168
1765450 1164
1765460 1160
1765470 1160
1765480 1157
1765490 1153
1765500 1150
1765510 1150
1765520 1147
1765530 1143
1765540 1143
1765550 1139
1765560 1134
1765570 1134
1765580 1129
1765590 1125
1765600 1125
1765610 1120
1765620 1116
1765630 1116
1765640 1109
1765650 1104
1765660 1104
1765670 1097
1765680 1088
1765690 1088
1765700 1081
1765710 1073
1765720 1073
1765730 1068
1765740 1063
1765750 1063
1765760 1057
1765770 1050
1765780 1050
1765790 1044
1765800 1038
1765810 1038
1765820 1032
1765830 1033
1765840 1033
1765850 1035
1765860 1035
1765870 1039
1765880 1039
1765890 1044
1765900 1048
1765910 1048
1765920 1052
1765930 1056
1765940 1056
1765950 1061
1765960 1065
1765970 1065
1765980 1068
1765990 1071
1766000 1071
1766010 1073
1766020 1076
1766030 1076
1766040 1078
1766050 1080
1766060 1080
1766070 1082
1766080 1085
1766090 1085
1766100 1087
1766110 1088
1766120 1088
1766130 1090
1766140 1092
1766150 1092
1766160 1094
1766170 1097
1766180 1097
1766190 1098
1766200 1101
1766210 1103
1766220 1103
1766230 1105
1766240 1107
1766250 1107
1766260 1109
1766270 1111
1766280 1111
1766290 1113
1766300 1115
1766310 1115
1766320 1117
1766330 1119
1766340 1119
1766350 1122
1766360 1126
1766370 1126
1766380 1130
1766390 1133
1766400 1133
1766410 1137
1766420 1141
1766430 1141
1766440 1145
1766450 1149
1766460 1149
1766470 1153
1766480 1157
1766490 1157
1766500 1161
1766510 1164
1766520 1164
1766530 1167
1766540 1171
1766550 1171
1766560 1173
1766570 1177
1766580 1181
1766590 1181
1766600 1186
1766610 1190
1766620 1190
1766630 1194
1766640 1198
1766650 1198
1766660 1202
1766670 1206
1766680 1206
1766690 1209
1766700 1212
1766710 1212
1766720 1215
1766730 1218
1766740 1218
1766750 1221
1766760 1224
1766770 1224
1766780 1227
1766790 1229
1766800 1229
1766810 1231
1766820 1233
1766830 1233
1766840 1234
1766850 1235
1766860 1235
1766870 1237
1766880 1238
1766890 1238
1766900 1239
1766910 1240
1766920 1241
1766930 1241
1766940 1241
1766950 1241
1766960 1241
1766970 1241
1766980 1242
1766990 1242
1767000 1242
1767010 1242
1767020 1242
1767030 1242
1767040 1242
1767050 1242
1767060 1241
1767070 1240
1767080 1240
1767090 1240
1767100 1236
1767110 1236
1767120 1238
1767130 1238
1767140 1238
1767150 1238
1767160 1243
1767170 1243
1767180 1246
1767190 1248
1767200 1248
1767210 1249
1767220 1248
1767230 1248
1767240 1247
1767250 1249
1767260 1249
1767270 1254
1767280 1258
1767290 1263
1767300 1263
1767310 1268
1767320 1272
1767330 1272
1767340 1276
1767350 1280
1767360 1280
1767370 1283
1767380 1285
1767390 1285
1767400 1286
1767410 1287
1767420 1287
1767430 1288
1767440 1289
1767450 1289
1767460 1289
1767470 1290
1767480 1290
1767490 1291
1767500 1291
1767510 1291
1767520 1292
1767530 1292
1767540 1292
1767550 1293
1767560 1299
1767570 1299
1767580 1307
1767590 1314
1767600 1314
1767610 1321
1767620 1327
1767630 1333
1767640 1333
1767650 1340
1767660 1345
1767670 1345
1767680 1351
1767690 1357
1767700 1357
1767710 1364
1767720 1370
1767730 1370
1767740 1376
1767750 1381
1767760 1381
1767770 1382
1767780 1388
1767790 1388
1767800 1392
1767810 1396
1767820 1396
1767830 1400
1767840 1404
1767850 1404
1767860 1408
1767870 1413
1767880 1413
1767890 1417
1767900 1422
1767910 1422
1767920 1426
1767930 1430
1767940 1430
1767950 1434
1767960 1438
1767970 1438
1767980 1443
1767990 1447
1768000 1451
1768010 1451
1768020 1455
1768030 1459
1768040 1459
1768050 1463
1768060 1467
1768070 1467
1768080 1471
1768090 1475
1768100 1475
1768110 1478
1768120 1482
1768130 1482
1768140 1485
1768150 1488
1768160 1488
1768170 1491
1768180 1494
1768190 1494
1768200 1497
1768210 1501
1768220 1501
1768230 1504
1768240 1506
1768250 1506
1768260 1509
1768270 1510
1768280 1510
1768290 1511
1768300 1514
1768310 1514
1768320 1516
1768330 1518
1768340 1518
1768350 1521
1768360 1523
1768370 1526
1768380 1526
1768390 1529
1768400 1530
1768410 1530
1768420 1533
1768430 1535
1768440 1535
1768450 1537
1768460 1539
1768470 1539
1768480 1541
1768490 1543
1768500 1543
1768510 1543
1768520 1545
1768530 1545
1768540 1546
1768550 1547
1768560 1547
1768570 1547
1768580 1548
1768590 1548
1768600 1549
1768610 1550
1768620 1550
1768630 1550
1768640 1551
1768650 1551
1768660 1551
1768670 1551
1768680 1551
1768690 1551
1768700 1551
1768710 1551
1768720 1551
1768730 1551
1768740 1551
1768750 1551
1768760 1551
1768770 1550
1768780 1550
1768790 1550
1768800 1550
1768810 1550
1768820 1549
1768830 1549
1768840 1549
1768850 1548
1768860 1548
1768870 1548
1768880 1547
1768890 1547
1768900 1547
1768910 1546
1768920 1546
1768930 1546
1768940 1545
1768950 1545
1768960 1545
1768970 1545
1768980 1546
1768990 1546
1769000 1545
1769010 1545
1769020 1545
1769030 1544
1769040 1543
1769050 1543
1769060 1543
1769070 1541
1769080 1540
1769090 1540
1769100 1540
1769110 1540
1769120 1540
1769130 1540
1769140 1539
1769150 1539
1769160 1539
1769170 1539
1769180 1539
1769190 1539
1769200 1538
1769210 1538
1769220 1538
1769230 1538
1769240 1538
1769250 1539
1769260 1539
1769270 1539
1769280 1540
1769290 1540
1769300 1540
1769310 1542
1769320 1543
1769330 1543
1769340 1544
1769350 1543
1769360 1543
1769370 1544
1769380 1544
1769390 1544
1769400 1545
1769410 1546
1769420 1547
1769430 1547
1769440 1549
1769450 1550
1769460 1550
1769470 1551
1769480 1552
1769490 1552
1769500 1552
1769510 1554
1769520 1554
1769530 1555
1769540 1555
1769550 1555
1769560 1557
1769570 1558
1769580 1558
1769590 1560
1769600 1560
1769610 1560
1769620 1561
1769630 1562
1769640 1562
1769650 1565
1769660 1567
1769670 1567
1769680 1568
1769690 1570
1769700 1570
1769710 1572
1769720 1575
1769730 1575
1769740 1577
1769750 1579
1769760 1579
1769770 1581
1769780 1583
1769790 1585
1769800 1585
1769810 1586
1769820 1587
1769830 1587
1769840 1588
1769850 1589
1769860 1589
1769870 1590
1769880 1591
1769890 1591
1769900 1594
1769910 1597
1769920 1597
1769930 1599
1769940 1602
1769950 1602
1769960 1603
1769970 1605
1769980 1605
1769990 1606
1770000 1608
1770010 1608
1770020 1610
1770030 1611
1770040 1611
1770050 1613
1770060 1614
1770070 1614
1770080 1616
1770090 1617
1770100 1617
1770110 1618
1770120 1620
1770130 1621
1770140 1621
1770150 1623
1770160 1624
1770170 1624
1770180 1625
1770190 1626
1770200 1626
1770210 1627
1770220 1628
1770230 1628
1770240 1629
1770250 1630
1770260 1630
1770270 1631
1770280 1633
1770290 1633
1770300 1635
1770310 1636
1770320 1636
1770330 1638
1770340 1639
1770350 1639
1770360 1641
1770370 1642
1770380 1642
1770390 1643
1770400 1644
1770410 1644
1770420 1645
1770430 1647
1770440 1647
1770450 1648
1770460 1649
1770470 1649
1770480 1650
1770490 1651
1770500 1652
1770510 1652
1770520 1653
1770530 1653
1770540 1653
1770550 1654
1770560 1656
1770570 1656
1770580 1657
1770590 1658
1770600 1658
1770610 1659
1770620 1659
1770630 1659
1770640 1660
1770650 1660
1770660 1660
1770670 1661
1770680 1661
1770690 1661
1770700 1661
1770710 1661
1770720 1661
1770730 1661
1770740 1660
1770750 1660
1770760 1659
1770770 1658
1770780 1658
1770790 1657
1770800 1655
1770810 1655
1770820 1653
1770830 1650
1770840 1647
1770850 1647
1770860 1642
1770870 1639
1770880 1639
1770890 1636
1770900 1633
1770910 1633
1770920 1630
1770930 1628
1770940 1628
1770950 1626
1770960 1619
1770970 1619
1770980 1616
1770990 1613
1771000 1613
1771010 1611
1771020 1608
1771030 1608
1771040 1606
1771050 1603
1771060 1603
1771070 1601
1771080 1598
1771090 1598
1771100 1596
1771110 1592
1771120 1592
1771130 1589
1771140 1587
1771150 1587
1771160 1585
1771170 1582
1771180 1582
1771190 1579
1771200 1575
1771210 1571
1771220 1571
1771230 1567
1771240 1565
1771250 1565
1771260 1562
1771270 1559
1771280 1559
1771290 1556
1771300 1552
1771310 1552
1771320 1549
1771330 1548
1771340 1548
1771350 1546
1771360 1544
1771370 1544
1771380 1541
1771390 1538
1771400 1538
1771410 1534
1771420 1531
1771430 1531
1771440 1528
1771450 1525
1771460 1525
1771470 1523
1771480 1521
1771490 1521
1771500 1519
1771510 1516
1771520 1516
1771530 1514
1771540 1512
1771550 1512
1771560 1510
1771570 1506
1771580 1503
1771590 1503
1771600 1499
1771610 1497
1771620 1497
1771630 1497
1771640 1493
1771650 1493
1771660 1491
1771670 1488
1771680 1488
1771690 1483
1771700 1480
1771710 1480
1771720 1479
1771730 1476
1771740 1476
1771750 1471
1771760 1470
1771770 1470
1771780 1468
1771790 1465
1771800 1465
1771810 1462
1771820 1461
1771830 1461
1771840 1457
1771850 1455
1771860 1455
1771870 1453
1771880 1452
1771890 1452
1771900 1451
1771910 1450
1771920 1449
1771930 1449
1771940 1448
1771950 1447
1771960 1447
1771970 1446
1771980 1446
1771990 1446
1772000 1444
1772010 1442
1772020 1442
1772030 1441
1772040 1439
1772050 1439
1772060 1436
1772070 1438
1772080 1438
1772090 1438
1772100 1437
1772110 1437
1772120 1437
1772130 1436
1772140 1436
1772150 1435
1772160 1435
1772170 1435
1772180 1436
1772190 1435
1772200 1435
1772210 1436
1772220 1430
1772230 1430
1772240 1431
1772250 1431
1772260 1431
1772270 1431
1770870 1640
1770880 1637
1770890 1635
1770900 1633
1770910 1631
1770920 1629
1770930 1628
1770940 1626
1770950 1625
1770960 1623
1770970 1621
1770980 1618
1770990 1616
1771000 1614
1771010 1613
1771020 1611
1771030 1609
1771040 1607
1771050 1606
1771060 1604
1771070 1602
1771080 1601
1771090 1599
1771100 1597
1771110 1595
1771120 1593
1771130 1591
1771140 1589
1771150 1587
1771160 1585
1771170 1584
1771180 1582
1771190 1579
1771200 1577
1771210 1575
1771220 1572
1771230 1570
1771240 1568
1771250 1566
1771260 1564
1771270 1562
1771280 1560
1771290 1557
1771300 1555
1771310 1553
1771320 1551
1771330 1549
1771340 1548
1771350 1547
1771360 1545
1771370 1544
1771380 1542
1771390 1540
1771400 1537
1771410 1535
1771420 1533
1771430 1531
1771440 1528
1771450 1526
1771460 1525
1771470 1524
1771480 1522
1771490 1521
1771500 1519
1771510 1517
1771520 1515
1771530 1514
1771540 1512
1771550 1511
1771560 1509
1771570 1507
1771580 1505
1771590 1503
1771600 1501
1771610 1499
1771620 1497
1771630 1496
1771640 1494
1771650 1493
1771660 1491
1771670 1489
1771680 1487
1771690 1484
1771700 1481
1771710 1478
1771720 1477
1771730 1476
1771740 1474
1771750 1471
1771760 1469
1771770 1467
1771780 1465
1771790 1464
1771800 1461
1771810 1460
1771820 1458
1771830 1457
1771840 1455
1771850 1454
1771860 1452
1771870 1451
1771880 1450
1771890 1449
1771900 1449
1771910 1448
1771920 1447
1771930 1447
1771940 1446
1771950 1446
1771960 1445
1771970 1444
1771980 1443
1771990 1443
1772000 1442
1772010 1441
1772020 1440
1772030 1439
1772040 1438
1772050 1436
1772060 1435
1772070 1434
1772080 1434
1772090 1435
1772100 1434
1772110 1434
1772120 1434
1772130 1433
1772140 1432
1772150 1432
1772160 1432
1772170 1432
1772180 1433
1772190 1433
1772200 1433
1772210 1433
1772220 1432
1772230 1432
1772240 1432
1772250 1432
1772260 1432
1772270 1432
1772280 1433
1772290 1435
1772300 1436
1772310 1437
1772320 1439
1772330 1440
1772340 1441
1772350 1441
1772360 1442
1772370 1442
1772380 1443
1772390 1443
1772400 1444
1772410 1444
1772420 1445
1772430 1446
1772440 1446
1772450 1447
1772460 1448
1772470 1448
1772480 1448
1772490 1448
1772500 1448
1772510 1449
1772520 1450
1772530 1451
1772540 1452
1772550 1453
1772560 1453
1772570 1454
1772580 1454
1772590 1454
1772600 1454
1772610 1455
1772620 1455
1772630 1455
1772640 1456
1772650 1456
1772660 1456
1772670 1457
1772680 1457
1772690 1457
1772700 1457
1772710 1457
1772720 1457
1772730 1458
1772740 1458
1772750 1457
1772760 1457
1772770 1457
1772780 1457
1772790 1457
1772800 1456
1772810 1456
1772820 1455
1772830 1455
1772840 1454
1772850 1453
1772860 1453
1772870 1452
1772880 1452
1772890 1451
1772900 1450
1772910 1449
1772920 1447
1772930 1446
1772940 1445
1772950 1444
1772960 1442
1772970 1441
1772980 1439
1772990 1437
1773000 1436
1773010 1434
1773020 1433
1773030 1431
1773040 1429
1773050 1427
1773060 1425
1773070 1424
1773080 1422
1773090 1420
1773100 1417
1773110 1415
1773120 1413
1773130 1411
1773140 1409
1773150 1408
1773160 1406
1773170 1404
1773180 1403
1773190 1401
1773200 1399
1773210 1398
1773220 1396
1773230 1394
1773240 1392
1773250 1391
1773260 1389
1773270 1388
1773280 1386
1773290 1385
1773300 1383
1773310 1382
1773320 1380
1773330 1379
1773340 1377
1773350 1375
1773360 1373
1773370 1372
1773380 1371
1773390 1369
1773400 1368
1773410 1367
1773420 1366
1773430 1365
1773440 1364
1773450 1362
1773460 1361
1773470 1360
1773480 1358
1773490 1357
1773500 1356
1773510 1355
1773520 1354
1773530 1353
1773540 1352
1773550 1351
1773560 1350
1773570 1349
1773580 1348
1773590 1347
1773600 1347
1773610 1346
1773620 1346
1773630 1345
1773640 1344
1773650 1343
1773660 1342
1773670 1340
1773680 1339
1773690 1338
1773700 1337
1773710 1337
1773720 1335
1773730 1334
1773740 1333
1773750 1332
1773760 1331
1773770 1330
1773780 1329
1773790 1328
1773800 1327
1773810 1325
1773820 1324
1773830 1324
1773840 1323
1773850 1322
1773860 1321
1773870 1319
1773880 1318
1773890 1317
1773900 1315
1773910 1314
1773920 1313
1773930 1312
1773940 1311
1773950 1310
1773960 1309
1773970 1308
1773980 1307
1773990 1306
1774000 1305
1774010 1303
1774020 1302
1774030 1301
1774040 1300
1774050 1298
1774060 1297
1774070 1296
1774080 1295
1774090 1294
1774100 1293
1774110 1292
1774120 1291
1774130 1290
1774140 1289
1774150 1289
1774160 1288
1774170 1287
1774180 1286
1774190 1285
1774200 1284
1774210 1283
1774220 1282
1774230 1281
1774240 1280
1774250 1279
1774260 1278
1774270 1277
1774280 1276
1774290 1276
1774300 1276
1774310 1276
1774320 1275
1774330 1275
1774340 1274
1774350 1273
1774360 1272
1774370 1271
1774380 1269
1774390 1268
1774400 1266
1774410 1265
1774420 1264
1774430 1263
1774440 1261
1774450 1260
1774460 1258
1774470 1257
1774480 1257
1774490 1256
1774500 1255
1774510 1254
1774520 1253
1774530 1251
1774540 1250
1774550 1248
1774560 1247
1774570 1245
1774580 1244
1774590 1242
1774600 1241
1774610 1240
1774620 1238
1774630 1236
1774640 1234
1774650 1233
1774660 1231
1774670 1230
1774680 1229
1774690 1227
1774700 1226
1774710 1224
1774720 1223
1774730 1221
1774740 1220
1774750 1219
1774760 1218
1774770 1217
1774780 1216
1774790 1215
1774800 1213
1774810 1212
1774820 1211
1774830 1211
1774840 1210
1774850 1210
1774860 1208
1774870 1207
1774880 1205
1774890 1204
1774900 1202
1774910 1201
1774920 1200
1774930 1199
1774940 1197
1774950 1195
1774960 1194
1774970 1192
1774980 1191
1774990 1189
1775000 1187
1775010 1185
1775020 1183
1775030 1180
1775040 1178
1775050 1176
1775060 1173
1775070 1170
1775080 1166
1775090 1162
1775100 1159
1775110 1155
1775120 1152
1775130 1148
1775140 1143
1775150 1138
1775160 1134
1775170 1130
1775180 1126
1775190 1122
1775200 1118
1775210 1115
1775220 1112
1775230 1108
1775240 1105
1775250 1102
1775260 1098
1775270 1095
1775280 1092
1775290 1089
1775300 1085
1775310 1082
1775320 1079
1775330 1076
1775340 1073
1775350 1070
1775360 1067
1775370 1064
1775380 1061
1775390 1058
1775400 1055
1775410 1053
1775420 1050
1775430 1047
1775440 1043
1775450 1041
1775460 1039
1775470 1038
1775480 1037
1775490 1036
1775500 1036
1775510 1034
1775520 1033
1775530 1033
1775540 1034
1775550 1035
1775560 1037
1775570 1040
1775580 1042
1775590 1044
1775600 1045
1775610 1047
1775620 1049
1775630 1050
1775640 1052
1775650 1055
1775660 1057
1775670 1059
1775680 1061
1775690 1063
1775700 1064
1775710 1065
1775720 1065
1775730 1065
1775740 1064
1775750 1062
1775760 1060
1775770 1058
1775780 1055
1775790 1053
1775800 1050
1775810 1047
1775820 1045
1775830 1042
1775840 1039
1775850 1037
1775860 1034
1775870 1032
1775880 1030
1775890 1028
1775900 1026
1775910 1024
1775920 1023
1775930 1021
1775940 1019
1775950 1016
1775960 1013
1775970 1010
1775980 1008
1775990 1005
1776000 1003
1776010 1002
1776020 1000
1776030 998
1776040 996
1776050 994
1776060 991
1776070 988
1776080 985
1776090 982
1776100 980
1776110 978
1776120 976
1776130 974
1776140 973
1776150 972
1776160 970
1776170 968
1776180 967
1776190 966
1776200 964
1776210 962
1776220 959
1776230 957
1776240 955
1776250 953
1776260 951
1776270 949
1776280 946
1776290 944
1776300 941
1776310 938
1776320 935
1776330 932
1776340 929
1776350 927
1776360 925
1776370 924
1776380 924
1776390 923
1776400 923
1776410 922
1776420 922
1776430 921
1776440 921
1776450 920
1776460 919
1776470 918
1776480 918
1776490 919
1776500 919
1776510 919
1776520 919
1776530 920
1776540 922
1776550 924
1776560 927
1776570 929
1776580 931
1776590 932
1776600 933
1776610 935
1776620 935
1776630 935
1776640 935
1776650 935
1776660 935
1776670 935
1776680 935
1776690 935
1776700 935
1776710 934
1776720 933
1776730 932
1776740 931
1776750 930
1776760 930
1776770 930
1776780 930
1776790 929
1776800 928
1776810 929
1776820 929
1776830 928
1776840 928
1776850 928
1776860 928
1776870 928
1776880 928
1776890 929
1776900 928
1776910 927
1776920 927
1776930 926
1776940 926
1776950 927
1776960 926
1776970 927
1776980 927
1776990 928
1777000 929
1777010 930
1777020 930
1777030 931
1777040 931
1777050 931
1777060 931
1777070 931
1777080 932
1777090 932
1777100 932
1777110 932
1777120 932
1777130 932
1777140 933
1777150 933
1777160 933
1777170 932
1777180 932
1777190 932
1777200 931
1777210 930
1777220 929
1777230 928
1777240 926
1777250 923
1777260 921
1777270 919
1777280 917
1777290 916
1777300 912
1777310 910
1777320 908
1777330 909
1777340 911
1777350 912
1777360 914
1777370 915
1777380 916
1777390 917
1777400 918
1777410 918
1777420 919
1777430 918
1777440 917
1777450 916
1777460 916
1777470 915
1777480 915
1777490 914
1777500 913
1777510 912
1777520 912
1777530 911
1777540 911
1777550 909
1777560 908
1777570 907
1777580 906
1777590 906
1777600 905
1777610 905
1777620 904
1777630 904
1777640 903
1777650 902
1777660 902
1777670 901
1777680 900
1777690 900
1777700 900
1777710 899
1777720 899
1777730 899
1777740 899
1777750 899
1777760 899
1777770 898
1777780 897
1777790 896
1777800 895
1777810 894
1777820 893
1777830 891
1777840 888
1777850 885
1777860 883
1777870 882
1777880 881
1777890 881
1777900 881
1777910 880
1777920 881
1777930 882
1777940 886
1777950 890
1777960 892
1777970 893
1777980 893
1777990 893
1778000 893
1778010 893
1778020 892
1778030 892
1778040 892
1778050 893
1778060 893
1778070 893
1778080 893
1778090 894
1778100 894
1778110 894
1778120 894
1778130 893
1778140 893
1778150 893
1778160 892
1778170 892
1778180 891
1778190 891
1778200 891
1778210 890
1778220 890
1778230 890
1778240 890
1778250 890
1778260 890
1778270 890
1778280 891
1778290 891
1778300 891
1778310 890
1778320 890
1778330 890
1778340 891
1778350 891
1778360 890
1778370 890
1778380 890
1778390 890
1778400 890
1778410 890
1778420 891
1778430 891
1778440 892
1778450 892
1778460 892
1778470 892
1778480 892
1778490 892
1778500 892
1778510 892
1778520 892
1778530 891
1778540 891
1778550 891
1778560 891
1778570 891
1778580 892
1778590 893
1778600 894
1778610 895
1778620 895
1778630 895
1778640 896
1778650 896
1778660 896
1778670 896
1778680 896
1778690 896
1778700 896
1778710 896
1778720 897
1778730 898
1778740 899
1778750 900
1778760 900
1778770 901
1778780 901
1778790 901
1778800 900
1778810 900
1778820 900
1778830 901
1778840 901
1778850 901
1778860 901
1778870 901
1778880 900
1778890 900
1778900 901
1778910 901
1778920 902
1778930 903
1778940 903
1778950 904
1778960 904
1778970 904
1778980 904
1778990 905
1779000 905
1779010 905
1779020 905
1779030 904
1779040 904
1779050 903
1779060 903
1779070 902
1779080 902
1779090 902
1779100 902
1779110 902
1779120 902
1779130 902
1779140 902
1779150 901
1779160 900
1779170 899
1779180 898
1779190 896
1779200 894
1779210 893
1779220 891
1779230 889
1779240 886
1779250 884
1779260 881
1779270 879
1779280 877
1779290 874
1779300 871
1779310 868
1779320 865
1779330 860
1779340 855
1779350 851
1779360 848
1779370 848
1779380 848
1779390 849
1779400 850
1779410 851
1779420 851
1779430 852
1779440 855
1779450 858
1779460 861
1779470 864
1779480 867
1779490 869
1779500 871
1779510 872
1779520 875
1779530 877
1779540 878
1779550 880
1779560 881
1779570 884
1779580 886
1779590 888
1779600 890
1779610 892
1779620 894
1779630 895
1779640 896
1779650 897
1779660 898
1779670 899
1779680 899
1779690 899
1779700 900
1779710 900
1779720 900
1779730 901
1779740 902
1779750 902
1779760 903
1779770 903
1779780 903
1779790 904
1779800 904
1779810 903
1779820 903
1779830 903
1779840 903
1779850 903
1779860 903
1779870 903
1779880 904
1779890 904
1779900 904
1779910 903
1779920 904
1779930 904
1779940 904
1779950 904
1779960 904
1779970 903
1779980 903
1779990 902
