1700000 1085
1700010 1088
1700020 1088
1700030 1090
1700040 1092
1700050 1092
1700060 1094
1700070 1095
1700080 1095
1700090 1097
1700100 1098
1700110 1098
1700120 1100
1700130 1103
1700140 1103
1700150 1105
1700160 1106
1700170 1106
1700180 1108
1700190 1109
1700200 1109
1700210 1110
1700220 1112
1700230 1112
1700240 1113
1700250 1113
1700260 1113
1700270 1114
1700280 1115
1700290 1115
1700300 1116
1700310 1117
1700320 1117
1700330 1119
1700340 1121
1700350 1122
1700360 1122
1700370 1124
1700380 1125
1700390 1125
1700400 1127
1700410 1128
1700420 1128
1700430 1128
1700440 1130
1700450 1130
1700460 1131
1700470 1133
1700480 1133
1700490 1134
1700500 1135
1700510 1135
1700520 1137
1700530 1139
1700540 1139
1700550 1140
1700560 1142
1700570 1142
1700580 1144
1700590 1144
1700600 1144
1700610 1145
1700620 1146
1700630 1146
1700640 1147
1700650 1147
1700660 1147
1700670 1148
1700680 1148
1700690 1148
1700700 1147
1700710 1148
1700720 1148
1700730 1148
1700740 1147
1700750 1145
1700760 1145
1700770 1143
1700780 1141
1700790 1141
1700800 1140
1700810 1138
1700820 1138
1700830 1137
1700840 1135
1700850 1135
1700860 1133
1700870 1130
1700880 1130
1700890 1129
1700900 1127
1700910 1127
1700920 1124
1700930 1122
1700940 1122
1700950 1119
1700960 1117
1700970 1117
1700980 1114
1700990 1112
1701000 1112
1701010 1109
1701020 1106
1701030 1106
1701040 1102
1701050 1097
1701060 1097
1701070 1093
1701080 1090
1701090 1085
1701100 1085
1701110 1080
1701120 1075
1701130 1075
1701140 1071
1701150 1066
1701160 1066
1701170 1063
1701180 1059
1701190 1059
1701200 1056
1701210 1053
1701220 1053
1701230 1050
1701240 1046
1701250 1046
1701260 1042
1701270 1038
1701280 1038
1701290 1034
1701300 1029
1701310 1029
1701320 1026
1701330 1021
1701340 1021
1701350 1015
1701360 1009
1701370 1009
1701380 1003
1701390 998
1701400 998
1701410 992
1701420 987
1701430 987
1701440 982
1701450 976
1701460 970
1701470 970
1701480 965
1701490 965
1701500 965
1701510 968
1701520 973
1701530 973
1701540 978
1701550 984
1701560 984
1701570 989
1701580 994
1701590 994
1701600 997
1701610 1001
1701620 1001
1701630 1005
1701640 1009
1701650 1009
1701660 1014
1701670 1017
1701680 1017
1701690 1021
1701700 1025
1701710 1025
1701720 1029
1701730 1032
1701740 1032
1701750 1036
1701760 1039
1701770 1039
1701780 1043
1701790 1046
1701800 1046
1701810 1049
1701820 1052
1701830 1054
1701840 1054
1701850 1055
1701860 1056
1701870 1056
1701880 1056
1701890 1055
1701900 1055
1701910 1053
1701920 1050
1701930 1050
1701940 1046
1701950 1043
1701960 1043
1701970 1037
1701980 1032
1701990 1032
1702000 1028
1702010 1024
1702020 1024
1702030 1020
1702040 1016
1702050 1016
1702060 1012
1702070 1008
1702080 1008
1702090 1003
1702100 998
1702110 998
1702120 991
1702130 983
1702140 983
1702150 975
1702160 967
1702170 967
1702180 959
1702190 961
1702200 963
1702210 963
1702220 965
1702230 968
1702240 968
1702250 971
1702260 974
1702270 974
1702280 978
1702290 981
1702300 981
1702310 985
1702320 988
1702330 988
1702340 992
1702350 993
1702360 993
1702370 993
1702380 995
1702390 995
1702400 996
1702410 999
1702420 999
1702430 1000
1702440 1003
1702450 1003
1702460 1005
1702470 1005
1702480 1005
1702490 1005
1702500 1005
1702510 1005
1702520 1004
1702530 1004
1702540 1004
1702550 1004
1702560 1004
1702570 1003
1702580 1003
1702590 1001
1702600 996
1702610 996
1702620 991
1702630 986
1702640 986
1702650 982
1702660 978
1702670 978
1702680 976
1702690 975
1702700 975
1702710 974
1702720 971
1702730 971
1702740 971
1702750 972
1702760 972
1702770 971
1702780 968
1702790 968
1702800 966
1702810 962
1702820 962
1702830 960
1702840 956
1702850 956
1702860 953
1702870 951
1702880 951
1702890 948
1702900 945
1702910 939
1702920 939
1702930 932
1702940 925
1702950 925
1702960 918
1702970 911
1702980 911
1702990 906
1703000 899
1703010 899
1703020 894
1703030 896
1703040 896
1703050 893
1703060 892
1703070 892
1703080 893
1703090 896
1703100 896
1703110 898
1703120 899
1703130 899
1703140 897
1703150 893
1703160 893
1703170 888
1703180 885
1703190 885
1703200 882
1703210 880
1703220 880
1703230 879
1703240 879
1703250 879
1703260 876
1703270 877
1703280 877
1703290 877
1703300 875
1703310 872
1703320 872
1703330 870
1703340 868
1703350 868
1703360 866
1703370 864
1703380 864
1703390 863
1703400 861
1703410 861
1703420 860
1703430 859
1703440 859
1703450 857
1703460 855
1703470 855
1703480 854
1703490 853
1703500 853
1703510 851
1703520 847
1703530 847
1703540 845
1703550 843
1703560 843
1703570 840
1703580 838
1703590 838
1703600 835
1703610 834
1703620 834
1703630 832
1703640 831
1703650 830
1703660 830
1703670 829
1703680 827
1703690 827
1703700 826
1703710 825
1703720 825
1703730 822
1703740 821
1703750 821
1703760 820
1703770 819
1703780 819
1703790 817
1703800 816
1703810 816
1703820 815
1703830 815
1703840 815
1703850 815
1703860 814
1703870 814
1703880 813
1703890 812
1703900 812
1703910 811
1703920 810
1703930 810
1703940 809
1703950 807
1703960 807
1703970 805
1703980 805
1703990 805
1704000 805
1704010 805
1704020 803
1704030 803
1704040 802
1704050 801
1704060 801
1704070 800
1704080 799
1704090 799
1704100 798
1704110 797
1704120 797
1704130 795
1704140 792
1704150 792
1704160 790
1704170 788
1704180 788
1704190 786
1704200 785
1704210 785
1704220 784
1704230 782
1704240 782
1704250 781
1704260 779
1704270 779
1704280 777
1704290 776
1704300 776
1704310 774
1704320 772
1704330 772
1704340 771
1704350 770
1704360 770
1704370 769
1704380 768
1704390 767
1704400 767
1704410 766
1704420 765
1704430 765
1704440 764
1704450 763
1704460 763
1704470 763
1704480 762
1704490 762
1704500 761
1704510 761
1704520 761
1704530 760
1704540 759
1704550 759
1704560 757
1704570 756
1704580 756
1704590 755
1704600 754
1704610 754
1704620 753
1704630 751
1704640 751
1704650 749
1704660 748
1704670 748
1704680 747
1704690 747
1704700 747
1704710 747
1704720 747
1704730 747
1704740 747
1704750 747
1704760 746
1704770 746
1704780 747
1704790 747
1704800 747
1704810 747
1704820 747
1704830 747
1704840 747
1704850 747
1704860 747
1704870 747
1704880 746
1704890 746
1704900 747
1704910 747
1704920 747
1704930 747
1704940 746
1704950 746
1704960 747
1704970 747
1704980 747
1704990 747
1705000 747
1705010 747
1705020 747
1705030 747
1705040 747
1705050 748
1705060 748
1705070 748
1705080 748
1705090 751
1705100 751
1705110 755
1705120 759
1705130 764
1705140 764
1705150 772
1705160 778
1705170 778
1705180 784
1705190 789
1705200 789
1705210 792
1705220 794
1705230 794
1705240 794
1705250 794
1705260 794
1705270 794
1705280 795
1705290 795
1705300 795
1705310 795
1705320 795
1705330 795
1705340 795
1705350 795
1705360 795
1705370 795
1705380 795
1705390 795
1705400 795
1705410 795
1705420 795
1705430 795
1705440 795
1705450 794
1705460 794
1705470 794
1705480 794
1705490 794
1705500 794
1705510 794
1705520 794
1705530 793
1705540 793
1705550 793
1705560 793
1705570 793
1705580 793
1705590 793
1705600 793
1705610 793
1705620 793
1705630 793
1705640 793
1705650 793
1705660 793
1705670 792
1705680 792
1705690 792
1705700 792
1705710 792
1705720 792
1705730 792
1705740 792
1705750 792
1705760 792
1705770 791
1705780 791
1705790 791
1705800 791
1705810 791
1705820 790
1705830 790
1705840 790
1705850 790
1705860 789
1705870 789
1705880 789
1705890 789
1705900 789
1705910 789
1705920 789
1705930 789
1705940 789
1705950 789
1705960 788
1705970 788
1705980 788
1705990 787
1706000 787
1706010 787
1706020 786
1706030 786
1706040 786
1706050 786
1706060 786
1706070 786
1706080 786
1706090 786
1706100 784
1706110 781
1706120 781
1706130 780
1706140 778
1706150 778
1706160 777
1706170 776
1706180 776
1706190 775
1706200 774
1706210 774
1706220 774
1706230 773
1706240 772
1706250 772
1706260 771
1706270 772
1706280 772
1706290 772
1706300 774
1706310 774
1706320 775
1706330 775
1706340 775
1706350 776
1706360 777
1706370 777
1706380 777
1706390 778
1706400 778
1706410 778
1706420 779
1706430 779
1706440 779
1706450 779
1706460 779
1706470 778
1706480 778
1706490 778
1706500 777
1706510 777
1706520 777
1706530 777
1706540 776
1706550 776
1706560 776
1706570 776
1706580 776
1706590 776
1706600 774
1706610 775
1706620 775
1706630 775
1706640 776
1706650 776
1706660 776
1706670 776
1706680 776
1706690 777
1706700 777
1706710 777
1706720 777
1706730 778
1706740 778
1706750 778
1706760 779
1706770 779
1706780 780
1706790 781
1706800 781
1706810 782
1706820 782
1706830 782
1706840 782
1706850 782
1706860 782
1706870 783
1706880 783
1706890 783
1706900 783
1706910 783
1706920 783
1706930 783
1706940 783
1706950 782
1706960 782
1706970 781
1706980 780
1706990 780
1707000 780
1707010 778
1707020 778
1707030 777
1707040 776
1707050 776
1707060 774
1707070 773
1707080 773
1707090 772
1707100 771
1707110 771
1707120 771
1707130 770
1707140 770
1707150 769
1707160 768
1707170 768
1707180 766
1707190 766
1707200 766
1707210 765
1707220 762
1707230 762
1707240 760
1707250 760
1707260 760
1707270 760
1707280 760
1707290 760
1707300 760
1707310 760
1707320 761
1707330 761
1707340 763
1707350 764
1707360 764
1707370 765
1707380 766
1707390 766
1707400 767
1707410 768
1707420 768
1707430 770
1707440 771
1707450 771
1707460 772
1707470 774
1707480 774
1707490 775
1707500 777
1707510 777
1707520 778
1707530 779
1707540 779
1707550 779
1707560 779
1707570 779
1707580 779
1707590 779
1707600 779
1707610 779
1707620 778
1707630 778
1707640 775
1707650 773
1707660 772
1707670 772
1707680 771
1707690 770
1707700 770
1707710 769
1707720 768
1707730 768
1707740 768
1707750 765
1707760 765
1707770 764
1707780 762
1707790 762
1707800 761
1707810 759
1707820 759
1707830 759
1707840 759
1707850 759
1707860 757
1707870 756
1707880 756
1707890 756
1707900 756
1707910 756
1707920 756
1707930 756
1707940 756
1707950 756
1707960 756
1707970 756
1707980 756
1707990 755
1708000 755
1708010 756
1708020 756
1708030 756
1708040 756
1708050 756
1708060 756
1708070 756
1708080 756
1708090 757
1708100 757
1708110 757
1708120 756
1708130 756
1708140 756
1708150 757
1708160 757
1708170 757
1708180 757
1708190 757
1708200 758
1708210 757
1708220 757
1708230 758
1708240 758
1708250 758
1708260 758
1708270 758
1708280 758
1708290 758
1708300 758
1708310 758
1708320 758
1708330 758
1708340 758
1708350 758
1708360 758
1708370 758
1708380 758
1708390 758
1708400 758
1708410 758
1708420 758
1708430 758
1708440 758
1708450 758
1708460 758
1708470 758
1708480 759
1708490 759
1708500 759
1708510 759
1708520 759
1708530 759
1708540 759
1708550 760
1708560 760
1708570 759
1708580 759
1708590 759
1708600 759
1708610 759
1708620 759
1708630 759
1708640 763
1708650 763
1708660 770
1708670 771
1708680 771
1708690 771
1708700 771
1708710 771
1708720 772
1708730 772
1708740 772
1708750 772
1708760 772
1708770 773
1708780 773
1708790 773
1708800 774
1708810 774
1708820 774
1708830 774
1708840 774
1708850 775
1708860 775
1708870 775
1708880 776
1708890 777
1708900 777
1708910 777
1708920 778
1708930 778
1708940 779
1708950 781
1708960 781
1708970 782
1708980 783
1708990 783
1709000 783
1709010 783
1709020 783
1709030 784
1709040 785
1709050 785
1709060 787
1709070 788
1709080 788
1709090 790
1709100 792
1709110 792
1709120 794
1709130 796
1709140 797
1709150 797
1709160 799
1709170 801
1709180 801
1709190 803
1709200 805
1709210 805
1709220 808
1709230 812
1709240 812
1709250 815
1709260 817
1709270 817
1709280 819
1709290 821
1709300 821
1709310 823
1709320 825
1709330 825
1709340 827
1709350 828
1709360 828
1709370 831
1709380 833
1709390 833
1709400 834
1709410 835
1709420 835
1709430 835
1709440 836
1709450 836
1709460 837
1709470 837
1709480 837
1709490 838
1709500 838
1709510 839
1709520 839
1709530 840
1709540 841
1709550 841
1709560 843
1709570 844
1709580 844
1709590 846
1709600 849
1709610 849
1709620 850
1709630 856
1709640 856
1709650 860
1709660 864
1709670 864
1709680 868
1709690 871
1709700 871
1709710 874
1709720 878
1709730 878
1709740 882
1709750 886
1709760 886
1709770 890
1709780 894
1709790 894
1709800 898
1709810 901
1709820 901
1709830 903
1709840 905
1709850 905
1709860 906
1709870 907
1709880 908
1709890 908
1709900 907
1709910 905
1709920 905
1709930 905
1709940 907
1709950 907
1709960 909
1709970 912
1709980 912
1709990 916
1710000 919
1710010 919
1710020 920
1710030 917
1710040 917
1710050 913
1710060 907
1710070 907
1710080 901
1710090 895
1710100 895
1710110 889
1710120 883
1710130 883
1710140 876
1710150 871
1710160 871
1710170 867
1710180 861
1710190 861
1710200 853
1710210 847
1710220 840
1710230 840
1710240 834
1710250 827
1710260 827
1710270 827
1710280 828
1710290 828
1710300 831
1710310 834
1710320 834
1710330 841
1710340 847
1710350 847
1710360 853
1710370 859
1710380 859
1710390 864
1710400 871
1710410 871
1710420 879
1710430 888
1710440 888
1710450 893
1710460 899
1710470 899
1710480 905
1710490 910
1710500 910
1710510 914
1710520 917
1710530 917
1710540 920
1710550 924
1710560 924
1710570 928
1710580 934
1710590 939
1710600 939
1710610 944
1710620 951
1710630 951
1710640 954
1710650 960
1710660 960
1710670 965
1710680 970
1710690 970
1710700 975
1710710 979
1710720 979
1710730 984
1710740 989
1710750 989
1710760 994
1710770 998
1710780 998
1710790 1002
1710800 1007
1710810 1007
1710820 1013
1710830 1019
1710840 1019
1710850 1024
1710860 1030
1710870 1030
1710880 1035
1710890 1041
1710900 1041
1710910 1047
1710920 1052
1710930 1052
1710940 1057
1710950 1063
1710960 1068
1710970 1068
1710980 1073
1710990 1079
1711000 1079
1711010 1081
1711020 1086
1711030 1086
1711040 1090
1711050 1094
1711060 1094
1711070 1097
1711080 1100
1711090 1100
1711100 1104
1711110 1108
1711120 1108
1711130 1113
1711140 1118
1711150 1118
1711160 1123
1711170 1129
1711180 1129
1711190 1134
1711200 1139
1711210 1139
1711220 1142
1711230 1146
1711240 1146
1711250 1145
1711260 1144
1711270 1144
1711280 1143
1711290 1142
1711300 1142
1711310 1141
1711320 1140
1711330 1140
1711340 1140
1711350 1139
1711360 1139
1711370 1139
1711380 1139
1711390 1139
1711400 1139
1711410 1139
1711420 1140
1711430 1140
1711440 1138
1711450 1139
1711460 1139
1711470 1140
1711480 1141
1711490 1141
1711500 1142
1711510 1143
1711520 1143
1711530 1144
1711540 1144
1711550 1144
1711560 1145
1711570 1143
1711580 1143
1711590 1143
1711600 1144
1711610 1144
1711620 1145
1711630 1146
1711640 1146
1711650 1148
1711660 1150
1711670 1150
1711680 1152
1711690 1153
1711700 1155
1711710 1155
1711720 1156
1711730 1157
1711740 1157
1711750 1158
1711760 1159
1711770 1159
1711780 1160
1711790 1161
1711800 1161
1711810 1162
1711820 1163
1711830 1163
1711840 1165
1711850 1167
1711860 1167
1711870 1167
1711880 1170
1711890 1170
1711900 1172
1711910 1175
1711920 1175
1711930 1178
1711940 1182
1711950 1182
1711960 1186
1711970 1189
1711980 1189
1711990 1192
1712000 1196
1712010 1196
1712020 1200
1712030 1204
1712040 1204
1712050 1208
1712060 1211
1712070 1215
1712080 1215
1712090 1219
1712100 1223
1712110 1223
1712120 1226
1712130 1230
1712140 1230
1712150 1233
1712160 1238
1712170 1238
1712180 1240
1712190 1243
1712200 1243
1712210 1247
1712220 1249
1712230 1249
1712240 1252
1712250 1254
1712260 1254
1712270 1257
1712280 1260
1712290 1260
1712300 1263
1712310 1266
1712320 1266
1712330 1269
1712340 1271
1712350 1271
1712360 1274
1712370 1275
1712380 1275
1712390 1277
1712400 1279
1712410 1279
1712420 1282
1712430 1284
1712440 1285
1712450 1285
1712460 1288
1712470 1289
1712480 1289
1712490 1291
1712500 1293
1712510 1293
1712520 1294
1712530 1296
1712540 1296
1712550 1297
1712560 1298
1712570 1298
1712580 1298
1712590 1299
1712600 1299
1712610 1299
1712620 1297
1712630 1297
1712640 1295
1712650 1292
1712660 1292
1712670 1289
1712680 1284
1712690 1284
1712700 1279
1712710 1274
1712720 1274
1712730 1268
1712740 1262
1712750 1262
1712760 1256
1712770 1252
1712780 1248
1712790 1248
1712800 1245
1712810 1244
1712820 1244
1712830 1241
1712840 1242
1712850 1242
1712860 1242
1712870 1243
1712880 1243
1712890 1245
1712900 1247
1712910 1247
1712920 1249
1712930 1252
1712940 1252
1712950 1254
1712960 1256
1712970 1256
1712980 1258
1712990 1259
1713000 1259
1713010 1260
1713020 1264
1713030 1264
1713040 1266
1713050 1268
1713060 1268
1713070 1270
1713080 1272
1713090 1272
1713100 1274
1713110 1276
1713120 1276
1713130 1278
1713140 1279
1713150 1281
1713160 1281
1713170 1283
1713180 1286
1713190 1286
1713200 1288
1713210 1290
1713220 1290
1713230 1292
1713240 1294
1713250 1294
1713260 1296
1713270 1297
1713280 1297
1713290 1299
1713300 1300
1713310 1300
1713320 1302
1713330 1304
1713340 1304
1713350 1306
1713360 1308
1713370 1308
1713380 1310
1713390 1311
1713400 1311
1713410 1313
1713420 1315
1713430 1315
1713440 1317
1713450 1319
1713460 1319
1713470 1321
1713480 1323
1713490 1323
1713500 1325
1713510 1328
1713520 1330
1713530 1330
1713540 1333
1713550 1335
1713560 1335
1713570 1339
1713580 1343
1713590 1343
1713600 1346
1713610 1349
1713620 1349
1713630 1351
1713640 1354
1713650 1354
1713660 1356
1713670 1358
1713680 1358
1713690 1360
1713700 1362
1713710 1362
1713720 1363
1713730 1365
1713740 1365
1713750 1367
1713760 1369
1713770 1369
1713780 1370
1713790 1372
1713800 1372
1713810 1373
1713820 1374
1713830 1374
1713840 1374
1713850 1373
1713860 1373
1713870 1373
1713880 1372
1713890 1371
1713900 1371
1713910 1370
1713920 1368
1713930 1368
1713940 1367
1713950 1365
1713960 1365
1713970 1363
1713980 1362
1713990 1362
1714000 1360
1714010 1358
1714020 1358
1714030 1356
1714040 1355
1714050 1355
1714060 1353
1714070 1352
1714080 1352
1714090 1349
1714100 1348
1714110 1348
1714120 1347
1714130 1345
1714140 1345
1714150 1344
1714160 1344
1714170 1344
1714180 1343
1714190 1342
1714200 1342
1714210 1343
1714220 1345
1714230 1345
1714240 1347
1714250 1349
1714260 1349
1714270 1349
1714280 1349
1714290 1349
1714300 1349
1714310 1349
1714320 1348
1714330 1348
1714340 1347
1714350 1346
1714360 1346
1714370 1345
1714380 1339
1714390 1339
1714400 1334
1714410 1328
1714420 1328
1714430 1321
1714440 1316
1714450 1316
1714460 1311
1714470 1307
1714480 1307
1714490 1305
1714500 1303
1714510 1303
1714520 1302
1714530 1295
1714540 1295
1714550 1292
1714560 1291
1714570 1291
1714580 1291
1714590 1293
1714600 1293
1714610 1294
1714620 1296
1714630 1297
1714640 1297
1714650 1299
1714660 1300
1714670 1300
1714680 1302
1714690 1303
1714700 1303
1714710 1301
1714720 1299
1714730 1299
1714740 1297
1714750 1294
1714760 1294
1714770 1292
1714780 1289
1714790 1289
1714800 1288
1714810 1286
1714820 1286
1714830 1284
1714840 1282
1714850 1282
1714860 1283
1714870 1283
1714880 1283
1714890 1284
1714900 1284
1714910 1284
1714920 1284
1714930 1284
1714940 1284
1714950 1282
1714960 1279
1714970 1279
1714980 1275
1714990 1271
1715000 1267
1715010 1267
1715020 1264
1715030 1262
1715040 1262
1715050 1262
1715060 1261
1715070 1261
1715080 1261
1715090 1261
1715100 1261
1715110 1264
1715120 1264
1715130 1264
1715140 1265
1715150 1269
1715160 1269
1715170 1273
1715180 1278
1715190 1278
1715200 1283
1715210 1288
1715220 1288
1715230 1294
1715240 1298
1715250 1298
1715260 1305
1715270 1308
1715280 1308
1715290 1315
1715300 1320
1715310 1320
1715320 1325
1715330 1330
1715340 1336
1715350 1336
1715360 1341
1715370 1346
1715380 1346
1715390 1352
1715400 1356
1715410 1356
1715420 1362
1715430 1367
1715440 1367
1715450 1372
1715460 1376
1715470 1376
1715480 1382
1715490 1383
1715500 1383
1715510 1389
1715520 1392
1715530 1392
1715540 1396
1715550 1400
1715560 1400
1715570 1404
1715580 1408
1715590 1408
1715600 1412
1715610 1416
1715620 1416
1715630 1420
1715640 1425
1715650 1425
1715660 1428
1715670 1431
1715680 1431
1715690 1433
1715700 1436
1715710 1439
1715720 1439
1715730 1441
1715740 1444
1715750 1444
1715760 1447
1715770 1449
1715780 1449
1715790 1451
1715800 1453
1715810 1453
1715820 1455
1715830 1456
1715840 1456
1715850 1456
1715860 1455
1715870 1455
1715880 1454
1715890 1451
1715900 1451
1715910 1448
1715920 1445
1715930 1445
1715940 1440
1715950 1434
1715960 1434
1715970 1429
1715980 1423
1715990 1423
1716000 1418
1716010 1413
1716020 1413
1716030 1408
1716040 1404
1716050 1404
1716060 1401
1716070 1398
1716080 1393
1716090 1393
1716100 1390
1716110 1387
1716120 1387
1716130 1384
1716140 1382
1716150 1382
1716160 1379
1716170 1377
1716180 1377
1716190 1375
1716200 1372
1716210 1372
1716220 1370
1716230 1367
1716240 1367
1716250 1364
1716260 1360
1716270 1360
1716280 1357
1716290 1353
1716300 1353
1716310 1349
1716320 1345
1716330 1345
1716340 1339
1716350 1334
1716360 1334
1716370 1330
1716380 1327
1716390 1327
1716400 1326
1716410 1325
1716420 1325
1716430 1324
1716440 1321
1716450 1318
1716460 1318
1716470 1314
1716480 1312
1716490 1312
1716500 1310
1716510 1310
1716520 1310
1716530 1309
1716540 1308
1716550 1308
1716560 1307
1716570 1306
1716580 1306
1716590 1305
1716600 1303
1716610 1303
1716620 1302
1716630 1300
1716640 1300
1716650 1298
1716660 1296
1716670 1296
1716680 1293
1716690 1291
1716700 1291
1716710 1289
1716720 1287
1716730 1287
1716740 1285
1716750 1284
1716760 1284
1716770 1282
1716780 1280
1716790 1280
1716800 1278
1716810 1275
1716820 1270
1716830 1270
1716840 1264
1716850 1259
1716860 1259
1716870 1251
1716880 1245
1716890 1245
1716900 1241
1716910 1242
1716920 1242
1716930 1243
1716940 1243
1716950 1243
1716960 1242
1716970 1240
1716980 1240
1716990 1239
1717000 1236
1717010 1236
1717020 1234
1717030 1232
1717040 1232
1717050 1229
1717060 1227
1717070 1227
1717080 1225
1717090 1223
1717100 1223
1717110 1220
1717120 1217
1717130 1217
1717140 1214
1717150 1210
1717160 1210
1717170 1206
1717180 1201
1717190 1197
1717200 1197
1717210 1191
1717220 1186
1717230 1186
1717240 1181
1717250 1174
1717260 1174
1717270 1169
1717280 1163
1717290 1163
1717300 1158
1717310 1152
1717320 1152
1717330 1148
1717340 1148
1717350 1148
1717360 1154
1717370 1158
1717380 1158
1717390 1162
1717400 1167
1717410 1167
1717420 1172
1717430 1177
1717440 1177
1717450 1182
1717460 1187
1717470 1187
1717480 1192
1717490 1198
1717500 1198
1717510 1201
1717520 1207
1717530 1207
1717540 1212
1717550 1217
1717560 1222
1717570 1222
1717580 1228
1717590 1233
1717600 1233
1717610 1238
1717620 1244
1717630 1244
1717640 1249
1717650 1254
1717660 1254
1717670 1259
1717680 1264
1717690 1264
1717700 1266
1717710 1271
1717720 1271
1717730 1274
1717740 1277
1717750 1277
1717760 1280
1717770 1282
1717780 1282
1717790 1284
1717800 1285
1717810 1285
1717820 1286
1717830 1287
1717840 1287
1717850 1287
1717860 1287
1717870 1287
1717880 1287
1717890 1287
1717900 1286
1717910 1286
1717920 1286
1717930 1284
1717940 1284
1717950 1282
1717960 1279
1717970 1279
1717980 1276
1717990 1272
1718000 1272
1718010 1268
1718020 1264
1718030 1264
1718040 1260
1718050 1257
1718060 1257
1718070 1254
1718080 1251
1718090 1251
1718100 1248
1718110 1246
1718120 1246
1718130 1243
1718140 1240
1718150 1240
1718160 1238
1718170 1236
1718180 1236
1718190 1234
1718200 1231
1718210 1231
1718220 1227
1718230 1224
1718240 1224
1718250 1219
1718260 1216
1718270 1212
1718280 1212
1718290 1208
1718300 1204
1718310 1204
1718320 1199
1718330 1194
1718340 1194
1718350 1189
1718360 1183
1718370 1183
1718380 1176
1718390 1171
1718400 1171
1718410 1166
1718420 1161
1718430 1161
1718440 1156
1718450 1150
1718460 1150
1718470 1144
1718480 1138
1718490 1138
1718500 1132
1718510 1127
1718520 1127
1718530 1122
1718540 1121
1718550 1121
1718560 1124
1718570 1124
1718580 1124
1718590 1126
1718600 1128
1718610 1128
1718620 1131
1718630 1132
1718640 1136
1718650 1136
1718660 1137
1718670 1139
1718680 1139
1718690 1139
1718700 1139
1718710 1139
1718720 1136
1718730 1134
1718740 1134
1718750 1132
1718760 1130
1718770 1130
1718780 1128
1718790 1125
1718800 1125
1718810 1120
1718820 1116
1718830 1116
1718840 1112
1718850 1110
1718860 1110
1718870 1108
1718880 1104
1718890 1104
1718900 1105
1718910 1113
1718920 1113
1718930 1118
1718940 1123
1718950 1123
1718960 1128
1718970 1133
1718980 1133
1718990 1139
1719000 1143
1719010 1149
1719020 1149
1719030 1153
1719040 1158
1719050 1158
1719060 1162
1719070 1166
1719080 1166
1719090 1170
1719100 1173
1719110 1173
1719120 1176
1719130 1178
1719140 1178
1719150 1180
1719160 1182
1719170 1182
1719180 1182
1719190 1183
1719200 1183
1719210 1183
1719220 1182
1719230 1182
1719240 1181
1719250 1179
1719260 1179
1719270 1178
1719280 1176
1719290 1176
1719300 1174
1719310 1172
1719320 1172
1719330 1170
1719340 1167
1719350 1167
1719360 1165
1719370 1162
1719380 1160
1719390 1160
1719400 1158
1719410 1156
1719420 1156
1719430 1158
1719440 1163
1719450 1163
1719460 1168
1719470 1173
1719480 1173
1719490 1178
1719500 1183
1719510 1183
1719520 1188
1719530 1192
1719540 1192
1719550 1196
1719560 1199
1719570 1199
1719580 1202
1719590 1204
1719600 1204
1719610 1201
1719620 1199
1719630 1199
1719640 1196
1719650 1193
1719660 1193
1719670 1190
1719680 1188
1719690 1188
1719700 1186
1719710 1183
1719720 1183
1719730 1181
1719740 1178
1719750 1175
1719760 1175
1719770 1172
1719780 1169
1719790 1169
1719800 1169
1719810 1168
1719820 1168
1719830 1168
1719840 1169
1719850 1169
1719860 1169
1719870 1168
1719880 1168
1719890 1168
1719900 1167
1719910 1167
1719920 1162
1719930 1161
1719940 1161
1719950 1160
1719960 1160
1719970 1160
1719980 1159
1719990 1160
