1760000 1092
1760010 1096
1760020 1101
1760030 1101
1760040 1106
1760050 1110
1760060 1110
1760070 1115
1760080 1119
1760090 1123
1760100 1123
1760110 1126
1760120 1129
1760130 1129
1760140 1132
1760150 1136
1760160 1136
1760170 1138
1760180 1140
1760190 1140
1760200 1145
1760210 1146
1760220 1146
1760230 1150
1760240 1154
1760250 1154
1760260 1158
1760270 1163
1760280 1163
1760290 1167
1760300 1171
1760310 1171
1760320 1175
1760330 1176
1760340 1176
1760350 1179
1760360 1184
1760370 1184
1760380 1188
1760390 1189
1760400 1189
1760410 1191
1760420 1193
1760430 1193
1760440 1193
1760450 1196
1760460 1200
1760470 1200
1760480 1203
1760490 1205
1760500 1205
1760510 1206
1760520 1207
1760530 1207
1760540 1205
1760550 1204
1760560 1204
1760570 1199
1760580 1196
1760590 1196
1760600 1194
1760610 1197
1760620 1197
1760630 1204
1760640 1210
1760650 1210
1760660 1217
1760670 1224
1760680 1224
1760690 1231
1760700 1238
1760710 1238
1760720 1245
1760730 1252
1760740 1252
1760750 1259
1760760 1266
1760770 1266
1760780 1273
1760790 1280
1760800 1280
1760810 1285
1760820 1291
1760830 1297
1760840 1297
1760850 1298
1760860 1299
1760870 1299
1760880 1299
1760890 1300
1760900 1300
1760910 1300
1760920 1299
1760930 1299
1760940 1299
1760950 1300
1760960 1300
1760970 1302
1760980 1304
1760990 1304
1761000 1305
1761010 1307
1761020 1307
1761030 1308
1761040 1311
1761050 1311
1761060 1315
1761070 1321
1761080 1321
1761090 1327
1761100 1334
1761110 1334
1761120 1339
1761130 1344
1761140 1344
1761150 1349
1761160 1355
1761170 1355
1761180 1362
1761190 1368
1761200 1374
1761210 1374
1761220 1380
1761230 1386
1761240 1386
1761250 1393
1761260 1399
1761270 1399
1761280 1405
1761290 1413
1761300 1413
1761310 1416
1761320 1422
1761330 1422
1761340 1428
1761350 1432
1761360 1432
1761370 1437
1761380 1441
1761390 1441
1761400 1445
1761410 1449
1761420 1449
1761430 1453
1761440 1457
1761450 1457
1761460 1461
1761470 1465
1761480 1465
1761490 1469
1761500 1472
1761510 1472
1761520 1475
1761530 1478
1761540 1482
1761550 1482
1761560 1485
1761570 1487
1761580 1487
1761590 1489
1761600 1491
1761610 1491
1761620 1492
1761630 1493
1761640 1493
1761650 1493
1761660 1494
1761670 1494
1761680 1494
1761690 1495
1761700 1495
1761710 1495
1761720 1495
1761730 1497
1761740 1496
1761750 1495
1761760 1495
1761770 1495
1761780 1493
1761790 1493
1761800 1493
1761810 1491
1761820 1491
1761830 1489
1761840 1486
1761850 1486
1761860 1483
1761870 1480
1761880 1480
1761890 1476
1761900 1471
1761910 1465
1761920 1465
1761930 1458
1761940 1452
1761950 1452
1761960 1447
1761970 1441
1761980 1441
1761990 1435
1762000 1433
1762010 1433
1762020 1431
1762030 1428
1762040 1428
1762050 1426
1762060 1423
1762070 1423
1762080 1421
1762090 1419
1762100 1419
1762110 1416
1762120 1416
1762130 1416
1762140 1415
1762150 1413
1762160 1413
1762170 1412
1762180 1413
1762190 1413
1762200 1413
1762210 1413
1762220 1413
1762230 1414
1762240 1414
1762250 1414
1762260 1415
1762270 1416
1762280 1417
1762290 1417
1762300 1419
1762310 1422
1762320 1422
1762330 1423
1762340 1424
1762350 1424
1762360 1426
1762370 1428
1762380 1428
1762390 1429
1762400 1431
1762410 1431
1762420 1432
1762430 1434
1762440 1434
1762450 1435
1762460 1438
1762470 1438
1762480 1439
1762490 1440
1762500 1440
1762510 1441
1762520 1442
1762530 1442
1762540 1442
1762550 1443
1762560 1443
1762570 1444
1762580 1445
1762590 1445
1762600 1445
1762610 1446
1762620 1446
1762630 1447
1762640 1448
1762650 1449
1762660 1449
1762670 1450
1762680 1452
1762690 1452
1762700 1455
1762710 1456
1762720 1456
1762730 1457
1762740 1458
1762750 1458
1762760 1459
1762770 1460
1762780 1460
1762790 1460
1762800 1460
1762810 1460
1762820 1461
1762830 1460
1762840 1460
1762850 1460
1762860 1460
1762870 1460
1762880 1460
1762890 1460
1762900 1460
1762910 1459
1762920 1459
1762930 1459
1762940 1458
1762950 1457
1762960 1457
1762970 1456
1762980 1455
1762990 1455
1763000 1455
1763010 1455
1763020 1454
1763030 1454
1763040 1454
1763050 1454
1763060 1454
1763070 1454
1763080 1453
1763090 1453
1763100 1455
1763110 1458
1763120 1458
1763130 1458
1763140 1459
1763150 1459
1763160 1459
1763170 1460
1763180 1460
1763190 1460
1763200 1462
1763210 1462
1763220 1462
1763230 1463
1763240 1463
1763250 1464
1763260 1465
1763270 1465
1763280 1467
1763290 1468
1763300 1468
1763310 1469
1763320 1470
1763330 1470
1763340 1471
1763350 1470
1763360 1470
1763370 1472
1763380 1472
1763390 1473
1763400 1473
1763410 1473
1763420 1474
1763430 1474
1763440 1475
1763450 1476
1763460 1476
1763470 1475
1763480 1476
1763490 1476
1763500 1476
1763510 1477
1763520 1477
1763530 1478
1763540 1479
1763550 1479
1763560 1480
1763570 1481
1763580 1481
1763590 1481
1763600 1481
1763610 1481
1763620 1480
1763630 1479
1763640 1479
1763650 1478
1763660 1477
1763670 1477
1763680 1477
1763690 1476
1763700 1476
1763710 1475
1763720 1475
1763730 1475
1763740 1474
1763750 1472
1763760 1471
1763770 1471
1763780 1469
1763790 1468
1763800 1468
1763810 1466
1763820 1465
1763830 1465
1763840 1463
1763850 1461
1763860 1461
1763870 1460
1763880 1458
1763890 1458
1763900 1456
1763910 1453
1763920 1453
1763930 1451
1763940 1450
1763950 1450
1763960 1448
1763970 1446
1763980 1446
1763990 1444
1764000 1441
1764010 1441
1764020 1440
1764030 1438
1764040 1438
1764050 1435
1764060 1433
1764070 1433
1764080 1431
1764090 1428
1764100 1428
1764110 1426
1764120 1424
1764130 1421
1764140 1421
1764150 1419
1764160 1417
1764170 1417
1764180 1414
1764190 1411
1764200 1411
1764210 1408
1764220 1404
1764230 1404
1764240 1402
1764250 1400
1764260 1400
1764270 1398
1764280 1394
1764290 1394
1764300 1390
1764310 1390
1764320 1390
1764330 1387
1764340 1384
1764350 1384
1764360 1381
1764370 1379
1764380 1379
1764390 1377
1764400 1375
1764410 1375
1764420 1373
1764430 1370
1764440 1370
1764450 1369
1764460 1367
1764470 1361
1764480 1361
1764490 1359
1764500 1357
1764510 1357
1764520 1355
1764530 1354
1764540 1354
1764550 1353
1764560 1350
1764570 1350
1764580 1347
1764590 1345
1764600 1345
1764610 1341
1764620 1337
1764630 1337
1764640 1334
1764650 1328
1764660 1328
1764670 1328
1764680 1325
1764690 1325
1764700 1321
1764710 1320
1764720 1320
1764730 1318
1764740 1316
1764750 1316
1764760 1314
1764770 1312
1764780 1312
1764790 1309
1764800 1306
1764810 1306
1764820 1303
1764830 1302
1764840 1301
1764850 1301
1764860 1300
1764870 1298
1764880 1298
1764890 1297
1764900 1296
1764910 1296
1764920 1294
1764930 1292
1764940 1292
1764950 1290
1764960 1291
1764970 1291
1764980 1291
1764990 1293
1765000 1293
1765010 1293
1765020 1293
1765030 1293
1765040 1293
1765050 1295
1765060 1295
1765070 1294
1765080 1293
1765090 1293
1765100 1293
1765110 1292
1765120 1292
1765130 1292
1765140 1293
1765150 1293
1765160 1293
1765170 1293
1765180 1293
1765190 1292
1765200 1291
1765210 1289
1765220 1289
1765230 1287
1765240 1285
1765250 1285
1765260 1284
1765270 1283
1765280 1283
1765290 1281
1765300 1279
1765310 1279
1765320 1276
1765330 1273
1765340 1273
1765350 1270
1765360 1266
1765370 1266
1765380 1262
1765390 1257
1765400 1257
1765410 1253
1765420 1249
1765430 1249
1765440 1245
1765450 1241
1765460 1241
1765470 1237
1765480 1232
1765490 1232
1765500 1228
1765510 1224
1765520 1224
1765530 1220
1765540 1216
1765550 1216
1765560 1211
1765570 1207
1765580 1204
1765590 1204
1765600 1200
1765610 1197
1765620 1197
1765630 1193
1765640 1190
1765650 1190
1765660 1186
1765670 1183
1765680 1183
1765690 1179
1765700 1175
1765710 1175
1765720 1172
1765730 1168
1765740 1168
1765750 1164
1765760 1160
1765770 1160
1765780 1156
1765790 1157
1765800 1157
1765810 1166
1765820 1168
1765830 1168
1765840 1170
1765850 1174
1765860 1174
1765870 1177
1765880 1180
1765890 1180
1765900 1182
1765910 1184
1765920 1184
1765930 1185
1765940 1187
1765950 1189
1765960 1189
1765970 1192
1765980 1194
1765990 1194
1766000 1197
1766010 1200
1766020 1200
1766030 1203
1766040 1207
1766050 1207
1766060 1207
1766070 1210
1766080 1210
1766090 1213
1766100 1215
1766110 1215
1766120 1217
1766130 1219
1766140 1219
1766150 1214
1766160 1208
1766170 1208
1766180 1204
1766190 1199
1766200 1199
1766210 1193
1766220 1188
1766230 1188
1766240 1183
1766250 1177
1766260 1177
1766270 1172
1766280 1168
1766290 1168
1766300 1164
1766310 1160
1766320 1156
1766330 1156
1766340 1152
1766350 1147
1766360 1147
1766370 1142
1766380 1137
1766390 1137
1766400 1130
1766410 1124
1766420 1124
1766430 1120
1766440 1119
1766450 1119
1766460 1125
1766470 1125
1766480 1125
1766490 1129
1766500 1134
1766510 1134
1766520 1138
1766530 1143
1766540 1143
1766550 1148
1766560 1152
1766570 1152
1766580 1157
1766590 1162
1766600 1162
1766610 1168
1766620 1172
1766630 1172
1766640 1177
1766650 1182
1766660 1182
1766670 1186
1766680 1192
1766690 1197
1766700 1197
1766710 1202
1766720 1208
1766730 1208
1766740 1214
1766750 1219
1766760 1219
1766770 1222
1766780 1226
1766790 1226
1766800 1233
1766810 1228
1766820 1228
1766830 1225
1766840 1222
1766850 1222
1766860 1221
1766870 1221
1766880 1221
1766890 1221
1766900 1221
1766910 1221
1766920 1222
1766930 1222
1766940 1222
1766950 1222
1766960 1223
1766970 1223
1766980 1224
1766990 1227
1767000 1227
1767010 1229
1767020 1229
1767030 1229
1767040 1231
1767050 1232
1767060 1235
1767070 1235
1767080 1238
1767090 1241
1767100 1241
1767110 1245
1767120 1249
1767130 1242
1767140 1244
1767150 1244
1767160 1244
1767170 1246
1767180 1249
1767190 1249
1767200 1252
1767210 1255
1767220 1255
1767230 1258
1767240 1262
1767250 1262
1767260 1266
1767270 1269
1767280 1269
1767290 1273
1767300 1272
1767310 1272
1767320 1275
1767330 1276
1767340 1276
1767350 1278
1767360 1280
1767370 1280
1767380 1285
1767390 1287
1767400 1288
1767410 1288
1767420 1285
1767430 1283
1767440 1283
1767450 1284
1767460 1286
1767470 1286
1767480 1288
1767490 1290
1767500 1290
1767510 1294
1767520 1297
1767530 1297
1767540 1300
1767550 1303
1767560 1303
1767570 1306
1767580 1309
1767590 1309
1767600 1313
1767610 1317
1767620 1317
1767630 1321
1767640 1321
1767650 1321
1767660 1322
1767670 1322
1767680 1322
1767690 1321
1767700 1320
1767710 1320
1767720 1319
1767730 1318
1767740 1318
1767750 1316
1767760 1315
1767770 1313
1767780 1313
1767790 1311
1767800 1310
1767810 1310
1767820 1310
1767830 1310
1767840 1310
1767850 1307
1767860 1306
1767870 1306
1767880 1308
1767890 1308
1767900 1308
1767910 1309
1767920 1309
1767930 1309
1767940 1311
1767950 1312
1767960 1312
1767970 1312
1767980 1313
1767990 1313
1768000 1314
1768010 1314
1768020 1314
1768030 1314
1768040 1314
1768050 1314
1768060 1314
1768070 1315
1768080 1315
1768090 1313
1768100 1309
1768110 1309
1768120 1308
1768130 1307
1768140 1307
1768150 1307
1768160 1308
1768170 1309
1768180 1309
1768190 1310
1768200 1310
1768210 1310
1768220 1312
1768230 1313
1768240 1313
1768250 1315
1768260 1315
1768270 1315
1768280 1317
1768290 1318
1768300 1318
1768310 1319
1768320 1319
1768330 1319
1768340 1320
1768350 1322
1768360 1322
1768370 1323
1768380 1325
1768390 1325
1768400 1326
1768410 1327
1768420 1327
1768430 1329
1768440 1326
1768450 1326
1768460 1327
1768470 1329
1768480 1329
1768490 1330
1768500 1331
1768510 1332
1768520 1332
1768530 1334
1768540 1335
1768550 1335
1768560 1337
1768570 1339
1768580 1339
1768590 1340
1768600 1340
1768610 1340
1768620 1340
1768630 1340
1768640 1340
1768650 1339
1768660 1337
1768670 1337
1768680 1337
1768690 1335
1768700 1335
1768710 1333
1768720 1329
1768730 1329
1768740 1328
1768750 1330
1768760 1330
1768770 1330
1768780 1329
1768790 1329
1768800 1329
1768810 1328
1768820 1328
1768830 1327
1768840 1328
1768850 1328
1768860 1328
1768870 1328
1768880 1327
1768890 1327
1768900 1326
1768910 1326
1768920 1326
1768930 1326
1768940 1327
1768950 1327
1768960 1329
1768970 1331
1768980 1331
1768990 1332
1769000 1332
1769010 1332
1769020 1333
1769030 1332
1769040 1332
1769050 1333
1769060 1334
1769070 1334
1769080 1336
1769090 1338
1769100 1338
1769110 1341
1769120 1343
1769130 1343
1769140 1344
1769150 1343
1769160 1343
1769170 1341
1769180 1341
1769190 1341
1769200 1340
1769210 1339
1769220 1339
1769230 1341
1769240 1343
1769250 1345
1769260 1345
1769270 1346
1769280 1348
1769290 1348
1769300 1349
1769310 1350
1769320 1350
1769330 1352
1769340 1355
1769350 1355
1769360 1358
1769370 1362
1769380 1362
1769390 1366
1769400 1368
1769410 1368
1769420 1370
1769430 1372
1769440 1372
1769450 1374
1769460 1376
1769470 1376
1769480 1379
1769490 1382
1769500 1382
1769510 1384
1769520 1385
1769530 1385
1769540 1385
1769550 1385
1769560 1385
1769570 1384
1769580 1383
1769590 1383
1769600 1384
1769610 1384
1769620 1384
1769630 1384
1769640 1385
1769650 1385
1769660 1385
1769670 1386
1769680 1388
1769690 1388
1769700 1389
1769710 1390
1769720 1390
1769730 1393
1769740 1395
1769750 1395
1769760 1396
1769770 1397
1769780 1397
1769790 1398
1769800 1398
1769810 1398
1769820 1398
1769830 1399
1769840 1399
1769850 1399
1769860 1401
1769870 1401
1769880 1401
1769890 1402
1769900 1402
1769910 1402
1769920 1401
1769930 1401
1769940 1400
1769950 1402
1769960 1402
1769970 1403
1769980 1403
1769990 1408
1770000 1408
1770010 1416
1770020 1424
1770030 1424
1770040 1431
1770050 1436
1770060 1436
1770070 1441
1770080 1446
1770090 1446
1770100 1451
1770110 1456
1770120 1456
1770130 1462
1770140 1467
1770150 1467
1770160 1472
1770170 1477
1770180 1477
1770190 1481
1770200 1486
1770210 1486
1770220 1491
1770230 1496
1770240 1496
1770250 1500
1770260 1506
1770270 1506
1770280 1511
1770290 1516
1770300 1516
1770310 1521
1770320 1526
1770330 1529
1770340 1529
1770350 1531
1770360 1535
1770370 1535
1770380 1539
1770390 1543
1770400 1543
1770410 1548
1770420 1554
1770430 1554
1770440 1560
1770450 1564
1770460 1564
1770470 1565
1770480 1568
1770490 1568
1770500 1571
1770510 1574
1770520 1574
1770530 1576
1770540 1579
1770550 1579
1770560 1581
1770570 1581
1770580 1581
1770590 1581
1770600 1580
1770610 1580
1770620 1578
1770630 1577
1770640 1577
1770650 1575
1770660 1573
1770670 1573
1770680 1571
1770690 1569
1770700 1567
1770710 1567
1770720 1566
1770730 1564
1770740 1564
1770750 1563
1770760 1562
1770770 1562
1770780 1560
1770790 1559
1770800 1559
1770810 1557
1770820 1556
1770830 1556
1770840 1554
1770850 1552
1770860 1552
1770870 1550
1770880 1549
1770890 1549
1770900 1546
1770910 1545
1770920 1545
1770930 1544
1770940 1541
1770950 1541
1770960 1539
1770970 1537
1770980 1537
1770990 1536
1771000 1538
1771010 1538
1771020 1537
1771030 1535
1771040 1535
1771050 1534
1771060 1531
1771070 1530
1771080 1530
1771090 1530
1771100 1530
1771110 1530
1771120 1527
1771130 1528
1771140 1528
1771150 1527
1771160 1526
1771170 1526
1771180 1525
1771190 1525
1771200 1525
1771210 1524
1771220 1523
1771230 1523
1771240 1523
1771250 1523
1771260 1523
1771270 1522
1771280 1522
1771290 1522
1771300 1522
1771310 1521
1771320 1521
1771330 1520
1771340 1520
1771350 1520
1771360 1518
1771370 1517
1771380 1517
1771390 1518
1771400 1519
1771410 1519
1771420 1520
1771430 1519
1771440 1518
1771450 1518
1771460 1518
1771470 1518
1771480 1518
1771490 1518
1771500 1518
1771510 1518
1771520 1517
1771530 1516
1771540 1516
1771550 1515
1771560 1514
1771570 1514
1771580 1513
1771590 1514
1771600 1514
1771610 1514
1771620 1513
1771630 1513
1771640 1512
1771650 1512
1771660 1512
1771670 1511
1771680 1511
1771690 1511
1771700 1510
1771710 1510
1771720 1510
1771730 1511
1771740 1511
1771750 1511
1771760 1511
1771770 1512
1771780 1512
1771790 1513
1771800 1513
1771810 1514
1771820 1514
1771830 1514
1771840 1514
1771850 1514
1771860 1515
1771870 1516
1771880 1516
1771890 1516
1771900 1516
1771910 1516
1771920 1516
1771930 1517
1771940 1517
1771950 1516
1771960 1517
1771970 1517
1771980 1518
1771990 1518
1772000 1518
1772010 1517
1772020 1518
1772030 1518
1772040 1520
1772050 1522
1772060 1522
1772070 1522
1772080 1523
1772090 1523
1772100 1523
1772110 1524
1772120 1524
1772130 1526
1772140 1527
1772150 1527
1772160 1528
1772170 1529
1772180 1530
1772190 1530
1772200 1531
1772210 1532
1772220 1532
1772230 1533
1772240 1533
1772250 1536
