1760000 1196
1760010 1201
1760020 1201
1760030 1205
1760040 1208
1760050 1208
1760060 1215
1760070 1221
1760080 1221
1760090 1228
1760100 1235
1760110 1240
1760120 1247
1760130 1254
1760140 1254
1760150 1258
1760160 1262
1760170 1262
1760180 1259
1760190 1259
1760200 1259
1760210 1255
1760220 1252
1760230 1252
1760240 1247
1760250 1243
1760260 1241
1760270 1241
1760280 1238
1760290 1234
1760300 1234
1760310 1234
1760320 1235
1760330 1235
1760340 1236
1760350 1237
1760360 1237
1760370 1240
1760380 1245
1760390 1245
1760400 1250
1760410 1254
1760420 1254
1760430 1260
1760440 1266
1760450 1266
1760460 1272
1760470 1277
1760480 1277
1760490 1283
1760500 1289
1760510 1289
1760520 1294
1760530 1299
1760540 1299
1760550 1304
1760560 1310
1760570 1310
1760580 1316
1760590 1322
1760600 1322
1760610 1328
1760620 1333
1760630 1339
1760640 1339
1760650 1344
1760660 1349
1760670 1349
1760680 1353
1760690 1357
1760700 1357
1760710 1359
1760720 1359
1760730 1359
1760740 1359
1760750 1359
1760760 1359
1760770 1359
1760780 1359
1760790 1359
1760800 1359
1760810 1359
1760820 1359
1760830 1361
1760840 1364
1760850 1364
1760860 1368
1760870 1373
1760880 1373
1760890 1378
1760900 1385
1760910 1385
1760920 1392
1760930 1398
1760940 1398
1760950 1405
1760960 1412
1760970 1412
1760980 1419
1760990 1426
1761000 1433
1761010 1433
1761020 1441
1761030 1450
1761040 1450
1761050 1460
1761060 1470
1761070 1470
1761080 1476
1761090 1484
1761100 1484
1761110 1492
1761120 1501
1761130 1501
1761140 1506
1761150 1509
1761160 1509
1761170 1509
1761180 1509
1761190 1509
1761200 1509
1761210 1508
1761220 1508
1761230 1506
1761240 1507
1761250 1507
1761260 1505
1761270 1504
1761280 1504
1761290 1501
1761300 1500
1761310 1500
1761320 1497
1761330 1492
1761340 1492
1761350 1486
1761360 1486
1761370 1489
1761380 1489
1761390 1487
1761400 1484
1761410 1484
1761420 1483
1761430 1480
1761440 1480
1761450 1477
1761460 1475
1761470 1475
1761480 1470
1761490 1466
1761500 1466
1761510 1460
1761520 1455
1761530 1455
1761540 1453
1761550 1450
1761560 1450
1761570 1447
1761580 1444
1761590 1444
1761600 1441
1761610 1437
1761620 1437
1761630 1433
1761640 1429
1761650 1429
1761660 1427
1761670 1426
1761680 1426
1761690 1423
1761700 1418
1761710 1418
1761720 1413
1761730 1409
1761740 1403
1761750 1403
1761760 1395
1761770 1391
1761780 1391
1761790 1383
1761800 1381
1761810 1381
1761820 1383
1761830 1378
1761840 1378
1761850 1383
1761860 1385
1761870 1385
1761880 1386
1761890 1385
1761900 1385
1761910 1383
1761920 1380
1761930 1380
1761940 1377
1761950 1380
1761960 1380
1761970 1379
1761980 1385
1761990 1385
1762000 1391
1762010 1395
1762020 1395
1762030 1399
1762040 1403
1762050 1403
1762060 1408
1762070 1414
1762080 1414
1762090 1419
1762100 1423
1762110 1428
1762120 1428
1762130 1432
1762140 1438
1762150 1438
1762160 1442
1762170 1439
1762180 1439
1762190 1437
1762200 1435
1762210 1435
1762220 1431
1762230 1428
1762240 1428
1762250 1425
1762260 1422
1762270 1422
1762280 1418
1762290 1415
1762300 1415
1762310 1412
1762320 1410
1762330 1410
1762340 1407
1762350 1405
1762360 1405
1762370 1403
1762380 1401
1762390 1401
1762400 1402
1762410 1402
1762420 1402
1762430 1402
1762440 1401
1762450 1401
1762460 1399
1762470 1398
1762480 1395
1762490 1395
1762500 1393
1762510 1388
1762520 1388
1762530 1395
1762540 1402
1762550 1402
1762560 1409
1762570 1414
1762580 1414
1762590 1419
1762600 1423
1762610 1423
1762620 1427
1762630 1431
1762640 1431
1762650 1434
1762660 1437
1762670 1437
1762680 1441
1762690 1442
1762700 1442
1762710 1445
1762720 1447
1762730 1447
1762740 1450
1762750 1452
1762760 1452
1762770 1455
1762780 1457
1762790 1457
1762800 1459
1762810 1461
1762820 1461
1762830 1463
1762840 1465
1762850 1465
1762860 1465
1762870 1464
1762880 1462
1762890 1458
1762900 1456
1762910 1453
1762920 1453
1762930 1450
1762940 1447
1762950 1447
1762960 1443
1762970 1439
1762980 1439
1762990 1435
1763000 1430
1763010 1430
1763020 1428
1763030 1432
1763040 1432
1763050 1436
1763060 1440
1763070 1440
1763080 1444
1763090 1447
1763100 1447
1763110 1450
1763120 1453
1763130 1453
1763140 1455
1763150 1457
1763160 1457
1763170 1459
1763180 1460
1763190 1460
1763200 1462
1763210 1467
1763220 1471
1763230 1471
1763240 1475
1763250 1479
1763260 1479
1763270 1483
1763280 1486
1763290 1486
1763300 1488
1763310 1491
1763320 1491
1763330 1493
1763340 1496
1763350 1496
1763360 1499
1763370 1501
1763380 1501
1763390 1504
1763400 1507
1763410 1507
1763420 1510
1763430 1511
1763440 1511
1763450 1513
1763460 1514
1763470 1514
1763480 1516
1763490 1515
1763500 1515
1763510 1514
1763520 1513
1763530 1513
1763540 1512
1763550 1510
1763560 1510
1763570 1510
1763580 1509
1763590 1506
1763600 1506
1763610 1503
1763620 1500
1763630 1500
1763640 1498
1763650 1495
1763660 1495
1763670 1493
1763680 1491
1763690 1491
1763700 1488
1763710 1485
1763720 1485
1763730 1482
1763740 1479
1763750 1479
1763760 1477
1763770 1475
1763780 1475
1763790 1473
1763800 1471
1763810 1471
1763820 1468
1763830 1466
1763840 1466
1763850 1463
1763860 1460
1763870 1460
1763880 1457
1763890 1454
1763900 1454
1763910 1450
1763920 1448
1763930 1448
1763940 1444
1763950 1441
1763960 1437
1763970 1437
1763980 1434
1763990 1431
1764000 1431
1764010 1427
1764020 1423
1764030 1423
1764040 1419
1764050 1415
1764060 1415
1764070 1411
1764080 1405
1764090 1405
1764100 1400
1764110 1396
1764120 1396
1764130 1393
1764140 1391
1764150 1391
1764160 1389
1764170 1388
1764180 1388
1764190 1388
1764200 1388
1764210 1388
1764220 1388
1764230 1389
1764240 1389
1764250 1389
1764260 1394
1764270 1394
1764280 1395
1764290 1395
1764300 1395
1764310 1395
1764320 1396
1764330 1396
1764340 1396
1764350 1396
1764360 1396
1764370 1396
1764380 1396
1764390 1395
1764400 1395
1764410 1395
1764420 1394
1764430 1394
1764440 1394
1764450 1395
1764460 1395
1764470 1396
1764480 1396
1764490 1396
1764500 1396
1764510 1396
1764520 1396
1764530 1397
1764540 1396
1764550 1396
1764560 1396
1764570 1395
1764580 1395
1764590 1394
1764600 1394
1764610 1394
1764620 1392
1764630 1390
1764640 1390
1764650 1388
1764660 1386
1764670 1386
1764680 1384
1764690 1382
1764700 1379
1764710 1379
1764720 1377
1764730 1374
1764740 1374
1764750 1370
1764760 1370
1764770 1370
1764780 1367
1764790 1365
1764800 1365
1764810 1362
1764820 1360
1764830 1360
1764840 1357
1764850 1354
1764860 1354
1764870 1352
1764880 1349
1764890 1349
1764900 1348
1764910 1345
1764920 1345
1764930 1343
1764940 1341
1764950 1341
1764960 1339
1764970 1338
1764980 1338
1764990 1335
1765000 1333
1765010 1333
1765020 1332
1765030 1330
1765040 1328
1765050 1328
1765060 1325
1765070 1323
1765080 1323
1765090 1320
1765100 1318
1765110 1318
1765120 1315
1765130 1312
1765140 1312
1765150 1310
1765160 1308
1765170 1308
1765180 1306
1765190 1304
1765200 1304
1765210 1302
1765220 1301
1765230 1301
1765240 1299
1765250 1298
1765260 1298
1765270 1296
1765280 1293
1765290 1293
1765300 1291
1765310 1289
1765320 1289
1765330 1287
1765340 1286
1765350 1286
1765360 1284
1765370 1285
1765380 1285
1765390 1287
1765400 1288
1765410 1289
1765420 1289
1765430 1289
1765440 1289
1765450 1289
1765460 1288
1765470 1289
1765480 1289
1765490 1289
1765500 1291
1765510 1291
1765520 1292
1765530 1292
1765540 1292
1765550 1293
1765560 1294
1765570 1294
1765580 1295
1765590 1297
1765600 1301
1765610 1302
1765620 1304
1765630 1304
1765640 1306
1765650 1308
1765660 1308
1765670 1310
1765680 1313
1765690 1313
1765700 1315
1765710 1317
1765720 1317
1765730 1319
1765740 1321
1765750 1321
1765760 1323
1765770 1324
1765780 1326
1765790 1326
1765800 1328
1765810 1330
1765820 1330
1765830 1331
1765840 1334
1765850 1334
1765860 1335
1765870 1337
1765880 1337
1765890 1337
1765900 1338
1765910 1338
1765920 1339
1765930 1339
1765940 1339
1765950 1340
1765960 1342
1765970 1342
1765980 1342
1765990 1341
1766000 1341
1766010 1340
1766020 1339
1766030 1339
1766040 1337
1766050 1335
1766060 1335
1766070 1333
1766080 1330
1766090 1330
1766100 1328
1766110 1324
1766120 1324
1766130 1322
1766140 1318
1766150 1316
1766160 1316
1766170 1314
1766180 1312
1766190 1312
1766200 1309
1766210 1307
1766220 1307
1766230 1304
1766240 1301
1766250 1301
1766260 1297
1766270 1294
1766280 1294
1766290 1290
1766300 1288
1766310 1288
1766320 1284
1766330 1280
1766340 1280
1766350 1277
1766360 1273
1766370 1273
1766380 1270
1766390 1265
1766400 1265
1766410 1262
1766420 1258
1766430 1258
1766440 1255
1766450 1251
1766460 1251
1766470 1246
1766480 1242
1766490 1242
1766500 1237
1766510 1232
1766520 1227
1766530 1227
1766540 1221
1766550 1214
1766560 1214
1766570 1208
1766580 1203
1766590 1203
1766600 1199
1766610 1195
1766620 1195
1766630 1192
1766640 1188
1766650 1188
1766660 1182
1766670 1178
1766680 1178
1766690 1177
1766700 1177
1766710 1177
1766720 1181
1766730 1182
1766740 1182
1766750 1185
1766760 1187
1766770 1187
1766780 1189
1766790 1191
1766800 1191
1766810 1194
1766820 1199
1766830 1199
1766840 1201
1766850 1204
1766860 1204
1766870 1207
1766880 1211
1766890 1214
1766900 1214
1766910 1217
1766920 1219
1766930 1219
1766940 1220
1766950 1223
1766960 1223
1766970 1227
1766980 1229
1766990 1229
1767000 1232
1767010 1235
1767020 1235
1767030 1238
1767040 1240
1767050 1240
1767060 1242
1767070 1244
1767080 1244
1767090 1247
1767100 1249
1767110 1249
1767120 1251
1767130 1254
1767140 1254
1767150 1256
1767160 1257
1767170 1257
1767180 1259
1767190 1261
1767200 1261
1767210 1263
1767220 1264
1767230 1264
1767240 1265
1767250 1266
1767260 1266
1767270 1266
1767280 1267
1767290 1266
1767300 1266
1767310 1263
1767320 1259
1767330 1259
1767340 1255
1767350 1250
1767360 1250
1767370 1246
1767380 1242
1767390 1242
1767400 1237
1767410 1234
1767420 1234
1767430 1230
1767440 1227
1767450 1227
1767460 1226
1767470 1223
1767480 1223
1767490 1220
1767500 1217
1767510 1217
1767520 1213
1767530 1208
1767540 1208
1767550 1204
1767560 1205
1767570 1205
1767580 1209
1767590 1211
1767600 1211
1767610 1213
1767620 1215
1767630 1216
1767640 1216
1767650 1218
1767660 1220
1767670 1220
1767680 1222
1767690 1226
1767700 1226
1767710 1231
1767720 1234
1767730 1234
1767740 1237
1767750 1239
1767760 1239
1767770 1241
1767780 1241
1767790 1241
1767800 1243
1767810 1245
1767820 1245
1767830 1247
1767840 1249
1767850 1249
1767860 1251
1767870 1253
1767880 1253
1767890 1255
1767900 1256
1767910 1256
1767920 1257
1767930 1258
1767940 1258
1767950 1259
1767960 1259
1767970 1259
1767980 1260
1767990 1261
1768000 1261
1768010 1261
1768020 1261
1768030 1261
1768040 1261
1768050 1260
1768060 1259
1768070 1259
1768080 1257
1768090 1255
1768100 1255
1768110 1253
1768120 1252
1768130 1252
1768140 1251
1768150 1249
1768160 1249
1768170 1247
1768180 1249
1768190 1249
1768200 1249
1768210 1250
1768220 1250
1768230 1250
1768240 1253
1768250 1253
1768260 1253
1768270 1254
1768280 1254
1768290 1254
1768300 1254
1768310 1254
1768320 1255
1768330 1255
1768340 1255
1768350 1253
1768360 1261
1768370 1268
1768380 1268
1768390 1274
1768400 1279
1768410 1279
1768420 1283
1768430 1287
1768440 1287
1768450 1290
1768460 1292
1768470 1292
1768480 1294
1768490 1296
1768500 1296
1768510 1297
1768520 1299
1768530 1299
1768540 1299
1768550 1301
1768560 1301
1768570 1306
1768580 1312
1768590 1312
1768600 1313
1768610 1318
1768620 1318
1768630 1321
1768640 1324
1768650 1324
1768660 1327
1768670 1329
1768680 1329
1768690 1331
1768700 1332
1768710 1332
1768720 1332
1768730 1333
1768740 1334
1768750 1334
1768760 1334
1768770 1334
1768780 1334
1768790 1333
1768800 1332
1768810 1332
1768820 1330
1768830 1331
1768840 1331
1768850 1331
1768860 1333
1768870 1333
1768880 1335
1768890 1339
1768900 1339
1768910 1344
1768920 1351
1768930 1351
1768940 1356
1768950 1361
1768960 1361
1768970 1366
1768980 1371
1768990 1371
1769000 1377
1769010 1382
1769020 1382
1769030 1388
1769040 1393
1769050 1393
1769060 1399
1769070 1403
1769080 1403
1769090 1408
1769100 1412
1769110 1417
1769120 1417
1769130 1423
1769140 1427
1769150 1427
1769160 1434
1769170 1438
1769180 1438
1769190 1443
1769200 1447
1769210 1447
1769220 1451
1769230 1455
1769240 1455
1769250 1458
1769260 1462
1769270 1462
1769280 1465
1769290 1467
1769300 1467
1769310 1469
1769320 1471
1769330 1471
1769340 1473
1769350 1476
1769360 1476
1769370 1478
1769380 1480
1769390 1480
1769400 1482
1769410 1484
1769420 1484
1769430 1485
1769440 1486
1769450 1486
1769460 1487
1769470 1488
1769480 1490
1769490 1490
1769500 1493
1769510 1495
1769520 1495
1769530 1500
1769540 1501
1769550 1501
1769560 1502
1769570 1503
1769580 1503
1769590 1505
1769600 1506
1769610 1506
1769620 1508
1769630 1509
1769640 1509
1769650 1510
1769660 1511
1769670 1511
1769680 1512
1769690 1513
1769700 1513
1769710 1516
1769720 1517
1769730 1517
1769740 1519
1769750 1522
1769760 1522
1769770 1523
1769780 1525
1769790 1525
1769800 1526
1769810 1526
1769820 1526
1769830 1528
1769840 1528
1769850 1529
1769860 1529
1769870 1529
1769880 1531
1769890 1531
1769900 1532
1769910 1532
1769920 1532
1769930 1532
1769940 1532
1769950 1532
1769960 1532
1769970 1531
1769980 1531
1769990 1530
1770000 1530
1770010 1530
1770020 1528
1770030 1527
1770040 1527
1770050 1526
1770060 1525
1770070 1525
1770080 1524
1770090 1523
1770100 1523
1770110 1523
1770120 1523
1770130 1523
1770140 1523
1770150 1526
1770160 1526
1770170 1528
1770180 1527
1770190 1527
1770200 1527
1770210 1526
1770220 1525
1770230 1525
1770240 1524
1770250 1523
1770260 1523
1770270 1523
1770280 1522
1770290 1522
1770300 1521
1770310 1520
1770320 1520
1770330 1519
1770340 1518
1770350 1518
1770360 1517
1770370 1516
1770380 1516
1770390 1515
1770400 1514
1770410 1514
1770420 1513
1770430 1512
1770440 1512
1770450 1512
1770460 1512
1770470 1512
1770480 1511
1770490 1511
1770500 1511
1770510 1511
1770520 1511
1770530 1511
1770540 1511
1770550 1511
1770560 1511
1770570 1512
1770580 1512
1770590 1513
1770600 1513
1770610 1514
1770620 1515
1770630 1515
1770640 1516
1770650 1517
1770660 1517
1770670 1518
1770680 1519
1770690 1519
1770700 1520
1770710 1521
1770720 1521
1770730 1522
1770740 1523
1770750 1523
1770760 1524
1770770 1525
1770780 1525
1770790 1525
1770800 1524
1770810 1524
1770820 1525
1770830 1526
1770840 1526
1770850 1527
1770860 1529
1770870 1529
1770880 1532
1770890 1534
1770900 1534
1770910 1537
1770920 1538
1770930 1538
1770940 1539
1770950 1541
1770960 1543
1770970 1543
1770980 1545
1770990 1547
1771000 1547
1771010 1549
1771020 1551
1771030 1551
1771040 1553
1771050 1554
1771060 1554
1771070 1556
1771080 1558
1771090 1558
1771100 1560
1771110 1561
1771120 1561
1771130 1563
1771140 1565
1771150 1565
1771160 1566
1771170 1567
1771180 1567
1771190 1568
1771200 1570
1771210 1570
1771220 1571
1771230 1573
1771240 1573
1771250 1574
1771260 1575
1771270 1575
1771280 1577
1771290 1578
1771300 1578
1771310 1579
1771320 1580
1771330 1582
1771340 1582
1771350 1583
1771360 1584
1771370 1584
1771380 1584
1771390 1585
1771400 1585
1771410 1586
1771420 1586
1771430 1586
1771440 1586
1771450 1586
1771460 1586
1771470 1586
1771480 1586
1771490 1586
1771500 1585
1771510 1584
1771520 1584
1771530 1582
1771540 1580
1771550 1580
1771560 1578
1771570 1576
1771580 1576
1771590 1574
1771600 1572
1771610 1572
1771620 1569
1771630 1566
1771640 1566
1771650 1563
1771660 1559
1771670 1559
1771680 1556
1771690 1551
1771700 1547
1771710 1547
1771720 1543
1771730 1538
1771740 1538
1771750 1533
1771760 1530
1771770 1530
1771780 1528
1771790 1524
1771800 1524
1771810 1518
1771820 1516
1771830 1516
1771840 1509
1771850 1503
1771860 1503
1771870 1498
1771880 1491
1771890 1491
1771900 1484
1771910 1483
1771920 1483
1771930 1476
1771940 1471
1771950 1471
1771960 1467
1771970 1463
1771980 1463
1771990 1459
1772000 1457
1772010 1457
1772020 1455
1772030 1452
1772040 1452
1772050 1452
1772060 1447
1772070 1443
1772080 1443
1772090 1438
1772100 1434
1772110 1434
1772120 1432
1772130 1430
1772140 1430
1772150 1428
1772160 1427
1772170 1427
1772180 1426
1772190 1425
1772200 1425
1772210 1423
1772220 1421
1772230 1421
1772240 1419
1772250 1417
1772260 1417
