1760000 1286
1760010 1290
1760020 1290
1760030 1293
1760040 1296
1760050 1296
1760060 1299
1760070 1302
1760080 1302
1760090 1304
1760100 1308
1760110 1308
1760120 1311
1760130 1314
1760140 1314
1760150 1317
1760160 1319
1760170 1319
1760180 1322
1760190 1324
1760200 1324
1760210 1326
1760220 1327
1760230 1327
1760240 1329
1760250 1330
1760260 1330
1760270 1329
1760280 1328
1760290 1328
1760300 1326
1760310 1322
1760320 1322
1760330 1319
1760340 1316
1760350 1311
1760360 1311
1760370 1307
1760380 1303
1760390 1303
1760400 1298
1760410 1293
1760420 1293
1760430 1287
1760440 1280
1760450 1280
1760460 1274
1760470 1267
1760480 1267
1760490 1261
1760500 1255
1760510 1255
1760520 1249
1760530 1243
1760540 1243
1760550 1238
1760560 1232
1760570 1232
1760580 1226
1760590 1221
1760600 1221
1760610 1216
1760620 1211
1760630 1211
1760640 1206
1760650 1201
1760660 1201
1760670 1197
1760680 1193
1760690 1193
1760700 1189
1760710 1186
1760720 1186
1760730 1182
1760740 1178
1760750 1173
1760760 1173
1760770 1169
1760780 1166
1760790 1166
1760800 1161
1760810 1157
1760820 1157
1760830 1155
1760840 1152
1760850 1152
1760860 1148
1760870 1142
1760880 1142
1760890 1136
1760900 1130
1760910 1130
1760920 1124
1760930 1118
1760940 1118
1760950 1113
1760960 1108
1760970 1108
1760980 1104
1760990 1100
1761000 1100
1761010 1097
1761020 1092
1761030 1092
1761040 1090
1761050 1087
1761060 1087
1761070 1085
1761080 1083
1761090 1083
1761100 1080
1761110 1075
1761120 1070
1761130 1070
1761140 1067
1761150 1065
1761160 1065
1761170 1064
1761180 1066
1761190 1066
1761200 1066
1761210 1066
1761220 1066
1761230 1067
1761240 1069
1761250 1069
1761260 1071
1761270 1074
1761280 1074
1761290 1077
1761300 1080
1761310 1080
1761320 1083
1761330 1086
1761340 1086
1761350 1086
1761360 1085
1761370 1085
1761380 1085
1761390 1084
1761400 1084
1761410 1083
1761420 1081
1761430 1081
1761440 1079
1761450 1078
1761460 1078
1761470 1077
1761480 1079
1761490 1079
1761500 1080
1761510 1081
1761520 1082
1761530 1082
1761540 1083
1761550 1083
1761560 1083
1761570 1082
1761580 1081
1761590 1081
1761600 1080
1761610 1078
1761620 1078
1761630 1075
1761640 1072
1761650 1072
1761660 1068
1761670 1066
1761680 1066
1761690 1062
1761700 1059
1761710 1059
1761720 1057
1761730 1054
1761740 1054
1761750 1052
1761760 1049
1761770 1049
1761780 1048
1761790 1046
1761800 1046
1761810 1044
1761820 1043
1761830 1043
1761840 1042
1761850 1040
1761860 1040
1761870 1039
1761880 1038
1761890 1035
1761900 1035
1761910 1032
1761920 1029
1761930 1029
1761940 1026
1761950 1022
1761960 1022
1761970 1019
1761980 1015
1761990 1015
1762000 1012
1762010 1008
1762020 1008
1762030 1005
1762040 1003
1762050 1003
1762060 999
1762070 996
1762080 996
1762090 992
1762100 988
1762110 988
1762120 981
1762130 975
1762140 975
1762150 975
1762160 975
1762170 975
1762180 975
1762190 976
1762200 976
1762210 976
1762220 976
1762230 976
1762240 978
1762250 979
1762260 982
1762270 982
1762280 984
1762290 987
1762300 987
1762310 989
1762320 992
1762330 992
1762340 995
1762350 998
1762360 998
1762370 1001
1762380 1004
1762390 1004
1762400 1007
1762410 1010
1762420 1010
1762430 1013
1762440 1017
1762450 1017
1762460 1020
1762470 1025
1762480 1025
1762490 1030
1762500 1033
1762510 1033
1762520 1036
1762530 1038
1762540 1038
1762550 1040
1762560 1043
1762570 1043
1762580 1046
1762590 1049
1762600 1049
1762610 1051
1762620 1052
1762630 1052
1762640 1054
1762650 1055
1762660 1056
1762670 1056
1762680 1057
1762690 1057
1762700 1057
1762710 1057
1762720 1056
1762730 1056
1762740 1054
1762750 1050
1762760 1050
1762770 1047
1762780 1047
1762790 1047
1762800 1048
1762810 1048
1762820 1048
1762830 1049
1762840 1049
1762850 1049
1762860 1046
1762870 1048
1762880 1048
1762890 1052
1762900 1056
1762910 1056
1762920 1056
1762930 1058
1762940 1058
1762950 1060
1762960 1062
1762970 1062
1762980 1065
1762990 1068
1763000 1068
1763010 1072
1763020 1075
1763030 1079
1763040 1079
1763050 1082
1763060 1086
1763070 1086
1763080 1088
1763090 1091
1763100 1091
1763110 1093
1763120 1095
1763130 1095
1763140 1099
1763150 1103
1763160 1103
1763170 1106
1763180 1110
1763190 1110
1763200 1113
1763210 1117
1763220 1117
1763230 1119
1763240 1122
1763250 1122
1763260 1125
1763270 1128
1763280 1128
1763290 1132
1763300 1136
1763310 1136
1763320 1140
1763330 1142
1763340 1142
1763350 1145
1763360 1148
1763370 1148
1763380 1151
1763390 1155
1763400 1155
1763410 1159
1763420 1162
1763430 1166
1763440 1166
1763450 1169
1763460 1173
1763470 1173
1763480 1176
1763490 1180
1763500 1180
1763510 1183
1763520 1186
1763530 1186
1763540 1188
1763550 1190
1763560 1190
1763570 1193
1763580 1195
1763590 1195
1763600 1198
1763610 1201
1763620 1201
1763630 1203
1763640 1206
1763650 1206
1763660 1208
1763670 1212
1763680 1212
1763690 1216
1763700 1220
1763710 1220
1763720 1223
1763730 1226
1763740 1226
1763750 1230
1763760 1232
1763770 1232
1763780 1235
1763790 1238
1763800 1244
1763810 1244
1763820 1249
1763830 1253
1763840 1252
1763850 1254
1763860 1257
1763870 1257
1763880 1261
1763890 1265
1763900 1265
1763910 1268
1763920 1270
1763930 1270
1763940 1273
1763950 1276
1763960 1276
1763970 1278
1763980 1280
1763990 1280
1764000 1283
1764010 1286
1764020 1286
1764030 1290
1764040 1293
1764050 1293
1764060 1298
1764070 1302
1764080 1302
1764090 1306
1764100 1309
1764110 1309
1764120 1313
1764130 1317
1764140 1317
1764150 1319
1764160 1322
1764170 1322
1764180 1324
1764190 1327
1764200 1330
1764210 1330
1764220 1333
1764230 1335
1764240 1335
1764250 1337
1764260 1339
1764270 1339
1764280 1338
1764290 1337
1764300 1337
1764310 1336
1764320 1334
1764330 1334
1764340 1330
1764350 1327
1764360 1327
1764370 1324
1764380 1321
1764390 1321
1764400 1317
1764410 1314
1764420 1314
1764430 1310
1764440 1306
1764450 1306
1764460 1304
1764470 1302
1764480 1302
1764490 1300
1764500 1299
1764510 1299
1764520 1296
1764530 1295
1764540 1295
1764550 1293
1764560 1291
1764570 1288
1764580 1288
1764590 1286
1764600 1283
1764610 1283
1764620 1279
1764630 1278
1764640 1278
1764650 1275
1764660 1273
1764670 1273
1764680 1270
1764690 1267
1764700 1267
1764710 1264
1764720 1260
1764730 1260
1764740 1256
1764750 1253
1764760 1253
1764770 1249
1764780 1245
1764790 1245
1764800 1242
1764810 1238
1764820 1238
1764830 1233
1764840 1227
1764850 1227
1764860 1220
1764870 1216
1764880 1216
1764890 1212
1764900 1208
1764910 1208
1764920 1205
1764930 1201
1764940 1198
1764950 1198
1764960 1194
1764970 1190
1764980 1190
1764990 1186
1765000 1182
1765010 1182
1765020 1176
1765030 1173
1765040 1173
1765050 1171
1765060 1167
1765070 1167
1765080 1164
1765090 1160
1765100 1160
1765110 1156
1765120 1151
1765130 1151
1765140 1146
1765150 1144
1765160 1144
1765170 1143
1765180 1141
1765190 1138
1765200 1138
1765210 1139
1765220 1139
1765230 1139
1765240 1140
1765250 1140
1765260 1141
1765270 1142
1765280 1142
1765290 1144
1765300 1145
1765310 1145
1765320 1146
1765330 1148
1765340 1148
1765350 1148
1765360 1149
1765370 1149
1765380 1149
1765390 1150
1765400 1149
1765410 1149
1765420 1149
1765430 1149
1765440 1149
1765450 1148
1765460 1149
1765470 1149
1765480 1149
1765490 1150
1765500 1150
1765510 1150
1765520 1150
1765530 1150
1765540 1148
1765550 1146
1765560 1146
1765570 1143
1765580 1141
1765590 1141
1765600 1142
1765610 1141
1765620 1141
1765630 1141
1765640 1141
1765650 1141
1765660 1142
1765670 1141
1765680 1141
1765690 1142
1765700 1141
1765710 1140
1765720 1140
1765730 1140
1765740 1140
1765750 1140
1765760 1139
1765770 1138
1765780 1138
1765790 1137
1765800 1135
1765810 1135
1765820 1134
1765830 1132
1765840 1132
1765850 1129
1765860 1127
1765870 1127
1765880 1124
1765890 1121
1765900 1121
1765910 1118
1765920 1114
1765930 1114
1765940 1110
1765950 1106
1765960 1106
1765970 1104
1765980 1101
1765990 1101
1766000 1098
1766010 1095
1766020 1095
1766030 1092
1766040 1088
1766050 1088
1766060 1085
1766070 1084
1766080 1084
1766090 1081
1766100 1079
1766110 1076
1766120 1076
1766130 1074
1766140 1072
1766150 1072
1766160 1069
1766170 1066
1766180 1066
1766190 1064
1766200 1062
1766210 1062
1766220 1060
1766230 1058
1766240 1058
1766250 1056
1766260 1053
1766270 1053
1766280 1049
1766290 1046
1766300 1046
1766310 1043
1764420 1313
1764430 1311
1764440 1308
1764450 1306
1764460 1304
1764470 1303
1764480 1302
1764490 1301
1764500 1300
1764510 1298
1764520 1297
1764530 1296
1764540 1295
1764550 1293
1764560 1292
1764570 1290
1764580 1288
1764590 1287
1764600 1285
1764610 1283
1764620 1280
1764630 1279
1764640 1277
1764650 1275
1764660 1273
1764670 1272
1764680 1270
1764690 1268
1764700 1266
1764710 1264
1764720 1262
1764730 1259
1764740 1256
1764750 1253
1764760 1251
1764770 1249
1764780 1246
1764790 1243
1764800 1241
1764810 1239
1764820 1236
1764830 1233
1764840 1229
1764850 1225
1764860 1221
1764870 1219
1764880 1216
1764890 1213
1764900 1210
1764910 1208
1764920 1206
1764930 1203
1764940 1201
1764950 1198
1764960 1195
1764970 1193
1764980 1190
1764990 1187
1765000 1184
1765010 1182
1765020 1178
1765030 1176
1765040 1173
1765050 1171
1765060 1169
1765070 1167
1765080 1165
1765090 1162
1765100 1159
1765110 1157
1765120 1154
1765130 1151
1765140 1147
1765150 1145
1765160 1143
1765170 1141
1765180 1140
1765190 1139
1765200 1138
1765210 1139
1765220 1139
1765230 1139
1765240 1140
1765250 1141
1765260 1141
1765270 1142
1765280 1143
1765290 1144
1765300 1145
1765310 1146
1765320 1146
1765330 1147
1765340 1147
1765350 1148
1765360 1148
1765370 1149
1765380 1149
1765390 1150
1765400 1150
1765410 1150
1765420 1149
1765430 1149
1765440 1149
1765450 1148
1765460 1149
1765470 1149
1765480 1149
1765490 1149
1765500 1149
1765510 1149
1765520 1149
1765530 1149
1765540 1148
1765550 1146
1765560 1144
1765570 1143
1765580 1142
1765590 1142
1765600 1141
1765610 1141
1765620 1141
1765630 1141
1765640 1141
1765650 1141
1765660 1141
1765670 1141
1765680 1141
1765690 1141
1765700 1141
1765710 1140
1765720 1140
1765730 1140
1765740 1140
1765750 1139
1765760 1139
1765770 1138
1765780 1137
1765790 1136
1765800 1136
1765810 1135
1765820 1134
1765830 1133
1765840 1131
1765850 1130
1765860 1128
1765870 1126
1765880 1124
1765890 1122
1765900 1120
1765910 1118
1765920 1115
1765930 1113
1765940 1110
1765950 1107
1765960 1105
1765970 1103
1765980 1101
1765990 1099
1766000 1098
1766010 1095
1766020 1093
1766030 1090
1766040 1088
1766050 1086
1766060 1084
1766070 1082
1766080 1081
1766090 1080
1766100 1078
1766110 1076
1766120 1075
1766130 1073
1766140 1072
1766150 1070
1766160 1068
1766170 1066
1766180 1064
1766190 1063
1766200 1061
1766210 1060
1766220 1059
1766230 1057
1766240 1056
1766250 1054
1766260 1052
1766270 1050
1766280 1047
1766290 1045
1766300 1043
1766310 1041
1766320 1039
1766330 1037
1766340 1035
1766350 1034
1766360 1033
1766370 1031
1766380 1031
1766390 1030
1766400 1029
1766410 1028
1766420 1026
1766430 1024
1766440 1022
1766450 1019
1766460 1016
1766470 1011
1766480 1008
1766490 1007
1766500 1004
1766510 1000
1766520 995
1766530 991
1766540 988
1766550 984
1766560 981
1766570 977
1766580 974
1766590 971
1766600 967
1766610 964
1766620 961
1766630 957
1766640 953
1766650 950
1766660 946
1766670 943
1766680 940
1766690 936
1766700 932
1766710 929
1766720 925
1766730 922
1766740 918
1766750 915
1766760 912
1766770 910
1766780 909
1766790 908
1766800 907
1766810 907
1766820 909
1766830 911
1766840 913
1766850 916
1766860 919
1766870 922
1766880 926
1766890 930
1766900 932
1766910 935
1766920 940
1766930 944
1766940 947
1766950 950
1766960 953
1766970 955
1766980 958
1766990 960
1767000 963
1767010 967
1767020 971
1767030 974
1767040 977
1767050 980
1767060 983
1767070 986
1767080 988
1767090 990
1767100 992
1767110 993
1767120 995
1767130 997
1767140 998
1767150 1000
1767160 1001
1767170 1002
1767180 1002
1767190 1002
1767200 1002
1767210 1005
1767220 1007
1767230 1009
1767240 1011
1767250 1014
1767260 1016
1767270 1019
1767280 1021
1767290 1024
1767300 1026
1767310 1027
1767320 1029
1767330 1030
1767340 1032
1767350 1033
1767360 1035
1767370 1036
1767380 1038
1767390 1039
1767400 1040
1767410 1042
1767420 1043
1767430 1044
1767440 1046
1767450 1048
1767460 1049
1767470 1050
1767480 1052
1767490 1053
1767500 1055
1767510 1057
1767520 1059
1767530 1060
1767540 1062
1767550 1063
1767560 1065
1767570 1066
1767580 1068
1767590 1070
1767600 1071
1767610 1073
1767620 1074
1767630 1075
1767640 1077
1767650 1080
1767660 1082
1767670 1085
1767680 1087
1767690 1090
1767700 1091
1767710 1093
1767720 1095
1767730 1097
1767740 1099
1767750 1101
1767760 1104
1767770 1106
1767780 1108
1767790 1110
1767800 1112
1767810 1114
1767820 1116
1767830 1118
1767840 1119
1767850 1121
1767860 1122
1767870 1124
1767880 1125
1767890 1127
1767900 1129
1767910 1130
1767920 1132
1767930 1133
1767940 1134
1767950 1136
1767960 1137
1767970 1138
1767980 1139
1767990 1141
1768000 1142
1768010 1143
1768020 1144
1768030 1146
1768040 1147
1768050 1148
1768060 1148
1768070 1149
1768080 1150
1768090 1150
1768100 1151
1768110 1151
1768120 1152
1768130 1153
1768140 1153
1768150 1153
1768160 1153
1768170 1153
1768180 1153
1768190 1153
1768200 1153
1768210 1153
1768220 1154
1768230 1154
1768240 1153
1768250 1153
1768260 1153
1768270 1152
1768280 1151
1768290 1151
1768300 1150
1768310 1149
1768320 1148
1768330 1147
1768340 1146
1768350 1145
1768360 1144
1768370 1143
1768380 1142
1768390 1141
1768400 1139
1768410 1138
1768420 1136
1768430 1135
1768440 1133
1768450 1130
1768460 1128
1768470 1125
1768480 1122
1768490 1120
1768500 1117
1768510 1115
1768520 1113
1768530 1110
1768540 1107
1768550 1105
1768560 1103
1768570 1100
1768580 1098
1768590 1095
1768600 1093
1768610 1090
1768620 1087
1768630 1085
1768640 1082
1768650 1079
1768660 1077
1768670 1074
1768680 1072
1768690 1069
1768700 1067
1768710 1065
1768720 1062
1768730 1060
1768740 1057
1768750 1054
1768760 1052
1768770 1049
1768780 1047
1768790 1044
1768800 1041
1768810 1038
1768820 1035
1768830 1033
1768840 1030
1768850 1028
1768860 1025
1768870 1023
1768880 1020
1768890 1018
1768900 1016
1768910 1013
1768920 1011
1768930 1009
1768940 1007
1768950 1005
1768960 1003
1768970 1000
1768980 997
1768990 994
1769000 990
1769010 986
1769020 982
1769030 979
1769040 976
1769050 973
1769060 970
1769070 968
1769080 966
1769090 964
1769100 962
1769110 960
1769120 958
1769130 956
1769140 954
1769150 952
1769160 951
1769170 949
1769180 947
1769190 945
1769200 942
1769210 940
1769220 938
1769230 936
1769240 934
1769250 932
1769260 930
1769270 928
1769280 926
1769290 925
1769300 923
1769310 922
1769320 920
1769330 918
1769340 917
1769350 915
1769360 914
1769370 913
1769380 913
1769390 914
1769400 916
1769410 919
1769420 921
1769430 923
1769440 926
1769450 928
1769460 931
1769470 934
1769480 936
1769490 939
1769500 942
1769510 945
1769520 949
1769530 951
1769540 953
1769550 955
1769560 958
1769570 961
1769580 963
1769590 966
1769600 969
1769610 971
1769620 974
1769630 976
1769640 979
1769650 981
1769660 983
1769670 986
1769680 989
1769690 992
1769700 995
1769710 998
1769720 1001
1769730 1005
1769740 1008
1769750 1011
1769760 1013
1769770 1016
1769780 1019
1769790 1022
1769800 1024
1769810 1027
1769820 1029
1769830 1031
1769840 1033
1769850 1036
1769860 1038
1769870 1039
1769880 1041
1769890 1044
1769900 1046
1769910 1047
1769920 1049
1769930 1051
1769940 1053
1769950 1054
1769960 1056
1769970 1058
1769980 1060
1769990 1063
1770000 1066
1770010 1068
1770020 1071
1770030 1073
1770040 1075
1770050 1077
1770060 1079
1770070 1081
1770080 1084
1770090 1086
1770100 1088
1770110 1090
1770120 1092
1770130 1093
1770140 1094
1770150 1095
1770160 1096
1770170 1097
1770180 1098
1770190 1099
1770200 1100
1770210 1102
1770220 1103
1770230 1104
1770240 1105
1770250 1106
1770260 1107
1770270 1108
1770280 1109
1770290 1111
1770300 1112
1770310 1113
1770320 1114
1770330 1116
1770340 1118
1770350 1120
1770360 1122
1770370 1123
1770380 1126
1770390 1128
1770400 1131
1770410 1134
1770420 1136
1770430 1139
1770440 1141
1770450 1144
1770460 1147
1770470 1148
1770480 1150
1770490 1153
1770500 1155
1770510 1157
1770520 1159
1770530 1160
1770540 1162
1770550 1163
1770560 1165
1770570 1167
1770580 1169
1770590 1171
1770600 1174
1770610 1176
1770620 1179
1770630 1181
1770640 1184
1770650 1187
1770660 1189
1770670 1190
1770680 1191
1770690 1193
1770700 1196
1770710 1198
1770720 1201
1770730 1203
1770740 1204
1770750 1206
1770760 1207
1770770 1209
1770780 1210
1770790 1212
1770800 1214
1770810 1216
1770820 1219
1770830 1222
1770840 1225
1770850 1228
1770860 1231
1770870 1234
1770880 1237
1770890 1239
1770900 1242
1770910 1244
1770920 1246
1770930 1248
1770940 1249
1770950 1251
1770960 1253
1770970 1255
1770980 1258
1770990 1260
1771000 1263
1771010 1265
1771020 1267
1771030 1270
1771040 1272
1771050 1275
1771060 1277
1771070 1279
1771080 1281
1771090 1283
1771100 1285
1771110 1287
1771120 1289
1771130 1291
1771140 1294
1771150 1296
1771160 1299
1771170 1301
1771180 1303
1771190 1303
1771200 1303
1771210 1302
1771220 1303
1771230 1304
1771240 1306
1771250 1306
1771260 1307
1771270 1308
1771280 1308
1771290 1308
1771300 1309
1771310 1310
1771320 1311
1771330 1312
1771340 1312
1771350 1313
1771360 1313
1771370 1314
1771380 1315
1771390 1316
1771400 1318
1771410 1319
1771420 1319
1771430 1320
1771440 1320
1771450 1321
1771460 1321
1771470 1322
1771480 1323
1771490 1324
1771500 1326
1771510 1327
1771520 1330
1771530 1332
1771540 1333
1771550 1335
1771560 1336
1771570 1337
1771580 1337
1771590 1338
1771600 1339
1771610 1339
1771620 1340
1771630 1341
1771640 1342
1771650 1344
1771660 1345
1771670 1347
1771680 1348
1771690 1350
1771700 1351
1771710 1352
1771720 1353
1771730 1353
1771740 1354
1771750 1355
1771760 1356
1771770 1357
1771780 1358
1771790 1359
1771800 1359
1771810 1359
1771820 1360
1771830 1360
1771840 1360
1771850 1360
1771860 1362
1771870 1364
1771880 1366
1771890 1367
1771900 1368
1771910 1368
1771920 1369
1771930 1369
1771940 1370
1771950 1370
1771960 1370
1771970 1370
1771980 1370
1771990 1370
1772000 1371
1772010 1371
1772020 1371
1772030 1372
1772040 1372
1772050 1372
1772060 1373
1772070 1373
1772080 1374
1772090 1375
1772100 1375
1772110 1375
1772120 1376
1772130 1376
1772140 1375
1772150 1374
1772160 1373
1772170 1372
1772180 1371
1772190 1370
1772200 1368
1772210 1367
1772220 1366
1772230 1365
1772240 1363
1772250 1361
1772260 1360
1772270 1358
1772280 1356
1772290 1354
1772300 1351
1772310 1349
1772320 1346
1772330 1343
1772340 1341
1772350 1340
1772360 1338
1772370 1337
1772380 1335
1772390 1334
1772400 1332
1772410 1331
1772420 1329
1772430 1328
1772440 1327
1772450 1326
1772460 1325
1772470 1324
1772480 1323
1772490 1322
1772500 1322
1772510 1321
1772520 1320
1772530 1319
1772540 1318
1772550 1317
1772560 1317
1772570 1316
1772580 1315
1772590 1313
1772600 1312
1772610 1310
1772620 1308
1772630 1306
1772640 1304
1772650 1302
1772660 1301
1772670 1300
1772680 1299
1772690 1298
1772700 1297
1772710 1296
1772720 1294
1772730 1293
1772740 1291
1772750 1290
1772760 1289
1772770 1288
1772780 1288
1772790 1287
1772800 1287
1772810 1287
1772820 1287
1772830 1287
1772840 1286
1772850 1286
1772860 1286
1772870 1286
1772880 1287
1772890 1287
1772900 1287
1772910 1286
1772920 1285
1772930 1284
1772940 1283
1772950 1282
1772960 1281
1772970 1281
1772980 1281
1772990 1281
1773000 1281
1773010 1281
1773020 1281
1773030 1280
1773040 1280
1773050 1280
1773060 1280
1773070 1280
1773080 1281
1773090 1281
1773100 1281
1773110 1281
1773120 1282
1773130 1282
1773140 1282
1773150 1282
1773160 1282
1773170 1282
1773180 1281
1773190 1280
1773200 1280
1773210 1279
1773220 1278
1773230 1277
1773240 1276
1773250 1275
1773260 1275
1773270 1274
1773280 1273
1773290 1273
1773300 1272
1773310 1272
1773320 1272
1773330 1271
1773340 1271
1773350 1270
1773360 1270
1773370 1270
1773380 1270
1773390 1270
1773400 1270
1773410 1270
1773420 1270
1773430 1270
1773440 1269
1773450 1269
1773460 1268
1773470 1267
1773480 1266
1773490 1265
1773500 1265
1773510 1264
1773520 1263
1773530 1262
1773540 1262
1773550 1261
1773560 1260
1773570 1259
1773580 1258
1773590 1258
1773600 1257
1773610 1256
1773620 1256
1773630 1255
1773640 1255
1773650 1254
1773660 1254
1773670 1254
1773680 1253
1773690 1253
1773700 1253
1773710 1253
1773720 1254
1773730 1253
1773740 1253
1773750 1252
1773760 1252
1773770 1251
1773780 1251
1773790 1251
1773800 1250
1773810 1250
1773820 1249
1773830 1248
1773840 1246
1773850 1245
1773860 1245
1773870 1246
1773880 1247
1773890 1248
1773900 1248
1773910 1248
1773920 1247
1773930 1246
1773940 1246
1773950 1245
1773960 1246
1773970 1246
1773980 1247
1773990 1248
1774000 1249
1774010 1251
1774020 1252
1774030 1254
1774040 1255
1774050 1256
1774060 1256
1774070 1257
1774080 1258
1774090 1259
1774100 1260
1774110 1261
1774120 1262
1774130 1263
1774140 1264
1774150 1264
1774160 1265
1774170 1266
1774180 1266
1774190 1267
1774200 1267
1774210 1267
1774220 1267
1774230 1268
1774240 1268
1774250 1268
1774260 1268
1774270 1268
1774280 1269
1774290 1269
1774300 1269
1774310 1269
1774320 1268
1774330 1268
1774340 1268
1774350 1268
1774360 1268
1774370 1267
1774380 1267
1774390 1267
1774400 1267
1774410 1266
1774420 1266
1774430 1266
1774440 1265
1774450 1264
1774460 1263
1774470 1263
1774480 1262
1774490 1261
1774500 1260
1774510 1259
1774520 1258
1774530 1256
1774540 1255
1774550 1254
1774560 1253
1774570 1252
1774580 1251
1774590 1250
1774600 1249
1774610 1249
1774620 1248
1774630 1246
1774640 1245
1774650 1244
1774660 1243
1774670 1241
1774680 1240
1774690 1239
1774700 1238
1774710 1237
1774720 1235
1774730 1234
1774740 1234
1774750 1233
1774760 1232
1774770 1231
1774780 1230
1774790 1229
1774800 1229
1774810 1228
1774820 1227
1774830 1226
1774840 1226
1774850 1225
1774860 1224
1774870 1224
1774880 1223
1774890 1222
1774900 1221
1774910 1220
1774920 1220
1774930 1219
1774940 1218
1774950 1218
1774960 1217
1774970 1216
1774980 1215
1774990 1214
1775000 1213
1775010 1212
1775020 1212
1775030 1211
1775040 1210
1775050 1209
1775060 1208
1775070 1207
1775080 1206
1775090 1205
1775100 1204
1775110 1203
1775120 1202
1775130 1201
1775140 1200
1775150 1199
1775160 1197
1775170 1196
1775180 1194
1775190 1192
1775200 1191
1775210 1189
1775220 1187
1775230 1186
1775240 1185
1775250 1184
1775260 1183
1775270 1182
1775280 1181
1775290 1181
1775300 1181
1775310 1181
1775320 1182
1775330 1182
1775340 1182
1775350 1182
1775360 1183
1775370 1183
1775380 1184
1775390 1184
1775400 1184
1775410 1184
1775420 1184
1775430 1184
1775440 1184
1775450 1184
1775460 1184
1775470 1184
1775480 1184
1775490 1183
1775500 1183
1775510 1183
1775520 1183
1775530 1183
1775540 1182
1775550 1182
1775560 1181
1775570 1180
1775580 1179
1775590 1177
1775600 1176
1775610 1175
1775620 1175
1775630 1174
1775640 1174
1775650 1174
1775660 1174
1775670 1174
1775680 1174
1775690 1174
1775700 1174
1775710 1174
1775720 1173
1775730 1173
1775740 1172
1775750 1171
1775760 1170
1775770 1169
1775780 1168
1775790 1166
1775800 1165
1775810 1164
1775820 1163
1775830 1161
1775840 1160
1775850 1158
1775860 1157
1775870 1155
1775880 1154
1775890 1153
1775900 1152
1775910 1151
1775920 1150
1775930 1149
1775940 1149
1775950 1148
1775960 1147
1775970 1147
1775980 1146
1775990 1145
1776000 1144
1776010 1143
1776020 1141
1776030 1140
1776040 1138
1776050 1137
1776060 1135
1776070 1133
1776080 1132
1776090 1131
1776100 1130
1776110 1129
1776120 1128
1776130 1128
1776140 1127
1776150 1127
1776160 1126
1776170 1126
1776180 1126
1776190 1126
1776200 1125
1776210 1125
1776220 1124
1776230 1123
1776240 1123
1776250 1122
1776260 1122
1776270 1121
1776280 1121
1776290 1121
1776300 1121
1776310 1120
1776320 1120
1776330 1119
1776340 1119
1776350 1118
1776360 1117
1776370 1116
1776380 1115
1776390 1114
1776400 1113
1776410 1111
1776420 1110
1776430 1109
1776440 1108
1776450 1107
1776460 1106
1776470 1105
1776480 1104
1776490 1104
1776500 1104
1776510 1104
1776520 1104
1776530 1103
1776540 1103
1776550 1102
1776560 1101
1776570 1100
1776580 1099
1776590 1098
1776600 1097
1776610 1095
1776620 1094
1776630 1092
1776640 1090
1776650 1089
1776660 1089
1776670 1088
1776680 1088
1776690 1088
1776700 1088
1776710 1087
1776720 1087
1776730 1087
1776740 1087
1776750 1087
1776760 1086
1776770 1086
1776780 1086
1776790 1086
1776800 1085
1776810 1085
1776820 1085
1776830 1085
1776840 1084
1776850 1084
1776860 1084
1776870 1084
1776880 1084
1776890 1085
1776900 1084
1776910 1084
1776920 1083
1776930 1083
1776940 1083
1776950 1083
1776960 1082
1776970 1081
1776980 1080
1776990 1079
1777000 1079
1777010 1078
1777020 1077
1777030 1077
1777040 1077
1777050 1076
1777060 1076
1777070 1075
1777080 1075
1777090 1075
1777100 1075
1777110 1075
1777120 1074
1777130 1074
1777140 1074
1777150 1074
1777160 1074
1777170 1074
1777180 1075
1777190 1075
1777200 1075
1777210 1076
1777220 1076
1777230 1077
1777240 1077
1777250 1077
1777260 1077
1777270 1077
1777280 1077
1777290 1078
1777300 1077
1777310 1077
1777320 1077
1777330 1076
1777340 1076
1777350 1075
1777360 1074
1777370 1073
1777380 1072
1777390 1071
1777400 1070
1777410 1069
1777420 1068
1777430 1067
1777440 1066
1777450 1065
1777460 1064
1777470 1063
1777480 1063
1777490 1062
1777500 1061
1777510 1060
1777520 1058
1777530 1056
1777540 1054
1777550 1052
1777560 1050
1777570 1049
1777580 1047
1777590 1046
1777600 1044
1777610 1043
1777620 1041
1777630 1039
1777640 1037
1777650 1034
1777660 1032
1777670 1030
1777680 1029
1777690 1028
1777700 1027
1777710 1026
1777720 1025
1777730 1024
1777740 1023
1777750 1022
1777760 1021
1777770 1020
1777780 1019
1777790 1018
1777800 1017
1777810 1016
1777820 1015
1777830 1014
1777840 1013
1777850 1011
1777860 1009
1777870 1007
1777880 1005
1777890 1003
1777900 1002
1777910 1000
1777920 999
1777930 998
1777940 998
1777950 998
1777960 998
1777970 997
1777980 997
1777990 997
1778000 996
1778010 996
1778020 995
1778030 995
1778040 994
1778050 993
1778060 991
1778070 990
1778080 989
1778090 988
1778100 987
1778110 985
1778120 984
1778130 982
1778140 980
1778150 978
1778160 977
1778170 975
1778180 973
1778190 972
1778200 971
1778210 970
1778220 969
1778230 968
1778240 966
1778250 964
1778260 963
1778270 963
1778280 962
1778290 961
1778300 960
1778310 959
1778320 959
1778330 958
1778340 958
1778350 957
1778360 957
1778370 956
1778380 956
1778390 955
1778400 955
1778410 954
1778420 954
1778430 953
1778440 953
1778450 952
1778460 951
1778470 951
1778480 950
1778490 950
1778500 949
1778510 949
1778520 949
1778530 948
1778540 948
1778550 947
1778560 946
1778570 945
1778580 944
1778590 943
1778600 942
1778610 942
1778620 942
1778630 942
1778640 942
1778650 943
1778660 944
1778670 945
1778680 946
1778690 947
1778700 948
1778710 950
1778720 950
1778730 950
1778740 951
1778750 951
1778760 952
1778770 952
1778780 952
1778790 952
1778800 952
1778810 952
1778820 952
1778830 953
1778840 953
1778850 953
1778860 953
1778870 953
1778880 953
1778890 954
1778900 954
1778910 953
1778920 953
1778930 952
1778940 951
1778950 950
1778960 950
1778970 948
1778980 946
1778990 944
1779000 942
1779010 941
1779020 939
1779030 938
1779040 936
1779050 934
1779060 932
1779070 930
1779080 928
1779090 926
1779100 924
1779110 922
1779120 921
1779130 920
1779140 919
1779150 918
1779160 917
1779170 915
1779180 914
1779190 912
1779200 911
1779210 909
1779220 908
1779230 907
1779240 905
1779250 904
1779260 902
1779270 899
1779280 897
1779290 894
1779300 892
1779310 889
1779320 886
1779330 883
1779340 880
1779350 877
1779360 875
1779370 872
1779380 870
1779390 869
1779400 867
1779410 865
1779420 863
1779430 861
1779440 859
1779450 858
1779460 855
1779470 853
1779480 850
1779490 847
1779500 844
1779510 841
1779520 837
1779530 834
1779540 831
1779550 828
1779560 825
1779570 822
1779580 820
1779590 818
1779600 815
1779610 812
1779620 808
1779630 805
1779640 802
1779650 799
1779660 796
1779670 793
1779680 789
1779690 785
1779700 782
1779710 778
1779720 775
1779730 771
1779740 768
1779750 764
1779760 761
1779770 758
1779780 756
1779790 754
1779800 752
1779810 749
1779820 747
1779830 743
1779840 740
1779850 738
1779860 736
1779870 733
1779880 732
1779890 729
1779900 727
1779910 725
1779920 723
1779930 722
1779940 721
1779950 720
1779960 719
1779970 717
1779980 716
1779990 713
