1760000 1063
1760010 1058
1760020 1054
1760030 1054
1760040 1053
1760050 1052
1760060 1052
1760070 1054
1760080 1056
1760090 1056
1760100 1059
1760110 1060
1760120 1060
1760130 1061
1760140 1063
1760150 1063
1760160 1060
1760170 1063
1760180 1063
1760190 1064
1760200 1066
1760210 1066
1760220 1067
1760230 1068
1760240 1068
1760250 1069
1760260 1069
1760270 1069
1760280 1069
1760290 1068
1760300 1068
1760310 1068
1760320 1067
1760330 1067
1760340 1067
1760350 1066
1760360 1066
1760370 1065
1760380 1063
1760390 1062
1760400 1062
1760410 1060
1760420 1059
1760430 1059
1760440 1056
1760450 1055
1760460 1055
1760470 1053
1760480 1051
1760490 1051
1760500 1049
1760510 1047
1760520 1047
1760530 1046
1760540 1044
1760550 1044
1760560 1043
1760570 1040
1760580 1040
1760590 1038
1760600 1035
1760610 1035
1760620 1033
1760630 1031
1760640 1031
1760650 1029
1760660 1028
1760670 1028
1760680 1026
1760690 1023
1760700 1023
1760710 1023
1760720 1022
1760730 1022
1760740 1021
1760750 1020
1760760 1020
1760770 1020
1760780 1020
1760790 1020
1760800 1020
1760810 1019
1760820 1019
1760830 1019
1760840 1018
1760850 1018
1760860 1018
1760870 1018
1760880 1017
1760890 1017
1760900 1018
1760910 1018
1760920 1018
1760930 1019
1760940 1020
1760950 1020
1760960 1020
1760970 1020
1760980 1020
1760990 1019
1761000 1019
1761010 1019
1761020 1018
1761030 1017
1761040 1017
1761050 1017
1761060 1016
1761070 1016
1761080 1016
1761090 1016
1761100 1016
1761110 1014
1761120 1010
1761130 1010
1761140 1003
1761150 998
1761160 996
1761170 996
1761180 995
1761190 995
1761200 995
1761210 994
1761220 993
1761230 993
1761240 991
1761250 990
1761260 990
1761270 988
1761280 986
1761290 986
1761300 984
1761310 982
1761320 982
1761330 981
1761340 979
1761350 979
1761360 976
1761370 972
1761380 972
1761390 968
1761400 965
1761410 965
1761420 963
1761430 960
1761440 960
1761450 958
1761460 955
1761470 955
1761480 953
1761490 949
1761500 949
1761510 948
1761520 946
1761530 946
1761540 945
1761550 945
1761560 944
1761570 944
1761580 945
1761590 946
1761600 946
1761610 947
1761620 947
1761630 947
1761640 948
1761650 950
1761660 950
1761670 953
1761680 956
1761690 956
1761700 959
1761710 962
1761720 962
1761730 964
1761740 967
1761750 967
1761760 969
1761770 971
1761780 971
1761790 973
1761800 975
1761810 975
1761820 977
1761830 979
1761840 979
1761850 983
1761860 984
1761870 984
1761880 985
1761890 988
1761900 988
1761910 988
1761920 992
1761930 994
1761940 994
1761950 997
1761960 999
1761970 999
1761980 1001
1761990 1003
1762000 1003
1762010 1006
1762020 1008
1762030 1008
1762040 1010
1762050 1013
1762060 1013
1762070 1015
1762080 1018
1762090 1018
1762100 1021
1762110 1022
1762120 1022
1762130 1026
1762140 1030
1762150 1030
1762160 1031
1762170 1033
1762180 1033
1762190 1037
1762200 1040
1762210 1040
1762220 1042
1762230 1046
1762240 1046
1762250 1049
1762260 1052
1762270 1052
1762280 1055
1762290 1058
1762300 1058
1762310 1061
1762320 1064
1762330 1067
1762340 1067
1762350 1070
1762360 1072
1762370 1072
1762380 1074
1762390 1076
1762400 1076
1762410 1079
1762420 1080
1762430 1080
1762440 1081
1762450 1082
1762460 1082
1762470 1082
1762480 1083
1762490 1083
1762500 1084
1762510 1085
1762520 1085
1762530 1085
1762540 1086
1762550 1086
1762560 1087
1762570 1087
1762580 1087
1762590 1088
1762600 1090
1762610 1090
1762620 1092
1762630 1093
1762640 1093
1762650 1095
1762660 1097
1762670 1097
1762680 1098
1762690 1100
1762700 1103
1762710 1103
1762720 1104
1762730 1107
1762740 1107
1762750 1110
1762760 1112
1762770 1112
1762780 1115
1762790 1120
1762800 1120
1762810 1123
1762820 1127
1762830 1127
1762840 1130
1762850 1133
1762860 1133
1762870 1137
1762880 1141
1762890 1141
1762900 1145
1762910 1148
1762920 1148
1762930 1150
1762940 1151
1762950 1156
1762960 1157
1762970 1160
1762980 1160
1762990 1160
1763000 1161
1763010 1161
1763020 1164
1763030 1169
1763040 1169
1763050 1172
1763060 1177
1763070 1177
1763080 1180
1763090 1183
1763100 1185
1763110 1185
1763120 1187
1763130 1188
1763140 1188
1763150 1190
1763160 1191
1763170 1191
1763180 1192
1763190 1194
1763200 1194
1763210 1196
1763220 1198
1763230 1198
1763240 1201
1763250 1204
1763260 1204
1763270 1208
1763280 1211
1763290 1211
1763300 1216
1763310 1220
1763320 1220
1763330 1225
1763340 1230
1763350 1230
1763360 1236
1763370 1240
1763380 1240
1763390 1243
1763400 1246
1763410 1246
1763420 1248
1763430 1250
1763440 1250
1763450 1253
1763460 1257
1763470 1261
1763480 1261
1763490 1264
1763500 1266
1763510 1266
1763520 1269
1763530 1274
1763540 1274
1763550 1278
1763560 1280
1763570 1280
1763580 1282
1763590 1286
1763600 1286
1763610 1289
1763620 1292
1763630 1292
1763640 1295
1763650 1297
1763660 1297
1763670 1299
1763680 1301
1763690 1301
1763700 1304
1763710 1307
1763720 1307
1763730 1310
1763740 1312
1763750 1312
1763760 1315
1763770 1317
1763780 1317
1763790 1320
1763800 1322
1763810 1322
1763820 1323
1763830 1326
1763840 1326
1763850 1329
1763860 1332
1763870 1335
1763880 1335
1763890 1339
1763900 1341
1763910 1341
1763920 1345
1763930 1348
1763940 1348
1763950 1351
1763960 1353
1763970 1353
1763980 1355
1763990 1357
1764000 1357
1764010 1358
1764020 1360
1764030 1360
1764040 1361
1764050 1363
1764060 1363
1764070 1364
1764080 1366
1764090 1366
1764100 1368
1764110 1368
1764120 1368
1764130 1370
1764140 1371
1764150 1371
1764160 1373
1764170 1374
1764180 1374
1764190 1374
1764200 1373
1764210 1373
1764220 1373
1764230 1373
1764240 1373
1764250 1372
1764260 1372
1764270 1372
1764280 1372
1764290 1371
1764300 1371
1764310 1371
1764320 1370
1764330 1369
1764340 1369
1764350 1369
1764360 1368
1764370 1368
1764380 1367
1764390 1366
1764400 1366
1764410 1366
1764420 1366
1764430 1366
1764440 1365
1764450 1364
1764460 1364
1764470 1363
1764480 1362
1764490 1362
1764500 1360
1764510 1359
1764520 1359
1764530 1358
1764540 1356
1764550 1356
1764560 1354
1764570 1353
1764580 1353
1764590 1352
1764600 1351
1764610 1351
1764620 1349
1764630 1347
1764640 1345
1764650 1345
1764660 1342
1764670 1339
1764680 1339
1764690 1337
1764700 1335
1764710 1335
1764720 1332
1764730 1330
1764740 1330
1764750 1326
1764760 1322
1764770 1322
1764780 1319
1764790 1315
1764800 1315
1764810 1310
1764820 1306
1764830 1306
1764840 1301
1764850 1296
1764860 1296
1764870 1292
1764880 1287
1764890 1287
1764900 1282
1764910 1276
1764920 1276
1764930 1272
1764940 1266
1764950 1266
1764960 1261
1764970 1257
1764980 1257
1764990 1253
1765000 1248
1765010 1248
1765020 1244
1765030 1239
1765040 1233
1765050 1233
1765060 1228
1765070 1223
1765080 1223
1765090 1217
1765100 1212
1765110 1212
1765120 1206
1765130 1203
1765140 1203
1765150 1199
1765160 1194
1765170 1194
1765180 1190
1765190 1187
1765200 1187
1765210 1183
1765220 1178
1765230 1178
1765240 1172
1765250 1165
1765260 1165
1765270 1159
1765280 1152
1765290 1152
1765300 1147
1765310 1147
1765320 1147
1765330 1147
1765340 1147
1765350 1147
1765360 1147
1765370 1147
1765380 1147
1765390 1146
1765400 1148
1765410 1149
1765420 1149
1765430 1150
1765440 1150
1765450 1150
1765460 1151
1765470 1151
1765480 1151
1765490 1152
1765500 1152
1765510 1152
1765520 1153
1765530 1155
1765540 1155
1765550 1157
1765560 1158
1765570 1158
1765580 1159
1765590 1159
1765600 1159
1765610 1160
1765620 1160
1765630 1160
1765640 1159
1765650 1164
1765660 1164
1765670 1163
1765680 1162
1765690 1162
1765700 1162
1765710 1161
1765720 1161
1765730 1159
1765740 1157
1765750 1157
1765760 1155
1765770 1153
1765780 1153
1765790 1151
1765800 1149
1765810 1147
1765820 1147
1765830 1144
1765840 1142
1765850 1142
1765860 1139
1765870 1137
1765880 1137
1765890 1134
1765900 1132
1765910 1132
1765920 1130
1765930 1128
1765940 1128
1765950 1126
1765960 1124
1765970 1124
1765980 1123
1765990 1122
1766000 1122
1766010 1120
1766020 1119
1766030 1119
1766040 1118
1766050 1115
1766060 1115
1766070 1113
1766080 1110
1766090 1110
1766100 1108
1766110 1106
1766120 1106
1766130 1104
1766140 1100
1766150 1100
1766160 1098
1766170 1097
1766180 1095
1766190 1095
1766200 1092
1766210 1089
1766220 1089
1766230 1087
1766240 1086
1766250 1086
1766260 1086
1766270 1086
1766280 1086
1766290 1085
1764330 1370
1764340 1370
1764350 1369
1764360 1368
1764370 1368
1764380 1367
1764390 1367
1764400 1366
1764410 1366
1764420 1366
1764430 1366
1764440 1366
1764450 1365
1764460 1364
1764470 1364
1764480 1363
1764490 1362
1764500 1361
1764510 1360
1764520 1359
1764530 1358
1764540 1357
1764550 1356
1764560 1355
1764570 1354
1764580 1353
1764590 1352
1764600 1352
1764610 1351
1764620 1350
1764630 1349
1764640 1347
1764650 1346
1764660 1344
1764670 1342
1764680 1340
1764690 1338
1764700 1337
1764710 1335
1764720 1333
1764730 1332
1764740 1330
1764750 1328
1764760 1325
1764770 1323
1764780 1320
1764790 1318
1764800 1315
1764810 1312
1764820 1309
1764830 1306
1764840 1303
1764850 1300
1764860 1297
1764870 1294
1764880 1291
1764890 1287
1764900 1284
1764910 1280
1764920 1276
1764930 1273
1764940 1270
1764950 1266
1764960 1263
1764970 1260
1764980 1257
1764990 1254
1765000 1251
1765010 1248
1765020 1245
1765030 1242
1765040 1238
1765050 1234
1765060 1231
1765070 1227
1765080 1224
1765090 1220
1765100 1217
1765110 1213
1765120 1209
1765130 1206
1765140 1204
1765150 1201
1765160 1198
1765170 1195
1765180 1193
1765190 1190
1765200 1187
1765210 1185
1765220 1182
1765230 1179
1765240 1175
1765250 1171
1765260 1166
1765270 1161
1765280 1157
1765290 1153
1765300 1151
1765310 1150
1765320 1150
1765330 1150
1765340 1150
1765350 1150
1765360 1150
1765370 1150
1765380 1150
1765390 1150
1765400 1150
1765410 1151
1765420 1152
1765430 1152
1765440 1153
1765450 1153
1765460 1154
1765470 1154
1765480 1155
1765490 1155
1765500 1156
1765510 1156
1765520 1156
1765530 1157
1765540 1158
1765550 1160
1765560 1161
1765570 1162
1765580 1162
1765590 1163
1765600 1163
1765610 1164
1765620 1164
1765630 1164
1765640 1164
1765650 1163
1765660 1163
1765670 1162
1765680 1162
1765690 1161
1765700 1161
1765710 1161
1765720 1160
1765730 1159
1765740 1158
1765750 1156
1765760 1155
1765770 1154
1765780 1153
1765790 1151
1765800 1150
1765810 1148
1765820 1147
1765830 1145
1765840 1144
1765850 1142
1765860 1140
1765870 1139
1765880 1137
1765890 1135
1765900 1134
1765910 1132
1765920 1131
1765930 1130
1765940 1128
1765950 1127
1765960 1126
1765970 1125
1765980 1124
1765990 1123
1766000 1122
1766010 1122
1766020 1121
1766030 1120
1766040 1119
1766050 1117
1766060 1116
1766070 1114
1766080 1112
1766090 1111
1766100 1110
1766110 1108
1766120 1107
1766130 1105
1766140 1103
1766150 1102
1766160 1100
1766170 1099
1766180 1097
1766190 1096
1766200 1094
1766210 1093
1766220 1091
1766230 1090
1766240 1089
1766250 1088
1766260 1088
1766270 1088
1766280 1088
1766290 1088
1766300 1087
1766310 1087
1766320 1088
1766330 1089
1766340 1090
1766350 1091
1766360 1092
1766370 1094
1766380 1095
1766390 1096
1766400 1098
1766410 1098
1766420 1099
1766430 1099
1766440 1098
1766450 1097
1766460 1096
1766470 1095
1766480 1094
1766490 1091
1766500 1089
1766510 1085
1766520 1082
1766530 1079
1766540 1076
1766550 1073
1766560 1071
1766570 1069
1766580 1066
1766590 1064
1766600 1061
1766610 1058
1766620 1056
1766630 1054
1766640 1051
1766650 1050
1766660 1048
1766670 1046
1766680 1045
1766690 1043
1766700 1040
1766710 1038
1766720 1035
1766730 1032
1766740 1029
1766750 1025
1766760 1022
1766770 1019
1766780 1015
1766790 1012
1766800 1009
1766810 1006
1766820 1003
1766830 1000
1766840 998
1766850 995
1766860 992
1766870 990
1766880 987
1766890 985
1766900 983
1766910 980
1766920 978
1766930 975
1766940 973
1766950 971
1766960 968
1766970 964
1766980 960
1766990 956
1767000 952
1767010 949
1767020 945
1767030 942
1767040 939
1767050 936
1767060 933
1767070 930
1767080 928
1767090 925
1767100 923
1767110 922
1767120 920
1767130 918
1767140 916
1767150 914
1767160 912
1767170 910
1767180 908
1767190 905
1767200 902
1767210 899
1767220 896
1767230 893
1767240 890
1767250 886
1767260 883
1767270 880
1767280 877
1767290 875
1767300 872
1767310 868
1767320 865
1767330 860
1767340 857
1767350 856
1767360 855
1767370 856
1767380 857
1767390 860
1767400 862
1767410 863
1767420 863
1767430 864
1767440 865
1767450 866
1767460 867
1767470 868
1767480 870
1767490 871
1767500 873
1767510 874
1767520 876
1767530 877
1767540 879
1767550 881
1767560 882
1767570 884
1767580 885
1767590 887
1767600 889
1767610 891
1767620 893
1767630 895
1767640 896
1767650 898
1767660 899
1767670 901
1767680 901
1767690 902
1767700 903
1767710 903
1767720 903
1767730 904
1767740 904
1767750 905
1767760 905
1767770 906
1767780 906
1767790 907
1767800 907
1767810 908
1767820 908
1767830 909
1767840 909
1767850 910
1767860 910
1767870 911
1767880 911
1767890 912
1767900 913
1767910 914
1767920 914
1767930 914
1767940 915
1767950 915
1767960 916
1767970 916
1767980 917
1767990 918
1768000 918
1768010 919
1768020 919
1768030 919
1768040 919
1768050 919
1768060 919
1768070 919
1768080 919
1768090 919
1768100 920
1768110 920
1768120 921
1768130 921
1768140 921
1768150 921
1768160 922
1768170 922
1768180 923
1768190 923
1768200 924
1768210 925
1768220 926
1768230 926
1768240 927
1768250 929
1768260 930
1768270 930
1768280 931
1768290 931
1768300 931
1768310 930
1768320 930
1768330 929
1768340 929
1768350 928
1768360 927
1768370 926
1768380 925
1768390 924
1768400 923
1768410 921
1768420 920
1768430 920
1768440 919
1768450 919
1768460 919
1768470 919
1768480 919
1768490 919
1768500 919
1768510 920
1768520 920
1768530 921
1768540 922
1768550 922
1768560 922
1768570 922
1768580 922
1768590 922
1768600 922
1768610 922
1768620 922
1768630 921
1768640 920
1768650 919
1768660 919
1768670 919
1768680 918
1768690 917
1768700 915
1768710 914
1768720 911
1768730 909
1768740 906
1768750 903
1768760 900
1768770 898
1768780 895
1768790 893
1768800 890
1768810 887
1768820 885
1768830 882
1768840 880
1768850 877
1768860 875
1768870 873
1768880 871
1768890 868
1768900 866
1768910 864
1768920 863
1768930 861
1768940 859
1768950 858
1768960 855
1768970 853
1768980 850
1768990 845
1769000 842
1769010 839
1769020 837
1769030 836
1769040 836
1769050 838
1769060 839
1769070 841
1769080 843
1769090 846
1769100 850
1769110 853
1769120 857
1769130 861
1769140 866
1769150 870
1769160 873
1769170 877
1769180 880
1769190 883
1769200 886
1769210 889
1769220 893
1769230 896
1769240 899
1769250 903
1769260 906
1769270 910
1769280 914
1769290 917
1769300 920
1769310 923
1769320 926
1769330 929
1769340 932
1769350 935
1769360 938
1769370 940
1769380 943
1769390 945
1769400 947
1769410 949
1769420 951
1769430 952
1769440 954
1769450 956
1769460 958
1769470 960
1769480 962
1769490 965
1769500 967
1769510 969
1769520 971
1769530 973
1769540 975
1769550 977
1769560 979
1769570 981
1769580 983
1769590 985
1769600 987
1769610 988
1769620 990
1769630 991
1769640 993
1769650 995
1769660 997
1769670 998
1769680 1000
1769690 1002
1769700 1004
1769710 1005
1769720 1007
1769730 1009
1769740 1010
1769750 1012
1769760 1014
1769770 1016
1769780 1018
1769790 1020
1769800 1021
1769810 1023
1769820 1025
1769830 1026
1769840 1027
1769850 1028
1769860 1029
1769870 1029
1769880 1030
1769890 1031
1769900 1033
1769910 1034
1769920 1035
1769930 1037
1769940 1039
1769950 1041
1769960 1043
1769970 1045
1769980 1046
1769990 1048
1770000 1049
1770010 1050
1770020 1051
1770030 1052
1770040 1053
1770050 1054
1770060 1055
1770070 1056
1770080 1057
1770090 1058
1770100 1059
1770110 1060
1770120 1060
1770130 1061
1770140 1061
1770150 1061
1770160 1061
1770170 1060
1770180 1060
1770190 1059
1770200 1058
1770210 1058
1770220 1057
1770230 1056
1770240 1056
1770250 1055
1770260 1054
1770270 1054
1770280 1053
1770290 1052
1770300 1052
1770310 1052
1770320 1053
1770330 1054
1770340 1055
1770350 1056
1770360 1056
1770370 1056
1770380 1056
1770390 1056
1770400 1055
1770410 1054
1770420 1053
1770430 1052
1770440 1050
1770450 1049
1770460 1047
1770470 1045
1770480 1043
1770490 1041
1770500 1038
1770510 1035
1770520 1033
1770530 1031
1770540 1030
1770550 1028
1770560 1028
1770570 1027
1770580 1025
1770590 1024
1770600 1023
1770610 1021
1770620 1020
1770630 1021
1770640 1022
1770650 1025
1770660 1029
1770670 1033
1770680 1036
1770690 1040
1770700 1044
1770710 1047
1770720 1051
1770730 1054
1770740 1057
1770750 1060
1770760 1063
1770770 1066
1770780 1068
1770790 1071
1770800 1073
1770810 1075
1770820 1077
1770830 1080
1770840 1082
1770850 1085
1770860 1088
1770870 1089
1770880 1091
1770890 1092
1770900 1092
1770910 1094
1770920 1096
1770930 1100
1770940 1103
1770950 1106
1770960 1107
1770970 1109
1770980 1110
1770990 1112
1771000 1114
1771010 1116
1771020 1118
1771030 1119
1771040 1120
1771050 1121
1771060 1123
1771070 1125
1771080 1126
1771090 1127
1771100 1128
1771110 1129
1771120 1131
1771130 1133
1771140 1134
1771150 1136
1771160 1137
1771170 1139
1771180 1140
1771190 1142
1771200 1143
1771210 1145
1771220 1146
1771230 1147
1771240 1149
1771250 1150
1771260 1151
1771270 1151
1771280 1152
1771290 1154
1771300 1156
1771310 1157
1771320 1159
1771330 1161
1771340 1162
1771350 1163
1771360 1164
1771370 1165
1771380 1166
1771390 1168
1771400 1168
1771410 1169
1771420 1169
1771430 1169
1771440 1169
1771450 1168
1771460 1168
1771470 1168
1771480 1168
1771490 1168
1771500 1169
1771510 1168
1771520 1168
1771530 1168
1771540 1168
1771550 1168
1771560 1168
1771570 1168
1771580 1168
1771590 1169
1771600 1170
1771610 1171
1771620 1171
1771630 1170
1771640 1170
1771650 1171
1771660 1171
1771670 1171
1771680 1171
1771690 1171
1771700 1171
1771710 1171
1771720 1170
1771730 1169
1771740 1169
1771750 1169
1771760 1168
1771770 1168
1771780 1168
1771790 1168
1771800 1168
1771810 1168
1771820 1168
1771830 1168
1771840 1168
1771850 1168
1771860 1169
1771870 1169
1771880 1169
1771890 1170
1771900 1170
1771910 1171
1771920 1171
1771930 1171
1771940 1171
1771950 1172
1771960 1172
1771970 1172
1771980 1173
1771990 1173
1772000 1174
1772010 1174
1772020 1175
1772030 1176
1772040 1177
1772050 1177
1772060 1178
1772070 1178
1772080 1179
1772090 1179
1772100 1180
1772110 1180
1772120 1181
1772130 1182
1772140 1183
1772150 1183
1772160 1184
1772170 1185
1772180 1185
1772190 1186
1772200 1186
1772210 1187
1772220 1188
1772230 1189
1772240 1190
1772250 1191
1772260 1192
1772270 1193
1772280 1194
1772290 1194
1772300 1195
1772310 1196
1772320 1196
1772330 1197
1772340 1198
1772350 1198
1772360 1198
1772370 1198
1772380 1197
1772390 1196
1772400 1194
1772410 1192
1772420 1189
1772430 1186
1772440 1183
1772450 1180
1772460 1177
1772470 1173
1772480 1170
1772490 1166
1772500 1162
1772510 1158
1772520 1154
1772530 1151
1772540 1148
1772550 1146
1772560 1145
1772570 1142
1772580 1140
1772590 1137
1772600 1134
1772610 1131
1772620 1129
1772630 1126
1772640 1124
1772650 1120
1772660 1117
1772670 1114
1772680 1111
1772690 1109
1772700 1107
1772710 1105
1772720 1103
1772730 1100
1772740 1096
1772750 1093
1772760 1089
1772770 1086
1772780 1081
1772790 1075
1772800 1069
1772810 1065
1772820 1060
1772830 1056
1772840 1052
1772850 1048
1772860 1043
1772870 1039
1772880 1036
1772890 1032
1772900 1029
1772910 1026
1772920 1023
1772930 1021
1772940 1017
1772950 1014
1772960 1010
1772970 1006
1772980 1002
1772990 1000
1773000 997
1773010 994
1773020 991
1773030 989
1773040 988
1773050 988
1773060 988
1773070 988
1773080 990
1773090 991
1773100 993
1773110 995
1773120 996
1773130 998
1773140 1000
1773150 1002
1773160 1003
1773170 1005
1773180 1007
1773190 1008
1773200 1010
1773210 1012
1773220 1014
1773230 1016
1773240 1018
1773250 1020
1773260 1021
1773270 1023
1773280 1025
1773290 1026
1773300 1026
1773310 1026
1773320 1026
1773330 1025
1773340 1025
1773350 1025
1773360 1024
1773370 1024
1773380 1024
1773390 1023
1773400 1022
1773410 1021
1773420 1020
1773430 1019
1773440 1018
1773450 1016
1773460 1016
1773470 1015
1773480 1014
1773490 1013
1773500 1012
1773510 1012
1773520 1011
1773530 1010
1773540 1009
1773550 1007
1773560 1006
1773570 1004
1773580 1001
1773590 997
1773600 995
1773610 994
1773620 994
1773630 995
1773640 997
1773650 998
1773660 998
1773670 999
1773680 1000
1773690 1001
1773700 1002
1773710 1004
1773720 1005
1773730 1007
1773740 1009
1773750 1011
1773760 1014
1773770 1016
1773780 1018
1773790 1020
1773800 1022
1773810 1024
1773820 1026
1773830 1028
1773840 1030
1773850 1030
1773860 1029
1773870 1028
1773880 1027
1773890 1024
1773900 1022
1773910 1019
1773920 1016
1773930 1014
1773940 1011
1773950 1008
1773960 1005
1773970 1002
1773980 1000
1773990 997
1774000 994
1774010 992
1774020 989
1774030 987
1774040 985
1774050 982
1774060 978
1774070 978
1774080 980
1774090 983
1774100 986
1774110 989
1774120 991
1774130 993
1774140 994
1774150 996
1774160 997
1774170 998
1774180 1000
1774190 1001
1774200 1003
1774210 1004
1774220 1006
1774230 1009
1774240 1011
1774250 1013
1774260 1015
1774270 1017
1774280 1019
1774290 1021
1774300 1023
1774310 1025
1774320 1026
1774330 1027
1774340 1028
1774350 1029
1774360 1030
1774370 1031
1774380 1032
1774390 1033
1774400 1035
1774410 1036
1774420 1037
1774430 1038
1774440 1038
1774450 1039
1774460 1039
1774470 1039
1774480 1039
1774490 1039
1774500 1039
1774510 1039
1774520 1038
1774530 1037
1774540 1037
1774550 1037
1774560 1037
1774570 1038
1774580 1039
1774590 1040
1774600 1041
1774610 1042
1774620 1043
1774630 1044
1774640 1045
1774650 1045
1774660 1046
1774670 1047
1774680 1048
1774690 1048
1774700 1049
1774710 1049
1774720 1050
1774730 1050
1774740 1051
1774750 1051
1774760 1050
1774770 1050
1774780 1049
1774790 1048
1774800 1048
1774810 1047
1774820 1046
1774830 1045
1774840 1043
1774850 1042
1774860 1041
1774870 1040
1774880 1038
1774890 1037
1774900 1036
1774910 1035
1774920 1034
1774930 1032
1774940 1031
1774950 1030
1774960 1028
1774970 1027
1774980 1026
1774990 1025
1775000 1024
1775010 1023
1775020 1023
1775030 1021
1775040 1020
1775050 1019
1775060 1018
1775070 1017
1775080 1016
1775090 1015
1775100 1014
1775110 1013
1775120 1012
1775130 1011
1775140 1010
1775150 1008
1775160 1007
1775170 1005
1775180 1002
1775190 999
1775200 996
1775210 993
1775220 990
1775230 987
1775240 984
1775250 980
1775260 976
1775270 973
1775280 971
1775290 967
1775300 964
1775310 961
1775320 958
1775330 954
1775340 951
1775350 948
1775360 944
1775370 941
1775380 938
1775390 934
1775400 931
1775410 927
1775420 924
1775430 921
1775440 918
1775450 914
1775460 910
1775470 907
1775480 903
1775490 900
1775500 896
1775510 893
1775520 890
1775530 887
1775540 885
1775550 885
1775560 885
1775570 887
1775580 889
1775590 891
1775600 893
1775610 896
1775620 898
1775630 901
1775640 904
1775650 907
1775660 910
1775670 913
1775680 915
1775690 918
1775700 921
1775710 924
1775720 926
1775730 929
1775740 931
1775750 934
1775760 936
1775770 938
1775780 940
1775790 942
1775800 944
1775810 946
1775820 948
1775830 951
1775840 953
1775850 955
1775860 956
1775870 957
1775880 958
1775890 959
1775900 961
1775910 961
1775920 959
1775930 958
1775940 956
1775950 955
1775960 954
1775970 953
1775980 951
1775990 949
1776000 947
1776010 945
1776020 942
1776030 940
1776040 938
1776050 935
1776060 933
1776070 930
1776080 928
1776090 926
1776100 924
1776110 922
1776120 920
1776130 917
1776140 915
1776150 913
1776160 910
1776170 907
1776180 903
1776190 900
1776200 897
1776210 894
1776220 891
1776230 888
1776240 884
1776250 882
1776260 879
1776270 876
1776280 873
1776290 870
1776300 867
1776310 864
1776320 861
1776330 856
1776340 854
1776350 854
1776360 855
1776370 857
1776380 860
1776390 863
1776400 867
1776410 870
1776420 873
1776430 876
1776440 878
1776450 879
1776460 881
1776470 882
1776480 883
1776490 885
1776500 887
1776510 888
1776520 890
1776530 891
1776540 893
1776550 894
1776560 895
1776570 896
1776580 897
1776590 898
1776600 898
1776610 898
1776620 898
1776630 897
1776640 895
1776650 893
1776660 891
1776670 890
1776680 888
1776690 886
1776700 883
1776710 881
1776720 879
1776730 876
1776740 875
1776750 873
1776760 872
1776770 871
1776780 870
1776790 869
1776800 867
1776810 866
1776820 864
1776830 863
1776840 861
1776850 859
1776860 857
1776870 855
1776880 852
1776890 850
1776900 846
1776910 842
1776920 839
1776930 836
1776940 834
1776950 832
1776960 832
1776970 833
1776980 834
1776990 836
1777000 838
1777010 840
1777020 841
1777030 843
1777040 844
1777050 846
1777060 847
1777070 848
1777080 851
1777090 853
1777100 856
1777110 858
1777120 860
1777130 862
1777140 864
1777150 866
1777160 868
1777170 869
1777180 871
1777190 872
1777200 872
1777210 873
1777220 874
1777230 874
1777240 875
1777250 875
1777260 876
1777270 876
1777280 876
1777290 877
1777300 877
1777310 877
1777320 877
1777330 877
1777340 876
1777350 876
1777360 875
1777370 875
1777380 874
1777390 874
1777400 874
1777410 874
1777420 874
1777430 874
1777440 874
1777450 874
1777460 873
1777470 873
1777480 874
1777490 874
1777500 874
1777510 874
1777520 875
1777530 876
1777540 877
1777550 877
1777560 877
1777570 878
1777580 879
1777590 880
1777600 880
1777610 879
1777620 879
1777630 880
1777640 879
1777650 879
1777660 879
1777670 879
1777680 880
1777690 881
1777700 882
1777710 883
1777720 883
1777730 884
1777740 884
1777750 884
1777760 883
1777770 883
1777780 883
1777790 883
1777800 884
1777810 884
1777820 884
1777830 884
1777840 883
1777850 883
1777860 882
1777870 881
1777880 880
1777890 878
1777900 877
1777910 875
1777920 873
1777930 871
1777940 870
1777950 868
1777960 867
1777970 866
1777980 865
1777990 864
1778000 863
1778010 862
1778020 861
1778030 860
1778040 860
1778050 859
1778060 857
1778070 856
1778080 854
1778090 853
1778100 852
1778110 850
1778120 849
1778130 849
1778140 847
1778150 846
1778160 845
1778170 844
1778180 843
1778190 842
1778200 842
1778210 841
1778220 840
1778230 840
1778240 839
1778250 838
1778260 838
1778270 837
1778280 836
1778290 834
1778300 833
1778310 832
1778320 831
1778330 829
1778340 828
1778350 827
1778360 825
1778370 824
1778380 822
1778390 821
1778400 820
1778410 819
1778420 818
1778430 816
1778440 814
1778450 813
1778460 811
1778470 810
1778480 809
1778490 807
1778500 805
1778510 803
1778520 801
1778530 800
1778540 798
1778550 796
1778560 795
1778570 793
1778580 791
1778590 789
1778600 787
1778610 785
1778620 783
1778630 781
1778640 779
1778650 777
1778660 775
1778670 774
1778680 772
1778690 770
1778700 768
1778710 766
1778720 764
1778730 762
1778740 760
1778750 757
1778760 755
1778770 753
1778780 750
1778790 748
1778800 745
1778810 743
1778820 740
1778830 739
1778840 738
1778850 737
1778860 738
1778870 737
1778880 737
1778890 737
1778900 736
1778910 735
1778920 735
1778930 734
1778940 734
1778950 734
1778960 734
1778970 733
1778980 733
1778990 732
1779000 732
1779010 731
1779020 730
1779030 729
1779040 728
1779050 728
1779060 727
1779070 727
1779080 726
1779090 725
1779100 725
1779110 725
1779120 724
1779130 723
1779140 722
1779150 721
1779160 720
1779170 719
1779180 719
1779190 718
1779200 717
1779210 717
1779220 716
1779230 715
1779240 714
1779250 713
1779260 713
1779270 712
1779280 711
1779290 711
1779300 710
1779310 709
1779320 708
1779330 708
1779340 707
1779350 706
1779360 706
1779370 705
1779380 705
1779390 704
1779400 704
1779410 703
1779420 703
1779430 702
1779440 702
1779450 701
1779460 700
1779470 700
1779480 699
1779490 697
1779500 695
1779510 694
1779520 693
1779530 693
1779540 692
1779550 690
1779560 689
1779570 687
1779580 685
1779590 683
1779600 680
1779610 678
1779620 676
1779630 675
1779640 673
1779650 672
1779660 671
1779670 671
1779680 671
1779690 671
1779700 670
1779710 670
1779720 669
1779730 669
1779740 669
1779750 669
1779760 669
1779770 669
1779780 668
1779790 668
1779800 667
1779810 666
1779820 665
1779830 665
1779840 664
1779850 663
1779860 662
1779870 661
1779880 660
1779890 658
1779900 656
1779910 655
1779920 655
1779930 655
1779940 656
1779950 657
1779960 659
1779970 660
1779980 662
1779990 664
