1760000 1104
1760010 1104
1760020 1100
1760030 1097
1760040 1097
1760050 1091
1760060 1085
1760070 1085
1760080 1081
1760090 1085
1760100 1085
1760110 1090
1760120 1095
1760130 1100
1760140 1100
1760150 1105
1760160 1110
1760170 1110
1760180 1114
1760190 1118
1760200 1118
1760210 1122
1760220 1126
1760230 1126
1760240 1129
1760250 1133
1760260 1133
1760270 1134
1760280 1133
1760290 1133
1760300 1130
1760310 1126
1760320 1126
1760330 1121
1760340 1116
1760350 1116
1760360 1111
1760370 1108
1760380 1108
1760390 1105
1760400 1106
1760410 1106
1760420 1105
1760430 1106
1760440 1106
1760450 1106
1760460 1105
1760470 1105
1760480 1103
1760490 1100
1760500 1100
1760510 1096
1760520 1092
1760530 1087
1760540 1087
1760550 1081
1760560 1075
1760570 1075
1760580 1070
1760590 1065
1760600 1065
1760610 1059
1760620 1053
1760630 1053
1760640 1048
1760650 1044
1760660 1044
1760670 1048
1760680 1050
1760690 1050
1760700 1053
1760710 1057
1760720 1057
1760730 1062
1760740 1066
1760750 1066
1760760 1071
1760770 1075
1760780 1075
1760790 1077
1760800 1079
1760810 1079
1760820 1078
1760830 1078
1760840 1078
1760850 1076
1760860 1074
1760870 1074
1760880 1072
1760890 1069
1760900 1069
1760910 1067
1760920 1065
1760930 1062
1760940 1062
1760950 1060
1760960 1057
1760970 1057
1760980 1054
1760990 1051
1761000 1051
1761010 1047
1761020 1043
1761030 1043
1761040 1039
1761050 1036
1761060 1036
1761070 1031
1761080 1028
1761090 1028
1761100 1024
1761110 1021
1761120 1021
1761130 1018
1761140 1015
1761150 1015
1761160 1010
1761170 1006
1761180 1006
1761190 1001
1761200 996
1761210 996
1761220 992
1761230 981
1761240 981
1761250 975
1761260 970
1761270 970
1761280 965
1761290 961
1761300 961
1761310 957
1761320 953
1761330 949
1761340 949
1761350 946
1761360 942
1761370 942
1761380 940
1761390 937
1761400 937
1761410 938
1761420 937
1761430 937
1761440 935
1761450 934
1761460 934
1761470 932
1761480 931
1761490 931
1761500 928
1761510 925
1761520 925
1761530 924
1761540 923
1761550 923
1761560 924
1761570 924
1761580 924
1761590 924
1761600 925
1761610 925
1761620 926
1761630 928
1761640 928
1761650 929
1761660 931
1761670 931
1761680 933
1761690 937
1761700 937
1761710 941
1761720 945
1761730 951
1761740 951
1761750 956
1761760 962
1761770 962
1761780 968
1761790 973
1761800 973
1761810 978
1761820 983
1761830 983
1761840 988
1761850 990
1761860 990
1761870 994
1761880 996
1761890 996
1761900 995
1761910 995
1761920 995
1761930 1001
1761940 1007
1761950 1007
1761960 1014
1761970 1021
1761980 1021
1761990 1027
1762000 1034
1762010 1034
1762020 1040
1762030 1046
1762040 1046
1762050 1052
1762060 1057
1762070 1057
1762080 1063
1762090 1068
1762100 1068
1762110 1072
1762120 1073
1762130 1072
1762140 1072
1762150 1070
1762160 1069
1762170 1069
1762180 1067
1762190 1066
1762200 1066
1762210 1065
1762220 1065
1762230 1065
1762240 1064
1762250 1064
1762260 1064
1762270 1063
1762280 1063
1762290 1063
1762300 1062
1762310 1060
1762320 1060
1762330 1057
1762340 1057
1762350 1057
1762360 1064
1762370 1067
1762380 1067
1762390 1069
1762400 1072
1762410 1072
1762420 1074
1762430 1076
1762440 1076
1762450 1077
1762460 1079
1762470 1079
1762480 1082
1762490 1088
1762500 1088
1762510 1097
1762520 1103
1762530 1109
1762540 1109
1762550 1117
1762560 1123
1762570 1123
1762580 1129
1762590 1136
1762600 1136
1762610 1143
1762620 1146
1762630 1146
1762640 1152
1762650 1159
1762660 1159
1762670 1165
1762680 1171
1762690 1171
1762700 1177
1762710 1183
1762720 1183
1762730 1189
1762740 1194
1762750 1194
1762760 1199
1762770 1205
1762780 1205
1762790 1209
1762800 1215
1762810 1215
1762820 1220
1762830 1225
1762840 1225
1762850 1229
1762860 1232
1762870 1232
1762880 1232
1762890 1232
1762900 1232
1762910 1233
1762920 1235
1762930 1237
1762940 1237
1762950 1239
1762960 1241
1762970 1241
1762980 1243
1762990 1245
1763000 1245
1763010 1247
1763020 1248
1763030 1248
1763040 1248
1763050 1248
1763060 1248
1763070 1251
1763080 1255
1763090 1255
1763100 1259
1763110 1265
1763120 1265
1763130 1270
1763140 1276
1763150 1276
1763160 1281
1763170 1287
1763180 1287
1763190 1292
1763200 1298
1763210 1298
1763220 1303
1763230 1308
1763240 1308
1763250 1312
1763260 1315
1763270 1315
1763280 1317
1763290 1318
1763300 1318
1763310 1318
1763320 1317
1763330 1316
1763340 1316
1763350 1314
1763360 1312
1763370 1312
1763380 1310
1763390 1308
1763400 1308
1763410 1307
1763420 1306
1763430 1306
1763440 1306
1763450 1305
1763460 1305
1763470 1305
1763480 1305
1763490 1305
1763500 1305
1763510 1305
1763520 1305
1763530 1306
1763540 1307
1763550 1307
1763560 1307
1763570 1308
1763580 1308
1763590 1308
1763600 1309
1763610 1309
1763620 1310
1763630 1311
1763640 1311
1763650 1312
1763660 1312
1763670 1312
1763680 1314
1763690 1316
1763700 1316
1763710 1317
1763720 1318
1763730 1320
1763740 1320
1763750 1322
1763760 1323
1763770 1323
1763780 1326
1763790 1332
1763800 1332
1763810 1338
1763820 1344
1763830 1344
1763840 1348
1763850 1352
1763860 1352
1763870 1357
1763880 1361
1763890 1361
1763900 1365
1763910 1370
1763920 1370
1763930 1374
1763940 1377
1763950 1377
1763960 1381
1763970 1385
1763980 1385
1763990 1386
1764000 1388
1764010 1388
1764020 1391
1764030 1393
1764040 1393
1764050 1396
1764060 1397
1764070 1397
1764080 1399
1764090 1401
1764100 1401
1764110 1402
1764120 1403
1764130 1405
1764140 1405
1764150 1406
1764160 1408
1764170 1408
1764180 1409
1764190 1411
1764200 1411
1764210 1413
1764220 1415
1764230 1415
1764240 1418
1764250 1420
1764260 1420
1764270 1423
1764280 1425
1764290 1425
1764300 1428
1764310 1431
1764320 1431
1764330 1434
1764340 1437
1764350 1437
1764360 1439
1764370 1441
1764380 1441
1764390 1444
1764400 1445
1764410 1445
1764420 1445
1764430 1444
1764440 1444
1764450 1443
1764460 1442
1764470 1442
1764480 1441
1764490 1440
1764500 1440
1764510 1438
1764520 1437
1764530 1435
1764540 1435
1764550 1434
1764560 1433
1764570 1433
1764580 1431
1764590 1429
1764600 1429
1764610 1427
1764620 1425
1764630 1425
1764640 1423
1764650 1420
1764660 1420
1764670 1417
1764680 1415
1764690 1415
1764700 1412
1764710 1409
1764720 1409
1764730 1407
1764740 1404
1764750 1404
1764760 1401
1764770 1399
1764780 1399
1764790 1396
1764800 1393
1764810 1393
1764820 1391
1764830 1389
1764840 1389
1764850 1389
1764860 1387
1764870 1387
1764880 1386
1764890 1385
1764900 1385
1764910 1385
1764920 1384
1764930 1382
1764940 1382
1764950 1381
1764960 1380
1764970 1380
1764980 1379
1764990 1379
1765000 1379
1765010 1378
1765020 1378
1765030 1378
1765040 1377
1765050 1377
1765060 1377
1765070 1376
1765080 1376
1765090 1376
1765100 1376
1765110 1376
1765120 1376
1765130 1376
1765140 1377
1765150 1377
1765160 1378
1765170 1378
1765180 1378
1765190 1378
1765200 1379
1765210 1379
1765220 1380
1765230 1381
1765240 1381
1765250 1382
1765260 1383
1765270 1383
1765280 1384
1765290 1385
1765300 1385
1765310 1386
1765320 1387
1765330 1389
1765340 1389
1765350 1390
1765360 1390
1765370 1390
1765380 1392
1765390 1394
1765400 1394
1765410 1395
1765420 1396
1765430 1396
1765440 1396
1765450 1398
1765460 1398
1765470 1400
1765480 1403
1765490 1403
1765500 1406
1765510 1410
1765520 1410
1765530 1412
1765540 1412
1765550 1412
1765560 1410
1765570 1399
1765580 1399
1765590 1386
1765600 1370
1765610 1370
1765620 1356
1765630 1345
1765640 1345
1765650 1337
1765660 1330
1765670 1330
1765680 1322
1765690 1315
1765700 1315
1765710 1310
1765720 1307
1765730 1305
1765740 1305
1765750 1301
1765760 1297
1765770 1297
1765780 1294
1765790 1291
1765800 1291
1765810 1288
1765820 1287
1765830 1287
1765840 1285
1765850 1282
1765860 1282
1765870 1280
1765880 1276
1765890 1276
1765900 1271
1765910 1264
1765920 1264
1765930 1257
1765940 1253
1765950 1253
1765960 1251
1765970 1249
1765980 1249
1765990 1248
1766000 1246
1766010 1246
1766020 1244
1766030 1242
1766040 1242
1766050 1237
1766060 1232
1766070 1232
1766080 1230
1766090 1229
1766100 1229
1766110 1226
1766120 1224
1766130 1222
1766140 1222
1766150 1220
1766160 1218
1766170 1218
1766180 1214
1766190 1206
1766200 1206
1766210 1203
1766220 1197
1766230 1197
1766240 1192
1766250 1191
1766260 1191
1766270 1191
1763520 1302
1763530 1303
1763540 1303
1763550 1303
1763560 1304
1763570 1304
1763580 1305
1763590 1305
1763600 1305
1763610 1306
1763620 1306
1763630 1307
1763640 1307
1763650 1308
1763660 1308
1763670 1309
1763680 1311
1763690 1312
1763700 1313
1763710 1313
1763720 1314
1763730 1316
1763740 1317
1763750 1318
1763760 1320
1763770 1322
1763780 1324
1763790 1327
1763800 1331
1763810 1335
1763820 1338
1763830 1341
1763840 1345
1763850 1348
1763860 1351
1763870 1354
1763880 1357
1763890 1360
1763900 1363
1763910 1366
1763920 1369
1763930 1372
1763940 1374
1763950 1377
1763960 1379
1763970 1381
1763980 1384
1763990 1386
1764000 1387
1764010 1389
1764020 1390
1764030 1392
1764040 1393
1764050 1395
1764060 1397
1764070 1398
1764080 1399
1764090 1400
1764100 1401
1764110 1402
1764120 1403
1764130 1404
1764140 1405
1764150 1406
1764160 1407
1764170 1408
1764180 1409
1764190 1409
1764200 1411
1764210 1412
1764220 1413
1764230 1415
1764240 1417
1764250 1418
1764260 1420
1764270 1422
1764280 1424
1764290 1426
1764300 1427
1764310 1429
1764320 1431
1764330 1433
1764340 1435
1764350 1436
1764360 1438
1764370 1440
1764380 1441
1765670 1329
1765680 1324
1765690 1319
1765700 1315
1765710 1312
1765720 1309
1765730 1307
1765740 1305
1765750 1303
1765760 1300
1765770 1298
1765780 1296
1765790 1294
1765800 1291
1765810 1290
1765820 1288
1765830 1287
1765840 1286
1765850 1284
1765860 1283
1765870 1281
1765880 1279
1765890 1276
1765900 1272
1765910 1269
1765920 1264
1765930 1259
1765940 1255
1765950 1253
1765960 1251
1765970 1249
1765980 1248
1765990 1247
1766000 1246
1766010 1245
1766020 1244
1766030 1242
1766040 1240
1766050 1237
1766060 1234
1766070 1231
1766080 1230
1766090 1228
1766100 1227
1766110 1225
1766120 1224
1766130 1222
1766140 1221
1766150 1219
1766160 1218
1766170 1216
1766180 1214
1766190 1211
1766200 1207
1766210 1203
1766220 1201
1766230 1197
1766240 1194
1766250 1192
1766260 1190
1766270 1190
1766280 1190
1766290 1191
1766300 1191
1766310 1190
1766320 1188
1766330 1186
1766340 1184
1766350 1182
1766360 1180
1766370 1179
1766380 1178
1766390 1178
1766400 1177
1766410 1176
1766420 1176
1766430 1175
1766440 1175
1766450 1175
1766460 1177
1766470 1179
1766480 1181
1766490 1184
1766500 1186
1766510 1187
1766520 1187
1766530 1188
1766540 1187
1766550 1187
1766560 1185
1766570 1184
1766580 1182
1766590 1181
1766600 1179
1766610 1178
1766620 1177
1766630 1176
1766640 1175
1766650 1174
1766660 1174
1766670 1175
1766680 1176
1766690 1177
1766700 1178
1766710 1179
1766720 1181
1766730 1183
1766740 1185
1766750 1187
1766760 1190
1766770 1193
1766780 1196
1766790 1198
1766800 1200
1766810 1203
1766820 1206
1766830 1208
1766840 1211
1766850 1214
1766860 1217
1766870 1220
1766880 1223
1766890 1226
1766900 1227
1766910 1228
1766920 1228
1766930 1228
1766940 1229
1766950 1229
1766960 1230
1766970 1232
1766980 1234
1766990 1236
1767000 1237
1767010 1238
1767020 1239
1767030 1238
1767040 1238
1767050 1238
1767060 1238
1767070 1238
1767080 1238
1767090 1239
1767100 1240
1767110 1241
1767120 1241
1767130 1242
1767140 1243
1767150 1244
1767160 1243
1767170 1242
1767180 1241
1767190 1238
1767200 1235
1767210 1232
1767220 1228
1767230 1225
1767240 1222
1767250 1219
1767260 1216
1767270 1213
1767280 1212
1767290 1210
1767300 1209
1767310 1208
1767320 1207
1767330 1206
1767340 1206
1767350 1205
1767360 1205
1767370 1204
1767380 1204
1767390 1203
1767400 1203
1767410 1202
1767420 1202
1767430 1201
1767440 1201
1767450 1201
1767460 1201
1767470 1202
1767480 1204
1767490 1206
1767500 1209
1767510 1213
1767520 1214
1767530 1215
1767540 1215
1767550 1215
1767560 1215
1767570 1215
1767580 1215
1767590 1215
1767600 1216
1767610 1216
1767620 1217
1767630 1217
1767640 1218
1767650 1219
1767660 1219
1767670 1219
1767680 1219
1767690 1218
1767700 1218
1767710 1217
1767720 1217
1767730 1216
1767740 1216
1767750 1216
1767760 1216
1767770 1216
1767780 1217
1767790 1217
1767800 1216
1767810 1215
1767820 1214
1767830 1213
1767840 1211
1767850 1209
1767860 1207
1767870 1205
1767880 1204
1767890 1202
1767900 1201
1767910 1201
1767920 1200
1767930 1198
1767940 1197
1767950 1195
1767960 1194
1767970 1193
1767980 1191
1767990 1190
1768000 1189
1768010 1187
1768020 1186
1768030 1185
1768040 1184
1768050 1182
1768060 1181
1768070 1179
1768080 1178
1768090 1176
1768100 1174
1768110 1173
1768120 1171
1768130 1169
1768140 1167
1768150 1166
1768160 1164
1768170 1162
1768180 1161
1768190 1159
1768200 1157
1768210 1155
1768220 1153
1768230 1151
1768240 1150
1768250 1148
1768260 1146
1768270 1144
1768280 1143
1768290 1141
1768300 1139
1768310 1137
1768320 1135
1768330 1133
1768340 1131
1768350 1129
1768360 1127
1768370 1125
1768380 1123
1768390 1122
1768400 1120
1768410 1119
1768420 1117
1768430 1115
1768440 1114
1768450 1112
1768460 1110
1768470 1108
1768480 1107
1768490 1105
1768500 1103
1768510 1101
1768520 1099
1768530 1097
1768540 1095
1768550 1093
1768560 1090
1768570 1089
1768580 1087
1768590 1085
1768600 1082
1768610 1080
1768620 1077
1768630 1075
1768640 1073
1768650 1071
1768660 1068
1768670 1065
1768680 1062
1768690 1060
1768700 1058
1768710 1055
1768720 1052
1768730 1049
1768740 1046
1768750 1043
1768760 1040
1768770 1036
1768780 1033
1768790 1029
1768800 1025
1768810 1022
1768820 1018
1768830 1015
1768840 1012
1768850 1009
1768860 1006
1768870 1004
1768880 1001
1768890 998
1768900 996
1768910 993
1768920 990
1768930 987
1768940 985
1768950 982
1768960 980
1768970 977
1768980 975
1768990 973
1769000 971
1769010 970
1769020 968
1769030 967
1769040 966
1769050 964
1769060 964
1769070 963
1769080 962
1769090 960
1769100 959
1769110 957
1769120 955
1769130 953
1769140 951
1769150 949
1769160 947
1769170 945
1769180 944
1769190 942
1769200 940
1769210 938
1769220 937
1769230 936
1769240 934
1769250 932
1769260 931
1769270 929
1769280 927
1769290 925
1769300 923
1769310 921
1769320 918
1769330 916
1769340 912
1769350 909
1769360 905
1769370 902
1769380 901
1769390 900
1769400 901
1769410 902
1769420 901
1769430 900
1769440 900
1769450 899
1769460 898
1769470 898
1769480 897
1769490 897
1769500 896
1769510 896
1769520 896
1769530 895
1769540 895
1769550 895
1769560 895
1769570 895
1769580 895
1769590 895
1769600 896
1769610 895
1769620 895
1769630 895
1769640 895
1769650 895
1769660 895
1769670 896
1769680 896
1769690 896
1769700 896
1769710 896
1769720 896
1769730 896
1769740 895
1769750 895
1769760 895
1769770 893
1769780 892
1769790 892
1769800 892
1769810 892
1769820 891
1769830 891
1769840 890
1769850 889
1769860 888
1769870 887
1769880 886
1769890 885
1769900 885
1769910 884
1769920 883
1769930 883
1769940 882
1769950 881
1769960 880
1769970 879
1769980 877
1769990 876
1770000 874
1770010 873
1770020 872
1770030 870
1770040 869
1770050 868
1770060 868
1770070 867
1770080 865
1770090 864
1770100 863
1770110 863
1770120 862
1770130 861
1770140 860
1770150 859
1770160 857
1770170 855
1770180 853
1770190 850
1770200 847
1770210 844
1770220 842
1770230 841
1770240 840
1770250 839
1770260 838
1770270 837
1770280 836
1770290 836
1770300 835
1770310 834
1770320 833
1770330 833
1770340 832
1770350 831
1770360 831
1770370 830
1770380 828
1770390 826
1770400 825
1770410 823
1770420 822
1770430 821
1770440 820
1770450 819
1770460 817
1770470 818
1770480 818
1770490 820
1770500 823
1770510 827
1770520 830
1770530 832
1770540 835
1770550 838
1770560 841
1770570 844
1770580 848
1770590 850
1770600 853
1770610 854
1770620 853
1770630 852
1770640 851
1770650 849
1770660 846
1770670 843
1770680 841
1770690 839
1770700 837
1770710 835
1770720 833
1770730 830
1770740 827
1770750 825
1770760 822
1770770 820
1770780 819
1770790 819
1770800 818
1770810 818
1770820 817
1770830 818
1770840 818
1770850 818
1770860 819
1770870 819
1770880 819
1770890 820
1770900 821
1770910 823
1770920 824
1770930 824
1770940 825
1770950 826
1770960 828
1770970 830
1770980 833
1770990 835
1771000 837
1771010 839
1771020 841
1771030 842
1771040 842
1771050 842
1771060 842
1771070 843
1771080 843
1771090 843
1771100 843
1771110 843
1771120 843
1771130 842
1771140 842
1771150 841
1771160 840
1771170 840
1771180 839
1771190 838
1771200 838
1771210 838
1771220 839
1771230 840
1771240 841
1771250 841
1771260 842
1771270 843
1771280 844
1771290 846
1771300 847
1771310 850
1771320 852
1771330 854
1771340 856
1771350 859
1771360 862
1771370 864
1771380 867
1771390 870
1771400 872
1771410 875
1771420 877
1771430 880
1771440 883
1771450 886
1771460 889
1771470 893
1771480 896
1771490 898
1771500 900
1771510 901
1771520 902
1771530 904
1771540 907
1771550 910
1771560 913
1771570 916
1771580 918
1771590 920
1771600 923
1771610 926
1771620 929
1771630 932
1771640 935
1771650 938
1771660 942
1771670 946
1771680 951
1771690 958
1771700 963
1771710 968
1771720 972
1771730 976
1771740 980
1771750 982
1771760 984
1771770 986
1771780 989
1771790 993
1771800 997
1771810 1001
1771820 1002
1771830 1002
1771840 1001
1771850 1000
1771860 1000
1771870 1000
1771880 1000
1771890 1000
1771900 1000
1771910 998
1771920 997
1771930 995
1771940 993
1771950 991
1771960 988
1771970 986
1771980 984
1771990 982
1772000 979
1772010 977
1772020 975
1772030 972
1772040 969
1772050 966
1772060 963
1772070 960
1772080 957
1772090 955
1772100 952
1772110 951
1772120 949
1772130 947
1772140 946
1772150 944
1772160 942
1772170 941
1772180 939
1772190 937
1772200 935
1772210 933
1772220 930
1772230 927
1772240 924
1772250 921
1772260 917
1772270 913
1772280 909
1772290 905
1772300 901
1772310 897
1772320 892
1772330 888
1772340 883
1772350 878
1772360 873
1772370 869
1772380 864
1772390 859
1772400 855
1772410 851
1772420 849
1772430 847
1772440 848
1772450 849
1772460 850
1772470 851
1772480 851
1772490 852
1772500 851
1772510 849
1772520 847
1772530 845
1772540 842
1772550 839
1772560 836
1772570 832
1772580 828
1772590 824
1772600 820
1772610 816
1772620 813
1772630 811
1772640 810
1772650 808
1772660 806
1772670 804
1772680 803
1772690 803
1772700 802
1772710 801
1772720 797
1772730 793
1772740 789
1772750 785
1772760 781
1772770 778
1772780 775
1772790 773
1772800 770
1772810 767
1772820 764
1772830 761
1772840 758
1772850 756
1772860 753
1772870 750
1772880 748
1772890 746
1772900 744
1772910 742
1772920 739
1772930 737
1772940 735
1772950 733
1772960 730
1772970 727
1772980 724
1772990 722
1773000 719
1773010 717
1773020 714
1773030 711
1773040 708
1773050 705
1773060 702
1773070 699
1773080 697
1773090 695
1773100 693
1773110 692
1773120 690
1773130 688
1773140 687
1773150 685
1773160 684
1773170 683
1773180 682
1773190 681
1773200 680
1773210 679
1773220 677
1773230 675
1773240 674
1773250 672
1773260 671
1773270 669
1773280 667
1773290 666
1773300 664
1773310 661
1773320 659
1773330 658
1773340 658
1773350 657
1773360 657
1773370 657
1773380 657
1773390 657
1773400 657
1773410 656
1773420 656
1773430 656
1773440 656
1773450 655
1773460 655
1773470 655
1773480 653
1773490 654
1773500 654
1773510 654
1773520 656
1773530 657
1773540 658
1773550 658
1773560 658
1773570 658
1773580 658
1773590 658
1773600 658
1773610 659
1773620 659
1773630 659
1773640 659
1773650 658
1773660 658
1773670 658
1773680 658
1773690 658
1773700 659
1773710 659
1773720 660
1773730 661
1773740 662
1773750 663
1773760 664
1773770 665
1773780 665
1773790 665
1773800 665
1773810 666
1773820 666
1773830 666
1773840 666
1773850 667
1773860 667
1773870 668
1773880 668
1773890 669
1773900 669
1773910 670
1773920 671
1773930 671
1773940 672
1773950 673
1773960 674
1773970 675
1773980 677
1773990 679
1774000 679
1774010 680
1774020 681
1774030 681
1774040 682
1774050 682
1774060 683
1774070 684
1774080 684
1774090 685
1774100 686
1774110 686
1774120 686
1774130 687
1774140 687
1774150 688
1774160 688
1774170 688
1774180 689
1774190 689
1774200 689
1774210 689
1774220 690
1774230 690
1774240 690
1774250 690
1774260 691
1774270 692
1774280 692
1774290 693
1774300 694
1774310 694
1774320 695
1774330 696
1774340 697
1774350 698
1774360 699
1774370 699
1774380 700
1774390 701
1774400 702
1774410 702
1774420 703
1774430 703
1774440 702
1774450 702
1774460 702
1774470 702
1774480 703
1774490 703
1774500 703
1774510 703
1774520 703
1774530 703
1774540 704
1774550 704
1774560 704
1774570 704
1774580 704
1774590 704
1774600 704
1774610 705
1774620 705
1774630 706
1774640 706
1774650 706
1774660 706
1774670 707
1774680 707
1774690 707
1774700 708
1774710 708
1774720 708
1774730 709
1774740 708
1774750 708
1774760 708
1774770 708
1774780 708
1774790 708
1774800 708
1774810 708
1774820 708
1774830 708
1774840 708
1774850 708
1774860 708
1774870 708
1774880 708
1774890 708
1774900 708
1774910 708
1774920 708
1774930 707
1774940 706
1774950 705
1774960 704
1774970 703
1774980 702
1774990 702
1775000 701
1775010 700
1775020 698
1775030 697
1775040 696
1775050 695
1775060 695
1775070 695
1775080 694
1775090 693
1775100 692
1775110 691
1775120 691
1775130 690
1775140 689
1775150 688
1775160 687
1775170 686
1775180 685
1775190 684
1775200 682
1775210 680
1775220 679
1775230 677
1775240 675
1775250 674
1775260 672
1775270 671
1775280 669
1775290 666
1775300 662
1775310 660
1775320 659
1775330 660
1775340 661
1775350 662
1775360 663
1775370 665
1775380 666
1775390 667
1775400 667
1775410 668
1775420 669
1775430 671
1775440 671
1775450 672
1775460 672
1775470 673
1775480 673
1775490 674
1775500 675
1775510 675
1775520 675
1775530 675
1775540 675
1775550 674
1775560 674
1775570 674
1775580 674
1775590 674
1775600 673
1775610 673
1775620 672
1775630 671
1775640 670
1775650 669
1775660 668
1775670 668
1775680 667
1775690 667
1775700 666
1775710 666
1775720 665
1775730 665
1775740 665
1775750 664
1775760 664
1775770 663
1775780 663
1775790 662
1775800 661
1775810 660
1775820 659
1775830 658
1775840 657
1775850 656
1775860 655
1775870 654
1775880 653
1775890 652
1775900 651
1775910 650
1775920 649
1775930 648
1775940 646
1775950 645
1775960 644
1775970 642
1775980 641
1775990 640
1776000 639
1776010 637
1776020 636
1776030 636
1776040 635
1776050 633
1776060 632
1776070 631
1776080 630
1776090 629
1776100 628
1776110 627
1776120 626
1776130 625
1776140 624
1776150 623
1776160 623
1776170 622
1776180 622
1776190 622
1776200 622
1776210 621
1776220 621
1776230 620
1776240 620
1776250 619
1776260 618
1776270 618
1776280 617
1776290 616
1776300 615
1776310 615
1776320 615
1776330 615
1776340 615
1776350 614
1776360 614
1776370 613
1776380 613
1776390 613
1776400 612
1776410 612
1776420 611
1776430 611
1776440 611
1776450 611
1776460 610
1776470 609
1776480 609
1776490 610
1776500 610
1776510 610
1776520 611
1776530 611
1776540 611
1776550 611
1776560 610
1776570 610
1776580 609
1776590 609
1776600 608
1776610 606
1776620 605
1776630 604
1776640 603
1776650 603
1776660 603
1776670 603
1776680 602
1776690 602
1776700 602
1776710 601
1776720 601
1776730 602
1776740 602
1776750 602
1776760 602
1776770 601
1776780 601
1776790 601
1776800 601
1776810 601
1776820 601
1776830 601
1776840 601
1776850 601
1776860 601
1776870 601
1776880 600
1776890 600
1776900 600
1776910 600
1776920 600
1776930 600
1776940 600
1776950 599
1776960 599
1776970 599
1776980 599
1776990 598
1777000 598
1777010 598
1777020 598
1777030 598
1777040 598
1777050 598
1777060 598
1777070 598
1777080 598
1777090 597
1777100 597
1777110 597
1777120 597
1777130 597
1777140 597
1777150 597
1777160 597
1777170 596
1777180 596
1777190 596
1777200 596
1777210 596
1777220 596
1777230 596
1777240 595
1777250 595
1777260 595
1777270 595
1777280 595
1777290 595
1777300 595
1777310 595
1777320 594
1777330 594
1777340 594
1777350 594
1777360 594
1777370 594
1777380 595
1777390 595
1777400 595
1777410 595
1777420 595
1777430 596
1777440 596
1777450 596
1777460 597
1777470 597
1777480 597
1777490 597
1777500 597
1777510 597
1777520 597
1777530 597
1777540 597
1777550 597
1777560 598
1777570 598
1777580 599
1777590 600
1777600 601
1777610 603
1777620 605
1777630 607
1777640 609
1777650 611
1777660 612
1777670 614
1777680 615
1777690 617
1777700 619
1777710 621
1777720 623
1777730 625
1777740 627
1777750 628
1777760 629
1777770 630
1777780 632
1777790 633
1777800 634
1777810 635
1777820 637
1777830 638
1777840 640
1777850 641
1777860 642
1777870 644
1777880 645
1777890 647
1777900 648
1777910 649
1777920 651
1777930 652
1777940 654
1777950 656
1777960 657
1777970 659
1777980 660
1777990 661
1778000 663
1778010 664
1778020 666
1778030 667
1778040 669
1778050 670
1778060 672
1778070 673
1778080 674
1778090 676
1778100 677
1778110 678
1778120 679
1778130 680
1778140 680
1778150 681
1778160 681
1778170 682
1778180 682
1778190 682
1778200 683
1778210 683
1778220 683
1778230 684
1778240 685
1778250 686
1778260 686
1778270 688
1778280 689
1778290 690
1778300 691
1778310 693
1778320 695
1778330 697
1778340 699
1778350 700
1778360 701
1778370 702
1778380 703
1778390 703
1778400 704
1778410 705
1778420 705
1778430 706
1778440 706
1778450 706
1778460 707
1778470 707
1778480 707
1778490 708
1778500 708
1778510 709
1778520 710
1778530 711
1778540 712
1778550 714
1778560 715
1778570 716
1778580 717
1778590 718
1778600 719
1778610 720
1778620 721
1778630 721
1778640 722
1778650 723
1778660 723
1778670 724
1778680 723
1778690 721
1778700 718
1778710 714
1778720 711
1778730 707
1778740 703
1778750 699
1778760 695
1778770 692
1778780 690
1778790 687
1778800 684
1778810 681
1778820 678
1778830 675
1778840 672
1778850 670
1778860 667
1778870 665
1778880 662
1778890 660
1778900 658
1778910 655
1778920 652
1778930 650
1778940 647
1778950 643
1778960 640
1778970 638
1778980 635
1778990 633
1779000 630
1779010 628
1779020 625
1779030 623
1779040 621
1779050 620
1779060 619
1779070 618
1779080 618
1779090 617
1779100 616
1779110 616
1779120 617
1779130 618
1779140 620
1779150 622
1779160 625
1779170 627
1779180 630
1779190 633
1779200 635
1779210 638
1779220 641
1779230 644
1779240 647
1779250 650
1779260 652
1779270 655
1779280 658
1779290 661
1779300 664
1779310 666
1779320 668
1779330 668
1779340 668
1779350 668
1779360 667
1779370 667
1779380 666
1779390 665
1779400 665
1779410 664
1779420 664
1779430 663
1779440 662
1779450 661
1779460 659
1779470 657
1779480 655
1779490 653
1779500 652
1779510 649
1779520 649
1779530 649
1779540 652
1779550 654
1779560 657
1779570 660
1779580 663
1779590 666
1779600 669
1779610 672
1779620 675
1779630 678
1779640 681
1779650 684
1779660 687
1779670 690
1779680 692
1779690 695
1779700 697
1779710 700
1779720 702
1779730 704
1779740 706
1779750 708
1779760 710
1779770 713
1779780 717
1779790 721
1779800 725
1779810 729
1779820 734
1779830 737
1779840 741
1779850 745
1779860 749
1779870 753
1779880 756
1779890 760
1779900 764
1779910 767
1779920 771
1779930 774
1779940 776
1779950 778
1779960 780
1779970 782
1779980 784
1779990 786
