1760000 899
1760010 899
1760020 899
1760030 898
1760040 898
1760050 897
1760060 897
1760070 897
1760080 896
1760090 895
1760100 895
1760110 895
1760120 895
1760130 894
1760140 894
1760150 894
1760160 894
1760170 894
1760180 894
1760190 892
1760200 892
1760210 893
1760220 891
1760230 891
1760240 889
1760250 884
1760260 884
1760270 887
1760280 891
1760290 891
1760300 889
1760310 886
1760320 886
1760330 886
1760340 886
1760350 886
1760360 887
1760370 887
1760380 887
1760390 888
1760400 889
1760410 889
1760420 888
1760430 888
1760440 888
1760450 888
1760460 888
1760470 888
1760480 888
1760490 889
1760500 889
1760510 889
1760520 886
1760530 890
1760540 890
1760550 890
1760560 890
1760570 890
1760580 890
1760590 890
1760600 890
1760610 890
1760620 890
1760630 890
1760640 891
1760650 890
1760660 890
1760670 890
1760680 891
1760690 891
1760700 893
1760710 897
1760720 897
1760730 900
1760740 901
1760750 901
1760760 906
1760770 911
1760780 911
1760790 917
1760800 921
1760810 921
1760820 925
1760830 930
1760840 930
1760850 935
1760860 939
1760870 939
1760880 943
1760890 947
1760900 947
1760910 951
1760920 954
1760930 957
1760940 957
1760950 961
1760960 965
1760970 965
1760980 967
1760990 970
1761000 970
1761010 972
1761020 973
1761030 973
1761040 973
1761050 973
1761060 973
1761070 972
1761080 972
1761090 972
1761100 972
1761110 973
1761120 973
1761130 974
1761140 976
1761150 976
1761160 978
1761170 979
1761180 979
1761190 981
1761200 983
1761210 983
1761220 985
1761230 988
1761240 988
1761250 992
1761260 995
1761270 995
1761280 998
1761290 1002
1761300 1002
1761310 1005
1761320 1008
1761330 1008
1761340 1011
1761350 1014
1761360 1017
1761370 1017
1761380 1020
1761390 1024
1761400 1023
1761410 1027
1761420 1031
1761430 1031
1761440 1035
1761450 1038
1761460 1038
1761470 1042
1761480 1046
1761490 1046
1761500 1050
1761510 1054
1761520 1054
1761530 1057
1761540 1059
1761550 1059
1761560 1062
1761570 1065
1761580 1065
1761590 1069
1761600 1073
1761610 1073
1761620 1078
1761630 1082
1761640 1082
1761650 1087
1761660 1092
1761670 1092
1761680 1096
1761690 1099
1761700 1099
1761710 1100
1761720 1102
1761730 1102
1761740 1103
1761750 1104
1761760 1104
1761770 1104
1761780 1105
1761790 1105
1761800 1105
1761810 1105
1761820 1104
1761830 1104
1761840 1104
1761850 1105
1761860 1105
1761870 1105
1761880 1107
1761890 1107
1761900 1107
1761910 1109
1761920 1109
1761930 1111
1761940 1113
1761950 1113
1761960 1115
1761970 1117
1761980 1117
1761990 1119
1762000 1121
1762010 1121
1762020 1122
1762030 1124
1762040 1124
1762050 1126
1762060 1128
1762070 1128
1762080 1131
1762090 1133
1762100 1133
1762110 1135
1762120 1136
1762130 1136
1762140 1139
1762150 1142
1762160 1144
1762170 1144
1762180 1147
1762190 1149
1762200 1149
1762210 1151
1762220 1153
1762230 1153
1762240 1155
1762250 1157
1762260 1157
1762270 1159
1762280 1162
1762290 1162
1762300 1162
1762310 1162
1762320 1162
1762330 1163
1762340 1164
1762350 1164
1762360 1166
1762370 1168
1762380 1168
1762390 1167
1762400 1168
1762410 1168
1762420 1168
1762430 1169
1762440 1169
1762450 1171
1762460 1173
1762470 1173
1762480 1174
1762490 1174
1762500 1174
1762510 1175
1762520 1175
1762530 1175
1762540 1176
1762550 1178
1762560 1179
1762570 1179
1762580 1179
1762590 1179
1762600 1179
1762610 1180
1762620 1181
1762630 1181
1762640 1181
1762650 1181
1762660 1181
1762670 1181
1762680 1180
1762690 1180
1762700 1180
1762710 1178
1762720 1178
1762730 1179
1762740 1176
1762750 1176
1762760 1171
1762770 1171
1762780 1164
1762790 1161
1762800 1162
1762810 1162
1762820 1164
1762830 1165
1762840 1165
1762850 1165
1762860 1165
1762870 1165
1762880 1163
1762890 1156
1762900 1156
1762910 1151
1762920 1149
1762930 1149
1762940 1146
1762950 1143
1762960 1139
1762970 1139
1762980 1135
1762990 1132
1763000 1132
1763010 1130
1763020 1129
1763030 1129
1763040 1127
1763050 1121
1763060 1121
1763070 1116
1763080 1110
1763090 1110
1763100 1103
1763110 1097
1763120 1097
1763130 1091
1763140 1087
1763150 1087
1763160 1083
1763170 1079
1763180 1079
1763190 1075
1763200 1069
1763210 1069
1763220 1065
1763230 1060
1763240 1060
1763250 1056
1763260 1052
1763270 1052
1763280 1046
1763290 1041
1763300 1041
1763310 1034
1763320 1027
1763330 1027
1763340 1021
1763350 1020
1763360 1024
1763370 1024
1763380 1030
1763390 1036
1763400 1036
1763410 1043
1763420 1050
1763430 1050
1763440 1058
1763450 1065
1763460 1065
1763470 1073
1763480 1081
1763490 1081
1763500 1087
1763510 1091
1763520 1091
1763530 1095
1763540 1097
1763550 1097
1763560 1100
1763570 1105
1763580 1105
1763590 1113
1763600 1124
1763610 1124
1763620 1129
1763630 1136
1763640 1136
1763650 1143
1763660 1149
1763670 1149
1763680 1155
1763690 1158
1763700 1158
1763710 1158
1763720 1150
1763730 1150
1763740 1143
1763750 1134
1763760 1126
1763770 1126
1763780 1117
1763790 1109
1763800 1109
1763810 1101
1763820 1093
1763830 1093
1763840 1085
1763850 1079
1763860 1079
1763870 1074
1763880 1067
1763890 1067
1763900 1060
1763910 1055
1763920 1055
1763930 1049
1763940 1043
1763950 1043
1763960 1039
1763970 1039
1763980 1039
1763990 1051
1764000 1059
1764010 1059
1764020 1067
1764030 1078
1764040 1078
1764050 1091
1764060 1098
1764070 1098
1764080 1106
1764090 1114
1764100 1114
1764110 1128
1764120 1135
1764130 1135
1764140 1139
1764150 1144
1764160 1144
1764170 1161
1764180 1168
1764190 1175
1764200 1175
1764210 1182
1764220 1189
1764230 1189
1764240 1197
1764250 1205
1764260 1205
1764270 1213
1764280 1221
1764290 1221
1764300 1232
1764310 1230
1764320 1230
1764330 1230
1764340 1226
1764350 1226
1764360 1222
1764370 1215
1764380 1215
1764390 1209
1764400 1199
1764410 1199
1764420 1196
1764430 1196
1764440 1196
1764450 1203
1764460 1197
1764470 1197
1764480 1198
1764490 1198
1764500 1198
1764510 1196
1764520 1194
1764530 1194
1764540 1192
1764550 1190
1764560 1190
1764570 1192
1764580 1197
1764590 1204
1764600 1204
1764610 1210
1764620 1215
1764630 1215
1764640 1221
1764650 1227
1764660 1227
1764670 1233
1764680 1239
1764690 1239
1764700 1245
1764710 1251
1764720 1251
1764730 1256
1764740 1263
1764750 1263
1764760 1269
1764770 1275
1764780 1275
1764790 1281
1764800 1286
1764810 1286
1764820 1292
1764830 1298
1764840 1298
1764850 1304
1764860 1309
1764870 1309
1764880 1315
1764890 1318
1764900 1318
1764910 1323
1764920 1328
1764930 1328
1764940 1333
1764950 1338
1764960 1338
1764970 1343
1764980 1349
1764990 1352
1765000 1352
1765010 1357
1765020 1362
1765030 1362
1765040 1365
1765050 1368
1765060 1368
1765070 1372
1765080 1374
1765090 1374
1765100 1378
1765110 1382
1765120 1382
1765130 1385
1765140 1388
1765150 1388
1765160 1391
1765170 1395
1765180 1395
1765190 1398
1765200 1401
1765210 1401
1765220 1402
1765230 1405
1765240 1405
1765250 1407
1765260 1408
1765270 1408
1765280 1411
1765290 1413
1765300 1413
1765310 1415
1765320 1417
1765330 1417
1765340 1419
1765350 1421
1765360 1421
1765370 1423
1765380 1426
1765390 1428
1765400 1428
1765410 1430
1765420 1432
1765430 1432
1765440 1435
1765450 1437
1765460 1437
1765470 1439
1765480 1442
1765490 1440
1765500 1443
1765510 1445
1765520 1445
1765530 1446
1765540 1447
1765550 1447
1765560 1450
1765570 1454
1765580 1454
1765590 1458
1765600 1464
1765610 1464
1765620 1468
1765630 1473
1765640 1473
1765650 1476
1765660 1478
1765670 1478
1765680 1477
1765690 1476
1765700 1476
1765710 1474
1765720 1463
1765730 1463
1765740 1456
1765750 1451
1765760 1451
1765770 1445
1765780 1440
1765790 1435
1765800 1435
1765810 1428
1765820 1423
1765830 1423
1765840 1418
1765850 1415
1765860 1415
1765870 1411
1765880 1408
1765890 1408
1765900 1404
1765910 1400
1765920 1400
1765930 1396
1765940 1392
1765950 1392
1765960 1388
1765970 1384
1765980 1384
1765990 1379
1766000 1376
1766010 1376
1766020 1372
1766030 1369
1766040 1369
1766050 1366
1766060 1362
1766070 1362
1766080 1358
1766090 1355
1766100 1355
1766110 1351
1766120 1346
1766130 1346
1766140 1341
1766150 1337
1766160 1337
1766170 1332
1766180 1328
1766190 1323
1766200 1323
1766210 1318
1766220 1314
1766230 1314
1766240 1310
1766250 1307
1766260 1307
1766270 1304
1762540 1174
1762550 1174
1762560 1175
1762570 1175
1762580 1175
1762590 1175
1762600 1176
1762610 1176
1762620 1176
1762630 1177
1762640 1177
1762650 1177
1762660 1177
1762670 1177
1762680 1177
1762690 1177
1762700 1177
1762710 1176
1762720 1175
1762730 1174
1762740 1173
1762750 1171
1762760 1169
1762770 1168
1762780 1166
1762790 1164
1762800 1163
1762810 1163
1762820 1164
1762830 1164
1762840 1165
1762850 1165
1762860 1165
1762870 1165
1762880 1163
1762890 1159
1762900 1155
1762910 1153
1762920 1150
1762930 1148
1762940 1147
1762950 1145
1762960 1143
1762970 1140
1762980 1137
1762990 1135
1763000 1132
1763010 1131
1763020 1130
1763030 1129
1763040 1128
1763050 1125
1763060 1122
1763070 1118
1763080 1115
1763090 1110
1763100 1106
1763110 1102
1763120 1098
1763130 1094
1763140 1090
1763150 1087
1763160 1085
1763170 1082
1763180 1079
1763190 1076
1763200 1073
1763210 1070
1763220 1067
1763230 1064
1763240 1061
1763250 1058
1763260 1055
1763270 1051
1763280 1048
1763290 1044
1763300 1040
1763310 1036
1763320 1031
1763330 1027
1763340 1022
1763350 1020
1763360 1020
1763370 1023
1763380 1026
1763390 1030
1763400 1034
1763410 1039
1763420 1043
1763430 1049
1763440 1054
1763450 1058
1763460 1064
1763470 1069
1763480 1074
1763490 1079
1763500 1083
1763510 1086
1763520 1088
1763530 1090
1763540 1092
1763550 1094
1763560 1097
1763570 1100
1763580 1104
1763590 1110
1763600 1115
1763610 1120
1763620 1125
1763630 1130
1763640 1134
1763650 1139
1763660 1144
1763670 1148
1763680 1152
1763690 1154
1763700 1155
1763710 1153
1763720 1150
1763730 1145
1763740 1140
1763750 1135
1763760 1130
1763770 1125
1763780 1120
1763790 1114
1763800 1109
1763810 1103
1763820 1098
1763830 1092
1763840 1087
1763850 1081
1763860 1076
1763870 1072
1763880 1068
1763890 1064
1763900 1059
1763910 1054
1763920 1051
1763930 1048
1763940 1044
1763950 1041
1763960 1038
1763970 1037
1763980 1040
1763990 1047
1764000 1053
1764010 1058
1764020 1064
1764030 1070
1764040 1076
1764050 1083
1764060 1089
1764070 1095
1764080 1100
1764090 1106
1764100 1111
1764110 1117
1764120 1123
1764130 1129
1764140 1134
1764150 1141
1764160 1148
1764170 1157
1764180 1164
1764190 1168
1764200 1173
1764210 1178
1764220 1183
1764230 1188
1764240 1193
1764250 1198
1764260 1204
1764270 1210
1764280 1215
1764290 1221
1764300 1226
1764310 1230
1764320 1230
1764330 1230
1764340 1229
1764350 1226
1764360 1222
1764370 1218
1764380 1214
1764390 1209
1764400 1204
1764410 1199
1764420 1197
1764430 1196
1764440 1196
1764450 1198
1764460 1199
1764470 1197
1764480 1197
1764490 1197
1764500 1196
1764510 1195
1764520 1194
1764530 1193
1764540 1191
1764550 1191
1764560 1191
1764570 1193
1764580 1196
1764590 1199
1764600 1204
1764610 1208
1764620 1211
1764630 1215
1764640 1219
1764650 1224
1764660 1228
1764670 1232
1764680 1236
1764690 1240
1764700 1244
1764710 1247
1764720 1251
1764730 1255
1764740 1260
1764750 1264
1764760 1268
1764770 1272
1764780 1276
1764790 1280
1764800 1284
1764810 1288
1764820 1292
1764830 1296
1764840 1300
1764850 1304
1764860 1307
1764870 1311
1764880 1314
1764890 1317
1764900 1320
1764910 1324
1764920 1327
1764930 1330
1764940 1334
1764950 1337
1764960 1341
1764970 1344
1764980 1348
1764990 1351
1765000 1354
1765010 1357
1765020 1360
1765030 1363
1765040 1366
1765050 1368
1765060 1370
1765070 1373
1765080 1375
1765090 1377
1765100 1379
1765110 1381
1765120 1384
1765130 1386
1765140 1388
1765150 1390
1765160 1392
1765170 1394
1765180 1397
1765190 1399
1765200 1401
1765210 1403
1765220 1405
1765230 1406
1765240 1408
1765250 1409
1765260 1410
1765270 1411
1765280 1412
1765290 1413
1765300 1414
1765310 1415
1765320 1417
1765330 1418
1765340 1419
1765350 1421
1765360 1422
1765370 1423
1765380 1425
1765390 1427
1765400 1428
1765410 1429
1765420 1430
1765430 1432
1765440 1433
1765450 1434
1765460 1436
1765470 1437
1765480 1439
1765490 1440
1765500 1442
1765510 1444
1765520 1445
1765530 1446
1765540 1447
1765550 1448
1765560 1450
1765570 1452
1765580 1454
1765590 1457
1765600 1460
1765610 1464
1765620 1467
1765630 1470
1765640 1473
1765650 1474
1765660 1476
1765670 1478
1765680 1477
1765690 1477
1765700 1477
1765710 1474
1765720 1469
1765730 1463
1765740 1458
1765750 1454
1765760 1450
1765770 1446
1765780 1443
1765790 1440
1765800 1435
1765810 1431
1765820 1428
1765830 1424
1765840 1421
1765850 1418
1765860 1416
1765870 1414
1765880 1411
1765890 1409
1765900 1407
1765910 1404
1765920 1401
1765930 1398
1765940 1396
1765950 1393
1765960 1391
1765970 1388
1765980 1385
1765990 1382
1766000 1380
1766010 1377
1766020 1375
1766030 1372
1766040 1370
1766050 1368
1766060 1366
1766070 1363
1766080 1361
1766090 1358
1766100 1356
1766110 1353
1766120 1350
1766130 1347
1766140 1344
1766150 1341
1766160 1338
1766170 1335
1766180 1332
1766190 1329
1766200 1326
1766210 1322
1766220 1319
1766230 1316
1766240 1314
1766250 1311
1766260 1309
1766270 1307
1766280 1304
1766290 1301
1766300 1297
1766310 1292
1766320 1288
1766330 1284
1766340 1280
1766350 1276
1766360 1272
1766370 1268
1766380 1265
1766390 1261
1766400 1257
1766410 1253
1766420 1250
1766430 1246
1766440 1242
1766450 1239
1766460 1235
1766470 1231
1766480 1228
1766490 1225
1766500 1221
1766510 1217
1766520 1214
1766530 1210
1766540 1206
1766550 1203
1766560 1200
1766570 1197
1766580 1194
1766590 1191
1766600 1188
1766610 1185
1766620 1181
1766630 1178
1766640 1175
1766650 1172
1766660 1169
1766670 1166
1766680 1162
1766690 1159
1766700 1156
1766710 1152
1766720 1149
1766730 1145
1766740 1141
1766750 1137
1766760 1133
1766770 1129
1766780 1125
1766790 1122
1766800 1118
1766810 1114
1766820 1110
1766830 1106
1766840 1102
1766850 1098
1766860 1094
1766870 1090
1766880 1086
1766890 1082
1766900 1078
1766910 1073
1766920 1069
1766930 1065
1766940 1061
1766950 1057
1766960 1052
1766970 1047
1766980 1043
1766990 1039
1767000 1035
1767010 1030
1767020 1026
1767030 1022
1767040 1018
1767050 1014
1767060 1010
1767070 1007
1767080 1004
1767090 1002
1767100 999
1767110 997
1767120 994
1767130 992
1767140 990
1767150 988
1767160 985
1767170 983
1767180 982
1767190 979
1767200 977
1767210 975
1767220 973
1767230 971
1767240 969
1767250 968
1767260 967
1767270 965
1767280 964
1767290 962
1767300 960
1767310 959
1767320 957
1767330 955
1767340 953
1767350 951
1767360 948
1767370 946
1767380 944
1767390 942
1767400 941
1767410 941
1767420 940
1767430 939
1767440 938
1767450 936
1767460 934
1767470 931
1767480 929
1767490 927
1767500 924
1767510 922
1767520 919
1767530 916
1767540 913
1767550 911
1767560 908
1767570 905
1767580 903
1767590 900
1767600 897
1767610 894
1767620 890
1767630 886
1767640 881
1767650 876
1767660 873
1767670 872
1767680 872
1767690 873
1767700 875
1767710 878
1767720 880
1767730 881
1767740 883
1767750 885
1767760 888
1767770 890
1767780 892
1767790 894
1767800 896
1767810 897
1767820 898
1767830 898
1767840 898
1767850 899
1767860 899
1767870 899
1767880 900
1767890 900
1767900 900
1767910 901
1767920 902
1767930 905
1767940 907
1767950 910
1767960 914
1767970 918
1767980 922
1767990 925
1768000 929
1768010 933
1768020 937
1768030 940
1768040 944
1768050 947
1768060 951
1768070 956
1768080 959
1768090 962
1768100 966
1768110 970
1768120 974
1768130 978
1768140 982
1768150 986
1768160 990
1768170 994
1768180 998
1768190 1001
1768200 1005
1768210 1009
1768220 1013
1768230 1017
1768240 1021
1768250 1025
1768260 1028
1768270 1032
1768280 1036
1768290 1040
1768300 1043
1768310 1048
1768320 1051
1768330 1055
1768340 1058
1768350 1062
1768360 1065
1768370 1069
1768380 1072
1768390 1075
1768400 1078
1768410 1081
1768420 1085
1768430 1088
1768440 1091
1768450 1094
1768460 1097
1768470 1101
1768480 1104
1768490 1107
1768500 1110
1768510 1113
1768520 1116
1768530 1119
1768540 1123
1768550 1126
1768560 1130
1768570 1133
1768580 1137
1768590 1140
1768600 1143
1768610 1146
1768620 1149
1768630 1152
1768640 1154
1768650 1156
1768660 1159
1768670 1161
1768680 1163
1768690 1165
1768700 1168
1768710 1171
1768720 1175
1768730 1179
1768740 1184
1768750 1189
1768760 1194
1768770 1200
1768780 1204
1768790 1208
1768800 1212
1768810 1215
1768820 1218
1768830 1220
1768840 1223
1768850 1225
1768860 1228
1768870 1229
1768880 1230
1768890 1230
1768900 1230
1768910 1229
1768920 1228
1768930 1228
1768940 1227
1768950 1227
1768960 1225
1768970 1223
1768980 1222
1768990 1220
1769000 1218
1769010 1216
1769020 1214
1769030 1212
1769040 1210
1769050 1208
1769060 1205
1769070 1202
1769080 1199
1769090 1196
1769100 1194
1769110 1191
1769120 1189
1769130 1186
1769140 1183
1769150 1180
1769160 1177
1769170 1174
1769180 1172
1769190 1169
1769200 1167
1769210 1166
1769220 1164
1769230 1161
1769240 1159
1769250 1156
1769260 1153
1769270 1151
1769280 1148
1769290 1144
1769300 1142
1769310 1140
1769320 1138
1769330 1138
1769340 1138
1769350 1138
1769360 1136
1769370 1135
1769380 1133
1769390 1132
1769400 1131
1769410 1130
1769420 1129
1769430 1128
1769440 1128
1769450 1127
1769460 1127
1769470 1126
1769480 1125
1769490 1124
1769500 1123
1769510 1122
1769520 1121
1769530 1121
1769540 1120
1769550 1120
1769560 1120
1769570 1119
1769580 1118
1769590 1117
1769600 1116
1769610 1115
1769620 1114
1769630 1113
1769640 1112
1769650 1111
1769660 1109
1769670 1107
1769680 1106
1769690 1104
1769700 1102
1769710 1100
1769720 1098
1769730 1097
1769740 1096
1769750 1095
1769760 1094
1769770 1093
1769780 1092
1769790 1091
1769800 1090
1769810 1089
1769820 1088
1769830 1087
1769840 1087
1769850 1086
1769860 1085
1769870 1083
1769880 1082
1769890 1080
1769900 1078
1769910 1075
1769920 1075
1769930 1075
1769940 1073
1769950 1074
1769960 1076
1769970 1078
1769980 1080
1769990 1082
1770000 1085
1770010 1086
1770020 1088
1770030 1090
1770040 1092
1770050 1093
1770060 1095
1770070 1097
1770080 1098
1770090 1100
1770100 1101
1770110 1103
1770120 1105
1770130 1108
1770140 1110
1770150 1112
1770160 1114
1770170 1117
1770180 1119
1770190 1122
1770200 1125
1770210 1128
1770220 1130
1770230 1133
1770240 1136
1770250 1139
1770260 1142
1770270 1144
1770280 1147
1770290 1150
1770300 1152
1770310 1156
1770320 1159
1770330 1162
1770340 1164
1770350 1168
1770360 1172
1770370 1176
1770380 1177
1770390 1177
1770400 1176
1770410 1177
1770420 1178
1770430 1179
1770440 1178
1770450 1177
1770460 1176
1770470 1173
1770480 1171
1770490 1170
1770500 1167
1770510 1164
1770520 1160
1770530 1158
1770540 1156
1770550 1155
1770560 1155
1770570 1157
1770580 1161
1770590 1165
1770600 1169
1770610 1172
1770620 1175
1770630 1177
1770640 1181
1770650 1186
1770660 1189
1770670 1191
1770680 1191
1770690 1190
1770700 1190
1770710 1190
1770720 1190
1770730 1190
1770740 1189
1770750 1188
1770760 1187
1770770 1186
1770780 1184
1770790 1183
1770800 1181
1770810 1179
1770820 1177
1770830 1175
1770840 1173
1770850 1171
1770860 1169
1770870 1166
1770880 1164
1770890 1161
1770900 1159
1770910 1157
1770920 1156
1770930 1157
1770940 1157
1770950 1158
1770960 1159
1770970 1160
1770980 1160
1770990 1160
1771000 1159
1771010 1157
1771020 1156
1771030 1153
1771040 1151
1771050 1148
1771060 1146
1771070 1143
1771080 1140
1771090 1140
1771100 1140
1771110 1142
1771120 1144
1771130 1145
1771140 1145
1771150 1144
1771160 1142
1771170 1140
1771180 1139
1771190 1140
1771200 1142
1771210 1145
1771220 1148
1771230 1151
1771240 1153
1771250 1155
1771260 1158
1771270 1161
1771280 1164
1771290 1167
1771300 1171
1771310 1175
1771320 1180
1771330 1185
1771340 1190
1771350 1196
1771360 1200
1771370 1205
1771380 1209
1771390 1213
1771400 1217
1771410 1221
1771420 1225
1771430 1229
1771440 1233
1771450 1237
1771460 1242
1771470 1247
1771480 1252
1771490 1258
1771500 1263
1771510 1267
1771520 1271
1771530 1274
1771540 1277
1771550 1281
1771560 1284
1771570 1288
1771580 1289
1771590 1291
1771600 1295
1771610 1299
1771620 1303
1771630 1306
1771640 1308
1771650 1310
1771660 1311
1771670 1311
1771680 1311
1771690 1311
1771700 1310
1771710 1310
1771720 1309
1771730 1309
1771740 1308
1771750 1308
1771760 1307
1771770 1306
1771780 1305
1771790 1304
1771800 1303
1771810 1302
1771820 1301
1771830 1301
1771840 1300
1771850 1300
1771860 1299
1771870 1298
1771880 1296
1771890 1295
1771900 1293
1771910 1291
1771920 1289
1771930 1286
1771940 1283
1771950 1280
1771960 1278
1771970 1276
1771980 1273
1771990 1271
1772000 1268
1772010 1264
1772020 1261
1772030 1258
1772040 1255
1772050 1252
1772060 1248
1772070 1245
1772080 1243
1772090 1240
1772100 1237
1772110 1234
1772120 1232
1772130 1230
1772140 1228
1772150 1225
1772160 1223
1772170 1220
1772180 1218
1772190 1215
1772200 1213
1772210 1211
1772220 1208
1772230 1206
1772240 1204
1772250 1202
1772260 1199
1772270 1196
1772280 1193
1772290 1190
1772300 1188
1772310 1185
1772320 1182
1772330 1180
1772340 1177
1772350 1174
1772360 1171
1772370 1168
1772380 1165
1772390 1162
1772400 1159
1772410 1156
1772420 1153
1772430 1150
1772440 1146
1772450 1143
1772460 1140
1772470 1137
1772480 1134
1772490 1131
1772500 1128
1772510 1125
1772520 1122
1772530 1119
1772540 1116
1772550 1112
1772560 1109
1772570 1105
1772580 1102
1772590 1098
1772600 1095
1772610 1091
1772620 1088
1772630 1085
1772640 1081
1772650 1078
1772660 1075
1772670 1071
1772680 1066
1772690 1061
1772700 1054
1772710 1045
1772720 1037
1772730 1030
1772740 1025
1772750 1020
1772760 1015
1772770 1010
1772780 1004
1772790 999
1772800 993
1772810 988
1772820 983
1772830 978
1772840 973
1772850 968
1772860 963
1772870 959
1772880 955
1772890 951
1772900 947
1772910 943
1772920 939
1772930 935
1772940 931
1772950 928
1772960 924
1772970 921
1772980 918
1772990 914
1773000 910
1773010 905
1773020 901
1773030 896
1773040 893
1773050 889
1773060 886
1773070 883
1773080 880
1773090 877
1773100 874
1773110 872
1773120 870
1773130 868
1773140 867
1773150 864
1773160 862
1773170 859
1773180 855
1773190 852
1773200 848
1773210 844
1773220 840
1773230 837
1773240 835
1773250 832
1773260 831
1773270 828
1773280 826
1773290 824
1773300 823
1773310 821
1773320 819
1773330 817
1773340 814
1773350 810
1773360 808
1773370 805
1773380 803
1773390 801
1773400 799
1773410 797
1773420 795
1773430 793
1773440 790
1773450 789
1773460 787
1773470 785
1773480 783
1773490 780
1773500 778
1773510 777
1773520 775
1773530 774
1773540 773
1773550 771
1773560 769
1773570 768
1773580 767
1773590 765
1773600 764
1773610 762
1773620 761
1773630 760
1773640 759
1773650 758
1773660 758
1773670 757
1773680 756
1773690 755
1773700 754
1773710 752
1773720 751
1773730 750
1773740 749
1773750 748
1773760 747
1773770 746
1773780 746
1773790 746
1773800 746
1773810 745
1773820 745
1773830 745
1773840 744
1773850 743
1773860 743
1773870 742
1773880 740
1773890 739
1773900 737
1773910 735
1773920 733
1773930 731
1773940 729
1773950 727
1773960 724
1773970 722
1773980 719
1773990 717
1774000 714
1774010 711
1774020 709
1774030 706
1774040 704
1774050 701
1774060 699
1774070 696
1774080 694
1774090 692
1774100 689
1774110 686
1774120 685
1774130 684
1774140 682
1774150 680
1774160 676
1774170 673
1774180 670
1774190 667
1774200 664
1774210 661
1774220 659
1774230 658
1774240 656
1774250 655
1774260 654
1774270 652
1774280 651
1774290 650
1774300 650
1774310 649
1774320 648
1774330 648
1774340 647
1774350 647
1774360 646
1774370 646
1774380 645
1774390 645
1774400 644
1774410 644
1774420 644
1774430 643
1774440 643
1774450 643
1774460 643
1774470 643
1774480 643
1774490 643
1774500 643
1774510 643
1774520 643
1774530 643
1774540 643
1774550 643
1774560 643
1774570 643
1774580 644
1774590 644
1774600 645
1774610 646
1774620 647
1774630 648
1774640 649
1774650 650
1774660 651
1774670 652
1774680 654
1774690 655
1774700 656
1774710 657
1774720 658
1774730 659
1774740 660
1774750 661
1774760 662
1774770 663
1774780 663
1774790 664
1774800 665
1774810 665
1774820 666
1774830 667
1774840 667
1774850 668
1774860 669
1774870 670
1774880 671
1774890 671
1774900 672
1774910 672
1774920 673
1774930 674
1774940 674
1774950 675
1774960 676
1774970 676
1774980 677
1774990 678
1775000 679
1775010 679
1775020 680
1775030 681
1775040 681
1775050 682
1775060 682
1775070 683
1775080 683
1775090 684
1775100 685
1775110 685
1775120 686
1775130 686
1775140 687
1775150 688
1775160 688
1775170 689
1775180 690
1775190 690
1775200 691
1775210 692
1775220 692
1775230 693
1775240 693
1775250 694
1775260 694
1775270 695
1775280 695
1775290 696
1775300 696
1775310 697
1775320 698
1775330 698
1775340 699
1775350 699
1775360 700
1775370 700
1775380 701
1775390 702
1775400 702
1775410 703
1775420 703
1775430 704
1775440 704
1775450 704
1775460 704
1775470 704
1775480 704
1775490 703
1775500 703
1775510 702
1775520 701
1775530 700
1775540 699
1775550 697
1775560 696
1775570 694
1775580 693
1775590 692
1775600 691
1775610 690
1775620 687
1775630 685
1775640 684
1775650 684
1775660 688
1775670 690
1775680 693
1775690 695
1775700 696
1775710 698
1775720 699
1775730 701
1775740 703
1775750 706
1775760 709
1775770 711
1775780 714
1775790 715
1775800 717
1775810 719
1775820 720
1775830 722
1775840 723
1775850 725
1775860 726
1775870 727
1775880 728
1775890 729
1775900 731
1775910 732
1775920 733
1775930 734
1775940 734
1775950 735
1775960 736
1775970 736
1775980 736
1775990 736
1776000 735
1776010 733
1776020 731
1776030 728
1776040 726
1776050 723
1776060 722
1776070 720
1776080 719
1776090 717
1776100 715
1776110 713
1776120 710
1776130 709
1776140 710
1776150 714
1776160 717
1776170 720
1776180 723
1776190 725
1776200 727
1776210 730
1776220 732
1776230 734
1776240 737
1776250 739
1776260 741
1776270 743
1776280 746
1776290 748
1776300 749
1776310 751
1776320 752
1776330 754
1776340 756
1776350 758
1776360 759
1776370 761
1776380 763
1776390 764
1776400 766
1776410 767
1776420 769
1776430 770
1776440 772
1776450 773
1776460 775
1776470 776
1776480 778
1776490 779
1776500 780
1776510 781
1776520 783
1776530 784
1776540 785
1776550 787
1776560 788
1776570 789
1776580 789
1776590 789
1776600 789
1776610 789
1776620 789
1776630 789
1776640 789
1776650 789
1776660 789
1776670 789
1776680 789
1776690 789
1776700 790
1776710 790
1776720 789
1776730 789
1776740 789
1776750 789
1776760 789
1776770 789
1776780 789
1776790 789
1776800 789
1776810 790
1776820 790
1776830 790
1776840 791
1776850 791
1776860 792
1776870 792
1776880 793
1776890 793
1776900 794
1776910 794
1776920 795
1776930 796
1776940 797
1776950 798
1776960 799
1776970 800
1776980 801
1776990 802
1777000 803
1777010 804
1777020 805
1777030 806
1777040 807
1777050 808
1777060 809
1777070 810
1777080 811
1777090 811
1777100 812
1777110 812
1777120 812
1777130 812
1777140 812
1777150 812
1777160 812
1777170 811
1777180 811
1777190 810
1777200 809
1777210 809
1777220 808
1777230 807
1777240 807
1777250 806
1777260 805
1777270 804
1777280 803
1777290 802
1777300 801
1777310 800
1777320 799
1777330 797
1777340 796
1777350 794
1777360 791
1777370 788
1777380 785
1777390 782
1777400 779
1777410 774
1777420 770
1777430 766
1777440 763
1777450 761
1777460 760
1777470 762
1777480 766
1777490 771
1777500 776
1777510 780
1777520 784
1777530 788
1777540 791
1777550 793
1777560 796
1777570 799
1777580 801
1777590 804
1777600 806
1777610 808
1777620 810
1777630 812
1777640 813
1777650 815
1777660 815
1777670 816
1777680 816
1777690 817
1777700 817
1777710 818
1777720 819
1777730 820
1777740 822
1777750 824
1777760 827
1777770 830
1777780 833
1777790 835
1777800 838
1777810 840
1777820 843
1777830 845
1777840 848
1777850 851
1777860 853
1777870 856
1777880 858
1777890 861
1777900 863
1777910 866
1777920 868
1777930 871
1777940 873
1777950 875
1777960 877
1777970 878
1777980 880
1777990 881
1778000 882
1778010 883
1778020 882
1778030 879
1778040 876
1778050 872
1778060 868
1778070 861
1778080 852
1778090 847
1778100 842
1778110 838
1778120 835
1778130 831
1778140 828
1778150 825
1778160 822
1778170 819
1778180 816
1778190 813
1778200 810
1778210 808
1778220 805
1778230 803
1778240 801
1778250 799
1778260 797
1778270 796
1778280 795
1778290 794
1778300 793
1778310 793
1778320 792
1778330 792
1778340 791
1778350 791
1778360 790
1778370 788
1778380 786
1778390 784
1778400 782
1778410 780
1778420 778
1778430 776
1778440 774
1778450 772
1778460 769
1778470 766
1778480 763
1778490 759
1778500 755
1778510 752
1778520 749
1778530 745
1778540 742
1778550 739
1778560 736
1778570 733
1778580 729
1778590 726
1778600 722
1778610 719
1778620 715
1778630 712
1778640 709
1778650 705
1778660 701
1778670 700
1778680 701
1778690 703
1778700 706
1778710 709
1778720 712
1778730 715
1778740 719
1778750 722
1778760 724
1778770 728
1778780 731
1778790 734
1778800 736
1778810 739
1778820 741
1778830 743
1778840 746
1778850 747
1778860 749
1778870 750
1778880 751
1778890 752
1778900 752
1778910 753
1778920 755
1778930 756
1778940 758
1778950 760
1778960 762
1778970 764
1778980 766
1778990 768
1779000 770
1779010 772
1779020 774
1779030 776
1779040 778
1779050 781
1779060 783
1779070 785
1779080 788
1779090 790
1779100 793
1779110 795
1779120 798
1779130 801
1779140 804
1779150 808
1779160 810
1779170 814
1779180 817
1779190 821
1779200 823
1779210 826
1779220 829
1779230 830
1779240 831
1779250 830
1779260 828
1779270 825
1779280 822
1779290 819
1779300 815
1779310 812
1779320 808
1779330 804
1779340 801
1779350 797
1779360 793
1779370 789
1779380 786
1779390 784
1779400 783
1779410 785
1779420 785
1779430 785
1779440 786
1779450 786
1779460 787
1779470 788
1779480 789
1779490 789
1779500 789
1779510 790
1779520 790
1779530 790
1779540 790
1779550 790
1779560 789
1779570 788
1779580 786
1779590 785
1779600 783
1779610 781
1779620 779
1779630 777
1779640 775
1779650 773
1779660 771
1779670 769
1779680 766
1779690 764
1779700 761
1779710 758
1779720 755
1779730 753
1779740 750
1779750 749
1779760 746
1779770 744
1779780 743
1779790 744
1779800 746
1779810 747
1779820 747
1779830 748
1779840 749
1779850 751
1779860 752
1779870 754
1779880 755
1779890 756
1779900 757
1779910 759
1779920 761
1779930 764
1779940 766
1779950 768
1779960 771
1779970 772
1779980 774
1779990 775
