1700000 1322
1700010 1320
1700020 1320
1700030 1319
1700040 1318
1700050 1318
1700060 1316
1700070 1315
1700080 1315
1700090 1314
1700100 1313
1700110 1313
1700120 1311
1700130 1310
1700140 1310
1700150 1309
1700160 1309
1700170 1309
1700180 1308
1700190 1308
1700200 1308
1700210 1307
1700220 1307
1700230 1307
1700240 1307
1700250 1306
1700260 1306
1700270 1306
1700280 1306
1700290 1306
1700300 1305
1700310 1304
1700320 1304
1700330 1304
1700340 1302
1700350 1302
1700360 1299
1700370 1296
1700380 1296
1700390 1304
1700400 1307
1700410 1307
1700420 1313
1700430 1317
1700440 1317
1700450 1321
1700460 1325
1700470 1328
1700480 1328
1700490 1330
1700500 1331
1700510 1331
1700520 1337
1700530 1342
1700540 1342
1700550 1348
1700560 1350
1700570 1350
1700580 1351
1700590 1352
1700600 1352
1700610 1354
1700620 1355
1700630 1355
1700640 1357
1700650 1358
1700660 1358
1700670 1358
1700680 1358
1700690 1358
1700700 1359
1700710 1359
1700720 1359
1700730 1360
1700740 1360
1700750 1360
1700760 1360
1700770 1361
1700780 1361
1700790 1361
1700800 1358
1700810 1358
1700820 1356
1700830 1350
1700840 1350
1700850 1339
1700860 1325
1700870 1325
1700880 1307
1700890 1292
1700900 1292
1700910 1282
1700920 1272
1700930 1263
1700940 1263
1700950 1254
1700960 1244
1700970 1244
1700980 1236
1700990 1228
1701000 1228
1701010 1220
1701020 1212
1701030 1212
1701040 1205
1701050 1196
1701060 1196
1701070 1188
1701080 1181
1701090 1181
1701100 1173
1701110 1166
1701120 1166
1701130 1159
1701140 1151
1701150 1151
1701160 1143
1701170 1135
1701180 1135
1701190 1127
1701200 1121
1701210 1121
1701220 1115
1701230 1107
1701240 1107
1701250 1100
1701260 1093
1701270 1093
1701280 1089
1701290 1083
1701300 1083
1701310 1080
1701320 1074
1701330 1074
1701340 1069
1701350 1064
1701360 1059
1701370 1059
1701380 1054
1701390 1048
1701400 1048
1701410 1044
1701420 1038
1701430 1038
1701440 1033
1701450 1028
1701460 1028
1701470 1024
1701480 1018
1701490 1018
1701500 1013
1701510 1008
1701520 1008
1701530 1003
1701540 998
1701550 998
1701560 995
1701570 995
1701580 995
1701590 993
1701600 993
1701610 993
1701620 994
1701630 998
1701640 998
1701650 1001
1701660 1003
1701670 1003
1701680 1004
1701690 1006
1701700 1006
1701710 1009
1701720 1010
1701730 1010
1701740 1012
1701750 1012
1701760 1012
1701770 1013
1701780 1015
1701790 1015
1701800 1015
1701810 1017
1701820 1019
1701830 1019
1701840 1020
1701850 1021
1701860 1021
1701870 1026
1701880 1029
1701890 1029
1701900 1032
1701910 1034
1701920 1034
1701930 1037
1701940 1040
1701950 1040
1701960 1041
1701970 1041
1701980 1041
1701990 1041
1702000 1041
1702010 1041
1702020 1042
1702030 1043
1702040 1043
1702050 1044
1702060 1045
1702070 1045
1702080 1046
1702090 1046
1702100 1046
1702110 1047
1702120 1048
1702130 1048
1702140 1048
1702150 1047
1702160 1047
1702170 1045
1702180 1042
1702190 1042
1702200 1040
1702210 1037
1702220 1037
1702230 1035
1702240 1032
1702250 1028
1702260 1028
1702270 1023
1702280 1019
1702290 1019
1702300 1013
1702310 1008
1702320 1008
1702330 1002
1702340 997
1702350 997
1702360 991
1702370 985
1702380 985
1702390 979
1702400 975
1702410 975
1702420 970
1702430 966
1702440 966
1702450 963
1702460 961
1702470 961
1702480 959
1702490 957
1702500 957
1702510 954
1702520 953
1702530 953
1702540 951
1702550 950
1702560 950
1702570 949
1702580 947
1702590 947
1702600 945
1702610 944
1702620 944
1702630 943
1702640 942
1702650 942
1702660 940
1702670 940
1702680 940
1702690 939
1702700 938
1702710 936
1702720 936
1702730 930
1702740 923
1702750 923
1702760 918
1702770 914
1702780 914
1702790 910
1702800 905
1702810 905
1702820 904
1702830 909
1702840 909
1702850 919
1702860 927
1702870 927
1702880 932
1702890 934
1702900 934
1702910 936
1702920 938
1702930 938
1702940 942
1702950 944
1702960 944
1702970 947
1702980 951
1702990 951
1703000 955
1703010 960
1703020 960
1703030 964
1703040 969
1703050 969
1703060 973
1703070 978
1703080 978
1703090 983
1703100 987
1703110 987
1703120 991
1703130 995
1703140 1000
1703150 1000
1703160 1004
1703170 1008
1703180 1008
1703190 1015
1703200 1021
1703210 1021
1703220 1027
1703230 1033
1703240 1033
1703250 1040
1703260 1048
1703270 1048
1703280 1055
1703290 1061
1703300 1061
1703310 1067
1703320 1074
1703330 1074
1703340 1080
1703350 1086
1703360 1086
1703370 1092
1703380 1099
1703390 1099
1703400 1105
1703410 1112
1703420 1112
1703430 1119
1703440 1125
1703450 1125
1703460 1132
1703470 1139
1703480 1139
1703490 1145
1703500 1152
1703510 1152
1703520 1159
1703530 1166
1703540 1166
1703550 1173
1703560 1180
1703570 1180
1703580 1187
1703590 1193
1703600 1200
1703610 1200
1703620 1207
1703630 1213
1703640 1213
1703650 1218
1703660 1221
1703670 1221
1703680 1220
1703690 1219
1703700 1219
1703710 1218
1703720 1216
1703730 1216
1703740 1215
1703750 1214
1703760 1214
1703770 1214
1703780 1214
1703790 1214
1703800 1214
1703810 1213
1703820 1213
1703830 1212
1703840 1212
1703850 1212
1703860 1211
1703870 1210
1703880 1217
1703890 1214
1703900 1211
1703910 1211
1703920 1208
1703930 1206
1703940 1206
1703950 1204
1703960 1201
1703970 1201
1703980 1199
1703990 1196
1704000 1196
1704010 1195
1704020 1195
1704030 1195
1704040 1194
1704050 1193
1704060 1190
1704070 1190
1704080 1188
1704090 1186
1704100 1186
1704110 1186
1704120 1184
1704130 1184
1704140 1184
1704150 1183
1704160 1183
1704170 1184
1704180 1186
1704190 1186
1704200 1186
1704210 1187
1704220 1187
1704230 1189
1704240 1192
1704250 1192
1704260 1196
1704270 1200
1704280 1200
1704290 1204
1704300 1209
1704310 1209
1704320 1212
1704330 1217
1704340 1217
1704350 1222
1704360 1226
1704370 1226
1704380 1231
1704390 1236
1704400 1236
1704410 1241
1704420 1246
1704430 1246
1704440 1251
1704450 1257
1704460 1257
1704470 1261
1704480 1267
1704490 1272
1704500 1272
1704510 1276
1704520 1281
1704530 1281
1704540 1284
1704550 1289
1704560 1289
1704570 1293
1704580 1297
1704590 1297
1704600 1300
1704610 1302
1704620 1302
1704630 1305
1704640 1306
1704650 1306
1704660 1309
1704670 1312
1704680 1312
1704690 1314
1704700 1316
1704710 1316
1704720 1319
1704730 1319
1704740 1319
1704750 1316
1704760 1312
1704770 1312
1704780 1275
1704790 1259
1704800 1259
1704810 1260
1704820 1255
1704830 1255
1704840 1220
1704850 1207
1704860 1207
1704870 1198
1704880 1164
1704890 1164
1704900 1144
1704910 1135
1704920 1135
1704930 1129
1704940 1123
1704950 1118
1704960 1118
1704970 1114
1704980 1110
1704990 1110
1705000 1111
1705010 1108
1705020 1108
1705030 1103
1705040 1098
1705050 1098
1705060 1093
1705070 1088
1705080 1088
1705090 1084
1705100 1078
1705110 1078
1705120 1073
1705130 1068
1705140 1068
1705150 1062
1705160 1056
1705170 1056
1705180 1049
1705190 1044
1705200 1044
1705210 1038
1705220 1032
1705230 1032
1705240 1027
1705250 1022
1705260 1022
1705270 1017
1705280 1011
1705290 1011
1705300 1010
1705310 1008
1705320 1008
1705330 1004
1705340 1000
1705350 1000
1705360 996
1705370 992
1705380 988
1705390 988
1705400 984
1705410 981
1705420 981
1705430 975
1705440 968
1705450 968
1705460 961
1705470 954
1705480 954
1705490 946
1705500 941
1705510 941
1705520 933
1705530 929
1705540 929
1705550 923
1705560 917
1705570 917
1705580 910
1705590 903
1705600 903
1705610 899
1705620 896
1705630 896
1705640 894
1705650 892
1705660 892
1705670 890
1705680 888
1705690 888
1705700 888
1705710 886
1705720 886
1705730 883
1705740 880
1705750 880
1705760 877
1705770 873
1705780 873
1705790 871
1705800 867
1705810 867
1705820 862
1705830 858
1705840 853
1705850 853
1705860 850
1705870 845
1705880 845
1705890 841
1705900 839
1705910 839
1705920 837
1705930 836
1705940 836
1705950 835
1705960 834
1705970 834
1705980 833
1705990 831
1706000 831
1706010 830
1706020 829
1706030 829
1706040 828
1706050 826
1706060 826
1706070 824
1706080 823
1706090 823
1706100 821
1706110 819
1706120 819
1706130 817
1706140 814
1706150 814
1706160 812
1706170 812
1706180 812
1706190 812
1706200 811
1706210 811
1706220 811
1706230 811
1706240 811
1706250 814
1706260 818
1706270 819
1706280 819
1706290 823
1706300 829
1706310 829
1706320 831
1706330 834
1706340 834
1706350 836
1706360 839
1706370 839
1706380 841
1706390 844
1706400 844
1706410 846
1706420 847
1706430 847
1706440 849
1706450 851
1706460 851
1706470 855
1706480 856
1706490 856
1706500 861
1706510 866
1706520 866
1706530 871
1706540 877
1706550 877
1706560 883
1706570 889
1706580 889
1706590 896
1706600 903
1706610 903
1706620 909
1706630 915
1706640 915
1706650 919
1706660 924
1706670 924
1706680 928
1706690 933
1706700 933
1706710 936
1706720 938
1706730 940
1706740 940
1706750 941
1706760 942
1706770 942
1706780 944
1706790 946
1706800 946
1706810 949
1706820 952
1706830 952
1706840 955
1706850 959
1706860 959
1706870 959
1706880 963
1706890 963
1706900 966
1706910 970
1706920 970
1706930 974
1706940 978
1706950 978
1706960 982
1706970 986
1706980 986
1706990 990
1707000 994
1707010 994
1707020 998
1707030 1002
1707040 1002
1707050 1006
1707060 1010
1707070 1010
1707080 1013
1707090 1016
1707100 1016
1707110 1019
1707120 1021
1707130 1021
1707140 1024
1707150 1026
1707160 1026
1707170 1029
1707180 1031
1707190 1033
1707200 1033
1707210 1035
1707220 1036
1707230 1036
1707240 1037
1707250 1036
1707260 1036
1707270 1031
1707280 1028
1707290 1028
1707300 1024
1707310 1025
1707320 1025
1707330 1031
1707340 1035
1707350 1035
1707360 1039
1707370 1044
1707380 1044
1707390 1049
1707400 1054
1707410 1054
1707420 1056
1707430 1057
1707440 1051
1707450 1050
1707460 1048
1707470 1048
1707480 1047
1707490 1050
1707500 1050
1707510 1052
1707520 1054
1707530 1054
1707540 1057
1707550 1064
1707560 1064
1707570 1069
1707580 1072
1707590 1072
1707600 1075
1707610 1078
1707620 1082
1707630 1082
1707640 1083
1707650 1086
1707660 1086
1707670 1088
1707680 1090
1707690 1090
1707700 1090
1707710 1091
1707720 1091
1707730 1091
1707740 1087
1707750 1087
1707760 1084
1707770 1087
1707780 1087
1707790 1090
1707800 1097
1707810 1097
1707820 1102
1707830 1106
1707840 1106
1707850 1110
1707860 1114
1707870 1114
1707880 1118
1707890 1121
1707900 1121
1707910 1123
1707920 1124
1707930 1124
1707940 1128
1707950 1131
1707960 1131
1707970 1133
1707980 1136
1707990 1136
1708000 1138
1708010 1141
1708020 1141
1708030 1143
1708040 1146
1708050 1146
1708060 1148
1708070 1151
1708080 1153
1708090 1153
1708100 1155
1708110 1157
1708120 1157
1708130 1160
1708140 1162
1708150 1162
1708160 1164
1708170 1167
1708180 1167
1708190 1167
1708200 1169
1708210 1169
1708220 1170
1708230 1171
1708240 1171
1708250 1172
1708260 1172
1708270 1172
1708280 1172
1708290 1169
1708300 1169
1708310 1166
1708320 1165
1708330 1165
1708340 1161
1708350 1157
1708360 1157
1708370 1157
1708380 1157
1708390 1157
1708400 1156
1708410 1160
1708420 1160
1708430 1165
1708440 1170
1708450 1170
1708460 1175
1708470 1181
1708480 1181
1708490 1185
1708500 1189
1708510 1193
1708520 1193
1708530 1196
1708540 1197
1708550 1197
1708560 1197
1708570 1199
1708580 1199
1708590 1203
1708600 1205
1708610 1205
1708620 1207
1708630 1209
1708640 1209
1708650 1210
1708660 1211
1708670 1211
1708680 1210
1708690 1211
1708700 1211
1708710 1220
1708720 1221
1708730 1221
1708740 1219
1708750 1219
1708760 1219
1708770 1219
1708780 1215
1708790 1215
1708800 1210
1708810 1211
1708820 1211
1708830 1215
1708840 1220
1708850 1220
1708860 1224
1708870 1228
1708880 1228
1708890 1232
1708900 1237
1708910 1237
1708920 1253
1708930 1253
1708940 1253
1708950 1252
1708960 1229
1708970 1222
1708980 1222
1708990 1218
1709000 1215
1709010 1215
1709020 1213
1709030 1205
1709040 1205
1709050 1195
1709060 1189
1709070 1189
1709080 1184
1709090 1181
1709100 1181
1709110 1176
1709120 1172
1709130 1172
1709140 1172
1709150 1177
1709160 1177
1709170 1178
1709180 1181
1709190 1181
1709200 1183
1709210 1185
1709220 1185
1709230 1186
1709240 1188
1709250 1188
1709260 1190
1709270 1197
1709280 1197
1709290 1204
1709300 1211
1709310 1211
1709320 1222
1709330 1223
1709340 1223
1709350 1219
1709360 1217
1709370 1217
1709380 1220
1709390 1217
1709400 1218
1709410 1218
1709420 1223
1709430 1224
1709440 1224
1709450 1222
1709460 1220
1709470 1220
1709480 1220
1709490 1219
1709500 1219
1709510 1214
1709520 1209
1709530 1209
1709540 1202
1709550 1195
1709560 1195
1709570 1194
1709580 1195
1709590 1195
1709600 1198
1709610 1206
1709620 1206
1709630 1208
1709640 1207
1709650 1207
1709660 1205
1709670 1207
1709680 1207
1709690 1209
1709700 1212
1709710 1212
1709720 1215
1709730 1219
1709740 1219
1709750 1224
1709760 1232
1709770 1232
1709780 1231
1709790 1220
1709800 1220
1709810 1216
1709820 1212
1709830 1212
1709840 1209
1709850 1211
1709860 1217
1709870 1217
1709880 1223
1709890 1226
1709900 1226
1709910 1225
1709920 1231
1709930 1231
1709940 1230
1709950 1231
1709960 1231
1709970 1229
1709980 1222
1709990 1222
1710000 1214
1710010 1212
1710020 1212
1710030 1213
1710040 1221
1710050 1221
1710060 1217
1710070 1219
1710080 1219
1710090 1216
1710100 1207
1710110 1207
1710120 1210
1710130 1214
1710140 1214
1710150 1218
1710160 1221
1710170 1221
1710180 1227
1710190 1228
1710200 1228
1710210 1231
1710220 1231
1710230 1231
1710240 1234
1710250 1234
1710260 1234
1710270 1233
1710280 1232
1710290 1232
1710300 1231
1710310 1228
1710320 1225
1710330 1225
1710340 1220
1710350 1215
1710360 1215
1710370 1215
1710380 1219
1710390 1219
1710400 1223
1710410 1228
1710420 1228
1710430 1234
1710440 1237
1710450 1237
1710460 1240
1710470 1243
1710480 1243
1710490 1243
1710500 1243
1710510 1243
1710520 1243
1710530 1242
1710540 1242
1710550 1240
1710560 1238
1710570 1238
1710580 1236
1710590 1234
1710600 1234
1710610 1230
1710620 1223
1710630 1223
1710640 1217
1710650 1211
1710660 1211
1710670 1206
1710680 1201
1710690 1201
1710700 1193
1710710 1198
1710720 1198
1710730 1204
1710740 1210
1710750 1213
1710760 1213
1710770 1216
1710780 1219
1710790 1219
1710800 1222
1710810 1225
1710820 1225
1710830 1228
1710840 1231
1710850 1231
1710860 1234
1710870 1236
1710880 1236
1710890 1239
1710900 1241
1710910 1241
1710920 1244
1710930 1246
1710940 1246
1710950 1247
1710960 1248
1710970 1248
1710980 1250
1710990 1251
1711000 1251
1711010 1252
1711020 1254
1711030 1254
1711040 1255
1711050 1256
1711060 1256
1711070 1256
1711080 1257
1711090 1257
1711100 1258
1711110 1259
1711120 1259
1711130 1260
1711140 1261
1711150 1261
1711160 1261
1711170 1262
1711180 1262
1711190 1264
1711200 1266
1711210 1268
1711220 1268
1711230 1270
1711240 1270
1711250 1270
1711260 1270
1711270 1274
1711280 1274
1711290 1275
1711300 1277
1711310 1277
1711320 1278
1711330 1280
1711340 1280
1711350 1282
1711360 1283
1711370 1283
1711380 1284
1711390 1284
1711400 1284
1711410 1285
1711420 1285
1711430 1285
1711440 1284
1711450 1284
1711460 1284
1711470 1284
1711480 1288
1711490 1288
1711500 1292
1711510 1293
1711520 1293
1711530 1295
1711540 1298
1711550 1298
1711560 1303
1711570 1308
1711580 1308
1711590 1312
1711600 1317
1711610 1317
1711620 1321
1711630 1326
1711640 1330
1711650 1330
1711660 1334
1711670 1338
1711680 1338
1711690 1343
1711700 1347
1711710 1347
1711720 1352
1711730 1356
1711740 1356
1711750 1361
1711760 1362
1711770 1362
1711780 1366
1711790 1369
1711800 1369
1711810 1373
1711820 1376
1711830 1376
1711840 1379
1711850 1382
1711860 1382
1711870 1385
1711880 1387
1711890 1387
1711900 1388
1711910 1390
1711920 1390
1711930 1391
1711940 1392
1711950 1392
1711960 1392
1711970 1391
1711980 1391
1711990 1390
1712000 1388
1712010 1388
1712020 1383
1712030 1377
1712040 1377
1712050 1371
1712060 1367
1712070 1367
1712080 1365
1712090 1362
1712100 1361
1712110 1361
1712120 1360
1712130 1359
1712140 1359
1712150 1360
1712160 1360
1712170 1360
1712180 1360
1712190 1359
1712200 1359
1712210 1359
1712220 1356
1712230 1356
1712240 1349
1712250 1355
1712260 1355
1712270 1362
1712280 1370
1712290 1370
1712300 1378
1712310 1385
1712320 1385
1712330 1395
1712340 1400
1712350 1400
1712360 1405
1712370 1410
1712380 1410
1712390 1414
1712400 1417
1712410 1417
1712420 1421
1712430 1423
1712440 1423
1712450 1425
1712460 1426
1712470 1426
1712480 1426
1712490 1427
1712500 1427
1712510 1429
1712520 1430
1712530 1432
1712540 1432
1712550 1435
1712560 1437
1712570 1437
1712580 1439
1712590 1442
1712600 1442
1712610 1445
1712620 1448
1712630 1448
1712640 1451
1712650 1455
1712660 1455
1712670 1460
1712680 1465
1712690 1465
1712700 1467
1712710 1470
1712720 1470
1712730 1474
1712740 1475
1712750 1475
1712760 1477
1712770 1480
1712780 1480
1712790 1483
1712800 1487
1712810 1487
1712820 1489
1712830 1493
1712840 1493
1712850 1494
1712860 1491
1712870 1491
1712880 1489
1712890 1488
1712900 1488
1712910 1487
1712920 1485
1712930 1485
1712940 1482
1712950 1480
1712960 1480
1712970 1478
1712980 1477
1712990 1475
1713000 1475
1713010 1473
1713020 1472
1713030 1472
1713040 1470
1713050 1468
1713060 1468
1713070 1467
1713080 1466
1713090 1466
1713100 1465
1713110 1465
1713120 1465
1713130 1464
1713140 1465
1713150 1465
1713160 1464
1713170 1464
1713180 1464
1713190 1464
1713200 1465
1713210 1465
1713220 1464
1713230 1463
1713240 1463
1713250 1462
1713260 1460
1713270 1460
1713280 1458
1713290 1455
1713300 1455
1713310 1454
1713320 1454
1713330 1454
1713340 1454
1713350 1453
1713360 1453
1713370 1453
1713380 1453
1713390 1453
1713400 1452
1713410 1451
1713420 1451
1713430 1449
1713440 1446
1713450 1443
1713460 1443
1713470 1440
1713480 1437
1713490 1437
1713500 1435
1713510 1434
1713520 1434
1713530 1433
1713540 1433
1713550 1433
1713560 1431
1713570 1430
1713580 1430
1713590 1429
1713600 1428
1713610 1428
1713620 1427
1713630 1425
1713640 1425
1713650 1424
1713660 1423
1713670 1423
1713680 1420
1713690 1417
1713700 1417
1713710 1404
1713720 1397
1713730 1397
1713740 1387
1713750 1381
1713760 1381
1713770 1377
1713780 1364
1713790 1364
1713800 1352
1713810 1338
1713820 1338
1713830 1340
1713840 1318
1713850 1318
1713860 1305
1713870 1298
1713880 1291
1713890 1291
1713900 1283
1713910 1276
1713920 1276
1713930 1270
1713940 1265
1713950 1265
1713960 1260
1713970 1254
1713980 1254
1713990 1250
1714000 1245
1714010 1245
1714020 1240
1714030 1235
1714040 1235
1714050 1231
1714060 1226
1714070 1226
1714080 1224
1714090 1221
1714100 1221
1714110 1222
1714120 1226
1714130 1226
1714140 1228
1714150 1222
1714160 1222
1714170 1215
1714180 1209
1714190 1209
1714200 1200
1714210 1191
1714220 1191
1714230 1182
1714240 1174
1714250 1174
1714260 1165
1714270 1157
1714280 1157
1714290 1150
1714300 1143
1714310 1143
1714320 1137
1714330 1129
1714340 1120
1714350 1120
1714360 1121
1714370 1127
1714380 1127
1714390 1132
1714400 1135
1714410 1135
1714420 1139
1714430 1143
1714440 1143
1714450 1146
1714460 1147
1714470 1147
1714480 1150
1714490 1151
1714500 1151
1714510 1153
1714520 1154
1714530 1154
1714540 1155
1714550 1156
1714560 1156
1714570 1159
1714580 1175
1714590 1175
1714600 1174
1714610 1172
1714620 1172
1714630 1170
1714640 1174
1714650 1174
1714660 1180
1714670 1190
1714680 1190
1714690 1197
1714700 1207
1714710 1207
1714720 1218
1714730 1205
1714740 1205
1714750 1198
1714760 1201
1714770 1205
1714780 1205
1714790 1211
1714800 1216
1714810 1216
1714820 1222
1714830 1227
1714840 1227
1714850 1229
1714860 1227
1714870 1227
1714880 1223
1714890 1222
1714900 1222
1714910 1224
1714920 1225
1714930 1225
1714940 1225
1714950 1224
1714960 1224
1714970 1227
1714980 1230
1714990 1230
1715000 1231
1715010 1228
1715020 1228
1715030 1225
1715040 1224
1715050 1224
1715060 1225
1715070 1225
1715080 1225
1715090 1230
1715100 1235
1715110 1235
1715120 1238
1715130 1238
1715140 1238
1715150 1241
1715160 1243
1715170 1243
1715180 1245
1715190 1246
1715200 1246
1715210 1251
1715220 1256
1715230 1261
1715240 1261
1715250 1266
1715260 1270
1715270 1270
1715280 1275
1715290 1279
1715300 1279
1715310 1283
1715320 1284
1715330 1284
1715340 1285
1715350 1286
1715360 1286
1715370 1283
1715380 1277
1715390 1277
1715400 1271
1715410 1270
1715420 1270
1715430 1267
1715440 1262
1715450 1262
1715460 1256
1715470 1250
1715480 1250
1715490 1244
1715500 1237
1715510 1237
1715520 1229
1715530 1221
1715540 1221
1715550 1213
1715560 1206
1715570 1206
1715580 1206
1715590 1204
1715600 1204
1715610 1202
1715620 1203
1715630 1203
1715640 1206
1715650 1208
1715660 1209
1715670 1209
1715680 1209
1715690 1209
1715700 1209
1715710 1209
1715720 1211
1715730 1211
1715740 1213
1715750 1218
1715760 1218
1715770 1222
1715780 1226
1715790 1226
1715800 1230
1715810 1232
1715820 1232
1715830 1236
1715840 1238
1715850 1238
1715860 1243
1715870 1246
1715880 1246
1715890 1249
1715900 1252
1715910 1252
1715920 1255
1715930 1258
1715940 1258
1715950 1260
1715960 1265
1715970 1265
1715980 1268
1715990 1270
1716000 1270
1716010 1273
1716020 1275
1716030 1275
1716040 1279
1716050 1282
1716060 1282
1716070 1285
1716080 1288
1716090 1288
1716100 1294
1716110 1300
1716120 1300
1716130 1300
1716140 1300
1716150 1299
1716160 1299
1716170 1295
1716180 1293
1716190 1293
1716200 1291
1716210 1288
1716220 1288
1716230 1287
1716240 1285
1716250 1285
1716260 1282
1716270 1280
1716280 1280
1716290 1277
1716300 1273
1716310 1273
1716320 1270
1716330 1267
1716340 1267
1716350 1264
1716360 1259
1716370 1259
1716380 1256
1716390 1252
1716400 1252
1716410 1248
1716420 1244
1716430 1244
1716440 1239
1716450 1236
1716460 1236
1716470 1232
1716480 1228
1716490 1228
1716500 1224
1716510 1221
1716520 1221
1716530 1218
1716540 1221
1716550 1221
1716560 1218
1716570 1217
1716580 1215
1716590 1215
1716600 1212
1716610 1209
1716620 1209
1716630 1205
1716640 1202
1716650 1202
1716660 1197
1716670 1191
1716680 1191
1716690 1187
1716700 1180
1716710 1180
1716720 1172
1716730 1164
1716740 1164
1716750 1158
1716760 1152
1716770 1152
1716780 1147
1716790 1142
1716800 1142
1716810 1137
1716820 1132
1716830 1132
1716840 1125
1716850 1119
1716860 1119
1716870 1112
1716880 1106
1716890 1106
1716900 1100
1716910 1096
1716920 1096
1716930 1095
1716940 1095
1716950 1095
1716960 1094
1716970 1095
1716980 1095
1716990 1096
1717000 1096
1717010 1096
1717020 1096
1717030 1093
1717040 1090
1717050 1090
1717060 1086
1717070 1082
1717080 1082
1717090 1080
1717100 1075
1717110 1075
1717120 1069
1717130 1066
1717140 1066
1717150 1068
1717160 1069
1717170 1069
1717180 1067
1717190 1067
1717200 1067
1717210 1069
1717220 1070
1717230 1070
1717240 1072
1717250 1072
1717260 1072
1717270 1069
1717280 1058
1717290 1058
1717300 1047
1717310 1035
1717320 1035
1717330 1020
1717340 1006
1717350 1006
1717360 998
1717370 990
1717380 990
1717390 982
1717400 975
1717410 975
1717420 967
1717430 958
1717440 958
1717450 949
1717460 943
1717470 935
1717480 935
1717490 928
1717500 922
1717510 922
1717520 914
1717530 904
1717540 904
1717550 902
1717560 910
1717570 910
1717580 920
1717590 928
1717600 928
1717610 932
1717620 938
1717630 938
1717640 943
1717650 951
1717660 951
1717670 957
1717680 966
1717690 966
1717700 973
1717710 980
1717720 980
1717730 987
1717740 994
1717750 994
1717760 1002
1717770 1009
1717780 1009
1717790 1010
1717800 1014
1717810 1014
1717820 1018
1717830 1023
1717840 1023
1717850 1030
1717860 1037
1717870 1037
1717880 1045
1717890 1053
1717900 1062
1717910 1062
1717920 1070
1717930 1077
1717940 1077
1717950 1087
1717960 1095
1717970 1095
1717980 1099
1717990 1104
1718000 1104
1718010 1111
1718020 1117
1718030 1117
1718040 1120
1718050 1121
1718060 1121
1718070 1121
1718080 1122
1718090 1122
1718100 1122
1718110 1122
1718120 1122
1718130 1123
1718140 1123
1718150 1123
1718160 1124
1718170 1125
1718180 1125
1718190 1125
1718200 1125
1718210 1125
1718220 1125
1718230 1125
1718240 1125
1718250 1123
1718260 1119
1718270 1119
1718280 1114
1718290 1109
1718300 1109
1718310 1095
1718320 1087
1718330 1087
1718340 1079
1718350 1072
1718360 1065
1718370 1065
1718380 1055
1718390 1052
1718400 1052
1718410 1054
1718420 1054
1718430 1054
1718440 1056
1718450 1060
1718460 1060
1718470 1064
1718480 1068
1718490 1068
1718500 1071
1718510 1075
1718520 1075
1718530 1079
1718540 1083
1718550 1083
1718560 1086
1718570 1087
1718580 1087
1718590 1080
1718600 1074
1718610 1074
1718620 1068
1718630 1062
1718640 1062
1718650 1058
1718660 1057
1718670 1057
1718680 1056
1718690 1055
1718700 1055
1718710 1058
1718720 1062
1718730 1062
1718740 1070
1718750 1069
1718760 1069
1718770 1068
1718780 1065
1718790 1062
1718800 1062
1718810 1062
1718820 1061
1718830 1061
1718840 1062
1718850 1060
1718860 1060
1718870 1050
1718880 1041
1718890 1041
1718900 1035
1718910 1031
1718920 1031
1718930 1018
1718940 1015
1718950 1015
1718960 1010
1718970 1012
1718980 1012
1718990 1021
1719000 1025
1719010 1025
1719020 1033
1719030 1039
1719040 1039
1719050 1044
1719060 1051
1719070 1051
1719080 1061
1719090 1067
1719100 1067
1719110 1070
1719120 1073
1719130 1073
1719140 1076
1719150 1080
1719160 1080
1719170 1084
1719180 1087
1719190 1087
1719200 1085
1719210 1088
1719220 1088
1719230 1089
1719240 1091
1719250 1092
1719260 1092
1719270 1094
1719280 1096
1719290 1096
1719300 1098
1719310 1100
1719320 1100
1719330 1101
1719340 1102
1719350 1102
1719360 1103
1719370 1103
1719380 1103
1719390 1101
1719400 1106
1719410 1106
1719420 1113
1719430 1119
1719440 1119
1719450 1125
1719460 1131
1719470 1131
1719480 1138
1719490 1144
1719500 1144
1719510 1150
1719520 1155
1719530 1155
1719540 1162
1719550 1168
1719560 1168
1719570 1174
1719580 1180
1719590 1180
1719600 1186
1719610 1192
1719620 1192
1719630 1198
1719640 1204
1719650 1204
1719660 1209
1719670 1215
1719680 1215
1719690 1220
1719700 1226
1719710 1230
1719720 1230
1719730 1235
1719740 1240
1719750 1240
1719760 1244
1719770 1249
1719780 1249
1719790 1252
1719800 1255
1719810 1255
1719820 1258
1719830 1260
1719840 1260
1719850 1261
1719860 1261
1719870 1261
1719880 1263
1719890 1264
1719900 1264
1719910 1264
1719920 1262
1719930 1262
1719940 1260
1719950 1258
1719960 1258
1719970 1256
1719980 1252
1719990 1252
