1700000 1396
1700010 1396
1700020 1399
1700030 1403
1700040 1403
1700050 1407
1700060 1410
1700070 1410
1700080 1414
1700090 1417
1700100 1417
1700110 1421
1700120 1424
1700130 1424
1700140 1427
1700150 1429
1700160 1429
1700170 1432
1700180 1434
1700190 1434
1700200 1436
1700210 1438
1700220 1438
1700230 1440
1700240 1443
1700250 1443
1700260 1446
1700270 1448
1700280 1448
1700290 1451
1700300 1453
1700310 1453
1700320 1456
1700330 1458
1700340 1458
1700350 1459
1700360 1461
1700370 1461
1700380 1464
1700390 1466
1700400 1466
1700410 1468
1700420 1470
1700430 1471
1700440 1471
1700450 1473
1700460 1474
1700470 1474
1700480 1476
1700490 1476
1700500 1476
1700510 1477
1700520 1478
1700530 1478
1700540 1479
1700550 1480
1700560 1480
1700570 1481
1700580 1483
1700590 1483
1700600 1484
1700610 1484
1700620 1484
1700630 1484
1700640 1483
1700650 1483
1700660 1483
1700670 1481
1700680 1481
1700690 1480
1700700 1478
1700710 1478
1700720 1477
1700730 1476
1700740 1476
1700750 1473
1700760 1471
1700770 1471
1700780 1469
1700790 1467
1700800 1467
1700810 1465
1700820 1460
1700830 1460
1700840 1455
1700850 1451
1700860 1451
1700870 1445
1700880 1440
1700890 1435
1700900 1435
1700910 1429
1700920 1424
1700930 1424
1700940 1418
1700950 1413
1700960 1413
1700970 1407
1700980 1402
1700990 1402
1701000 1397
1701010 1391
1701020 1391
1701030 1387
1701040 1381
1701050 1381
1701060 1376
1701070 1370
1701080 1370
1701090 1361
1701100 1355
1701110 1355
1701120 1350
1701130 1346
1701140 1346
1701150 1336
1701160 1328
1701170 1328
1701180 1321
1701190 1316
1701200 1316
1701210 1313
1701220 1311
1701230 1311
1701240 1308
1701250 1303
1701260 1303
1701270 1300
1701280 1294
1701290 1294
1701300 1289
1701310 1285
1701320 1279
1701330 1279
1701340 1270
1701350 1262
1701360 1262
1701370 1255
1701380 1249
1701390 1249
1701400 1242
1701410 1234
1701420 1234
1701430 1227
1701440 1222
1701450 1222
1701460 1217
1701470 1213
1701480 1213
1701490 1210
1701500 1203
1701510 1203
1701520 1194
1701530 1187
1701540 1187
1701550 1180
1701560 1174
1701570 1174
1701580 1169
1701590 1164
1701600 1164
1701610 1159
1701620 1155
1701630 1155
1701640 1150
1701650 1145
1701660 1145
1701670 1140
1701680 1135
1701690 1135
1701700 1130
1701710 1125
1701720 1125
1701730 1120
1701740 1116
1701750 1116
1701760 1112
1701770 1107
1701780 1103
1701790 1103
1701800 1099
1701810 1096
1701820 1096
1701830 1093
1701840 1088
1701850 1088
1701860 1085
1701870 1082
1701880 1082
1701890 1078
1701900 1075
1701910 1075
1701920 1071
1701930 1068
1701940 1068
1701950 1066
1701960 1063
1701970 1063
1701980 1060
1701990 1056
1702000 1056
1702010 1053
1702020 1050
1702030 1050
1702040 1047
1702050 1045
1702060 1045
1702070 1042
1702080 1040
1702090 1040
1702100 1038
1702110 1035
1702120 1035
1702130 1033
1702140 1030
1702150 1030
1702160 1028
1702170 1025
1702180 1025
1702190 1023
1702200 1020
1702210 1020
1702220 1017
1702230 1015
1702240 1013
1702250 1013
1702260 1011
1702270 1008
1702280 1008
1702290 1006
1702300 1004
1702310 1004
1702320 1003
1702330 1001
1702340 1001
1702350 999
1702360 998
1702370 998
1702380 997
1702390 996
1702400 996
1702410 993
1702420 993
1702430 993
1702440 995
1702450 996
1702460 996
1702470 998
1702480 1001
1702490 1001
1702500 1004
1702510 1006
1702520 1006
1702530 1008
1702540 1009
1702550 1009
1702560 1012
1702570 1016
1702580 1016
1702590 1021
1702600 1023
1702610 1023
1702620 1024
1702630 1023
1702640 1023
1702650 1021
1702660 1019
1702670 1019
1702680 1017
1702690 1014
1702700 1012
1702710 1012
1702720 1009
1702730 1007
1702740 1007
1702750 1005
1702760 1003
1702770 1003
1702780 1001
1702790 999
1702800 999
1702810 997
1702820 995
1702830 995
1702840 993
1702850 992
1702860 992
1702870 990
1702880 987
1702890 987
1702900 986
1702910 986
1702920 986
1702930 985
1702940 982
1702950 982
1702960 982
1702970 984
1702980 984
1702990 987
1703000 990
1703010 990
1703020 992
1703030 995
1703040 995
1703050 996
1703060 998
1703070 998
1703080 1000
1703090 1002
1703100 1002
1703110 1003
1703120 1005
1703130 1007
1703140 1007
1703150 1009
1703160 1011
1703170 1011
1703180 1013
1703190 1015
1703200 1015
1703210 1017
1703220 1019
1703230 1019
1703240 1021
1703250 1024
1703260 1024
1703270 1026
1703280 1027
1703290 1027
1703300 1029
1703310 1031
1703320 1031
1703330 1033
1703340 1036
1703350 1036
1703360 1039
1703370 1041
1703380 1041
1703390 1044
1703400 1046
1703410 1046
1703420 1050
1703430 1052
1703440 1052
1703450 1055
1703460 1057
1703470 1057
1703480 1058
1703490 1059
1703500 1059
1703510 1060
1703520 1061
1703530 1061
1703540 1062
1703550 1063
1703560 1063
1703570 1065
1703580 1066
1703590 1071
1703600 1071
1703610 1074
1703620 1075
1703630 1075
1703640 1077
1703650 1079
1703660 1079
1703670 1082
1703680 1085
1703690 1085
1703700 1087
1703710 1088
1703720 1088
1703730 1090
1703740 1090
1703750 1090
1703760 1091
1703770 1091
1703780 1091
1703790 1092
1703800 1093
1703810 1093
1703820 1092
1703830 1093
1703840 1093
1703850 1093
1703860 1093
1703870 1092
1703880 1091
1703890 1088
1703900 1088
1703910 1084
1703920 1079
1703930 1079
1703940 1073
1703950 1069
1703960 1069
1703970 1064
1703980 1059
1703990 1059
1704000 1054
1704010 1048
1704020 1048
1704030 1042
1704040 1038
1704050 1032
1704060 1032
1704070 1026
1704080 1025
1704090 1025
1704100 1027
1704110 1030
1704120 1030
1704130 1033
1704140 1034
1704150 1034
1704160 1034
1704170 1033
1704180 1033
1704190 1030
1704200 1027
1704210 1027
1704220 1023
1704230 1021
1704240 1021
1704250 1029
1704260 1036
1704270 1036
1704280 1042
1704290 1047
1704300 1047
1704310 1054
1704320 1060
1704330 1060
1704340 1068
1704350 1073
1704360 1073
1704370 1079
1704380 1084
1704390 1084
1704400 1089
1704410 1093
1704420 1093
1704430 1099
1704440 1106
1704450 1106
1704460 1112
1704470 1116
1704480 1116
1704490 1118
1704500 1117
1704510 1117
1704520 1117
1704530 1116
1704540 1116
1704550 1116
1704560 1116
1704570 1115
1704580 1115
1704590 1115
1704600 1114
1704610 1114
1704620 1114
1704630 1114
1704640 1114
1704650 1114
1704660 1115
1704670 1115
1704680 1115
1704690 1114
1704700 1114
1704710 1114
1704720 1114
1704730 1114
1704740 1114
1704750 1116
1704760 1116
1704770 1116
1704780 1116
1704790 1116
1704800 1117
1704810 1118
1704820 1118
1704830 1118
1704840 1118
1704850 1118
1704860 1118
1704870 1107
1704880 1107
1704890 1103
1704900 1097
1704910 1097
1704920 1089
1704930 1081
1704940 1074
1704950 1074
1704960 1066
1704970 1060
1704980 1060
1704990 1054
1705000 1051
1705010 1051
1705020 1048
1705030 1045
1705040 1045
1705050 1042
1705060 1038
1705070 1038
1705080 1036
1705090 1033
1705100 1033
1705110 1030
1705120 1027
1705130 1027
1705140 1024
1705150 1020
1705160 1020
1705170 1016
1705180 1014
1705190 1014
1705200 1013
1705210 1011
1705220 1011
1705230 1005
1705240 1006
1705250 1006
1705260 1006
1705270 1008
1705280 1008
1705290 1009
1705300 1011
1705310 1011
1705320 1014
1705330 1018
1705340 1018
1705350 1020
1705360 1023
1705370 1023
1705380 1028
1705390 1031
1705400 1035
1705410 1035
1705420 1039
1705430 1044
1705440 1044
1705450 1047
1705460 1051
1705470 1051
1705480 1054
1705490 1057
1705500 1057
1705510 1060
1705520 1062
1705530 1062
1705540 1060
1705550 1057
1705560 1057
1705570 1052
1705580 1046
1705590 1046
1705600 1041
1705610 1033
1705620 1033
1705630 1027
1705640 1021
1705650 1021
1705660 1014
1705670 1008
1705680 1008
1705690 1003
1705700 996
1705710 996
1705720 989
1705730 983
1705740 983
1705750 976
1705760 969
1705770 969
1705780 963
1705790 956
1705800 956
1705810 950
1705820 943
1705830 943
1705840 937
1705850 930
1705860 925
1705870 925
1705880 919
1705890 913
1705900 913
1705910 908
1705920 902
1705930 902
1705940 897
1705950 893
1705960 893
1705970 888
1705980 883
1705990 883
1706000 879
1706010 875
1706020 875
1706030 867
1706040 862
1706050 862
1706060 856
1706070 850
1706080 850
1706090 845
1706100 841
1706110 841
1706120 835
1706130 829
1706140 829
1706150 824
1706160 819
1706170 819
1706180 816
1706190 813
1706200 813
1706210 809
1706220 807
1706230 807
1706240 806
1706250 806
1706260 806
1706270 804
1706280 802
1706290 802
1706300 802
1706310 802
1706320 802
1706330 802
1706340 803
1706350 803
1706360 803
1706370 804
1706380 801
1706390 801
1706400 804
1706410 804
1706420 804
1706430 803
1706440 803
1706450 803
1706460 803
1706470 803
1706480 803
1706490 803
1706500 804
1706510 804
1706520 809
1706530 815
1706540 815
1706550 822
1706560 828
1706570 828
1706580 834
1706590 839
1706600 839
1706610 844
1706620 849
1706630 849
1706640 854
1706650 858
1706660 858
1706670 862
1706680 864
1706690 864
1706700 864
1706710 863
1706720 863
1706730 864
1706740 866
1706750 866
1706760 869
1706770 872
1706780 876
1706790 876
1706800 878
1706810 881
1706820 881
1706830 883
1706840 883
1706850 883
1706860 880
1706870 877
1706880 877
1706890 872
1706900 870
1706910 870
1706920 869
1706930 866
1706940 866
1706950 867
1706960 867
1706970 867
1706980 866
1706990 868
1707000 868
1707010 874
1707020 875
1707030 875
1707040 876
1707050 877
1707060 877
1707070 878
1707080 883
1707090 883
1707100 887
1707110 891
1707120 891
1707130 894
1707140 896
1707150 896
1707160 897
1707170 897
1707180 897
1707190 898
1707200 898
1707210 898
1707220 898
1707230 897
1707240 897
1707250 897
1707260 893
1707270 892
1707280 892
1707290 892
1707300 892
1707310 892
1707320 889
1707330 886
1707340 886
1707350 884
1707360 883
1707370 883
1707380 880
1707390 877
1707400 877
1707410 876
1707420 872
1707430 870
1707440 869
1707450 868
1707460 868
1707470 870
1707480 872
1707490 872
1707500 869
1707510 868
1707520 868
1707530 871
1707540 876
1707550 876
1707560 880
1707570 879
1707580 879
1707590 878
1707600 877
1707610 877
1707620 879
1707630 880
1707640 880
1707650 882
1707660 880
1707670 876
1707680 876
1707690 880
1707700 882
1707710 882
1707720 878
1707730 882
1707740 882
1707750 889
1707760 892
1707770 892
1707780 895
1707790 898
1707800 898
1707810 900
1707820 902
1707830 902
1707840 901
1707850 896
1707860 896
1707870 892
1707880 888
1707890 888
1707900 884
1707910 879
1707920 879
1707930 876
1707940 871
1707950 871
1707960 866
1707970 862
1707980 862
1707990 861
1708000 862
1708010 862
1708020 863
1708030 863
1708040 863
1708050 864
1708060 865
1708070 865
1708080 866
1708090 867
1708100 867
1708110 868
1708120 868
1708130 867
1708140 867
1708150 868
1708160 870
1708170 870
1708180 871
1708190 872
1708200 872
1708210 873
1708220 873
1708230 873
1708240 874
1708250 874
1708260 874
1708270 876
1708280 876
1708290 876
1708300 877
1708310 881
1708320 881
1708330 880
1708340 879
1708350 879
1708360 880
1708370 881
1708380 881
1708390 882
1708400 883
1708410 883
1708420 884
1708430 885
1708440 885
1708450 888
1708460 894
1708470 894
1708480 900
1708490 905
1708500 905
1708510 906
1708520 912
1708530 912
1708540 918
1708550 923
1708560 923
1708570 929
1708580 933
1708590 937
1708600 937
1708610 941
1708620 944
1708630 944
1708640 947
1708650 950
1708660 950
1708670 954
1708680 959
1708690 959
1708700 964
1708710 968
1708720 968
1708730 971
1708740 965
1708750 965
1708760 959
1708770 953
1708780 953
1708790 947
1708800 942
1708810 942
1708820 936
1708830 929
1708840 929
1708850 933
1708860 943
1708870 943
1708880 953
1708890 959
1708900 959
1708910 967
1708920 974
1708930 974
1708940 981
1708950 987
1708960 987
1708970 994
1708980 999
1708990 999
1709000 1004
1709010 1009
1709020 1013
1709030 1013
1709040 1015
1709050 1017
1709060 1017
1709070 1020
1709080 1020
1709090 1020
1709100 1024
1709110 1027
1709120 1027
1709130 1030
1709140 1034
1709150 1034
1709160 1038
1709170 1041
1709180 1041
1709190 1043
1709200 1047
1709210 1047
1709220 1050
1709230 1053
1709240 1053
1709250 1056
1709260 1059
1709270 1059
1709280 1061
1709290 1063
1709300 1063
1709310 1066
1709320 1068
1709330 1068
1709340 1071
1709350 1073
1709360 1073
1709370 1074
1709380 1076
1709390 1076
1709400 1079
1709410 1082
1709420 1082
1709430 1086
1709440 1090
1709450 1090
1709460 1096
1709470 1101
1709480 1102
1709490 1102
1709500 1102
1709510 1103
1709520 1103
1709530 1110
1709540 1118
1709550 1118
1709560 1124
1709570 1129
1709580 1129
1709590 1135
1709600 1141
1709610 1141
1709620 1146
1709630 1151
1709640 1151
1709650 1158
1709660 1164
1709670 1164
1709680 1169
1709690 1174
1709700 1174
1709710 1179
1709720 1184
1709730 1184
1709740 1189
1709750 1195
1709760 1195
1709770 1202
1709780 1209
1709790 1209
1709800 1213
1709810 1216
1709820 1216
1709830 1218
1709840 1221
1709850 1221
1709860 1226
1709870 1229
1709880 1229
1709890 1233
1709900 1236
1709910 1236
1709920 1239
1709930 1241
1709940 1241
1709950 1241
1709960 1239
1709970 1234
1709980 1234
1709990 1230
1710000 1226
1710010 1226
1710020 1222
1710030 1216
1710040 1216
1710050 1211
1710060 1205
1710070 1205
1710080 1199
1710090 1194
1710100 1194
1710110 1189
1710120 1184
1710130 1184
1710140 1179
1710150 1171
1710160 1171
1710170 1167
1710180 1166
1710190 1166
1710200 1163
1710210 1155
1710220 1155
1710230 1150
1710240 1145
1710250 1145
1710260 1142
1710270 1137
1710280 1137
1710290 1134
1710300 1130
1710310 1130
1710320 1128
1710330 1126
1710340 1126
1710350 1125
1710360 1125
1710370 1125
1710380 1127
1710390 1128
1710400 1130
1710410 1130
1710420 1133
1710430 1135
1710440 1135
1710450 1138
1710460 1140
1710470 1140
1710480 1141
1710490 1142
1710500 1142
1710510 1146
1710520 1148
1710530 1148
1710540 1150
1710550 1153
1710560 1153
1710570 1157
1710580 1162
1710590 1162
1710600 1167
1710610 1173
1710620 1173
1710630 1178
1710640 1183
1710650 1183
1710660 1186
1710670 1188
1710680 1188
1710690 1190
1710700 1191
1710710 1191
1710720 1193
1710730 1194
1710740 1194
1710750 1195
1710760 1196
1710770 1196
1710780 1196
1710790 1198
1710800 1198
1710810 1199
1710820 1201
1710830 1204
1710840 1204
1710850 1208
1710860 1212
1710870 1212
1710880 1216
1710890 1221
1710900 1221
1710910 1226
1710920 1232
1710930 1232
1710940 1237
1710950 1241
1710960 1241
1710970 1245
1710980 1248
1710990 1248
1711000 1252
1711010 1255
1711020 1255
1711030 1259
1711040 1259
1711050 1259
1711060 1257
1711070 1258
1711080 1258
1711090 1261
1711100 1267
1711110 1267
1711120 1272
1711130 1277
1711140 1277
1711150 1281
1711160 1286
1711170 1286
1711180 1290
1711190 1293
1711200 1293
1711210 1296
1711220 1300
1711230 1300
1711240 1308
1711250 1318
1711260 1318
1711270 1323
1711280 1310
1711290 1310
1711300 1310
1711310 1319
1711320 1327
1711330 1327
1711340 1336
1711350 1344
1711360 1344
1711370 1353
1711380 1359
1711390 1359
1711400 1362
1711410 1367
1711420 1367
1711430 1371
1711440 1374
1711450 1374
1711460 1378
1711470 1381
1711480 1381
1711490 1385
1711500 1389
1711510 1389
1711520 1394
1711530 1401
1711540 1401
1711550 1404
1711560 1405
1711570 1405
1711580 1404
1711590 1403
1711600 1403
1711610 1402
1711620 1400
1711630 1400
1711640 1399
1711650 1397
1711660 1397
1711670 1394
1711680 1391
1711690 1391
1711700 1385
1711710 1379
1711720 1379
1711730 1374
1711740 1368
1711750 1363
1711760 1363
1711770 1359
1711780 1354
1711790 1354
1711800 1350
1711810 1345
1711820 1345
1711830 1341
1711840 1337
1711850 1337
1711860 1334
1711870 1331
1711880 1331
1711890 1329
1711900 1328
1711910 1328
1711920 1327
1711930 1325
1711940 1325
1711950 1323
1711960 1320
1711970 1320
1711980 1317
1711990 1313
1712000 1313
1712010 1310
1712020 1306
1712030 1306
1712040 1303
1712050 1298
1712060 1298
1712070 1294
1712080 1290
1712090 1290
1712100 1287
1712110 1281
1712120 1281
1712130 1277
1712140 1271
1712150 1271
1712160 1267
1712170 1260
1712180 1260
1712190 1254
1712200 1249
1712210 1245
1712220 1245
1712230 1242
1712240 1238
1712250 1238
1712260 1235
1712270 1232
1712280 1232
1712290 1229
1712300 1228
1712310 1228
1712320 1226
1712330 1224
1712340 1224
1712350 1221
1712360 1219
1712370 1219
1712380 1215
1712390 1211
1712400 1211
1712410 1207
1712420 1203
1712430 1203
1712440 1200
1712450 1197
1712460 1197
1712470 1193
1712480 1190
1712490 1190
1712500 1187
1712510 1186
1712520 1186
1712530 1184
1712540 1180
1712550 1180
1712560 1179
1712570 1177
1712580 1177
1712590 1175
1712600 1175
1712610 1175
1712620 1174
1712630 1172
1712640 1172
1712650 1172
1712660 1172
1712670 1173
1712680 1173
1712690 1176
1712700 1179
1712710 1179
1712720 1181
1712730 1184
1712740 1184
1712750 1188
1712760 1193
1712770 1193
1712780 1196
1712790 1199
1712800 1199
1712810 1204
1712820 1208
1712830 1208
1712840 1213
1712850 1218
1712860 1218
1712870 1222
1712880 1226
1712890 1226
1712900 1229
1712910 1233
1712920 1233
1712930 1236
1712940 1239
1712950 1239
1712960 1242
1712970 1246
1712980 1246
1712990 1250
1713000 1254
1713010 1254
1713020 1259
1713030 1263
1713040 1263
1713050 1268
1713060 1272
1713070 1272
1713080 1277
1713090 1282
1713100 1287
1713110 1287
1713120 1291
1713130 1296
1713140 1296
1713150 1300
1713160 1305
1713170 1305
1713180 1309
1713190 1314
1713200 1314
1713210 1319
1713220 1324
1713230 1324
1713240 1330
1713250 1335
1713260 1335
1713270 1340
1713280 1345
1713290 1345
1713300 1351
1713310 1356
1713320 1356
1713330 1361
1713340 1366
1713350 1366
1713360 1372
1713370 1377
1713380 1377
1713390 1383
1713400 1389
1713410 1389
1713420 1394
1713430 1401
1713440 1401
1713450 1407
1713460 1413
1713470 1413
1713480 1418
1713490 1425
1713500 1425
1713510 1431
1713520 1437
1713530 1437
1713540 1443
1713550 1449
1713560 1455
1713570 1455
1713580 1461
1713590 1467
1713600 1467
1713610 1473
1713620 1480
1713630 1480
1713640 1486
1713650 1493
1713660 1493
1713670 1504
1713680 1513
1713690 1513
1713700 1521
1713710 1535
1713720 1535
1713730 1548
1713740 1555
1713750 1555
1713760 1562
1713770 1569
1713780 1569
1713790 1579
1713800 1585
1713810 1585
1713820 1589
1713830 1589
1713840 1589
1713850 1587
1713860 1584
1713870 1584
1713880 1582
1713890 1581
1713900 1581
1713910 1579
1713920 1575
1713930 1575
1713940 1571
1713950 1567
1713960 1567
1713970 1563
1713980 1560
1713990 1560
1714000 1557
1714010 1554
1714020 1553
1714030 1553
1714040 1554
1714050 1553
1714060 1553
1714070 1550
1714080 1548
1714090 1548
1714100 1546
1714110 1541
1714120 1541
1714130 1536
1714140 1530
1714150 1530
1714160 1526
1714170 1520
1714180 1520
1714190 1514
1714200 1509
1714210 1509
1714220 1504
1714230 1499
1714240 1499
1714250 1494
1714260 1488
1714270 1488
1714280 1482
1714290 1477
1714300 1477
1714310 1471
1714320 1465
1714330 1465
1714340 1460
1714350 1454
1714360 1454
1714370 1449
1714380 1445
1714390 1445
1714400 1441
1714410 1440
1714420 1440
1714430 1442
1714440 1442
1714450 1442
1714460 1443
1714470 1444
1714480 1445
1714490 1445
1714500 1446
1714510 1445
1714520 1445
1714530 1443
1714540 1440
1714550 1440
1714560 1436
1714570 1432
1714580 1432
1714590 1425
1714600 1420
1714610 1420
1714620 1417
1714630 1415
1714640 1415
1714650 1413
1714660 1413
1714670 1413
1714680 1410
1714690 1409
1714700 1409
1714710 1409
1714720 1409
1714730 1409
1714740 1408
1714750 1410
1714760 1410
1714770 1412
1714780 1411
1714790 1411
1714800 1410
1714810 1409
1714820 1409
1714830 1407
1714840 1405
1714850 1405
1714860 1403
1714870 1400
1714880 1400
1714890 1398
1714900 1395
1714910 1391
1714920 1391
1714930 1388
1714940 1393
1714950 1393
1714960 1399
1714970 1405
1714980 1405
1714990 1413
1715000 1417
1715010 1417
1715020 1420
1715030 1424
1715040 1424
1715050 1427
1715060 1431
1715070 1431
1715080 1433
1715090 1436
1715100 1436
1715110 1439
1715120 1441
1715130 1441
1715140 1444
1715150 1447
1715160 1447
1715170 1450
1715180 1453
1715190 1453
1715200 1456
1715210 1459
1715220 1459
1715230 1463
1715240 1467
1715250 1467
1715260 1471
1715270 1475
1715280 1475
1715290 1479
1715300 1482
1715310 1482
1715320 1486
1715330 1490
1715340 1490
1715350 1493
1715360 1497
1715370 1501
1715380 1501
1715390 1505
1715400 1509
1715410 1509
1715420 1509
1715430 1502
1715440 1502
1715450 1498
1715460 1493
1715470 1493
1715480 1481
1715490 1475
1715500 1475
1715510 1468
1715520 1462
1715530 1462
1715540 1454
1715550 1446
1715560 1446
1715570 1440
1715580 1435
1715590 1435
1715600 1429
1715610 1424
1715620 1424
1715630 1419
1715640 1413
1715650 1413
1715660 1407
1715670 1400
1715680 1400
1715690 1393
1715700 1387
1715710 1387
1715720 1382
1715730 1377
1715740 1377
1715750 1373
1715760 1368
1715770 1368
1715780 1364
1715790 1359
1715800 1359
1715810 1354
1715820 1348
1715830 1341
1715840 1341
1715850 1334
1715860 1326
1715870 1326
1715880 1320
1715890 1314
1715900 1314
1715910 1310
1715920 1305
1715930 1305
1715940 1300
1715950 1295
1715960 1295
1715970 1291
1715980 1287
1715990 1287
1716000 1284
1716010 1281
1716020 1281
1716030 1277
1716040 1274
1716050 1274
1716060 1271
1716070 1268
1716080 1268
1716090 1265
1716100 1260
1716110 1260
1716120 1256
1716130 1252
1716140 1252
1716150 1248
1716160 1244
1716170 1244
1716180 1240
1716190 1236
1716200 1236
1716210 1231
1716220 1226
1716230 1226
1716240 1222
1716250 1218
1716260 1218
1716270 1214
1716280 1210
1716290 1207
1716300 1207
1716310 1203
1716320 1199
1716330 1199
1716340 1195
1716350 1192
1716360 1192
1716370 1189
1716380 1187
1716390 1187
1716400 1183
1716410 1181
1716420 1181
1716430 1177
1716440 1176
1716450 1176
1716460 1174
1716470 1171
1716480 1171
1716490 1167
1716500 1164
1716510 1164
1716520 1161
1716530 1154
1716540 1154
1716550 1152
1716560 1149
1716570 1149
1716580 1146
1716590 1144
1716600 1144
1716610 1141
1716620 1139
1716630 1139
1716640 1137
1716650 1134
1716660 1134
1716670 1131
1716680 1129
1716690 1129
1716700 1127
1716710 1125
1716720 1123
1716730 1123
1716740 1122
1716750 1122
1716760 1122
1716770 1122
1716780 1122
1716790 1122
1716800 1121
1716810 1120
1716820 1120
1716830 1119
1716840 1118
1716850 1118
1716860 1116
1716870 1113
1716880 1113
1716890 1112
1716900 1110
1716910 1110
1716920 1110
1716930 1111
1716940 1111
1716950 1112
1716960 1113
1716970 1113
1716980 1112
1716990 1103
1717000 1103
1717010 1093
1717020 1086
1717030 1086
1717040 1077
1717050 1069
1717060 1069
1717070 1059
1717080 1050
1717090 1050
1717100 1035
1717110 1025
1717120 1025
1717130 1017
1717140 1009
1717150 1009
1717160 1001
1717170 992
1717180 986
1717190 986
1717200 980
1717210 981
1717220 981
1717230 984
1717240 993
1717250 993
1717260 995
1717270 1003
1717280 1003
1717290 1011
1717300 1018
1717310 1018
1717320 1027
1717330 1037
1717340 1037
1717350 1053
1717360 1060
1717370 1060
1717380 1067
1717390 1073
1717400 1073
1717410 1080
1717420 1087
1717430 1087
1717440 1093
1717450 1100
1717460 1100
1717470 1107
1717480 1114
1717490 1114
1717500 1121
1717510 1128
1717520 1128
1717530 1137
1717540 1151
1717550 1151
1717560 1160
1717570 1165
1717580 1165
1717590 1170
1717600 1177
1717610 1177
1717620 1183
1717630 1190
1717640 1198
1717650 1198
1717660 1229
1717670 1240
1717680 1240
1717690 1246
1717700 1252
1717710 1252
1717720 1259
1717730 1264
1717740 1264
1717750 1270
1717760 1273
1717770 1273
1717780 1274
1717790 1275
1717800 1275
1717810 1277
1717820 1279
1717830 1279
1717840 1282
1717850 1286
1717860 1286
1717870 1289
1717880 1292
1717890 1292
1717900 1294
1717910 1294
1717920 1294
1717930 1294
1717940 1294
1717950 1294
1717960 1295
1717970 1296
1717980 1296
1717990 1296
1718000 1296
1718010 1296
1718020 1296
1718030 1298
1718040 1298
1718050 1299
1718060 1301
1718070 1301
1718080 1303
1718090 1306
1718100 1309
1718110 1309
1718120 1312
1718130 1315
1718140 1315
1718150 1318
1718160 1321
1718170 1321
1718180 1324
1718190 1327
1718200 1327
1718210 1330
1718220 1333
1718230 1333
1718240 1336
1718250 1338
1718260 1338
1718270 1341
1718280 1344
1718290 1344
1718300 1346
1718310 1349
1718320 1349
1718330 1351
1718340 1353
1718350 1353
1718360 1355
1718370 1356
1718380 1356
1718390 1358
1718400 1358
1718410 1358
1718420 1359
1718430 1359
1718440 1359
1718450 1359
1718460 1360
1718470 1360
1718480 1359
1718490 1359
1718500 1359
1718510 1358
1718520 1356
1718530 1354
1718540 1354
1718550 1350
1718560 1345
1718570 1345
1718580 1339
1718590 1333
1718600 1333
1718610 1327
1718620 1320
1718630 1320
1718640 1314
1718650 1308
1718660 1308
1718670 1301
1718680 1293
1718690 1293
1718700 1287
1718710 1281
1718720 1281
1718730 1277
1718740 1273
1718750 1273
1718760 1270
1718770 1268
1718780 1268
1718790 1266
1718800 1265
1718810 1265
1718820 1263
1718830 1259
1718840 1259
1718850 1259
1718860 1256
1718870 1256
1718880 1254
1718890 1252
1718900 1252
1718910 1248
1718920 1244
1718930 1244
1718940 1238
1718950 1232
1718960 1232
1718970 1227
1718980 1231
1718990 1236
1719000 1236
1719010 1240
1719020 1244
1719030 1244
1719040 1246
1719050 1250
1719060 1250
1719070 1252
1719080 1247
1719090 1247
1719100 1240
1719110 1232
1719120 1232
1719130 1224
1719140 1217
1719150 1217
1719160 1211
1719170 1202
1719180 1202
1719190 1189
1719200 1182
1719210 1182
1719220 1175
1719230 1167
1719240 1167
1719250 1160
1719260 1153
1719270 1153
1719280 1143
1719290 1137
1719300 1137
1719310 1129
1719320 1122
1719330 1122
1719340 1117
1719350 1111
1719360 1111
1719370 1105
1719380 1097
1719390 1097
1719400 1089
1719410 1081
1719420 1081
1719430 1074
1719440 1066
1719450 1061
1719460 1061
1719470 1058
1719480 1054
1719490 1054
1719500 1049
1719510 1045
1719520 1045
1719530 1035
1719540 1026
1719550 1026
1719560 1019
1719570 1019
1719580 1019
1719590 1019
1719600 1021
1719610 1021
1719620 1016
1719630 1018
1719640 1018
1719650 1018
1719660 1018
1719670 1018
1719680 1018
1719690 1019
1719700 1019
1719710 1019
1719720 1015
1719730 1015
1719740 1018
1719750 1022
1719760 1022
1719770 1025
1719780 1025
1719790 1025
1719800 1028
1719810 1031
1719820 1031
1719830 1035
1719840 1037
1719850 1037
1719860 1040
1719870 1043
1719880 1043
1719890 1046
1719900 1049
1719910 1052
1719920 1052
1719930 1054
1719940 1057
1719950 1057
1719960 1060
1719970 1060
1719980 1060
1719990 1056
