1700000 1035
1700010 1040
1700020 1040
1700030 1046
1700040 1052
1700050 1052
1700060 1055
1700070 1056
1700080 1056
1700090 1062
1700100 1070
1700110 1070
1700120 1077
1700130 1086
1700140 1086
1700150 1092
1700160 1096
1700170 1096
1700180 1105
1700190 1113
1700200 1113
1700210 1122
1700220 1132
1700230 1132
1700240 1143
1700250 1161
1700260 1161
1700270 1173
1700280 1176
1700290 1176
1700300 1187
1700310 1193
1700320 1201
1700330 1201
1700340 1210
1700350 1218
1700360 1218
1700370 1221
1700380 1231
1700390 1231
1700400 1254
1700410 1261
1700420 1261
1700430 1269
1700440 1268
1700450 1268
1700460 1269
1700470 1265
1700480 1265
1700490 1266
1700500 1270
1700510 1270
1700520 1274
1700530 1277
1700540 1277
1700550 1281
1700560 1285
1700570 1285
1700580 1291
1700590 1298
1700600 1298
1700610 1304
1700620 1311
1700630 1311
1700640 1317
1700650 1324
1700660 1324
1700670 1331
1700680 1338
1700690 1338
1700700 1345
1700710 1352
1700720 1352
1700730 1359
1700740 1366
1700750 1366
1700760 1373
1700770 1379
1700780 1385
1700790 1385
1700800 1390
1700810 1395
1700820 1395
1700830 1404
1700840 1408
1700850 1408
1700860 1410
1700870 1408
1700880 1408
1700890 1407
1700900 1404
1700910 1404
1700920 1400
1700930 1393
1700940 1393
1700950 1387
1700960 1377
1700970 1377
1700980 1367
1700990 1360
1701000 1360
1701010 1353
1701020 1346
1701030 1346
1701040 1337
1701050 1329
1701060 1329
1701070 1320
1701080 1310
1701090 1310
1701100 1291
1701110 1283
1701120 1283
1701130 1276
1701140 1269
1701150 1269
1701160 1263
1701170 1258
1701180 1258
1701190 1255
1701200 1254
1701210 1254
1701220 1255
1701230 1250
1701240 1267
1701250 1267
1701260 1267
1701270 1263
1701280 1263
1701290 1251
1701300 1236
1701310 1236
1701320 1223
1701330 1214
1701340 1214
1701350 1179
1701360 1168
1701370 1168
1701380 1160
1701390 1156
1701400 1156
1701410 1152
1701420 1147
1701430 1147
1701440 1145
1701450 1135
1701460 1135
1701470 1127
1701480 1121
1701490 1128
1701500 1121
1701510 1115
1701520 1115
1701530 1110
1701540 1102
1701550 1102
1701560 1093
1701570 1085
1701580 1085
1701590 1080
1701600 1075
1701610 1075
1701620 1071
1701630 1070
1701640 1070
1701650 1065
1701660 1064
1701670 1064
1701680 1060
1701690 1050
1701700 1044
1701710 1044
1701720 1036
1701730 1030
1701740 1030
1701750 1024
1701760 1017
1701770 1017
1701780 1014
1701790 1011
1701800 1011
1701810 1009
1701820 1008
1701830 1008
1701840 1009
1701850 1002
1701860 1002
1701870 997
1701880 992
1701890 992
1701900 987
1701910 983
1701920 983
1701930 978
1701940 971
1701950 971
1701960 966
1701970 956
1701980 956
1701990 946
1702000 940
1702010 940
1702020 934
1702030 929
1702040 929
1702050 924
1702060 918
1702070 918
1702080 911
1702090 904
1702100 904
1702110 899
1702120 895
1702130 895
1702140 893
1702150 888
1702160 884
1702170 884
1702180 880
1702190 877
1702200 877
1702210 873
1702220 870
1702230 870
1702240 867
1702250 864
1702260 864
1702270 862
1702280 860
1702290 860
1702300 858
1702310 855
1702320 855
1702330 853
1702340 850
1702350 850
1702360 847
1702370 843
1702380 843
1702390 841
1702400 838
1702410 838
1702420 834
1702430 831
1702440 831
1702450 828
1702460 824
1702470 824
1702480 820
1702490 816
1702500 816
1702510 811
1702520 807
1702530 807
1702540 803
1702550 800
1702560 800
1702570 798
1702580 798
1702590 798
1702600 799
1702610 798
1702620 799
1702630 799
1702640 799
1702650 802
1702660 802
1702670 808
1702680 813
1702690 813
1702700 819
1702710 824
1702720 824
1702730 830
1702740 836
1702750 836
1702760 843
1702770 850
1702780 850
1702790 857
1702800 860
1702810 860
1702820 862
1702830 865
1702840 865
1702850 869
1702860 874
1702870 874
1702880 879
1702890 883
1702900 883
1702910 886
1702920 885
1702930 885
1702940 883
1702950 881
1702960 881
1702970 880
1702980 878
1702990 878
1703000 876
1703010 877
1703020 877
1703030 882
1703040 886
1703050 886
1703060 890
1703070 893
1703080 893
1703090 895
1703100 897
1703110 898
1703120 898
1703130 899
1703140 900
1703150 900
1703160 899
1703170 897
1703180 897
1703190 898
1703200 899
1703210 899
1703220 900
1703230 901
1703240 901
1703250 902
1703260 904
1703270 904
1703280 907
1703290 911
1703300 911
1703310 915
1703320 919
1703330 919
1703340 922
1703350 925
1703360 925
1703370 928
1703380 928
1703390 928
1703400 930
1703410 931
1703420 931
1703430 934
1703440 937
1703450 937
1703460 940
1703470 944
1703480 944
1703490 947
1703500 948
1703510 948
1703520 949
1703530 950
1703540 950
1703550 950
1703560 951
1703570 952
1703580 952
1703590 953
1703600 953
1703610 953
1703620 952
1703630 952
1703640 952
1703650 952
1703660 952
1703670 952
1703680 948
1703690 946
1703700 946
1703710 946
1703720 946
1703730 946
1703740 945
1703750 945
1703760 945
1703770 943
1703780 946
1703790 946
1703800 949
1703810 950
1703820 950
1703830 951
1703840 953
1703850 953
1703860 953
1703870 950
1703880 950
1703890 953
1703900 957
1703910 957
1703920 961
1703930 966
1703940 966
1703950 971
1703960 976
1703970 976
1703980 982
1703990 987
1704000 987
1704010 992
1704020 998
1704030 1004
1704040 1004
1704050 1010
1704060 1016
1704070 1016
1704080 1023
1704090 1024
1704100 1024
1704110 1030
1704120 1037
1704130 1037
1704140 1043
1704150 1048
1704160 1048
1704170 1052
1704180 1054
1704190 1054
1704200 1052
1704210 1049
1704220 1049
1704230 1048
1704240 1046
1704250 1046
1704260 1044
1704270 1043
1704280 1043
1704290 1042
1704300 1042
1704310 1042
1704320 1042
1704330 1041
1704340 1041
1704350 1042
1704360 1044
1704370 1044
1704380 1045
1704390 1046
1704400 1046
1704410 1045
1704420 1044
1704430 1044
1704440 1040
1704450 1038
1704460 1038
1704470 1036
1704480 1031
1704490 1026
1704500 1026
1704510 1020
1704520 1011
1704530 1011
1704540 1003
1704550 998
1704560 998
1704570 991
1704580 985
1704590 985
1704600 979
1704610 975
1704620 975
1704630 970
1704640 966
1704650 966
1704660 961
1704670 957
1704680 957
1704690 953
1704700 950
1704710 950
1704720 946
1704730 943
1704740 943
1704750 941
1704760 939
1704770 939
1704780 936
1704790 935
1704800 935
1704810 933
1704820 932
1704830 932
1704840 929
1704850 925
1704860 925
1704870 920
1704880 914
1704890 914
1704900 909
1704910 906
1704920 906
1704930 904
1704940 905
1704950 910
1704960 910
1704970 915
1704980 920
1704990 920
1705000 926
1705010 926
1705020 926
1705030 924
1705040 922
1705050 922
1705060 921
1705070 920
1705080 920
1705090 918
1705100 917
1705110 917
1705120 916
1705130 916
1705140 916
1705150 914
1705160 910
1705170 910
1705180 906
1705190 902
1705200 902
1705210 898
1705220 894
1705230 894
1705240 891
1705250 887
1705260 887
1705270 884
1705280 884
1705290 884
1705300 885
1705310 885
1705320 885
1705330 884
1705340 883
1705350 883
1705360 881
1705370 879
1705380 879
1705390 874
1705400 869
1705410 865
1705420 865
1705430 861
1705440 859
1705450 859
1705460 858
1705470 859
1705480 859
1705490 859
1705500 859
1705510 859
1705520 858
1705530 857
1705540 857
1705550 853
1705560 848
1705570 848
1705580 848
1705590 849
1705600 849
1705610 849
1705620 848
1705630 848
1705640 846
1705650 842
1705660 842
1705670 837
1705680 832
1705690 832
1705700 829
1705710 825
1705720 825
1705730 821
1705740 817
1705750 817
1705760 813
1705770 809
1705780 809
1705790 807
1705800 805
1705810 805
1705820 803
1705830 801
1705840 801
1705850 801
1705860 801
1705870 801
1705880 800
1705890 794
1705900 789
1705910 789
1705920 790
1705930 788
1705940 788
1705950 788
1705960 787
1705970 787
1705980 788
1705990 787
1706000 787
1706010 787
1706020 787
1706030 787
1706040 787
1706050 787
1706060 787
1706070 787
1706080 786
1706090 786
1706100 787
1706110 787
1706120 787
1706130 788
1706140 796
1706150 796
1706160 804
1706170 810
1706180 810
1706190 815
1706200 818
1706210 818
1706220 823
1706230 830
1706240 830
1706250 833
1706260 839
1706270 839
1706280 845
1706290 850
1706300 850
1706310 856
1706320 863
1706330 863
1706340 870
1706350 878
1706360 886
1706370 886
1706380 891
1706390 900
1706400 900
1706410 908
1706420 916
1706430 916
1706440 925
1706450 934
1706460 934
1706470 943
1706480 950
1706490 950
1706500 956
1706510 962
1706520 962
1706530 972
1706540 973
1706550 973
1706560 969
1706570 965
1706580 965
1706590 961
1706600 956
1706610 956
1706620 951
1706630 946
1706640 946
1706650 941
1706660 938
1706670 938
1706680 936
1706690 935
1706700 935
1706710 934
1706720 933
1706730 933
1706740 931
1706750 929
1706760 929
1706770 929
1706780 929
1706790 929
1706800 928
1706810 925
1706820 923
1706830 923
1706840 922
1706850 917
1706860 917
1706870 916
1706880 913
1706890 913
1706900 909
1706910 905
1706920 905
1706930 900
1706940 895
1706950 895
1706960 891
1706970 888
1706980 888
1706990 885
1707000 883
1707010 883
1707020 881
1707030 880
1707040 880
1707050 876
1707060 871
1707070 871
1707080 867
1707090 861
1707100 861
1707110 855
1707120 858
1707130 858
1707140 862
1707150 863
1707160 863
1707170 860
1707180 855
1707190 855
1707200 849
1707210 856
1707220 856
1707230 861
1707240 864
1707250 864
1707260 867
1707270 868
1707280 865
1707290 865
1707300 860
1707310 859
1707320 859
1707330 859
1707340 860
1707350 860
1707360 861
1707370 866
1707380 866
1707390 868
1707400 872
1707410 872
1707420 877
1707430 882
1707440 882
1707450 887
1707460 893
1707470 893
1707480 898
1707490 904
1707500 904
1707510 910
1707520 916
1707530 916
1707540 924
1707550 930
1707560 930
1707570 935
1707580 939
1707590 939
1707600 943
1707610 950
1707620 950
1707630 958
1707640 964
1707650 964
1707660 968
1707670 969
1707680 969
1707690 971
1707700 972
1707710 972
1707720 974
1707730 977
1707740 979
1707750 979
1707760 983
1707770 986
1707780 986
1707790 990
1707800 995
1707810 995
1707820 1000
1707830 1002
1707840 1002
1707850 1007
1707860 1011
1707870 1011
1707880 1014
1707890 1018
1707900 1018
1707910 1022
1707920 1026
1707930 1026
1707940 1029
1707950 1034
1707960 1034
1707970 1037
1707980 1040
1707990 1040
1708000 1044
1708010 1048
1708020 1048
1708030 1051
1708040 1054
1708050 1054
1708060 1057
1708070 1060
1708080 1060
1708090 1063
1708100 1066
1708110 1066
1708120 1067
1708130 1068
1708140 1068
1708150 1068
1708160 1068
1708170 1068
1708180 1068
1708190 1070
1708200 1072
1708210 1072
1708220 1074
1708230 1077
1708240 1077
1708250 1080
1708260 1083
1708270 1083
1708280 1087
1708290 1092
1708300 1092
1708310 1097
1708320 1101
1708330 1101
1708340 1105
1708350 1108
1708360 1108
1708370 1110
1708380 1113
1708390 1113
1708400 1116
1708410 1120
1708420 1120
1708430 1123
1708440 1125
1708450 1125
1708460 1127
1708470 1128
1708480 1128
1708490 1129
1708500 1127
1708510 1127
1708520 1123
1708530 1120
1708540 1120
1708550 1118
1708560 1117
1708570 1117
1708580 1118
1708590 1117
1708600 1117
1708610 1112
1708620 1105
1708630 1105
1708640 1098
1708650 1088
1708660 1088
1708670 1080
1708680 1074
1708690 1068
1708700 1068
1708710 1062
1708720 1054
1708730 1054
1708740 1050
1708750 1041
1708760 1041
1708770 1033
1708780 1025
1708790 1025
1708800 1017
1708810 1010
1708820 1010
1708830 1003
1708840 997
1708850 997
1708860 1001
1708870 1008
1708880 1008
1708890 1008
1708900 1008
1708910 1008
1708920 1001
1708930 1000
1708940 1000
1708950 1005
1708960 1012
1708970 1012
1708980 1019
1708990 1024
1709000 1024
1709010 1028
1709020 1033
1709030 1033
1709040 1035
1709050 1040
1709060 1040
1709070 1045
1709080 1047
1709090 1047
1709100 1048
1709110 1047
1709120 1047
1709130 1042
1709140 1038
1709150 1035
1709160 1035
1709170 1036
1709180 1042
1709190 1042
1709200 1047
1709210 1055
1709220 1055
1709230 1059
1709240 1054
1709250 1054
1709260 1051
1709270 1042
1709280 1042
1709290 1035
1709300 1029
1709310 1029
1709320 1027
1709330 1017
1709340 1017
1709350 1010
1709360 1003
1709370 1003
1709380 1004
1709390 1010
1709400 1010
1709410 1024
1709420 1036
1709430 1036
1709440 1040
1709450 1002
1709460 1002
1709470 992
1709480 983
1709490 983
1709500 975
1709510 966
1709520 966
1709530 958
1709540 956
1709550 956
1709560 959
1709570 963
1709580 963
1709590 967
1709600 973
1709610 977
1709620 977
1709630 976
1709640 967
1709650 967
1709660 962
1709670 957
1709680 957
1709690 952
1709700 946
1709710 946
1709720 940
1709730 934
1709740 934
1709750 927
1709760 920
1709770 920
1709780 916
1709790 913
1709800 913
1709810 906
1709820 899
1709830 899
1709840 884
1709850 878
1709860 878
1709870 873
1709880 867
1709890 867
1709900 864
1709910 865
1709920 865
1709930 864
1709940 866
1709950 866
1709960 866
1709970 866
1709980 866
1709990 867
1710000 870
1710010 870
1710020 874
1710030 880
1710040 880
1710050 888
1710060 894
1710070 906
1710080 906
1710090 913
1710100 923
1710110 923
1710120 943
1710130 960
1710140 960
1710150 967
1710160 966
1710170 966
1710180 965
1710190 969
1710200 969
1710210 981
1710220 986
1710230 986
1710240 990
1710250 995
1710260 995
1710270 1001
1710280 1008
1710290 1008
1710300 1013
1710310 1021
1710320 1021
1710330 1026
1710340 1032
1710350 1032
1710360 1037
1710370 1040
1710380 1040
1710390 1046
1710400 1050
1710410 1050
1710420 1054
1710430 1059
1710440 1059
1710450 1064
1710460 1068
1710470 1068
1710480 1071
1710490 1073
1710500 1073
1710510 1074
1710520 1078
1710530 1084
1710540 1084
1710550 1090
1710560 1097
1710570 1097
1710580 1104
1710590 1112
1710600 1112
1710610 1119
1710620 1127
1710630 1127
1710640 1135
1710650 1142
1710660 1142
1710670 1150
1710680 1157
1710690 1157
1710700 1165
1710710 1174
1710720 1174
1710730 1181
1710740 1187
1710750 1187
1710760 1197
1710770 1204
1710780 1204
1710790 1213
1710800 1222
1710810 1222
1710820 1227
1710830 1234
1710840 1234
1710850 1240
1710860 1248
1710870 1248
1710880 1256
1710890 1262
1710900 1262
1710910 1259
1710920 1258
1710930 1258
1710940 1259
1710950 1262
1710960 1262
1710970 1266
1710980 1269
1710990 1269
1711000 1271
1711010 1275
1711020 1278
1711030 1278
1711040 1282
1711050 1286
1711060 1286
1711070 1289
1711080 1292
1711090 1292
1711100 1295
1711110 1298
1711120 1298
1711130 1303
1711140 1307
1711150 1307
1711160 1310
1711170 1314
1711180 1314
1711190 1318
1711200 1322
1711210 1322
1711220 1325
1711230 1328
1711240 1328
1711250 1331
1711260 1333
1711270 1333
1711280 1334
1711290 1333
1711300 1333
1711310 1333
1711320 1332
1711330 1332
1711340 1332
1711350 1331
1711360 1331
1711370 1329
1711380 1327
1711390 1327
1711400 1327
1711410 1328
1711420 1328
1711430 1331
1711440 1334
1711450 1334
1711460 1338
1711470 1343
1711480 1348
1711490 1348
1711500 1353
1711510 1356
1711520 1356
1711530 1361
1711540 1369
1711550 1369
1711560 1367
1711570 1367
1711580 1367
1711590 1367
1711600 1369
1711610 1369
1711620 1370
1711630 1376
1711640 1376
1711650 1380
1711660 1385
1711670 1385
1711680 1392
1711690 1416
1711700 1416
1711710 1489
1711720 1486
1711730 1486
1711740 1494
1711750 1512
1711760 1512
1711770 1532
1711780 1536
1711790 1536
1711800 1540
1711810 1547
1711820 1547
1711830 1554
1711840 1560
1711850 1560
1711860 1567
1711870 1574
1711880 1574
1711890 1580
1711900 1587
1711910 1587
1711920 1596
1711930 1608
1711940 1623
1711950 1623
1711960 1635
1711970 1643
1711980 1643
1711990 1641
1712000 1639
1712010 1639
1712020 1636
1712030 1633
1712040 1633
1712050 1629
1712060 1623
1712070 1623
1712080 1619
1712090 1617
1712100 1617
1712110 1616
1712120 1614
1712130 1614
1712140 1613
1712150 1612
1712160 1612
1712170 1612
1712180 1611
1712190 1611
1712200 1611
1712210 1611
1712220 1611
1712230 1611
1712240 1611
1712250 1611
1712260 1611
1712270 1611
1712280 1611
1712290 1611
1712300 1611
1712310 1611
1712320 1611
1712330 1613
1712340 1613
1712350 1617
1712360 1621
1712370 1621
1712380 1624
1712390 1626
1712400 1628
1712410 1628
1712420 1630
1712430 1633
1712440 1633
1712450 1635
1712460 1637
1712470 1637
1712480 1635
1712490 1633
1712500 1633
1712510 1632
1712520 1630
1712530 1630
1712540 1627
1712550 1624
1712560 1624
1712570 1624
1712580 1624
1712590 1624
1712600 1623
1712610 1624
1712620 1624
1712630 1626
1712640 1624
1712650 1624
1712660 1624
1712670 1625
1712680 1625
1712690 1626
1712700 1627
1712710 1627
1712720 1627
1712730 1627
1712740 1627
1712750 1628
1712760 1628
1712770 1628
1712780 1628
1712790 1630
1712800 1630
1712810 1631
1712820 1633
1712830 1633
1712840 1633
1712850 1634
1712860 1635
1712870 1635
1712880 1636
1712890 1637
1712900 1637
1712910 1637
1712920 1639
1712930 1639
1712940 1640
1712950 1642
1712960 1642
1712970 1643
1712980 1644
1712990 1644
1713000 1644
1713010 1642
1713020 1642
1713030 1634
1713040 1636
1713050 1636
1713060 1633
1713070 1630
1713080 1630
1713090 1626
1713100 1622
1713110 1622
1713120 1618
1713130 1612
1713140 1612
1713150 1605
1713160 1600
1713170 1600
1713180 1597
1713190 1592
1713200 1592
1713210 1587
1713220 1580
1713230 1580
1713240 1575
1713250 1572
1713260 1572
1713270 1572
1713280 1571
1713290 1571
1713300 1560
1713310 1560
1713320 1558
1713330 1558
1713340 1554
1713350 1531
1713360 1531
1713370 1539
1713380 1538
1713390 1538
1713400 1534
1713410 1534
1713420 1534
1713430 1536
1713440 1539
1713450 1539
1713460 1544
1713470 1548
1713480 1548
1713490 1554
1713500 1559
1713510 1559
1713520 1562
1713530 1567
1713540 1567
1713550 1571
1713560 1576
1713570 1576
1713580 1579
1713590 1585
1713600 1585
1713610 1589
1713620 1593
1713630 1593
1713640 1593
1713650 1591
1713660 1591
1713670 1584
1713680 1579
1713690 1579
1713700 1575
1713710 1567
1713720 1567
1713730 1562
1713740 1558
1713750 1558
1713760 1553
1713770 1547
1713780 1547
1713790 1541
1713800 1538
1713810 1530
1713820 1530
1713830 1524
1713840 1528
1713850 1528
1713860 1526
1713870 1526
1713880 1526
1713890 1525
1713900 1526
1713910 1526
1713920 1524
1713930 1519
1713940 1519
1713950 1518
1713960 1515
1713970 1515
1713980 1512
1713990 1506
1714000 1506
1714010 1502
1714020 1493
1714030 1493
1714040 1480
1714050 1472
1714060 1472
1714070 1460
1714080 1451
1714090 1451
1714100 1427
1714110 1407
1714120 1407
1714130 1399
1714140 1391
1714150 1391
1714160 1386
1714170 1381
1714180 1381
1714190 1377
1714200 1373
1714210 1373
1714220 1368
1714230 1363
1714240 1363
1714250 1357
1714260 1349
1714270 1347
1714280 1347
1714290 1346
1714300 1346
1714310 1346
1714320 1343
1714330 1347
1714340 1347
1714350 1347
1714360 1348
1714370 1348
1714380 1349
1714390 1351
1714400 1351
1714410 1355
1714420 1359
1714430 1359
1714440 1363
1714450 1368
1714460 1368
1714470 1373
1714480 1378
1714490 1378
1714500 1382
1714510 1386
1714520 1386
1714530 1390
1714540 1394
1714550 1394
1714560 1396
1714570 1396
1714580 1396
1714590 1395
1714600 1392
1714610 1392
1714620 1385
1714630 1373
1714640 1373
1714650 1367
1714660 1363
1714670 1363
1714680 1360
1714690 1357
1714700 1357
1714710 1355
1714720 1352
1714730 1346
1714740 1346
1714750 1331
1714760 1317
1714770 1317
1714780 1310
1714790 1312
1714800 1312
1714810 1313
1714820 1316
1714830 1314
1714840 1317
1714850 1317
1714860 1317
1714870 1307
1714880 1300
1714890 1300
1714900 1296
1714910 1291
1714920 1291
1714930 1287
1714940 1284
1714950 1284
1714960 1280
1714970 1280
1714980 1280
1714990 1279
1715000 1278
1715010 1278
1715020 1279
1715030 1279
1715040 1279
1715050 1278
1715060 1277
1715070 1277
1715080 1276
1715090 1276
1715100 1276
1715110 1276
1715120 1276
1715130 1276
1715140 1276
1715150 1276
1715160 1276
1715170 1276
1715180 1276
1715190 1276
1715200 1276
1715210 1275
1715220 1274
1715230 1274
1715240 1272
1715250 1272
1715260 1272
1715270 1271
1715280 1271
1715290 1271
1715300 1271
1715310 1270
1715320 1270
1715330 1270
1715340 1270
1715350 1270
1715360 1270
1715370 1269
1715380 1269
1715390 1269
1715400 1268
1715410 1268
1715420 1267
1715430 1266
1715440 1266
1715450 1267
1715460 1266
1715470 1266
1715480 1262
1715490 1264
1715500 1264
1715510 1266
1715520 1267
1715530 1267
1715540 1268
1715550 1269
1715560 1269
1715570 1269
1715580 1271
1715590 1271
1715600 1272
1715610 1273
1715620 1273
1715630 1273
1715640 1273
1715650 1274
1715660 1274
1715670 1275
1715680 1274
1715690 1274
1715700 1274
1715710 1274
1715720 1274
1715730 1272
1715740 1274
1715750 1274
1715760 1274
1715770 1273
1715780 1273
1715790 1274
1715800 1275
1715810 1275
1715820 1276
1715830 1276
1715840 1276
1715850 1276
1715860 1277
1715870 1277
1715880 1277
1715890 1275
1715900 1275
1715910 1277
1715920 1277
1715930 1277
1715940 1275
1715950 1274
1715960 1274
1715970 1276
1715980 1276
1715990 1276
1716000 1276
1716010 1276
1716020 1276
1716030 1279
1716040 1280
1716050 1280
1716060 1281
1716070 1283
1716080 1283
1716090 1285
1716100 1287
1716110 1289
1716120 1289
1716130 1291
1716140 1293
1716150 1293
1716160 1294
1716170 1295
1716180 1295
1716190 1295
1716200 1298
1716210 1298
1716220 1300
1716230 1303
1716240 1303
1716250 1303
1716260 1307
1716270 1307
1716280 1309
1716290 1312
1716300 1312
1716310 1315
1716320 1317
1716330 1317
1716340 1319
1716350 1321
1716360 1321
1716370 1324
1716380 1327
1716390 1327
1716400 1329
1716410 1332
1716420 1332
1716430 1335
1716440 1337
1716450 1337
1716460 1340
1716470 1342
1716480 1342
1716490 1344
1716500 1347
1716510 1347
1716520 1349
1716530 1351
1716540 1351
1716550 1353
1716560 1355
1716570 1355
1716580 1356
1716590 1358
1716600 1361
1716610 1361
1716620 1362
1716630 1363
1716640 1363
1716650 1365
1716660 1366
1716670 1366
1716680 1367
1716690 1368
1716700 1368
1716710 1368
1716720 1369
1716730 1369
1716740 1368
1716750 1366
1716760 1366
1716770 1365
1716780 1363
1716790 1363
1716800 1358
1716810 1353
1716820 1353
1716830 1348
1716840 1342
1716850 1342
1716860 1336
1716870 1331
1716880 1331
1716890 1325
1716900 1318
1716910 1318
1716920 1314
1716930 1312
1716940 1312
1716950 1309
1716960 1307
1716970 1307
1716980 1304
1716990 1302
1717000 1302
1717010 1299
1717020 1298
1717030 1298
1717040 1296
1717050 1294
1717060 1292
1717070 1292
1717080 1290
1717090 1284
1717100 1284
1717110 1278
1717120 1283
1717130 1283
1717140 1288
1717150 1290
1717160 1290
1717170 1292
1717180 1294
1717190 1294
1717200 1296
1717210 1298
1717220 1298
1717230 1300
1717240 1303
1717250 1303
1717260 1304
1717270 1306
1717280 1306
1717290 1309
1717300 1311
1717310 1311
1717320 1313
1717330 1314
1717340 1314
1717350 1315
1717360 1316
1717370 1316
1717380 1315
1717390 1315
1717400 1315
1717410 1313
1717420 1310
1717430 1310
1717440 1307
1717450 1303
1717460 1303
1717470 1300
1717480 1296
1717490 1296
1717500 1290
1717510 1285
1717520 1281
1717530 1281
1717540 1278
1717550 1274
1717560 1274
1717570 1270
1717580 1263
1717590 1259
1717600 1263
1717610 1261
1717620 1261
1717630 1262
1717640 1268
1717650 1268
1717660 1275
1717670 1282
1717680 1282
1717690 1289
1717700 1294
1717710 1294
1717720 1300
1717730 1305
1717740 1305
1717750 1310
1717760 1316
1717770 1316
1717780 1321
1717790 1327
1717800 1327
1717810 1332
1717820 1338
1717830 1338
1717840 1343
1717850 1348
1717860 1348
1717870 1353
1717880 1360
1717890 1360
1717900 1366
1717910 1372
1717920 1372
1717930 1377
1717940 1381
1717950 1381
1717960 1386
1717970 1391
1717980 1394
1717990 1394
1718000 1398
1718010 1404
1718020 1404
1718030 1410
1718040 1415
1718050 1415
1718060 1421
1718070 1426
1718080 1426
1718090 1431
1718100 1433
1718110 1433
1718120 1436
1718130 1438
1718140 1438
1718150 1440
1718160 1442
1718170 1442
1718180 1443
1718190 1443
1718200 1443
1718210 1443
1718220 1443
1718230 1443
1718240 1443
1718250 1442
1718260 1442
1718270 1441
1718280 1441
1718290 1441
1718300 1441
1718310 1440
1718320 1440
1718330 1440
1718340 1440
1718350 1440
1718360 1440
1718370 1440
1718380 1440
1718390 1437
1718400 1439
1718410 1439
1718420 1444
1718430 1447
1718440 1449
1718450 1449
1718460 1451
1718470 1454
1718480 1454
1718490 1456
1718500 1459
1718510 1459
1718520 1462
1718530 1466
1718540 1466
1718550 1467
1718560 1468
1718570 1468
1718580 1469
1718590 1468
1718600 1468
1718610 1468
1718620 1464
1718630 1464
1718640 1463
1718650 1464
1718660 1464
1718670 1466
1718680 1468
1718690 1468
1718700 1472
1718710 1477
1718720 1477
1718730 1484
1718740 1492
1718750 1492
1718760 1501
1718770 1504
1718780 1504
1718790 1507
1718800 1509
1718810 1509
1718820 1511
1718830 1514
1718840 1514
1718850 1515
1718860 1515
1718870 1515
1718880 1516
1718890 1517
1718900 1517
1718910 1517
1718920 1518
1718930 1520
1718940 1520
1718950 1522
1718960 1527
1718970 1527
1718980 1519
1718990 1512
1719000 1512
1719010 1505
1719020 1498
1719030 1498
1719040 1491
1719050 1481
1719060 1481
1719070 1473
1719080 1466
1719090 1466
1719100 1458
1719110 1452
1719120 1452
1719130 1445
1719140 1438
1719150 1438
1719160 1434
1719170 1426
1719180 1426
1719190 1420
1719200 1416
1719210 1416
1719220 1410
1719230 1404
1719240 1404
1719250 1398
1719260 1393
1719270 1393
1719280 1388
1719290 1383
1719300 1383
1719310 1380
1719320 1376
1719330 1376
1719340 1372
1719350 1369
1719360 1369
1719370 1367
1719380 1369
1719390 1368
1719400 1368
1719410 1367
1719420 1363
1719430 1363
1719440 1364
1719450 1362
1719460 1362
1719470 1361
1719480 1360
1719490 1360
1719500 1360
1719510 1359
1719520 1359
1719530 1359
1719540 1358
1719550 1358
1719560 1358
1719570 1357
1719580 1357
1719590 1357
1719600 1357
1719610 1357
1719620 1356
1719630 1356
1719640 1356
1719650 1356
1719660 1356
1719670 1356
1719680 1356
1719690 1355
1719700 1355
1719710 1355
1719720 1354
1719730 1354
1719740 1353
1719750 1351
1719760 1351
1719770 1351
1719780 1351
1719790 1351
1719800 1351
1719810 1351
1719820 1351
1719830 1351
1719840 1350
1719850 1349
1719860 1349
1719870 1350
1719880 1350
1719890 1350
1719900 1350
1719910 1350
1719920 1350
1719930 1350
1719940 1348
1719950 1348
1719960 1345
1719970 1342
1719980 1342
1719990 1339
