1760000 690
1760010 694
1760020 698
1760030 702
1760040 707
1760050 711
1760060 715
1760070 719
1760080 723
1760090 727
1760100 732
1760110 736
1760120 740
1760130 745
1760140 749
1760150 753
1760160 758
1760170 762
1760180 767
1760190 771
1760200 776
1760210 780
1760220 785
1760230 789
1760240 793
1760250 798
1760260 802
1760270 807
1760280 811
1760290 815
1760300 818
1760310 819
1760320 821
1760330 824
1760340 825
1760350 826
1760360 826
1760370 826
1760380 825
1760390 824
1760400 822
1760410 820
1760420 819
1760430 818
1760440 816
1760450 815
1760460 813
1760470 812
1760480 811
1760490 811
1760500 810
1760510 809
1760520 808
1760530 808
1760540 810
1760550 811
1760560 813
1760570 815
1760580 818
1760590 822
1760600 827
1760610 833
1760620 840
1760630 846
1760640 850
1760650 854
1760660 859
1760670 864
1760680 869
1760690 874
1760700 879
1760710 882
1760720 885
1760730 889
1760740 889
1760750 888
1760760 886
1760770 883
1760780 881
1760790 879
1760800 877
1760810 876
1760820 874
1760830 873
1760840 873
1760850 872
1760860 873
1760870 875
1760880 876
1760890 877
1760900 878
1760910 880
1760920 881
1760930 883
1760940 884
1760950 886
1760960 889
1760970 893
1760980 897
1760990 901
1761000 906
1761010 910
1761020 916
1761030 922
1761040 929
1761050 932
1761060 934
1761070 935
1761080 936
1761090 939
1761100 940
1761110 942
1761120 945
1761130 948
1761140 952
1761150 956
1761160 960
1761170 971
1761180 986
1761190 1010
1761200 1016
1761210 1012
1761220 998
1761230 989
1761240 983
1761250 984
1761260 990
1761270 997
1761280 1003
1761290 1003
1761300 1000
1761310 996
1761320 988
1761330 980
1761340 972
1761350 966
1761360 964
1761370 965
1761380 965
1761390 966
1761400 968
1761410 971
1761420 976
1761430 981
1761440 983
1761450 983
1761460 981
1761470 981
1761480 980
1761490 979
1761500 978
1761510 978
1761520 979
1761530 980
1761540 981
1761550 980
1761560 975
1761570 969
1761580 963
1761590 958
1761600 955
1761610 951
1761620 950
1761630 953
1761640 957
1761650 962
1761660 965
1761670 967
1761680 968
1761690 973
1761700 977
1761710 979
1761720 987
1761730 999
1761740 1016
1761750 1028
1761760 1042
1761770 1062
1761780 1076
1761790 1081
1761800 1077
1761810 1070
1761820 1064
1761830 1058
1761840 1047
1761850 1037
1761860 1027
1761870 1022
1761880 1018
1761890 1017
1761900 1015
1761910 1014
1761920 1014
1761930 1017
1761940 1023
1761950 1030
1761960 1038
1761970 1044
1761980 1050
1761990 1054
1762000 1059
1762010 1066
1762020 1076
1762030 1085
1762040 1091
1762050 1094
1762060 1095
1762070 1096
1762080 1100
1762090 1104
1762100 1107
1762110 1110
1762120 1113
1762130 1115
1762140 1117
1762150 1115
1762160 1110
1762170 1103
1762180 1097
1762190 1094
1762200 1100
1762210 1103
1762220 1102
1762230 1092
1762240 1089
1762250 1088
1762260 1087
1762270 1084
1762280 1080
1762290 1075
1762300 1070
1762310 1068
1762320 1069
1762330 1073
1762340 1076
1762350 1078
1762360 1080
1762370 1080
1762380 1078
1762390 1079
1762400 1082
1762410 1086
1762420 1090
1762430 1094
1762440 1099
1762450 1104
1762460 1111
1762470 1118
1762480 1132
1762490 1146
1762500 1161
1762510 1171
1762520 1179
1762530 1184
1762540 1179
1762550 1177
1762560 1177
1762570 1180
1762580 1181
1762590 1180
1762600 1175
1762610 1173
1762620 1172
1762630 1172
1762640 1172
1762650 1174
1762660 1177
1762670 1181
1762680 1184
1762690 1188
1762700 1192
1762710 1196
1762720 1200
1762730 1206
1762740 1211
1762750 1217
1762760 1227
1762770 1234
1762780 1234
1762790 1234
1762800 1235
1762810 1239
1762820 1244
1762830 1248
1762840 1251
1762850 1254
1762860 1256
1762870 1258
1762880 1260
1762890 1259
1762900 1256
1762910 1253
1762920 1249
1762930 1246
1762940 1243
1762950 1240
1762960 1237
1762970 1233
1762980 1229
1762990 1225
1763000 1221
1763010 1216
1763020 1211
1763030 1205
1763040 1200
1763050 1194
1763060 1189
1763070 1184
1763080 1180
1763090 1176
1763100 1173
1763110 1170
1763120 1167
1763130 1165
1763140 1163
1763150 1161
1763160 1158
1763170 1156
1763180 1153
1763190 1148
1763200 1144
1763210 1140
1763220 1136
1763230 1131
1763240 1125
1763250 1120
1763260 1113
1763270 1107
1763280 1101
1763290 1095
1763300 1089
1763310 1076
1763320 1065
1763330 1055
1763340 1049
1763350 1043
1763360 1038
1763370 1033
1763380 1028
1763390 1023
1763400 1018
1763410 1012
1763420 1007
1763430 1003
1763440 997
1763450 990
1763460 981
1763470 974
1763480 968
1763490 962
1763500 956
1763510 951
1763520 946
1763530 942
1763540 937
1763550 933
1763560 928
1763570 924
1763580 918
1763590 911
1763600 902
1763610 893
1763620 885
1763630 878
1763640 872
1763650 868
1763660 865
1763670 864
1763680 862
1763690 861
1763700 859
1763710 858
1763720 858
1763730 860
1763740 864
1763750 868
1763760 871
1763770 876
1763780 881
1763790 885
1763800 887
1763810 889
1763820 889
1763830 887
1763840 886
1763850 885
1763860 883
1763870 877
1763880 866
1763890 858
1763900 859
1763910 868
1763920 876
1763930 882
1763940 885
1763950 885
1763960 883
1763970 879
1763980 876
1763990 871
1764000 863
1764010 847
1764020 825
1764030 802
1764040 788
1764050 765
1764060 744
1764070 741
1764080 740
1764090 740
1764100 743
1764110 747
1764120 751
1764130 756
1764140 762
1764150 767
1764160 768
1764170 765
1764180 758
1764190 745
1764200 740
1764210 737
1764220 733
1764230 730
1764240 726
1764250 720
1764260 708
1764270 700
1764280 695
1764290 700
1764300 704
1764310 708
1764320 718
1764330 732
1764340 748
1764350 756
1764360 763
1764370 771
1764380 777
1764390 779
1764400 777
1764410 771
1764420 766
1764430 762
1764440 757
1764450 756
1764460 756
1764470 755
1764480 756
1764490 759
1764500 762
1764510 766
1764520 770
1764530 775
1764540 779
1764550 783
1764560 786
1764570 790
1764580 794
1764590 797
1764600 801
1764610 805
1764620 809
1764630 813
1764640 817
1764650 821
1764660 825
1764670 829
1764680 833
1764690 837
1764700 841
1764710 846
1764720 850
1764730 854
1764740 859
1764750 864
1764760 868
1764770 873
1764780 877
1764790 882
1764800 886
1764810 891
1764820 896
1764830 901
1764840 906
1764850 911
1764860 917
1764870 923
1764880 929
1764890 933
1764900 939
1764910 945
1764920 949
1764930 954
1764940 958
1764950 962
1764960 966
1764970 970
1764980 974
1764990 979
1765000 984
1765010 990
1765020 994
1765030 1000
1765040 1006
1765050 1010
1765060 1017
1765070 1024
1765080 1031
1765090 1035
1765100 1040
1765110 1047
1765120 1059
1765130 1070
1765140 1078
1765150 1085
1765160 1092
1765170 1101
1765180 1112
1765190 1121
1765200 1127
1765210 1128
1765220 1128
1765230 1129
1765240 1126
1765250 1122
1765260 1115
1765270 1115
1765280 1115
1765290 1117
1765300 1120
1765310 1124
1765320 1128
1765330 1131
1765340 1134
1765350 1137
1765360 1140
1765370 1144
1765380 1147
1765390 1151
1765400 1155
1765410 1159
1765420 1164
1765430 1169
1765440 1175
1765450 1180
1765460 1186
1765470 1192
1765480 1200
1765490 1208
1765500 1216
1765510 1222
1765520 1225
1765530 1228
1765540 1229
1765550 1229
1765560 1229
1765570 1228
1765580 1228
1765590 1229
1765600 1232
1765610 1235
1765620 1239
1765630 1243
1765640 1247
1765650 1251
1765660 1255
1765670 1256
1765680 1255
1765690 1252
1765700 1250
1765710 1251
1765720 1253
1765730 1258
1765740 1263
1765750 1268
1765760 1274
1765770 1280
1765780 1285
1765790 1290
1765800 1296
1765810 1301
1765820 1303
1765830 1300
1765840 1293
1765850 1293
1765860 1294
1765870 1297
1765880 1300
1765890 1305
1765900 1309
1765910 1310
1765920 1313
1765930 1316
1765940 1321
1765950 1325
1765960 1328
1765970 1330
1765980 1330
1765990 1330
1766000 1330
1766010 1330
1766020 1329
1766030 1328
1766040 1327
1766050 1326
1766060 1325
1766070 1323
1766080 1322
1766090 1321
1766100 1319
1766110 1318
1766120 1317
1766130 1316
1766140 1314
1766150 1312
1766160 1311
1766170 1310
1766180 1309
1766190 1308
1766200 1307
1766210 1307
1766220 1306
1766230 1305
1766240 1305
1766250 1304
1766260 1304
1766270 1304
1766280 1303
1766290 1303
1766300 1302
1766310 1300
1766320 1299
1766330 1298
1766340 1296
1766350 1295
1766360 1294
1766370 1292
1766380 1291
1766390 1290
1766400 1289
1766410 1288
1766420 1287
1766430 1286
1766440 1285
1766450 1283
1766460 1282
1766470 1281
1766480 1280
1766490 1280
1766500 1280
1766510 1281
1766520 1282
1766530 1282
1766540 1282
1766550 1281
1766560 1281
1766570 1280
1766580 1279
1766590 1277
1766600 1276
1766610 1274
1766620 1273
1766630 1271
1766640 1269
1766650 1267
1766660 1266
1766670 1264
1766680 1263
1766690 1261
1766700 1260
1766710 1258
1766720 1257
1766730 1255
1766740 1253
1766750 1251
1766760 1249
1766770 1247
1766780 1245
1766790 1243
1766800 1241
1766810 1240
1766820 1238
1766830 1236
1766840 1235
1766850 1233
1766860 1232
1766870 1230
1766880 1229
1766890 1227
1766900 1225
1766910 1223
1766920 1222
1766930 1220
1766940 1218
1766950 1217
1766960 1215
1766970 1214
1766980 1212
1766990 1210
1767000 1209
1767010 1207
1767020 1205
1767030 1203
1767040 1201
1767050 1198
1767060 1196
1767070 1193
1767080 1190
1767090 1187
1767100 1184
1767110 1181
1767120 1179
1767130 1177
1767140 1176
1767150 1175
1767160 1174
1767170 1173
1767180 1172
1767190 1171
1767200 1170
1767210 1169
1767220 1168
1767230 1167
1767240 1167
1767250 1166
1767260 1166
1767270 1166
1767280 1166
1767290 1166
1767300 1166
1767310 1166
1767320 1167
1767330 1167
1767340 1167
1767350 1168
1767360 1168
1767370 1169
1767380 1170
1767390 1170
1767400 1171
1767410 1171
1767420 1172
1767430 1173
1767440 1174
1767450 1175
1767460 1176
1767470 1177
1767480 1178
1767490 1179
1767500 1179
1767510 1180
1767520 1181
1767530 1181
1767540 1182
1767550 1183
1767560 1184
1767570 1186
1767580 1187
1767590 1188
1767600 1189
1767610 1189
1767620 1188
1767630 1187
1767640 1186
1767650 1185
1767660 1183
1767670 1182
1767680 1182
1767690 1181
1767700 1181
1767710 1181
1767720 1180
1767730 1179
1767740 1179
1767750 1178
1767760 1177
1767770 1176
1767780 1175
1767790 1174
1767800 1174
1767810 1173
1767820 1172
1767830 1171
1767840 1169
1767850 1168
1767860 1166
1767870 1165
1767880 1165
1767890 1164
1767900 1164
1767910 1164
1767920 1164
1767930 1164
1767940 1164
1767950 1164
1767960 1164
1767970 1165
1767980 1165
1767990 1166
1768000 1166
1768010 1167
1768020 1168
1768030 1170
1768040 1173
1768050 1174
1768060 1176
1768070 1179
1768080 1181
1768090 1183
1768100 1185
1768110 1187
1768120 1189
1768130 1191
1768140 1193
1768150 1195
1768160 1197
1768170 1199
1768180 1201
1768190 1203
1768200 1204
1768210 1206
1768220 1207
1768230 1209
1768240 1211
1768250 1212
1768260 1214
1768270 1216
1768280 1217
1768290 1219
1768300 1221
1768310 1223
1768320 1225
1768330 1227
1768340 1229
1768350 1231
1768360 1233
1768370 1235
1768380 1236
1768390 1237
1768400 1239
1768410 1242
1768420 1244
1768430 1246
1768440 1248
1768450 1250
1768460 1252
1768470 1254
1768480 1256
1768490 1257
1768500 1258
1768510 1260
1768520 1261
1768530 1262
1768540 1264
1768550 1265
1768560 1266
1768570 1268
1768580 1270
1768590 1271
1768600 1273
1768610 1275
1768620 1277
1768630 1278
1768640 1278
1768650 1277
1768660 1276
1768670 1276
1768680 1275
1768690 1275
1768700 1273
1768710 1272
1768720 1270
1768730 1268
1768740 1266
1768750 1264
1768760 1263
1768770 1262
1768780 1262
1768790 1263
1768800 1263
1768810 1263
1768820 1264
1768830 1265
1768840 1266
1768850 1267
1768860 1269
1768870 1271
1768880 1273
1768890 1275
1768900 1278
1768910 1280
1768920 1282
1768930 1283
1768940 1284
1768950 1285
1768960 1286
1768970 1288
1768980 1289
1768990 1290
1769000 1291
1769010 1291
1769020 1291
1769030 1289
1769040 1288
1769050 1287
1769060 1285
1769070 1284
1769080 1282
1769090 1280
1769100 1278
1769110 1276
1769120 1274
1769130 1272
1769140 1270
1769150 1268
1769160 1267
1769170 1265
1769180 1264
1769190 1263
1769200 1262
1769210 1261
1769220 1260
1769230 1259
1769240 1258
1769250 1257
1769260 1257
1769270 1256
1769280 1256
1769290 1255
1769300 1255
1769310 1256
1769320 1256
1769330 1257
1769340 1257
1769350 1258
1769360 1258
1769370 1259
1769380 1260
1769390 1261
1769400 1262
1769410 1264
1769420 1265
1769430 1266
1769440 1267
1769450 1268
1769460 1269
1769470 1270
1769480 1273
1769490 1275
1769500 1279
1769510 1282
1769520 1286
1769530 1287
1769540 1287
1769550 1286
1769560 1285
1769570 1284
1769580 1283
1769590 1282
1769600 1281
1769610 1280
1769620 1279
1769630 1277
1769640 1274
1769650 1272
1769660 1269
1769670 1266
1769680 1264
1769690 1262
1769700 1260
1769710 1258
1769720 1255
1769730 1253
1769740 1251
1769750 1249
1769760 1246
1769770 1244
1769780 1243
1769790 1241
1769800 1241
1769810 1240
1769820 1239
1769830 1238
1769840 1236
1769850 1233
1769860 1231
1769870 1228
1769880 1225
1769890 1222
1769900 1219
1769910 1217
1769920 1217
1769930 1216
1769940 1216
1769950 1219
1769960 1220
1769970 1221
1769980 1222
1769990 1220
1770000 1218
1770010 1217
1770020 1218
1770030 1219
1770040 1219
1770050 1221
1770060 1222
1770070 1223
1770080 1222
1770090 1221
1770100 1220
1770110 1218
1770120 1217
1770130 1216
1770140 1215
1770150 1214
1770160 1213
1770170 1211
1770180 1210
1770190 1208
1770200 1206
1770210 1205
1770220 1204
1770230 1203
1770240 1201
1770250 1200
1770260 1199
1770270 1198
1770280 1196
1770290 1195
1770300 1194
1770310 1193
1770320 1192
1770330 1190
1770340 1189
1770350 1187
1770360 1186
1770370 1184
1770380 1183
1770390 1182
1770400 1180
1770410 1179
1770420 1178
1770430 1177
1770440 1176
1770450 1176
1770460 1175
1770470 1174
1770480 1173
1770490 1172
1770500 1171
1770510 1170
1770520 1169
1770530 1168
1770540 1167
1770550 1165
1770560 1164
1770570 1162
1770580 1160
1770590 1159
1770600 1159
1770610 1158
1770620 1158
1770630 1157
1770640 1156
1770650 1155
1770660 1154
1770670 1153
1770680 1152
1770690 1151
1770700 1150
1770710 1148
1770720 1147
1770730 1146
1770740 1145
1770750 1144
1770760 1143
1770770 1142
1770780 1141
1770790 1139
1770800 1137
1770810 1135
1770820 1133
1770830 1132
1770840 1133
1770850 1134
1770860 1135
1770870 1135
1770880 1135
1770890 1136
1770900 1135
1770910 1135
1770920 1134
1770930 1134
1770940 1133
1770950 1132
1770960 1131
1770970 1131
1770980 1130
1770990 1129
1771000 1128
1771010 1127
1771020 1125
1771030 1124
1771040 1122
1771050 1120
1771060 1118
1771070 1116
1771080 1115
1771090 1113
1771100 1111
1771110 1109
1771120 1110
1771130 1110
1771140 1111
1771150 1111
1771160 1110
1771170 1109
1771180 1108
1771190 1107
1771200 1106
1771210 1106
1771220 1105
1771230 1105
1771240 1105
1771250 1103
1771260 1101
1771270 1098
1771280 1096
1771290 1094
1771300 1092
1771310 1091
1771320 1090
1771330 1089
1771340 1088
1771350 1087
1771360 1086
1771370 1086
1771380 1085
1771390 1086
1771400 1086
1771410 1086
1771420 1086
1771430 1085
1771440 1084
1771450 1084
1771460 1084
1771470 1084
1771480 1087
1771490 1089
1771500 1091
1771510 1094
1771520 1092
1771530 1089
1771540 1083
1771550 1078
1771560 1073
1771570 1068
1771580 1063
1771590 1059
1771600 1054
1771610 1049
1771620 1045
1771630 1040
1771640 1036
1771650 1032
1771660 1028
1771670 1023
1771680 1019
1771690 1015
1771700 1012
1771710 1008
1771720 1004
1771730 1001
1771740 997
1771750 994
1771760 990
1771770 986
1771780 983
1771790 982
1771800 981
1771810 980
1771820 981
1771830 982
1771840 984
1771850 986
1771860 987
1771870 989
1771880 991
1771890 993
1771900 995
1771910 997
1771920 1000
1771930 1003
1771940 1005
1771950 1007
1771960 1008
1771970 1010
1771980 1011
1771990 1012
1772000 1012
1772010 1012
1772020 1012
1772030 1010
1772040 1011
1772050 1012
1772060 1015
1772070 1019
1772080 1023
1772090 1028
1772100 1032
1772110 1036
1772120 1040
1772130 1044
1772140 1047
1772150 1050
1772160 1053
1772170 1056
1772180 1058
1772190 1058
1772200 1057
1772210 1056
1772220 1054
1772230 1052
1772240 1051
1772250 1050
1772260 1050
1772270 1050
1772280 1051
1772290 1052
1772300 1054
1772310 1056
1772320 1058
1772330 1060
1772340 1062
1772350 1063
1772360 1063
1772370 1062
1772380 1062
1772390 1061
1772400 1060
1772410 1059
1772420 1058
1772430 1057
1772440 1056
1772450 1054
1772460 1052
1772470 1051
1772480 1049
1772490 1048
1772500 1046
1772510 1044
1772520 1043
1772530 1041
1772540 1038
1772550 1036
1772560 1033
1772570 1030
1772580 1027
1772590 1024
1772600 1022
1772610 1019
1772620 1015
1772630 1012
1772640 1009
1772650 1006
1772660 1002
1772670 998
1772680 994
1772690 990
1772700 986
1772710 981
1772720 977
1772730 973
1772740 969
1772750 966
1772760 963
1772770 959
1772780 955
1772790 952
1772800 948
1772810 944
1772820 940
1772830 936
1772840 932
1772850 928
1772860 924
1772870 921
1772880 918
1772890 915
1772900 913
1772910 911
1772920 909
1772930 908
1772940 906
1772950 904
1772960 903
1772970 901
1772980 899
1772990 898
1773000 896
1773010 894
1773020 893
1773030 892
1773040 891
1773050 889
1773060 887
1773070 885
1773080 885
1773090 885
1773100 886
1773110 886
1773120 887
1773130 888
1773140 889
1773150 890
1773160 891
1773170 892
1773180 894
1773190 895
1773200 896
1773210 896
1773220 897
1773230 897
1773240 898
1773250 899
1773260 899
1773270 899
1773280 900
1773290 901
1773300 901
1773310 902
1773320 903
1773330 903
1773340 904
1773350 905
1773360 906
1773370 906
1773380 907
1773390 907
1773400 908
1773410 909
1773420 909
1773430 910
1773440 911
1773450 911
1773460 911
1773470 911
1773480 912
1773490 912
1773500 912
1773510 912
1773520 912
1773530 911
1773540 910
1773550 910
1773560 909
1773570 909
1773580 908
1773590 908
1773600 906
1773610 905
1773620 904
1773630 904
1773640 903
1773650 903
1773660 902
1773670 902
1773680 902
1773690 902
1773700 901
1773710 901
1773720 900
1773730 899
1773740 898
1773750 897
1773760 896
1773770 895
1773780 894
1773790 893
1773800 893
1773810 892
1773820 891
1773830 890
1773840 888
1773850 887
1773860 886
1773870 884
1773880 882
1773890 880
1773900 877
1773910 875
1773920 873
1773930 872
1773940 870
1773950 869
1773960 868
1773970 867
1773980 866
1773990 865
1774000 864
1774010 862
1774020 861
1774030 860
1774040 858
1774050 857
1774060 856
1774070 855
1774080 854
1774090 853
1774100 851
1774110 850
1774120 849
1774130 847
1774140 846
1774150 845
1774160 843
1774170 841
1774180 838
1774190 835
1774200 831
1774210 828
1774220 824
1774230 821
1774240 817
1774250 813
1774260 809
1774270 805
1774280 801
1774290 797
1774300 794
1774310 790
1774320 786
1774330 783
1774340 779
1774350 775
1774360 772
1774370 768
1774380 765
1774390 761
1774400 758
1774410 755
1774420 752
1774430 749
1774440 746
1774450 743
1774460 740
1774470 737
1774480 733
1774490 732
1774500 731
1774510 729
1774520 728
1774530 726
1774540 725
1774550 723
1774560 722
1774570 721
1774580 720
1774590 719
1774600 717
1774610 714
1774620 711
1774630 709
1774640 707
1774650 704
1774660 701
1774670 698
1774680 696
1774690 695
1774700 693
1774710 692
1774720 691
1774730 689
1774740 687
1774750 684
1774760 682
1774770 680
1774780 677
1774790 674
1774800 671
1774810 668
1774820 665
1774830 663
1774840 661
1774850 659
1774860 658
1774870 656
1774880 655
1774890 653
1774900 651
1774910 650
1774920 648
1774930 646
1774940 643
1774950 641
1774960 639
1774970 638
1774980 636
1774990 635
1775000 634
1775010 633
1775020 632
1775030 631
1775040 630
1775050 629
1775060 628
1775070 628
1775080 627
1775090 627
1775100 627
1775110 627
1775120 627
1775130 627
1775140 628
1775150 628
1775160 628
1775170 628
1775180 628
1775190 627
1775200 627
1775210 627
1775220 626
1775230 626
1775240 625
1775250 625
1775260 625
1775270 624
1775280 623
1775290 621
1775300 620
1775310 618
1775320 617
1775330 616
1775340 616
1775350 616
1775360 616
1775370 616
1775380 617
1775390 619
1775400 622
1775410 625
1775420 628
1775430 631
1775440 633
1775450 634
1775460 636
1775470 637
1775480 639
1775490 642
1775500 646
1775510 649
1775520 652
1775530 655
1775540 658
1775550 661
1775560 663
1775570 664
1775580 665
1775590 665
1775600 666
1775610 668
1775620 670
1775630 672
1775640 674
1775650 676
1775660 679
1775670 681
1775680 684
1775690 687
1775700 689
1775710 690
1775720 690
1775730 690
1775740 690
1775750 690
1775760 690
1775770 690
1775780 690
1775790 689
1775800 688
1775810 685
1775820 683
1775830 681
1775840 679
1775850 678
1775860 677
1775870 676
1775880 675
1775890 674
1775900 673
1775910 672
1775920 671
1775930 670
1775940 669
1775950 668
1775960 667
1775970 666
1775980 665
1775990 664
1776000 664
1776010 663
1776020 662
1776030 662
1776040 661
1776050 660
1776060 659
1776070 658
1776080 657
1776090 656
1776100 655
1776110 654
1776120 654
1776130 653
1776140 652
1776150 651
1776160 650
1776170 649
1776180 648
1776190 647
1776200 646
1776210 645
1776220 644
1776230 643
1776240 643
1776250 642
1776260 642
1776270 641
1776280 641
1776290 640
1776300 640
1776310 639
1776320 639
1776330 638
1776340 638
1776350 637
1776360 636
1776370 635
1776380 634
1776390 633
1776400 632
1776410 631
1776420 630
1776430 629
1776440 628
1776450 628
1776460 627
1776470 626
1776480 625
1776490 624
1776500 623
1776510 622
1776520 622
1776530 621
1776540 620
1776550 620
1776560 619
1776570 618
1776580 618
1776590 617
1776600 617
1776610 616
1776620 616
1776630 615
1776640 615
1776650 615
1776660 615
1776670 614
1776680 614
1776690 613
1776700 612
1776710 612
1776720 611
1776730 610
1776740 609
1776750 608
1776760 607
1776770 606
1776780 605
1776790 604
1776800 603
1776810 602
1776820 602
1776830 601
1776840 600
1776850 599
1776860 599
1776870 598
1776880 597
1776890 596
1776900 596
1776910 595
1776920 594
1776930 594
1776940 593
1776950 593
1776960 592
1776970 592
1776980 591
1776990 591
1777000 590
1777010 590
1777020 589
1777030 588
1777040 588
1777050 587
1777060 586
1777070 586
1777080 585
1777090 585
1777100 584
1777110 584
1777120 583
1777130 583
1777140 582
1777150 582
1777160 581
1777170 581
1777180 581
1777190 581
1777200 581
1777210 581
1777220 580
1777230 580
1777240 580
1777250 580
1777260 580
1777270 580
1777280 580
1777290 580
1777300 580
1777310 580
1777320 580
1777330 580
1777340 580
1777350 580
1777360 580
1777370 580
1777380 579
1777390 579
1777400 579
1777410 579
1777420 579
1777430 579
1777440 579
1777450 579
1777460 578
1777470 577
1777480 577
1777490 576
1777500 574
1777510 573
1777520 572
1777530 570
1777540 568
1777550 565
1777560 562
1777570 559
1777580 554
1777590 550
1777600 545
1777610 541
1777620 538
1777630 535
1777640 533
1777650 531
1777660 529
1777670 527
1777680 526
1777690 524
1777700 523
1777710 522
1777720 521
1777730 520
1777740 519
1777750 518
1777760 518
1777770 518
1777780 518
1777790 518
1777800 518
1777810 518
1777820 518
1777830 519
1777840 519
1777850 520
1777860 522
1777870 524
1777880 526
1777890 528
1777900 530
1777910 532
1777920 534
1777930 537
1777940 538
1777950 540
1777960 541
1777970 543
1777980 544
1777990 545
1778000 547
1778010 549
1778020 550
1778030 551
1778040 553
1778050 555
1778060 556
1778070 557
1778080 557
1778090 558
1778100 559
1778110 559
1778120 560
1778130 561
1778140 562
1778150 563
1778160 564
1778170 565
1778180 566
1778190 567
1778200 568
1778210 569
1778220 570
1778230 571
1778240 573
1778250 574
1778260 576
1778270 577
1778280 578
1778290 579
1778300 580
1778310 581
1778320 581
1778330 582
1778340 582
1778350 582
1778360 582
1778370 581
1778380 581
1778390 581
1778400 580
1778410 580
1778420 580
1778430 579
1778440 579
1778450 578
1778460 578
1778470 578
1778480 577
1778490 577
1778500 577
1778510 576
1778520 576
1778530 575
1778540 575
1778550 574
1778560 574
1778570 573
1778580 573
1778590 572
1778600 571
1778610 571
1778620 570
1778630 569
1778640 568
1778650 568
1778660 567
1778670 566
1778680 565
1778690 564
1778700 563
1778710 563
1778720 562
1778730 561
1778740 561
1778750 560
1778760 559
1778770 558
1778780 558
1778790 557
1778800 556
1778810 555
1778820 555
1778830 554
1778840 553
1778850 552
1778860 552
1778870 551
1778880 550
1778890 549
1778900 548
1778910 547
1778920 546
1778930 546
1778940 545
1778950 544
1778960 542
1778970 541
1778980 540
1778990 539
1779000 539
1779010 538
1779020 537
1779030 536
1779040 535
1779050 534
1779060 533
1779070 532
1779080 532
1779090 530
1779100 529
1779110 528
1779120 527
1779130 525
1779140 524
1779150 522
1779160 521
1779170 519
1779180 517
1779190 516
1779200 515
1779210 514
1779220 513
1779230 512
1779240 511
1779250 510
1779260 509
1779270 508
1779280 507
1779290 506
1779300 505
1779310 503
1779320 502
1779330 501
1779340 500
1779350 499
1779360 498
1779370 497
1779380 496
1779390 495
1779400 494
1779410 493
1779420 492
1779430 491
1779440 490
1779450 489
1779460 488
1779470 487
1779480 486
1779490 484
1779500 483
1779510 481
1779520 479
1779530 478
1779540 476
1779550 474
1779560 471
1779570 469
1779580 467
1779590 466
1779600 467
1779610 467
1779620 467
1779630 467
1779640 467
1779650 467
1779660 467
1779670 467
1779680 467
1779690 468
1779700 470
1779710 471
1779720 472
1779730 473
1779740 474
1779750 475
1779760 476
1779770 477
1779780 479
1779790 481
1779800 483
1779810 485
1779820 486
1779830 487
1779840 489
1779850 490
1779860 492
1779870 493
1779880 495
1779890 496
1779900 497
1779910 498
1779920 499
1779930 500
1779940 501
1779950 502
1779960 503
1779970 503
1779980 504
1779990 505
