1700000 810
1700010 810
1700020 810
1700030 810
1700040 810
1700050 810
1700060 810
1700070 810
1700080 810
1700090 810
1700100 810
1700110 810
1700120 810
1700130 810
1700140 809
1700150 809
1700160 809
1700170 809
1700180 809
1700190 809
1700200 809
1700210 809
1700220 809
1700230 809
1700240 808
1700250 808
1700260 808
1700270 808
1700280 808
1700290 808
1700300 808
1700310 808
1700320 808
1700330 807
1700340 807
1700350 807
1700360 807
1700370 807
1700380 807
1700390 807
1700400 807
1700410 807
1700420 807
1700430 807
1700440 807
1700450 806
1700460 806
1700470 806
1700480 806
1700490 806
1700500 806
1700510 806
1700520 805
1700530 805
1700540 805
1700550 805
1700560 805
1700570 805
1700580 805
1700590 805
1700600 805
1700610 805
1700620 805
1700630 805
1700640 805
1700650 805
1700660 805
1700670 805
1700680 805
1700690 805
1700700 806
1700710 806
1700720 806
1700730 805
1700740 805
1700750 805
1700760 805
1700770 805
1700780 805
1700790 805
1700800 805
1700810 804
1700820 803
1700830 803
1700840 804
1700850 804
1700860 804
1700870 804
1700880 804
1700890 804
1700900 804
1700910 803
1700920 803
1700930 803
1700940 803
1700950 803
1700960 803
1700970 803
1700980 802
1700990 802
1701000 802
1701010 802
1701020 802
1701030 802
1701040 802
1701050 802
1701060 802
1701070 801
1701080 801
1701090 801
1701100 801
1701110 801
1701120 801
1701130 801
1701140 801
1701150 801
1701160 801
1701170 801
1701180 800
1701190 800
1701200 800
1701210 800
1701220 800
1701230 800
1701240 800
1701250 800
1701260 800
1701270 800
1701280 799
1701290 799
1701300 799
1701310 799
1701320 799
1701330 799
1701340 799
1701350 799
1701360 798
1701370 798
1701380 798
1701390 798
1701400 798
1701410 798
1701420 798
1701430 798
1701440 798
1701450 798
1701460 798
1701470 798
1701480 798
1701490 798
1701500 798
1701510 798
1701520 798
1701530 798
1701540 798
1701550 798
1701560 798
1701570 798
1701580 797
1701590 797
1701600 797
1701610 797
1701620 797
1701630 797
1701640 797
1701650 796
1701660 796
1701670 797
1701680 797
1701690 797
1701700 798
1701710 799
1701720 799
1701730 802
1701740 801
1701750 801
1701760 803
1701770 805
1701780 805
1701790 805
1701800 805
1701810 805
1701820 807
1701830 809
1701840 809
1701850 811
1701860 812
1701870 812
1701880 814
1701890 815
1701900 816
1701910 816
1701920 819
1701930 823
1701940 823
1701950 828
1701960 832
1701970 832
1701980 837
1701990 841
1702000 841
1702010 846
1702020 859
1702030 859
1702040 863
1702050 863
1702060 863
1702070 863
1702080 863
1702090 863
1702100 863
1702110 863
1702120 863
1702130 864
1702140 866
1702150 866
1702160 866
1702170 862
1702180 862
1702190 862
1702200 863
1702210 863
1702220 866
1702230 867
1702240 867
1702250 868
1702260 868
1702270 868
1702280 869
1702290 869
1702300 869
1702310 868
1702320 864
1702330 864
1702340 857
1702350 850
1702360 850
1702370 843
1702380 836
1702390 836
1702400 837
1702410 840
1702420 844
1702430 844
1702440 845
1702450 843
1702460 843
1702470 844
1702480 849
1702490 849
1702500 852
1702510 851
1702520 851
1702530 851
1702540 851
1702550 851
1702560 855
1702570 859
1702580 859
1702590 860
1702600 861
1702610 861
1702620 862
1702630 863
1702640 863
1702650 863
1702660 864
1702670 864
1702680 866
1702690 865
1702700 865
1702710 867
1702720 868
1702730 868
1702740 868
1702750 867
1702760 867
1702770 866
1702780 864
1702790 864
1702800 863
1702810 863
1702820 863
1702830 863
1702840 863
1702850 863
1702860 863
1702870 863
1702880 863
1702890 862
1702900 861
1702910 861
1702920 858
1702930 852
1702940 845
1702950 845
1702960 839
1702970 834
1702980 834
1702990 829
1703000 823
1703010 823
1703020 818
1703030 813
1703040 813
1703050 809
1703060 807
1703070 807
1703080 804
1703090 804
1703100 804
1703110 801
1703120 798
1703130 798
1703140 796
1703150 793
1703160 793
1703170 791
1703180 789
1703190 789
1703200 789
1703210 787
1703220 787
1703230 783
1703240 780
1703250 780
1703260 778
1703270 778
1703280 778
1703290 778
1703300 777
1703310 777
1703320 777
1703330 776
1703340 776
1703350 775
1703360 775
1703370 775
1703380 775
1703390 775
1703400 775
1703410 774
1703420 774
1703430 774
1703440 774
1703450 774
1703460 773
1703470 773
1703480 773
1703490 773
1703500 773
1703510 773
1703520 773
1703530 773
1703540 774
1703550 774
1703560 774
1703570 774
1703580 773
1703590 773
1703600 773
1703610 773
1703620 773
1703630 773
1703640 773
1703650 773
1703660 773
1703670 773
1703680 773
1703690 773
1703700 773
1703710 773
1703720 776
1703730 778
1703740 778
1703750 778
1703760 778
1703770 778
1703780 778
1703790 777
1703800 777
1703810 777
1703820 777
1703830 777
1703840 778
1703850 779
1703860 779
1703870 779
1703880 779
1703890 779
1703900 777
1703910 778
1703920 778
1703930 779
1703940 777
1703950 777
1703960 776
1703970 775
1703980 775
1703990 774
1704000 774
1704010 774
1704020 774
1704030 773
1704040 773
1704050 773
1704060 773
1704070 773
1704080 773
1704090 773
1704100 772
1704110 772
1704120 773
1704130 773
1704140 773
1704150 773
1704160 773
1704170 773
1704180 773
1704190 774
1704200 774
1704210 774
1704220 774
1704230 774
1704240 775
1704250 777
1704260 777
1704270 776
1704280 775
1704290 775
1704300 775
1704310 774
1704320 774
1704330 775
1704340 775
1704350 775
1704360 775
1704370 777
1704380 777
1704390 781
1704400 785
1704410 785
1704420 791
1704430 791
1704440 791
1704450 796
1704460 798
1704470 798
1704480 800
1704490 801
1704500 801
1704510 803
1704520 805
1704530 807
1704540 807
1704550 810
1704560 814
1704570 814
1704580 817
1704590 820
1704600 820
1704610 824
1704620 828
1704630 828
1704640 831
1704650 836
1704660 836
1704670 838
1704680 839
1704690 839
1704700 842
1704710 845
1704720 845
1704730 845
1704740 843
1704750 843
1704760 847
1704770 847
1704780 847
1704790 847
1704800 847
1704810 847
1704820 847
1704830 847
1704840 847
1704850 847
1704860 852
1704870 852
1704880 851
1704890 852
1704900 852
1704910 854
1704920 855
1704930 855
1704940 856
1704950 857
1704960 857
1704970 857
1704980 858
1704990 858
1705000 858
1705010 859
1705020 859
1705030 857
1705040 856
1705050 855
1705060 855
1705070 849
1705080 849
1705090 849
1705100 848
1705110 848
1705120 848
1705130 848
1705140 848
1705150 848
1705160 847
1705170 847
1705180 847
1705190 847
1705200 847
1705210 847
1705220 847
1705230 847
1705240 847
1705250 847
1705260 849
1705270 849
1705280 849
1705290 852
1705300 852
1705310 852
1705320 852
1705330 852
1705340 853
1705350 854
1705360 854
1705370 853
1705380 849
1705390 849
1705400 848
1705410 848
1705420 848
1705430 848
1705440 849
1705450 849
1705460 854
1705470 858
1705480 858
1705490 862
1705500 863
1705510 863
1705520 865
1705530 866
1705540 866
1705550 868
1705560 869
1705570 869
1705580 869
1705590 871
1705600 872
1705610 872
1705620 873
1705630 875
1705640 875
1705650 876
1705660 877
1705670 877
1705680 879
1705690 882
1705700 882
1705710 885
1705720 888
1705730 888
1705740 891
1705750 894
1705760 894
1705770 897
1705780 901
1705790 901
1705800 904
1705810 907
1705820 907
1705830 911
1705840 917
1705850 917
1705860 923
1705870 927
1705880 927
1705890 929
1705900 933
1705910 933
1705920 937
1705930 941
1705940 941
1705950 945
1705960 949
1705970 949
1705980 952
1705990 955
1706000 955
1706010 959
1706020 961
1706030 961
1706040 964
1706050 967
1706060 967
1706070 970
1706080 973
1706090 975
1706100 975
1706110 978
1706120 980
1706130 980
1706140 983
1706150 985
1706160 985
1706170 987
1706180 988
1706190 988
1706200 990
1706210 992
1706220 992
1706230 994
1706240 996
1706250 996
1706260 998
1706270 1000
1706280 1000
1706290 1002
1706300 1004
1706310 1004
1706320 1005
1706330 1006
1706340 1006
1706350 1007
1706360 1005
1706370 1005
1706380 1001
1706390 997
1706400 997
1706410 992
1706420 988
1706430 988
1706440 985
1706450 981
1706460 981
1706470 977
1706480 973
1706490 973
1706500 970
1706510 967
1706520 967
1706530 964
1706540 960
1706550 960
1706560 957
1706570 954
1706580 954
1706590 950
1706600 944
1706610 939
1706620 939
1706630 926
1706640 918
1706650 918
1706660 911
1706670 904
1706680 904
1706690 896
1706700 893
1706710 893
1706720 896
1706730 903
1706740 903
1706750 909
1706760 916
1706770 916
1706780 922
1706790 929
1706800 929
1706810 935
1706820 942
1706830 942
1706840 949
1706850 957
1706860 957
1706870 964
1706880 969
1706890 969
1706900 975
1706910 981
1706920 981
1706930 986
1706940 991
1706950 991
1706960 995
1706970 996
1706980 996
1706990 998
1707000 1000
1707010 1000
1707020 1003
1707030 1005
1707040 1005
1707050 1008
1707060 1011
1707070 1011
1707080 1013
1707090 1015
1707100 1015
1707110 1017
1707120 1019
1707130 1021
1707140 1021
1707150 1022
1707160 1024
1707170 1024
1707180 1025
1707190 1026
1707200 1026
1707210 1026
1707220 1026
1707230 1026
1707240 1026
1707250 1026
1707260 1026
1707270 1026
1707280 1025
1707290 1025
1707300 1024
1707310 1023
1707320 1023
1707330 1022
1707340 1021
1707350 1021
1707360 1019
1707370 1017
1707380 1017
1707390 1015
1707400 1013
1707410 1013
1707420 1011
1707430 1008
1707440 1008
1707450 1003
1707460 998
1707470 998
1707480 994
1707490 991
1707500 991
1707510 989
1707520 987
1707530 987
1707540 985
1707550 983
1707560 983
1707570 982
1707580 982
1707590 982
1707600 983
1707610 982
1707620 982
1707630 980
1707640 976
1707650 972
1707660 972
1707670 968
1707680 963
1707690 963
1707700 958
1707710 955
1707720 955
1707730 951
1707740 947
1707750 947
1707760 944
1707770 940
1707780 940
1707790 936
1707800 933
1707810 933
1707820 931
1707830 928
1707840 928
1707850 926
1707860 927
1707870 927
1707880 926
1707890 925
1707900 925
1707910 922
1707920 919
1707930 919
1707940 915
1707950 909
1707960 909
1707970 904
1707980 898
1707990 898
1708000 893
1708010 888
1708020 888
1708030 882
1708040 876
1708050 876
1708060 871
1708070 864
1708080 864
1708090 858
1708100 852
1708110 852
1708120 846
1708130 840
1708140 840
1708150 833
1708160 827
1708170 821
1708180 821
1708190 816
1708200 810
1708210 810
1708220 805
1708230 800
1708240 800
1708250 794
1708260 786
1708270 786
1708280 784
1708290 786
1708300 786
1708310 786
1708320 786
1708330 786
1708340 786
1708350 786
1708360 786
1708370 795
1708380 801
1708390 801
1708400 808
1708410 813
1708420 813
1708430 819
1708440 825
1708450 825
1708460 831
1708470 837
1708480 837
1708490 843
1708500 847
1708510 847
1708520 851
1708530 856
1708540 856
1708550 860
1708560 863
1708570 863
1708580 866
1708590 868
1708600 868
1708610 865
1708620 861
1708630 861
1708640 865
1708650 869
1708660 869
1708670 878
1708680 886
1708690 892
1708700 892
1708710 897
1708720 904
1708730 904
1708740 909
1708750 916
1708760 916
1708770 922
1708780 928
1708790 928
1708800 936
1708810 943
1708820 943
1708830 948
1708840 953
1708850 953
1708860 958
1708870 962
1708880 962
1708890 966
1708900 969
1708910 969
1708920 972
1708930 976
1708940 976
1708950 980
1708960 983
1708970 983
1708980 986
1708990 990
1709000 990
1709010 993
1709020 996
1709030 996
1709040 1000
1709050 1003
1709060 1003
1709070 1006
1709080 1008
1709090 1008
1709100 1010
1709110 1013
1709120 1013
1709130 1017
1709140 1020
1709150 1020
1709160 1024
1709170 1027
1709180 1027
1709190 1030
1709200 1035
1709210 1040
1709220 1040
1709230 1045
1709240 1050
1709250 1050
1709260 1055
1709270 1060
1709280 1060
1709290 1065
1709300 1070
1709310 1070
1709320 1074
1709330 1078
1709340 1078
1709350 1081
1709360 1084
1709370 1084
1709380 1086
1709390 1086
1709400 1086
1709410 1082
1709420 1079
1709430 1079
1709440 1076
1709450 1074
1709460 1074
1709470 1071
1709480 1068
1709490 1068
1709500 1065
1709510 1063
1709520 1063
1709530 1060
1709540 1055
1709550 1055
1709560 1052
1709570 1047
1709580 1047
1709590 1043
1709600 1038
1709610 1038
1709620 1034
1709630 1029
1709640 1029
1709650 1025
1709660 1021
1709670 1021
1709680 1015
1709690 1008
1709700 1008
1709710 1003
1709720 998
1709730 999
1709740 999
1709750 1003
1709760 1009
1709770 1009
1709780 1013
1709790 1018
1709800 1018
1709810 1023
1709820 1028
1709830 1028
1709840 1032
1709850 1036
1709860 1036
1709870 1039
1709880 1042
1709890 1042
1709900 1045
1709910 1047
1709920 1047
1709930 1049
1709940 1049
1709950 1049
1709960 1047
1709970 1043
1709980 1043
1709990 1038
1710000 1034
1710010 1034
1710020 1030
1710030 1027
1710040 1027
1710050 1024
1710060 1022
1710070 1022
1710080 1019
1710090 1018
1710100 1018
1710110 1016
1710120 1010
1710130 1010
1710140 1005
1710150 1001
1710160 1001
1710170 996
1710180 991
1710190 991
1710200 988
1710210 983
1710220 983
1710230 976
1710240 969
1710250 962
1710260 962
1710270 956
1710280 955
1710290 955
1710300 952
1710310 949
1710320 949
1710330 947
1710340 947
1710350 947
1710360 949
1710370 950
1710380 950
1710390 952
1710400 953
1710410 953
1710420 954
1710430 955
1710440 955
1710450 955
1710460 956
1710470 956
1710480 956
1710490 954
1710500 954
1710510 946
1710520 936
1710530 936
1710540 928
1710550 925
1710560 925
1710570 923
1710580 922
1710590 922
1710600 921
1710610 922
1710620 922
1710630 921
1710640 921
1710650 921
1710660 920
1710670 919
1710680 919
1710690 918
1710700 916
1710710 916
1710720 918
1710730 919
1710740 919
1710750 920
1710760 922
1710770 923
1710780 923
1710790 925
1710800 927
1710810 927
1710820 928
1710830 928
1710840 928
1710850 930
1710860 930
1710870 930
1710880 929
1710890 923
1710900 923
1710910 916
1710920 908
1710930 908
1710940 901
1710950 892
1710960 892
1710970 884
1710980 876
1710990 876
1711000 867
1711010 859
1711020 859
1711030 857
1711040 851
1711050 851
1711060 846
1711070 840
1711080 840
1711090 835
1711100 830
1711110 830
1711120 825
1711130 820
1711140 820
1711150 817
1711160 817
1711170 817
1711180 816
1711190 817
1711200 817
1711210 818
1711220 823
1711230 823
1711240 830
1711250 835
1711260 835
1711270 840
1711280 846
1711290 851
1711300 851
1711310 856
1711320 862
1711330 862
1711340 865
1711350 859
1711360 859
1711370 851
1711380 850
1711390 850
1711400 857
1711410 863
1711420 863
1711430 868
1711440 873
1711450 873
1711460 878
1711470 883
1711480 883
1711490 887
1711500 891
1711510 891
1711520 894
1711530 897
1711540 897
1711550 900
1711560 903
1711570 903
1711580 906
1711590 907
1711600 907
1711610 910
1711620 912
1711630 912
1711640 916
1711650 920
1711660 920
1711670 925
1711680 930
1711690 930
1711700 935
1711710 940
1711720 940
1711730 945
1711740 951
1711750 951
1711760 956
1711770 962
1711780 962
1711790 967
1711800 970
1711810 975
1711820 975
1711830 980
1711840 985
1711850 985
1711860 990
1711870 995
1711880 995
1711890 999
1711900 1004
1711910 1004
1711920 1009
1711930 1016
1711940 1016
1711950 1019
1711960 1023
1711970 1023
1711980 1027
1711990 1031
1712000 1031
1712010 1036
1712020 1041
1712030 1041
1712040 1046
1712050 1052
1712060 1052
1712070 1056
1712080 1059
1712090 1059
1712100 1061
1712110 1065
1712120 1065
1712130 1066
1712140 1063
1712150 1063
1712160 1060
1712170 1058
1712180 1058
1712190 1056
1712200 1054
1712210 1054
1712220 1049
1712230 1044
1712240 1044
1712250 1040
1712260 1037
1712270 1037
1712280 1033
1712290 1029
1712300 1029
1712310 1025
1712320 1022
1712330 1018
1712340 1018
1712350 1013
1712360 1008
1712370 1008
1712380 1004
1712390 1001
1712400 1001
1712410 1000
1712420 998
1712430 998
1712440 999
1712450 1001
1712460 1001
1712470 1003
1712480 1004
1712490 1004
1712500 1003
1712510 999
1712520 999
1712530 994
1712540 996
1712550 996
1712560 997
1712570 997
1712580 997
1712590 999
1712600 999
1712610 999
1712620 1003
1712630 1005
1712640 1005
1712650 1008
1712660 1012
1712670 1012
1712680 1016
1712690 1019
1712700 1019
1712710 1017
1712720 1014
1712730 1014
1712740 1009
1712750 1006
1712760 1006
1712770 1002
1712780 999
1712790 999
1712800 998
1712810 999
1712820 999
1712830 1002
1712840 1002
1712850 1003
1712860 1003
1712870 1004
1712880 1006
1712890 1006
1712900 1005
1712910 1002
1712920 1002
1712930 999
1712940 996
1712950 996
1712960 993
1712970 988
1712980 988
1712990 980
1713000 977
1713010 977
1713020 978
1713030 978
1713040 978
1713050 977
1713060 974
1713070 974
1713080 972
1713090 974
1713100 974
1713110 974
1713120 974
1713130 974
1713140 973
1713150 972
1713160 972
1713170 969
1713180 966
1713190 966
1713200 966
1713210 965
1713220 965
1713230 965
1713240 964
1713250 964
1713260 963
1713270 970
1713280 970
1713290 976
1713300 981
1713310 981
1713320 986
1713330 991
1713340 991
1713350 996
1713360 1001
1713370 1006
1713380 1006
1713390 1011
1713400 1017
1713410 1017
1713420 1021
1713430 1026
1713440 1026
1713450 1030
1713460 1034
1713470 1034
1713480 1037
1713490 1040
1713500 1040
1713510 1043
1713520 1044
1713530 1044
1713540 1045
1713550 1045
1713560 1045
1713570 1043
1713580 1046
1713590 1046
1713600 1049
1713610 1053
1713620 1053
1713630 1056
1713640 1060
1713650 1060
1713660 1063
1713670 1067
1713680 1067
1713690 1071
1713700 1073
1713710 1073
1713720 1075
1713730 1077
1713740 1077
1713750 1076
1713760 1075
1713770 1075
1713780 1073
1713790 1072
1713800 1072
1713810 1070
1713820 1069
1713830 1069
1713840 1068
1713850 1066
1713860 1066
1713870 1064
1713880 1063
1713890 1062
1713900 1062
1713910 1061
1713920 1059
1713930 1059
1713940 1058
1713950 1057
1713960 1057
1713970 1057
1713980 1056
1713990 1056
1714000 1055
1714010 1054
1714020 1054
1714030 1052
1714040 1047
1714050 1047
1714060 1040
1714070 1033
1714080 1033
1714090 1028
1714100 1023
1714110 1023
1714120 1022
1714130 1026
1714140 1026
1714150 1029
1714160 1032
1714170 1032
1714180 1034
1714190 1036
1714200 1036
1714210 1034
1714220 1030
1714230 1030
1714240 1029
1714250 1027
1714260 1027
1714270 1022
1714280 1014
1714290 1014
1714300 1001
1714310 987
1714320 987
1714330 980
1714340 974
1714350 974
1714360 967
1714370 962
1714380 962
1714390 955
1714400 945
1714410 936
1714420 936
1714430 929
1714440 924
1714450 924
1714460 931
1714470 937
1714480 937
1714490 942
1714500 948
1714510 948
1714520 953
1714530 959
1714540 959
1714550 964
1714560 967
1714570 967
1714580 970
1714590 971
1714600 971
1714610 972
1714620 973
1714630 973
1714640 973
1714650 972
1714660 972
1714670 970
1714680 968
1714690 968
1714700 967
1714710 965
1714720 965
1714730 963
1714740 959
1714750 961
1714760 955
1714770 950
1714780 950
1714790 947
1714800 943
1714810 943
1714820 940
1714830 938
1714840 938
1714850 936
1714860 936
1714870 936
1714880 935
1714890 933
1714900 933
1714910 930
1714920 925
1714930 922
1714940 922
1714950 920
1714960 917
1714970 917
1714980 917
1714990 914
1715000 914
1715010 913
1715020 912
1715030 912
1715040 911
1715050 910
1715060 910
1715070 908
1715080 907
1715090 907
1715100 906
1715110 905
1715120 905
1715130 904
1715140 904
1715150 904
1715160 903
1715170 903
1715180 903
1715190 902
1715200 902
1715210 902
1715220 902
1715230 901
1715240 901
1715250 901
1715260 901
1715270 901
1715280 901
1715290 901
1715300 901
1715310 900
1715320 899
1715330 899
1715340 899
1715350 897
1715360 897
1715370 896
1715380 893
1715390 893
1715400 891
1715410 889
1715420 889
1715430 885
1715440 877
1715450 872
1715460 872
1715470 868
1715480 865
1715490 865
1715500 860
1715510 856
1715520 856
1715530 853
1715540 856
1715550 856
1715560 866
1715570 874
1715580 874
1715590 879
1715600 884
1715610 884
1715620 888
1715630 893
1715640 893
1715650 898
1715660 904
1715670 904
1715680 909
1715690 914
1715700 914
1715710 920
1715720 925
1715730 925
1715740 930
1715750 934
1715760 934
1715770 939
1715780 943
1715790 943
1715800 947
1715810 951
1715820 951
1715830 954
1715840 956
1715850 956
1715860 956
1715870 956
1715880 956
1715890 954
1715900 951
1715910 951
1715920 955
1715930 960
1715940 960
1715950 964
1715960 967
1715970 970
1715980 970
1715990 974
1716000 978
1716010 978
1716020 984
1716030 989
1716040 989
1716050 994
1716060 999
1716070 999
1716080 1004
1716090 1007
1716100 1007
1716110 1012
1716120 1016
1716130 1016
1716140 1021
1716150 1024
1716160 1024
1716170 1017
1716180 1009
1716190 1009
1716200 1002
1716210 995
1716220 995
1716230 988
1716240 982
1716250 982
1716260 974
1716270 967
1716280 967
1716290 959
1716300 952
1716310 952
1716320 945
1716330 938
1716340 938
1716350 932
1716360 926
1716370 926
1716380 920
1716390 910
1716400 910
1716410 904
1716420 898
1716430 898
1716440 889
1716450 882
1716460 882
1716470 875
1716480 878
1716490 878
1716500 884
1716510 890
1716520 897
1716530 897
1716540 903
1716550 910
1716560 910
1716570 916
1716580 923
1716590 923
1716600 930
1716610 938
1716620 938
1716630 945
1716640 951
1716650 951
1716660 957
1716670 963
1716680 963
1716690 966
1716700 963
1716710 963
1716720 956
1716730 951
1716740 951
1716750 945
1716760 946
1716770 946
1716780 950
1716790 955
1716800 955
1716810 958
1716820 962
1716830 962
1716840 967
1716850 972
1716860 972
1716870 978
1716880 984
1716890 984
1716900 990
1716910 996
1716920 996
1716930 1002
1716940 1007
1716950 1007
1716960 1013
1716970 1018
1716980 1018
1716990 1023
1717000 1029
1717010 1029
1717020 1034
1717030 1039
1717040 1044
1717050 1044
1717060 1050
1717070 1055
1717080 1055
1717090 1061
1717100 1066
1717110 1066
1717120 1070
1717130 1075
1717140 1075
1717150 1079
1717160 1083
1717170 1083
1717180 1087
1717190 1092
1717200 1092
1717210 1095
1717220 1098
1717230 1098
1717240 1098
1717250 1090
1717260 1090
1717270 1085
1717280 1082
1717290 1082
1717300 1080
1717310 1078
1717320 1078
1717330 1078
1717340 1076
1717350 1076
1717360 1074
1717370 1070
1717380 1070
1717390 1065
1717400 1059
1717410 1059
1717420 1056
1717430 1054
1717440 1054
1717450 1053
1717460 1052
1717470 1052
1717480 1050
1717490 1049
1717500 1049
1717510 1055
1717520 1055
1717530 1055
1717540 1055
1717550 1055
1717560 1054
1717570 1054
1717580 1054
1717590 1053
1717600 1053
1717610 1052
1717620 1051
1717630 1051
1717640 1050
1717650 1048
1717660 1048
1717670 1045
1717680 1041
1717690 1041
1717700 1036
1717710 1033
1717720 1033
1717730 1030
1717740 1026
1717750 1026
1717760 1023
1717770 1023
1717780 1023
1717790 1022
1717800 1023
1717810 1023
1717820 1021
1717830 1020
1717840 1020
1717850 1017
1717860 1015
1717870 1015
1717880 1012
1717890 1011
1717900 1011
1717910 1010
1717920 1010
1717930 1010
1717940 1008
1717950 1005
1717960 1005
1717970 999
1717980 995
1717990 995
1718000 987
1718010 980
1718020 980
1718030 972
1718040 965
1718050 965
1718060 958
1718070 951
1718080 945
1718090 945
1718100 939
1718110 934
1718120 934
1718130 930
1718140 929
1718150 929
1718160 925
1718170 920
1718180 920
1718190 914
1718200 908
1718210 908
1718220 902
1718230 897
1718240 897
1718250 893
1718260 890
1718270 890
1718280 881
1718290 886
1718300 886
1718310 890
1718320 898
1718330 898
1718340 906
1718350 915
1718360 915
1718370 925
1718380 930
1718390 930
1718400 936
1718410 942
1718420 942
1718430 943
1718440 941
1718450 941
1718460 937
1718470 933
1718480 933
1718490 929
1718500 928
1718510 928
1718520 928
1718530 927
1718540 927
1718550 926
1718560 925
1718570 925
1718580 925
1718590 925
1718600 925
1718610 925
1718620 926
1718630 927
1718640 927
1718650 928
1718660 928
1718670 928
1718680 930
1718690 932
1718700 932
1718710 934
1718720 936
1718730 936
1718740 938
1718750 941
1718760 941
1718770 942
1718780 944
1718790 944
1718800 946
1718810 949
1718820 949
1718830 952
1718840 955
1718850 955
1718860 957
1718870 959
1718880 959
1718890 959
1718900 957
1718910 957
1718920 955
1718930 954
1718940 954
1718950 951
1718960 948
1718970 948
1718980 945
1718990 941
1719000 941
1719010 938
1719020 934
1719030 934
1719040 931
1719050 927
1719060 927
1719070 925
1719080 924
1719090 924
1719100 924
1719110 923
1719120 921
1719130 921
1719140 919
1719150 916
1719160 916
1719170 913
1719180 912
1719190 912
1719200 910
1719210 905
1719220 905
1719230 899
1719240 894
1719250 894
1719260 889
1719270 886
1719280 886
1719290 883
1719300 879
1719310 879
1719320 876
1719330 874
1719340 874
1719350 872
1719360 870
1719370 870
1719380 867
1719390 864
1719400 864
1719410 861
1719420 859
1719430 859
1719440 858
1719450 857
1719460 857
1719470 857
1719480 856
1719490 856
1719500 856
1719510 857
1719520 857
1719530 857
1719540 856
1719550 856
1719560 856
1719570 857
1719580 857
1719590 857
1719600 856
1719610 856
1719620 855
1719630 854
1719640 853
1719650 853
1719660 853
1719670 852
1719680 852
1719690 852
1719700 850
1719710 850
1719720 851
1719730 852
1719740 852
1719750 852
1719760 851
1719770 851
1719780 852
1719790 852
1719800 852
1719810 853
1719820 854
1719830 854
1719840 855
1719850 858
1719860 858
1719870 860
1719880 863
1719890 863
1719900 867
1719910 870
1719920 870
1719930 873
1719940 876
1719950 876
1719960 879
1719970 882
1719980 882
1719990 886
