1700000 930
1700010 930
1700020 928
1700030 925
1700040 925
1700050 922
1700060 921
1700070 921
1700080 924
1700090 920
1700100 920
1700110 911
1700120 902
1700130 893
1700140 893
1700150 904
1700160 915
1700170 915
1700180 919
1700190 922
1700200 922
1700210 925
1700220 924
1700230 924
1700240 925
1700250 926
1700260 926
1700270 927
1700280 928
1700290 928
1700300 929
1700310 929
1700320 929
1700330 928
1700340 927
1700350 927
1700360 928
1700370 928
1700380 928
1700390 927
1700400 921
1700410 921
1700420 914
1700430 910
1700440 910
1700450 913
1700460 915
1700470 915
1700480 908
1700490 906
1700500 906
1700510 911
1700520 918
1700530 918
1700540 925
1700550 928
1700560 928
1700570 930
1700580 931
1700590 931
1700600 932
1700610 934
1700620 934
1700630 933
1700640 932
1700650 931
1700660 931
1700670 927
1700680 924
1700690 924
1700700 927
1700710 931
1700720 931
1700730 934
1700740 939
1700750 939
1700760 941
1700770 942
1700780 942
1700790 944
1700800 947
1700810 947
1700820 950
1700830 954
1700840 954
1700850 957
1700860 961
1700870 961
1700880 965
1700890 968
1700900 968
1700910 979
1700920 972
1700930 972
1700940 979
1700950 987
1700960 987
1700970 988
1700980 983
1700990 983
1701000 985
1701010 990
1701020 990
1701030 993
1701040 993
1701050 993
1701060 998
1701070 1007
1701080 1007
1701090 1016
1701100 1026
1701110 1026
1701120 1030
1701130 1030
1701140 1030
1701150 1032
1701160 1030
1701170 1024
1701180 1024
1701190 1018
1701200 1012
1701210 1012
1701220 1006
1701230 1001
1701240 1001
1701250 995
1701260 990
1701270 990
1701280 984
1701290 978
1701300 978
1701310 971
1701320 963
1701330 963
1701340 956
1701350 950
1701360 950
1701370 943
1701380 937
1701390 937
1701400 932
1701410 928
1701420 928
1701430 923
1701440 919
1701450 919
1701460 914
1701470 909
1701480 909
1701490 904
1701500 899
1701510 899
1701520 896
1701530 892
1701540 892
1701550 888
1701560 884
1701570 884
1701580 882
1701590 878
1701600 878
1701610 871
1701620 864
1701630 864
1701640 856
1701650 849
1701660 849
1701670 843
1701680 837
1701690 832
1701700 832
1701710 827
1701720 822
1701730 822
1701740 818
1701750 814
1701760 814
1701770 813
1701780 812
1701790 812
1701800 812
1701810 811
1701820 811
1701830 810
1701840 809
1701850 809
1701860 808
1701870 808
1701880 808
1701890 809
1701900 810
1701910 810
1701920 809
1701930 808
1701940 808
1701950 809
1701960 810
1701970 810
1701980 810
1701990 811
1702000 811
1702010 811
1702020 812
1702030 812
1702040 812
1702050 812
1702060 812
1702070 812
1702080 811
1702090 811
1702100 810
1702110 810
1702120 810
1702130 810
1702140 810
1702150 810
1702160 810
1702170 810
1702180 811
1702190 811
1702200 810
1702210 810
1702220 810
1702230 810
1702240 810
1702250 810
1702260 809
1702270 809
1702280 809
1702290 809
1702300 808
1702310 808
1702320 808
1702330 808
1702340 808
1702350 807
1702360 807
1702370 807
1702380 806
1702390 806
1702400 806
1702410 805
1702420 803
1702430 803
1702440 800
1702450 799
1702460 799
1702470 799
1702480 799
1702490 799
1702500 800
1702510 800
1702520 800
1702530 801
1702540 801
1702550 801
1702560 802
1702570 802
1702580 802
1702590 803
1702600 802
1702610 802
1702620 802
1702630 803
1702640 803
1702650 802
1702660 802
1702670 802
1702680 801
1702690 801
1702700 801
1702710 801
1702720 800
1702730 798
1702740 798
1702750 797
1702760 796
1702770 796
1702780 795
1702790 794
1702800 794
1702810 795
1702820 795
1702830 795
1702840 795
1702850 796
1702860 796
1702870 795
1702880 795
1702890 795
1702900 795
1702910 795
1702920 795
1702930 795
1702940 794
1702950 794
1702960 794
1702970 793
1702980 793
1702990 793
1703000 793
1703010 793
1703020 793
1703030 794
1703040 794
1703050 796
1703060 797
1703070 797
1703080 798
1703090 800
1703100 800
1703110 801
1703120 801
1703130 801
1703140 802
1703150 804
1703160 804
1703170 806
1703180 808
1703190 808
1703200 810
1703210 812
1703220 815
1703230 815
1703240 818
1703250 822
1703260 822
1703270 825
1703280 827
1703290 827
1703300 827
1703310 829
1703320 829
1703330 830
1703340 832
1703350 832
1703360 834
1703370 836
1703380 836
1703390 840
1703400 845
1703410 845
1703420 850
1703430 854
1703440 854
1703450 856
1703460 857
1703470 857
1703480 857
1703490 856
1703500 856
1703510 855
1703520 854
1703530 854
1703540 852
1703550 850
1703560 850
1703570 849
1703580 847
1703590 847
1703600 845
1703610 842
1703620 842
1703630 838
1703640 836
1703650 836
1703660 836
1703670 835
1703680 835
1703690 835
1703700 835
1703710 835
1703720 835
1703730 835
1703740 835
1703750 835
1703760 835
1703770 834
1703780 834
1703790 833
1703800 832
1703810 832
1703820 831
1703830 830
1703840 830
1703850 828
1703860 825
1703870 825
1703880 822
1703890 820
1703900 820
1703910 819
1703920 818
1703930 818
1703940 818
1703950 818
1703960 818
1703970 816
1703980 813
1703990 813
1704000 807
1704010 801
1704020 801
1704030 797
1704040 791
1704050 791
1704060 786
1704070 781
1704080 781
1704090 778
1704100 774
1704110 774
1704120 772
1704130 769
1704140 769
1704150 769
1704160 766
1704170 766
1704180 766
1704190 768
1704200 768
1704210 768
1704220 768
1704230 768
1704240 768
1704250 768
1704260 768
1704270 768
1704280 768
1704290 768
1704300 768
1704310 768
1704320 767
1704330 767
1704340 768
1704350 770
1704360 770
1704370 776
1704380 782
1704390 782
1704400 788
1704410 792
1704420 792
1704430 798
1704440 801
1704450 801
1704460 806
1704470 811
1704480 811
1704490 815
1704500 820
1704510 820
1704520 822
1704530 823
1704540 823
1704550 824
1704560 824
1704570 824
1704580 825
1704590 825
1704600 825
1704610 825
1704620 825
1704630 825
1704640 824
1704650 824
1704660 824
1704670 824
1704680 824
1704690 824
1704700 824
1704710 825
1704720 825
1704730 825
1704740 826
1704750 826
1704760 826
1704770 826
1704780 825
1704790 825
1704800 822
1704810 821
1704820 821
1704830 820
1704840 819
1704850 819
1704860 817
1704870 818
1704880 818
1704890 819
1704900 818
1704910 818
1704920 819
1704930 820
1704940 820
1704950 821
1704960 822
1704970 822
1704980 823
1704990 825
1705000 825
1705010 827
1705020 827
1705030 827
1705040 828
1705050 829
1705060 829
1705070 830
1705080 831
1705090 831
1705100 833
1705110 836
1705120 836
1705130 841
1705140 843
1705150 843
1705160 845
1705170 847
1705180 847
1705190 850
1705200 851
1705210 851
1705220 853
1705230 854
1705240 854
1705250 855
1705260 856
1705270 856
1705280 856
1705290 857
1705300 857
1705310 857
1705320 858
1705330 858
1705340 858
1705350 858
1705360 858
1705370 858
1705380 859
1705390 860
1705400 860
1705410 860
1705420 861
1705430 861
1705440 861
1705450 862
1705460 862
1705470 863
1705480 863
1705490 863
1705500 864
1705510 865
1705520 865
1705530 865
1705540 866
1705550 866
1705560 867
1705570 867
1705580 867
1705590 868
1705600 869
1705610 869
1705620 869
1705630 870
1705640 870
1705650 871
1705660 871
1705670 871
1705680 872
1705690 873
1705700 873
1705710 874
1705720 875
1705730 875
1705740 875
1705750 877
1705760 877
1705770 878
1705780 879
1705790 879
1705800 879
1705810 881
1705820 883
1705830 883
1705840 884
1705850 885
1705860 885
1705870 886
1705880 888
1705890 888
1705900 890
1705910 891
1705920 891
1705930 893
1705940 894
1705950 894
1705960 896
1705970 897
1705980 897
1705990 899
1706000 901
1706010 901
1706020 904
1706030 906
1706040 906
1706050 910
1706060 913
1706070 913
1706080 916
1706090 918
1706100 918
1706110 921
1706120 925
1706130 924
1706140 927
1706150 930
1706160 930
1706170 933
1706180 935
1706190 935
1706200 938
1706210 941
1706220 941
1706230 944
1706240 946
1706250 946
1706260 949
1706270 951
1706280 951
1706290 954
1706300 956
1706310 956
1706320 958
1706330 960
1706340 961
1706350 961
1706360 962
1706370 962
1706380 962
1706390 962
1706400 962
1706410 962
1706420 960
1706430 959
1706440 959
1706450 958
1706460 956
1706470 956
1706480 955
1706490 953
1706500 953
1706510 949
1706520 945
1706530 945
1706540 940
1706550 935
1706560 935
1706570 930
1706580 924
1706590 924
1706600 924
1706610 924
1706620 924
1706630 923
1706640 921
1706650 921
1706660 919
1706670 917
1706680 917
1706690 913
1706700 909
1706710 909
1706720 905
1706730 901
1706740 901
1706750 897
1706760 893
1706770 893
1706780 890
1706790 888
1706800 888
1706810 885
1706820 880
1706830 880
1706840 873
1706850 865
1706860 858
1706870 858
1706880 851
1706890 844
1706900 844
1706910 838
1706920 832
1706930 832
1706940 827
1706950 819
1706960 819
1706970 821
1706980 829
1706990 829
1707000 834
1707010 841
1707020 841
1707030 848
1707040 854
1707050 854
1707060 860
1707070 866
1707080 866
1707090 871
1707100 877
1707110 877
1707120 882
1707130 886
1707140 886
1707150 887
1707160 885
1707170 885
1707180 883
1707190 884
1707200 884
1707210 883
1707220 882
1707230 882
1707240 883
1707250 885
1707260 885
1707270 890
1707280 891
1707290 891
1707300 892
1707310 893
1707320 893
1707330 898
1707340 897
1707350 897
1707360 897
1707370 896
1707380 894
1707390 894
1707400 893
1707410 894
1707420 894
1707430 896
1707440 897
1707450 897
1707460 897
1707470 897
1707480 897
1707490 896
1707500 895
1707510 895
1707520 893
1707530 892
1707540 892
1707550 890
1707560 888
1707570 888
1707580 885
1707590 882
1707600 882
1707610 880
1707620 877
1707630 877
1707640 874
1707650 870
1707660 870
1707670 865
1707680 860
1707690 860
1707700 855
1707710 849
1707720 849
1707730 844
1707740 839
1707750 839
1707760 835
1707770 829
1707780 829
1707790 825
1707800 821
1707810 821
1707820 818
1707830 815
1707840 815
1707850 814
1707860 814
1707870 814
1707880 812
1707890 810
1707900 807
1707910 807
1707920 807
1707930 805
1707940 805
1707950 802
1707960 798
1707970 798
1707980 794
1707990 792
1708000 792
1708010 789
1708020 787
1708030 787
1708040 786
1708050 785
1708060 785
1708070 784
1708080 784
1708090 784
1708100 784
1708110 784
1708120 784
1708130 785
1708140 785
1708150 785
1708160 782
1708170 782
1708180 782
1708190 784
1708200 784
1708210 784
1708220 784
1708230 784
1708240 784
1708250 784
1708260 784
1708270 784
1708280 784
1708290 784
1708300 784
1708310 785
1708320 792
1708330 792
1708340 796
1708350 800
1708360 800
1708370 803
1708380 806
1708390 809
1708400 809
1708410 813
1708420 817
1708430 817
1708440 821
1708450 825
1708460 825
1708470 829
1708480 833
1708490 833
1708500 838
1708510 843
1708520 843
1708530 847
1708540 852
1708550 852
1708560 856
1708570 861
1708580 861
1708590 866
1708600 871
1708610 871
1708620 877
1708630 880
1708640 880
1708650 883
1708660 886
1708670 886
1708680 888
1708690 890
1708700 890
1708710 893
1708720 893
1708730 893
1708740 895
1708750 896
1708760 896
1708770 896
1708780 895
1708790 895
1708800 893
1708810 892
1708820 892
1708830 892
1708840 894
1708850 894
1708860 896
1708870 898
1708880 898
1708890 899
1708900 899
1708910 899
1708920 899
1708930 899
1708940 900
1708950 900
1708960 899
1708970 898
1708980 898
1708990 897
1709000 892
1709010 892
1709020 889
1709030 888
1709040 888
1709050 890
1709060 894
1709070 894
1709080 898
1709090 897
1709100 897
1709110 897
1709120 897
1709130 897
1709140 897
1709150 896
1709160 896
1709170 896
1709180 896
1709190 896
1709200 896
1709210 896
1709220 896
1709230 897
1709240 897
1709250 897
1709260 897
1709270 896
1709280 896
1709290 898
1709300 898
1709310 898
1709320 896
1709330 897
1709340 897
1709350 897
1709360 897
1709370 897
1709380 898
1709390 897
1709400 897
1709410 896
1709420 896
1709430 898
1709440 898
1709450 898
1709460 896
1709470 896
1709480 895
1709490 896
1709500 896
1709510 892
1709520 892
1709530 892
1709540 891
1709550 889
1709560 889
1709570 887
1709580 885
1709590 885
1709600 886
1709610 887
1709620 887
1709630 886
1709640 885
1709650 885
1709660 881
1709670 876
1709680 876
1709690 873
1709700 866
1709710 866
1709720 872
1709730 879
1709740 879
1709750 886
1709760 891
1709770 891
1709780 894
1709790 896
1709800 896
1709810 897
1709820 898
1709830 898
1709840 898
1709850 899
1709860 899
1709870 901
1709880 904
1709890 904
1709900 906
1709910 907
1709920 907
1709930 908
1709940 910
1709950 912
1709960 912
1709970 913
1709980 914
1709990 914
1710000 914
1710010 915
1710020 915
1710030 916
1710040 917
1710050 917
1710060 916
1710070 917
1710080 917
1710090 917
1710100 916
1710110 916
1710120 916
1710130 916
1710140 916
1710150 914
1710160 913
1710170 913
1710180 911
1710190 908
1710200 908
1710210 906
1710220 903
1710230 903
1710240 895
1710250 888
1710260 888
1710270 883
1710280 877
1710290 877
1710300 874
1710310 870
1710320 870
1710330 866
1710340 863
1710350 863
1710360 857
1710370 852
1710380 852
1710390 848
1710400 844
1710410 844
1710420 841
1710430 837
1710440 837
1710450 833
1710460 827
1710470 825
1710480 825
1710490 821
1710500 819
1710510 819
1710520 817
1710530 813
1710540 813
1710550 810
1710560 809
1710570 809
1710580 808
1710590 808
1710600 808
1710610 808
1710620 808
1710630 808
1710640 807
1710650 807
1710660 807
1710670 807
1710680 803
1710690 803
1710700 803
1710710 802
1710720 802
1710730 803
1710740 804
1710750 804
1710760 805
1710770 805
1710780 805
1710790 805
1710800 805
1710810 805
1710820 806
1710830 806
1710840 806
1710850 806
1710860 806
1710870 806
1710880 807
1710890 807
1710900 807
1710910 808
1710920 808
1710930 808
1710940 810
1710950 811
1710960 811
1710970 811
1710980 812
1710990 813
1711000 813
1711010 814
1711020 815
1711030 815
1711040 816
1711050 817
1711060 817
1711070 818
1711080 819
1711090 819
1711100 820
1711110 821
1711120 821
1711130 821
1711140 823
1711150 823
1711160 823
1711170 824
1711180 824
1711190 825
1711200 826
1711210 826
1711220 827
1711230 829
1711240 829
1711250 829
1711260 830
1711270 830
1711280 832
1711290 833
1711300 833
1711310 834
1711320 835
1711330 835
1711340 841
1711350 847
1711360 847
1711370 853
1711380 858
1711390 858
1711400 863
1711410 868
1711420 868
1711430 873
1711440 878
1711450 878
1711460 882
1711470 886
1711480 886
1711490 890
1711500 893
1711510 896
1711520 896
1711530 899
1711540 902
1711550 902
1711560 905
1711570 907
1711580 907
1711590 908
1711600 908
1711610 908
1711620 903
1711630 900
1711640 900
1711650 898
1711660 896
1711670 896
1711680 891
1711690 888
1711700 888
1711710 882
1711720 882
1711730 882
1711740 892
1711750 896
1711760 896
1711770 901
1711780 907
1711790 907
1711800 911
1711810 917
1711820 917
1711830 922
1711840 926
1711850 926
1711860 932
1711870 937
1711880 937
1711890 941
1711900 945
1711910 945
1711920 949
1711930 950
1711940 950
1711950 950
1711960 948
1711970 948
1711980 947
1711990 946
1712000 946
1712010 946
1712020 946
1712030 947
1712040 947
1712050 947
1712060 945
1712070 945
1712080 943
1712090 939
1712100 939
1712110 936
1712120 933
1712130 933
1712140 928
1712150 926
1712160 926
1712170 922
1712180 918
1712190 918
1712200 909
1712210 904
1712220 904
1712230 900
1712240 896
1712250 896
1712260 891
1712270 889
1712280 889
1712290 883
1712300 877
1712310 877
1712320 873
1712330 867
1712340 867
1712350 862
1712360 860
1712370 860
1712380 866
1712390 869
1712400 869
1712410 870
1712420 870
1712430 870
1712440 867
1712450 862
1712460 862
1712470 855
1712480 849
1712490 849
1712500 845
1712510 844
1712520 844
1712530 844
1712540 853
1712550 856
1712560 856
1712570 858
1712580 858
1712590 858
1712600 857
1712610 865
1712620 865
1712630 875
1712640 888
1712650 888
1712660 902
1712670 908
1712680 908
1712690 913
1712700 919
1712710 919
1712720 923
1712730 928
1712740 928
1712750 933
1712760 937
1712770 937
1712780 941
1712790 945
1712800 945
1712810 948
1712820 950
1712830 950
1712840 952
1712850 954
1712860 954
1712870 955
1712880 956
1712890 956
1712900 956
1712910 955
1712920 955
1712930 954
1712940 953
1712950 953
1712960 952
1712970 952
1712980 952
1712990 952
1713000 953
1713010 953
1713020 953
1713030 955
1713040 955
1713050 958
1713060 959
1713070 962
1713080 962
1713090 965
1713100 967
1713110 967
1713120 970
1713130 973
1713140 973
1713150 976
1713160 978
1713170 978
1713180 980
1713190 982
1713200 982
1713210 983
1713220 984
1713230 984
1713240 984
1713250 984
1713260 984
1713270 984
1713280 984
1713290 984
1713300 983
1713310 982
1713320 982
1713330 980
1713340 978
1713350 978
1713360 976
1713370 972
1713380 972
1713390 965
1713400 957
1713410 957
1713420 951
1713430 945
1713440 945
1713450 944
1713460 942
1713470 942
1713480 939
1713490 941
1713500 941
1713510 942
1713520 941
1713530 941
1713540 940
1713550 938
1713560 938
1713570 935
1713580 930
1713590 924
1713600 924
1713610 918
1713620 910
1713630 910
1713640 903
1713650 898
1713660 898
1713670 891
1713680 885
1713690 885
1713700 889
1713710 892
1713720 892
1713730 892
1713740 892
1713750 892
1713760 893
1713770 893
1713780 893
1713790 893
1713800 892
1713810 892
1713820 890
1713830 887
1713840 887
1713850 882
1713860 875
1713870 875
1713880 868
1713890 860
1713900 860
1713910 856
1713920 863
1713930 863
1713940 862
1713950 861
1713960 861
1713970 861
1713980 861
1713990 861
1714000 860
1714010 859
1714020 859
1714030 858
1714040 856
1714050 856
1714060 857
1714070 855
1714080 855
1714090 852
1714100 851
1714110 853
1714120 853
1714130 851
1714140 852
1714150 852
1714160 854
1714170 854
1714180 854
1714190 857
1714200 859
1714210 859
1714220 862
1714230 865
1714240 865
1714250 869
1714260 871
1714270 871
1714280 871
1714290 873
1714300 873
1714310 876
1714320 879
1714330 879
1714340 881
1714350 883
1714360 883
1714370 882
1714380 882
1714390 882
1714400 882
1714410 882
1714420 882
1714430 881
1714440 880
1714450 880
1714460 879
1714470 878
1714480 878
1714490 877
1714500 876
1714510 876
1714520 876
1714530 876
1714540 876
1714550 874
1714560 873
1714570 873
1714580 871
1714590 871
1714600 869
1714610 869
1714620 868
1714630 865
1714640 865
1714650 862
1714660 859
1714670 859
1714680 851
1714690 845
1714700 845
1714710 842
1714720 850
1714730 850
1714740 853
1714750 858
1714760 858
1714770 861
1714780 862
1714790 862
1714800 866
1714810 867
1714820 867
1714830 868
1714840 868
1714850 868
1714860 869
1714870 870
1714880 870
1714890 874
1714900 876
1714910 876
1714920 879
1714930 880
1714940 880
1714950 883
1714960 885
1714970 885
1714980 886
1714990 889
1715000 889
1715010 892
1715020 894
1715030 894
1715040 897
1715050 896
1715060 896
1715070 899
1715080 899
1715090 899
1715100 899
1715110 899
1715120 900
1715130 900
1715140 901
1715150 901
1715160 901
1715170 901
1715180 902
1715190 902
1715200 903
1715210 903
1715220 903
1715230 904
1715240 905
1715250 905
1715260 905
1715270 906
1715280 906
1715290 905
1715300 905
1715310 905
1715320 903
1715330 902
1715340 902
1715350 901
1715360 898
1715370 898
1715380 894
1715390 889
1715400 889
1715410 885
1715420 880
1715430 880
1715440 873
1715450 867
1715460 867
1715470 863
1715480 858
1715490 858
1715500 854
1715510 853
1715520 853
1715530 851
1715540 850
1715550 850
1715560 847
1715570 845
1715580 845
1715590 841
1715600 838
1715610 838
1715620 835
1715630 834
1715640 833
1715650 833
1715660 835
1715670 836
1715680 836
1715690 839
1715700 842
1715710 842
1715720 843
1715730 846
1715740 846
1715750 849
1715760 852
1715770 852
1715780 854
1715790 857
1715800 857
1715810 860
1715820 863
1715830 863
1715840 868
1715850 872
1715860 872
1715870 875
1715880 879
1715890 879
1715900 882
1715910 885
1715920 885
1715930 887
1715940 889
1715950 889
1715960 891
1715970 892
1715980 892
1715990 892
1716000 892
1716010 892
1716020 892
1716030 893
1716040 893
1716050 894
1716060 895
1716070 895
1716080 896
1716090 897
1716100 897
1716110 897
1716120 897
1716130 897
1716140 897
1716150 896
1716160 895
1716170 895
1716180 894
1716190 893
1716200 893
1716210 892
1716220 892
1716230 892
1716240 890
1716250 887
1716260 887
1716270 888
1716280 886
1716290 886
1716300 885
1716310 883
1716320 883
1716330 882
1716340 879
1716350 879
1716360 878
1716370 876
1716380 876
1716390 876
1716400 872
1716410 872
1716420 869
1716430 864
1716440 864
1716450 861
1716460 859
1716470 859
1716480 858
1716490 857
1716500 857
1716510 858
1716520 858
1716530 858
1716540 856
1716550 855
1716560 855
1716570 853
1716580 851
1716590 851
1716600 848
1716610 845
1716620 845
1716630 843
1716640 841
1716650 841
1716660 839
1716670 838
1716680 838
1716690 838
1716700 837
1716710 838
1716720 838
1716730 838
1716740 841
1716750 841
1716760 843
1716770 846
1716780 846
1716790 848
1716800 851
1716810 851
1716820 852
1716830 853
1716840 853
1716850 854
1716860 853
1716870 853
1716880 852
1716890 851
1716900 851
1716910 847
1716920 847
1716930 847
1716940 850
1716950 854
1716960 854
1716970 857
1716980 860
1716990 860
1717000 863
1717010 865
1717020 865
1717030 867
1717040 868
1717050 868
1717060 868
1717070 869
1717080 869
1717090 870
1717100 871
1717110 871
1717120 873
1717130 875
1717140 875
1717150 875
1717160 878
1717170 878
1717180 880
1717190 881
1717200 883
1717210 883
1717220 885
1717230 887
1717240 887
1717250 888
1717260 888
1717270 888
1717280 890
1717290 895
1717300 895
1717310 897
1717320 896
1717330 896
1717340 899
1717350 900
1717360 900
1717370 900
1717380 899
1717390 899
1717400 898
1717410 898
1717420 898
1717430 895
1717440 893
1717450 893
1717460 886
1717470 877
1717480 877
1717490 868
1717500 861
1717510 861
1717520 859
1717530 859
1717540 859
1717550 860
1717560 860
1717570 860
1717580 859
1717590 858
1717600 858
1717610 855
1717620 852
1717630 852
1717640 851
1717650 848
1717660 848
1717670 845
1717680 842
1717690 842
1717700 838
1717710 835
1717720 834
1717730 834
1717740 834
1717750 835
1717760 835
1717770 834
1717780 835
1717790 835
1717800 835
1717810 834
1717820 834
1717830 832
1717840 833
1717850 833
1717860 835
1717870 836
1717880 836
1717890 836
1717900 836
1717910 836
1717920 836
1717930 837
1717940 837
1717950 837
1717960 837
1717970 837
1717980 838
1717990 839
1718000 839
1718010 839
1718020 840
1718030 840
1718040 840
1718050 840
1718060 840
1718070 841
1718080 841
1718090 841
1718100 842
1718110 843
1718120 843
1718130 842
1718140 843
1718150 843
1718160 844
1718170 844
1718180 844
1718190 845
1718200 844
1718210 841
1718220 841
1718230 842
1718240 841
1718250 841
1718260 840
1718270 840
1718280 840
1718290 840
1718300 840
1718310 840
1718320 840
1718330 840
1718340 840
1718350 841
1718360 841
1718370 841
1718380 841
1718390 841
1718400 841
1718410 840
1718420 838
1718430 838
1718440 838
1718450 839
1718460 839
1718470 839
1718480 840
1718490 840
1718500 843
1718510 846
1718520 846
1718530 851
1718540 855
1718550 855
1718560 860
1718570 864
1718580 864
1718590 868
1718600 871
1718610 871
1718620 876
1718630 880
1718640 880
1718650 894
1718660 899
1718670 899
1718680 888
1718690 882
1718700 882
1718710 876
1718720 870
1718730 870
1718740 866
1718750 863
1718760 861
1718770 861
1718780 862
1718790 862
1718800 862
1718810 860
1718820 857
1718830 857
1718840 854
1718850 851
1718860 851
1718870 849
1718880 849
1718890 849
1718900 851
1718910 849
1718920 849
1718930 847
1718940 847
1718950 847
1718960 847
1718970 847
1718980 847
1718990 846
1719000 848
1719010 848
1719020 863
1719030 874
1719040 874
1719050 879
1719060 876
1719070 876
1719080 871
1719090 866
1719100 866
1719110 861
1719120 856
1719130 856
1719140 848
1719150 847
1719160 847
1719170 847
1719180 845
1719190 845
1719200 845
1719210 845
1719220 845
1719230 845
1719240 845
1719250 845
1719260 845
1719270 845
1719280 845
1719290 845
1719300 846
1719310 846
1719320 846
1719330 846
1719340 846
1719350 846
1719360 846
1719370 846
1719380 846
1719390 846
1719400 846
1719410 846
1719420 847
1719430 849
1719440 849
1719450 852
1719460 860
1719470 860
1719480 866
1719490 871
1719500 871
1719510 873
1719520 875
1719530 875
1719540 877
1719550 878
1719560 878
1719570 878
1719580 879
1719590 879
1719600 878
1719610 878
1719620 878
1719630 878
1719640 878
1719650 878
1719660 877
1719670 878
1719680 878
1719690 877
1719700 878
1719710 878
1719720 882
1719730 885
1719740 885
1719750 889
1719760 893
1719770 893
1719780 895
1719790 896
1719800 897
1719810 897
1719820 897
1719830 897
1719840 897
1719850 898
1719860 898
1719870 898
1719880 897
1719890 897
1719900 897
1719910 897
1719920 897
1719930 897
1719940 897
1719950 897
1719960 897
1719970 897
1719980 897
1719990 897
