1700000 906
1700010 906
1700020 909
1700030 911
1700040 911
1700050 912
1700060 914
1700070 914
1700080 914
1700090 915
1700100 915
1700110 915
1700120 915
1700130 915
1700140 914
1700150 912
1700160 912
1700170 910
1700180 909
1700190 909
1700200 909
1700210 909
1700220 909
1700230 909
1700240 909
1700250 909
1700260 909
1700270 910
1700280 910
1700290 915
1700300 920
1700310 920
1700320 922
1700330 925
1700340 925
1700350 928
1700360 930
1700370 934
1700380 934
1700390 938
1700400 942
1700410 942
1700420 946
1700430 949
1700440 949
1700450 952
1700460 954
1700470 954
1700480 954
1700490 953
1700500 953
1700510 952
1700520 949
1700530 949
1700540 946
1700550 943
1700560 943
1700570 940
1700580 936
1700590 936
1700600 932
1700610 928
1700620 928
1700630 925
1700640 923
1700650 923
1700660 920
1700670 917
1700680 917
1700690 914
1700700 911
1700710 911
1700720 907
1700730 902
1700740 902
1700750 898
1700760 893
1700770 893
1700780 889
1700790 886
1700800 886
1700810 883
1700820 879
1700830 879
1700840 875
1700850 872
1700860 872
1700870 870
1700880 869
1700890 869
1700900 867
1700910 865
1700920 863
1700930 863
1700940 862
1700950 861
1700960 861
1700970 860
1700980 858
1700990 858
1701000 857
1701010 858
1701020 858
1701030 860
1701040 861
1701050 861
1701060 862
1701070 861
1701080 861
1701090 860
1701100 858
1701110 858
1701120 856
1701130 854
1701140 854
1701150 851
1701160 849
1701170 849
1701180 848
1701190 848
1701200 848
1701210 848
1701220 849
1701230 849
1701240 851
1701250 852
1701260 852
1701270 853
1701280 854
1701290 854
1701300 855
1701310 855
1701320 855
1701330 856
1701340 856
1701350 856
1701360 856
1701370 856
1701380 856
1701390 856
1701400 856
1701410 856
1701420 856
1701430 856
1701440 856
1701450 857
1701460 857
1701470 858
1701480 858
1701490 858
1701500 859
1701510 859
1701520 859
1701530 857
1701540 857
1701550 855
1701560 853
1701570 853
1701580 850
1701590 848
1701600 848
1701610 845
1701620 844
1701630 844
1701640 842
1701650 839
1701660 839
1701670 838
1701680 837
1701690 837
1701700 837
1701710 836
1701720 836
1701730 836
1701740 836
1701750 836
1701760 836
1701770 837
1701780 837
1701790 837
1701800 837
1701810 837
1701820 837
1701830 837
1701840 837
1701850 836
1701860 836
1701870 836
1701880 836
1701890 835
1701900 835
1701910 835
1701920 835
1701930 835
1701940 834
1701950 834
1701960 834
1701970 834
1701980 831
1701990 831
1702000 826
1702010 820
1702020 818
1702030 818
1702040 817
1702050 816
1702060 816
1702070 816
1702080 817
1702090 817
1702100 821
1702110 826
1702120 826
1702130 830
1702140 834
1702150 834
1702160 835
1702170 835
1702180 835
1702190 835
1702200 833
1702210 833
1702220 831
1702230 831
1702240 831
1702250 831
1702260 833
1702270 833
1702280 834
1702290 835
1702300 835
1702310 836
1702320 836
1702330 836
1702340 837
1702350 836
1702360 836
1702370 838
1702380 843
1702390 843
1702400 848
1702410 851
1702420 851
1702430 850
1702440 848
1702450 848
1702460 845
1702470 838
1702480 838
1702490 832
1702500 827
1702510 827
1702520 823
1702530 820
1702540 820
1702550 818
1702560 817
1702570 817
1702580 817
1702590 817
1702600 817
1702610 817
1702620 818
1702630 820
1702640 820
1702650 822
1702660 823
1702670 823
1702680 825
1702690 825
1702700 825
1702710 826
1702720 827
1702730 827
1702740 827
1702750 828
1702760 828
1702770 828
1702780 829
1702790 829
1702800 830
1702810 831
1702820 831
1702830 832
1702840 835
1702850 835
1702860 839
1702870 842
1702880 842
1702890 843
1702900 844
1702910 844
1702920 845
1702930 847
1702940 847
1702950 848
1702960 849
1702970 849
1702980 849
1702990 850
1703000 850
1703010 850
1703020 850
1703030 850
1703040 851
1703050 851
1703060 851
1703070 851
1703080 851
1703090 851
1703100 851
1703110 852
1703120 852
1703130 852
1703140 852
1703150 852
1703160 852
1703170 852
1703180 852
1703190 852
1703200 851
1703210 851
1703220 851
1703230 851
1703240 851
1703250 851
1703260 850
1703270 849
1703280 849
1703290 850
1703300 850
1703310 850
1703320 850
1703330 851
1703340 851
1703350 853
1703360 853
1703370 853
1703380 854
1703390 855
1703400 855
1703410 856
1703420 857
1703430 857
1703440 858
1703450 859
1703460 859
1703470 858
1703480 862
1703490 862
1703500 863
1703510 865
1703520 865
1703530 867
1703540 870
1703550 870
1703560 871
1703570 871
1703580 871
1703590 869
1703600 867
1703610 867
1703620 865
1703630 864
1703640 864
1703650 865
1703660 866
1703670 867
1703680 867
1703690 868
1703700 870
1703710 870
1703720 872
1703730 874
1703740 874
1703750 876
1703760 878
1703770 878
1703780 881
1703790 884
1703800 884
1703810 887
1703820 891
1703830 891
1703840 894
1703850 898
1703860 898
1703870 901
1703880 906
1703890 906
1703900 910
1703910 915
1703920 915
1703930 920
1703940 926
1703950 926
1703960 932
1703970 936
1703980 936
1703990 941
1704000 945
1704010 945
1704020 950
1704030 954
1704040 954
1704050 957
1704060 959
1704070 959
1704080 962
1704090 966
1704100 966
1704110 969
1704120 974
1704130 974
1704140 978
1704150 982
1704160 982
1704170 987
1704180 991
1704190 991
1704200 996
1704210 1001
1704220 1006
1704230 1006
1704240 1010
1704250 1015
1704260 1015
1704270 1020
1704280 1020
1704290 1020
1704300 1015
1704310 1008
1704320 1008
1704330 1004
1704340 999
1704350 999
1704360 995
1704370 990
1704380 990
1704390 985
1704400 979
1704410 979
1704420 973
1704430 968
1704440 968
1704450 962
1704460 957
1704470 957
1704480 953
1704490 949
1704500 949
1704510 945
1704520 942
1704530 942
1704540 937
1704550 935
1704560 935
1704570 931
1704580 927
1704590 927
1704600 926
1704610 924
1704620 924
1704630 923
1704640 922
1704650 922
1704660 922
1704670 921
1704680 921
1704690 920
1704700 918
1704710 918
1704720 914
1704730 911
1704740 911
1704750 909
1704760 906
1704770 903
1704780 906
1704790 904
1704800 901
1704810 901
1704820 899
1704830 899
1704840 899
1704850 898
1704860 897
1704870 897
1704880 896
1704890 897
1704900 897
1704910 896
1704920 896
1704930 896
1704940 895
1704950 894
1704960 894
1704970 892
1704980 891
1704990 891
1705000 891
1705010 891
1705020 891
1705030 891
1705040 891
1705050 891
1705060 890
1705070 889
1705080 889
1705090 887
1705100 886
1705110 886
1705120 887
1705130 887
1705140 887
1705150 887
1705160 887
1705170 887
1705180 886
1705190 885
1705200 885
1705210 884
1705220 883
1705230 883
1705240 883
1705250 883
1705260 883
1705270 884
1705280 884
1705290 884
1705300 885
1705310 885
1705320 886
1705330 886
1705340 886
1705350 887
1705360 887
1705370 887
1705380 887
1705390 887
1705400 888
1705410 889
1705420 889
1705430 889
1705440 890
1705450 890
1705460 890
1705470 891
1705480 891
1705490 891
1705500 892
1705510 892
1705520 892
1705530 893
1705540 893
1705550 894
1705560 895
1705570 895
1705580 895
1705590 894
1705600 894
1705610 894
1705620 896
1705630 896
1705640 899
1705650 900
1705660 900
1705670 900
1705680 901
1705690 901
1705700 902
1705710 902
1705720 902
1705730 903
1705740 904
1705750 904
1705760 905
1705770 905
1705780 905
1705790 906
1705800 903
1705810 903
1705820 905
1705830 907
1705840 907
1705850 907
1705860 909
1705870 909
1705880 909
1705890 910
1705900 911
1705910 911
1705920 912
1705930 915
1705940 915
1705950 918
1705960 921
1705970 921
1705980 924
1705990 927
1706000 927
1706010 930
1706020 933
1706030 933
1706040 937
1706050 940
1706060 940
1706070 943
1706080 947
1706090 947
1706100 951
1706110 955
1706120 955
1706130 959
1706140 964
1706150 964
1706160 969
1706170 973
1706180 973
1706190 978
1706200 981
1706210 981
1706220 982
1706230 984
1706240 984
1706250 984
1706260 985
1706270 985
1706280 986
1706290 987
1706300 987
1706310 988
1706320 989
1706330 989
1706340 991
1706350 992
1706360 992
1706370 994
1706380 996
1706390 996
1706400 998
1706410 999
1706420 999
1706430 999
1706440 999
1706450 998
1706460 998
1706470 1001
1706480 1005
1706490 1005
1706500 1009
1706510 1014
1706520 1014
1706530 1019
1706540 1025
1706550 1025
1706560 1030
1706570 1035
1706580 1035
1706590 1039
1706600 1043
1706610 1043
1706620 1047
1706630 1052
1706640 1052
1706650 1056
1706660 1060
1706670 1060
1706680 1063
1706690 1066
1706700 1066
1706710 1068
1706720 1069
1706730 1069
1706740 1068
1706750 1062
1706760 1062
1706770 1057
1706780 1051
1706790 1051
1706800 1045
1706810 1039
1706820 1039
1706830 1033
1706840 1027
1706850 1027
1706860 1022
1706870 1016
1706880 1016
1706890 1010
1706900 1005
1706910 1005
1706920 999
1706930 994
1706940 994
1706950 990
1706960 987
1706970 985
1706980 985
1706990 983
1707000 978
1707010 978
1707020 984
1707030 986
1707040 986
1707050 989
1707060 995
1707070 995
1707080 1000
1707090 1005
1707100 1005
1707110 1010
1707120 1013
1707130 1013
1707140 1019
1707150 1018
1707160 1018
1707170 1020
1707180 1022
1707190 1022
1707200 1023
1707210 1025
1707220 1025
1707230 1028
1707240 1030
1707250 1030
1707260 1032
1707270 1035
1707280 1035
1707290 1038
1707300 1041
1707310 1041
1707320 1045
1707330 1048
1707340 1048
1707350 1049
1707360 1054
1707370 1054
1707380 1057
1707390 1060
1707400 1060
1707410 1063
1707420 1065
1707430 1065
1707440 1067
1707450 1064
1707460 1064
1707470 1059
1707480 1053
1707490 1053
1707500 1046
1707510 1041
1707520 1036
1707530 1036
1707540 1030
1707550 1026
1707560 1026
1707570 1021
1707580 1016
1707590 1016
1707600 1011
1707610 1006
1707620 1006
1707630 1000
1707640 1001
1707650 1001
1707660 1002
1707670 1005
1707680 1005
1707690 1006
1707700 1008
1707710 1008
1707720 1009
1707730 1010
1707740 1010
1707750 1012
1707760 1013
1707770 1013
1707780 1014
1707790 1015
1707800 1015
1707810 1017
1707820 1018
1707830 1018
1707840 1017
1707850 1017
1707860 1017
1707870 1015
1707880 1010
1707890 1010
1707900 1006
1707910 1001
1707920 1001
1707930 996
1707940 990
1707950 990
1707960 985
1707970 981
1707980 981
1707990 977
1708000 972
1708010 972
1708020 967
1708030 962
1708040 962
1708050 957
1708060 952
1708070 947
1708080 947
1708090 942
1708100 938
1708110 938
1708120 933
1708130 929
1708140 929
1708150 925
1708160 920
1708170 920
1708180 916
1708190 911
1708200 911
1708210 907
1708220 904
1708230 904
1708240 899
1708250 895
1708260 896
1708270 891
1708280 889
1708290 889
1708300 886
1708310 885
1708320 885
1708330 885
1708340 884
1708350 884
1708360 881
1708370 876
1708380 876
1708390 872
1708400 870
1708410 870
1708420 868
1708430 867
1708440 867
1708450 864
1708460 862
1708470 862
1708480 860
1708490 858
1708500 858
1708510 858
1708520 859
1708530 859
1708540 860
1708550 861
1708560 861
1708570 861
1708580 860
1708590 860
1708600 860
1708610 859
1708620 858
1708630 858
1708640 858
1708650 859
1708660 859
1708670 860
1708680 859
1708690 859
1708700 859
1708710 859
1708720 859
1708730 857
1708740 856
1708750 856
1708760 854
1708770 850
1708780 850
1708790 846
1708800 841
1708810 841
1708820 837
1708830 835
1708840 835
1708850 834
1708860 833
1708870 833
1708880 829
1708890 825
1708900 825
1708910 821
1708920 818
1708930 818
1708940 820
1708950 820
1708960 820
1708970 820
1708980 818
1708990 818
1709000 818
1709010 817
1709020 817
1709030 815
1709040 811
1709050 811
1709060 807
1709070 805
1709080 805
1709090 804
1709100 807
1709110 807
1709120 815
1709130 822
1709140 822
1709150 826
1709160 827
1709170 832
1709180 832
1709190 837
1709200 839
1709210 839
1709220 835
1709230 829
1709240 829
1709250 825
1709260 825
1709270 825
1709280 827
1709290 825
1709300 825
1709310 824
1709320 828
1709330 828
1709340 834
1709350 848
1709360 848
1709370 865
1709380 872
1709390 872
1709400 873
1709410 879
1709420 879
1709430 890
1709440 900
1709450 900
1709460 914
1709470 911
1709480 911
1709490 915
1709500 921
1709510 921
1709520 927
1709530 932
1709540 932
1709550 937
1709560 943
1709570 943
1709580 946
1709590 949
1709600 949
1709610 952
1709620 955
1709630 955
1709640 951
1709650 946
1709660 946
1709670 942
1709680 935
1709690 935
1709700 931
1709710 928
1709720 925
1709730 925
1709740 927
1709750 927
1709760 927
1709770 934
1709780 938
1709790 938
1709800 943
1709810 943
1709820 943
1709830 943
1709840 941
1709850 941
1709860 934
1709870 930
1709880 930
1709890 923
1709900 917
1709910 917
1709920 910
1709930 901
1709940 901
1709950 901
1709960 904
1709970 904
1709980 912
1709990 916
1710000 916
1710010 916
1710020 918
1710030 918
1710040 920
1710050 916
1710060 916
1710070 914
1710080 909
1710090 909
1710100 899
1710110 893
1710120 893
1710130 894
1710140 896
1710150 896
1710160 901
1710170 906
1710180 906
1710190 910
1710200 909
1710210 909
1710220 910
1710230 911
1710240 911
1710250 913
1710260 914
1710270 916
1710280 916
1710290 918
1710300 919
1710310 919
1710320 921
1710330 925
1710340 925
1710350 927
1710360 928
1710370 928
1710380 929
1710390 930
1710400 930
1710410 932
1710420 932
1710430 932
1710440 933
1710450 933
1710460 933
1710470 933
1710480 933
1710490 933
1710500 934
1710510 935
1710520 935
1710530 936
1710540 937
1710550 937
1710560 936
1710570 937
1710580 937
1710590 939
1710600 941
1710610 941
1710620 941
1710630 942
1710640 942
1710650 948
1710660 954
1710670 954
1710680 959
1710690 965
1710700 965
1710710 971
1710720 977
1710730 977
1710740 983
1710750 989
1710760 989
1710770 995
1710780 1001
1710790 1001
1710800 1008
1710810 1013
1710820 1019
1710830 1019
1710840 1025
1710850 1031
1710860 1031
1710870 1036
1710880 1041
1710890 1041
1710900 1046
1710910 1051
1710920 1051
1710930 1055
1710940 1059
1710950 1059
1710960 1064
1710970 1066
1710980 1066
1710990 1068
1711000 1070
1711010 1070
1711020 1071
1711030 1071
1711040 1071
1711050 1071
1711060 1070
1711070 1070
1711080 1067
1711090 1065
1711100 1065
1711110 1060
1711120 1055
1711130 1055
1711140 1049
1711150 1044
1711160 1044
1711170 1042
1711180 1039
1711190 1039
1711200 1038
1711210 1039
1711220 1039
1711230 1041
1711240 1045
1711250 1045
1711260 1049
1711270 1053
1711280 1053
1711290 1058
1711300 1063
1711310 1063
1711320 1067
1711330 1072
1711340 1072
1711350 1077
1711360 1081
1711370 1085
1711380 1085
1711390 1089
1711400 1089
1711410 1089
1711420 1082
1711430 1076
1711440 1076
1711450 1069
1711460 1065
1711470 1065
1711480 1058
1711490 1052
1711500 1052
1711510 1045
1711520 1038
1711530 1038
1711540 1031
1711550 1024
1711560 1024
1711570 1015
1711580 1011
1711590 1011
1711600 1006
1711610 999
1711620 999
1711630 994
1711640 989
1711650 989
1711660 981
1711670 976
1711680 976
1711690 969
1711700 964
1711710 964
1711720 960
1711730 955
1711740 955
1711750 952
1711760 947
1711770 947
1711780 941
1711790 937
1711800 937
1711810 943
1711820 949
1711830 949
1711840 952
1711850 961
1711860 961
1711870 966
1711880 971
1711890 971
1711900 976
1711910 981
1711920 986
1711930 986
1711940 992
1711950 998
1711960 998
1711970 1003
1711980 1009
1711990 1009
1712000 1015
1712010 1021
1712020 1021
1712030 1028
1712040 1034
1712050 1034
1712060 1040
1712070 1046
1712080 1046
1712090 1052
1712100 1058
1712110 1058
1712120 1065
1712130 1071
1712140 1071
1712150 1077
1712160 1083
1712170 1083
1712180 1089
1712190 1094
1712200 1094
1712210 1099
1712220 1103
1712230 1103
1712240 1106
1712250 1108
1712260 1108
1712270 1108
1712280 1105
1712290 1105
1712300 1101
1712310 1095
1712320 1095
1712330 1091
1712340 1085
1712350 1085
1712360 1080
1712370 1074
1712380 1074
1712390 1070
1712400 1064
1712410 1064
1712420 1058
1712430 1053
1712440 1053
1712450 1048
1712460 1043
1712470 1038
1712480 1038
1712490 1035
1712500 1032
1712510 1032
1712520 1028
1712530 1024
1712540 1024
1712550 1020
1712560 1017
1712570 1017
1712580 1015
1712590 1013
1712600 1013
1712610 1011
1712620 1010
1712630 1010
1712640 1008
1712650 1004
1712660 1004
1712670 999
1712680 994
1712690 994
1712700 989
1712710 983
1712720 983
1712730 976
1712740 970
1712750 970
1712760 964
1712770 958
1712780 958
1712790 952
1712800 945
1712810 945
1712820 938
1712830 931
1712840 931
1712850 925
1712860 920
1712870 920
1712880 914
1712890 908
1712900 908
1712910 902
1712920 895
1712930 895
1712940 886
1712950 883
1712960 883
1712970 882
1712980 889
1712990 889
1713000 896
1713010 902
1713020 903
1713030 903
1713040 904
1713050 905
1713060 905
1713070 906
1713080 905
1713090 905
1713100 904
1713110 908
1713120 908
1713130 915
1713140 923
1713150 923
1713160 928
1713170 931
1713180 931
1713190 932
1713200 933
1713210 933
1713220 933
1713230 931
1713240 931
1713250 935
1713260 938
1713270 938
1713280 938
1713290 941
1713300 941
1713310 945
1713320 949
1713330 949
1713340 956
1713350 960
1713360 960
1713370 966
1713380 971
1713390 971
1713400 977
1713410 982
1713420 982
1713430 988
1713440 992
1713450 992
1713460 996
1713470 1000
1713480 1000
1713490 1004
1713500 1008
1713510 1008
1713520 1013
1713530 1018
1713540 1018
1713550 1021
1713560 1027
1713570 1032
1713580 1032
1713590 1037
1713600 1042
1713610 1042
1713620 1046
1713630 1051
1713640 1051
1713650 1056
1713660 1061
1713670 1061
1713680 1066
1713690 1071
1713700 1071
1713710 1076
1713720 1081
1713730 1081
1713740 1086
1713750 1091
1713760 1091
1713770 1096
1713780 1100
1713790 1100
1713800 1105
1713810 1110
1713820 1110
1713830 1114
1713840 1119
1713850 1119
1713860 1123
1713870 1127
1713880 1127
1713890 1131
1713900 1135
1713910 1135
1713920 1138
1713930 1142
1713940 1142
1713950 1144
1713960 1144
1713970 1144
1713980 1142
1713990 1138
1714000 1138
1714010 1135
1714020 1132
1714030 1132
1714040 1129
1714050 1126
1714060 1126
1714070 1123
1714080 1120
1714090 1120
1714100 1118
1714110 1115
1714120 1113
1714130 1113
1714140 1110
1714150 1108
1714160 1108
1714170 1106
1714180 1105
1714190 1105
1714200 1103
1714210 1101
1714220 1101
1714230 1098
1714240 1095
1714250 1095
1714260 1092
1714270 1088
1714280 1088
1714290 1084
1714300 1079
1714310 1079
1714320 1075
1714330 1070
1714340 1070
1714350 1065
1714360 1061
1714370 1061
1714380 1056
1714390 1050
1714400 1050
1714410 1043
1714420 1040
1714430 1040
1714440 1032
1714450 1026
1714460 1026
1714470 1020
1714480 1014
1714490 1014
1714500 1009
1714510 1005
1714520 1005
1714530 999
1714540 993
1714550 993
1714560 989
1714570 985
1714580 985
1714590 982
1714600 977
1714610 977
1714620 968
1714630 962
1714640 962
1714650 956
1714660 950
1714670 943
1714680 943
1714690 942
1714700 937
1714710 937
1714720 935
1714730 933
1714740 933
1714750 932
1714760 930
1714770 930
1714780 929
1714790 930
1714800 930
1714810 930
1714820 928
1714830 928
1714840 924
1714850 921
1714860 921
1714870 917
1714880 912
1714890 912
1714900 908
1714910 902
1714920 902
1714930 900
1714940 908
1714950 908
1714960 922
1714970 929
1714980 929
1714990 934
1715000 938
1715010 938
1715020 942
1715030 946
1715040 946
1715050 950
1715060 954
1715070 954
1715080 957
1715090 960
1715100 960
1715110 965
1715120 969
1715130 969
1715140 973
1715150 978
1715160 978
1715170 982
1715180 986
1715190 986
1715200 991
1715210 995
1715220 1001
1715230 1001
1715240 1006
1715250 1011
1715260 1011
1715270 1017
1715280 1022
1715290 1022
1715300 1028
1715310 1034
1715320 1034
1715330 1040
1715340 1047
1715350 1047
1715360 1050
1715370 1057
1715380 1057
1715390 1063
1715400 1069
1715410 1069
1715420 1075
1715430 1080
1715440 1080
1715450 1086
1715460 1092
1715470 1092
1715480 1098
1715490 1103
1715500 1103
1715510 1107
1715520 1109
1715530 1109
1715540 1105
1715550 1101
1715560 1101
1715570 1095
1715580 1090
1715590 1090
1715600 1085
1715610 1081
1715620 1081
1715630 1077
1715640 1073
1715650 1073
1715660 1070
1715670 1066
1715680 1066
1715690 1063
1715700 1059
1715710 1059
1715720 1056
1715730 1050
1715740 1050
1715750 1046
1715760 1041
1715770 1035
1715780 1035
1715790 1030
1715800 1024
1715810 1024
1715820 1017
1715830 1011
1715840 1011
1715850 1004
1715860 998
1715870 998
1715880 991
1715890 986
1715900 986
1715910 982
1715920 978
1715930 978
1715940 981
1715950 984
1715960 984
1715970 986
1715980 988
1715990 988
1716000 990
1716010 990
1716020 990
1716030 991
1716040 991
1716050 991
1716060 991
1716070 989
1716080 989
1716090 987
1716100 984
1716110 984
1716120 982
1716130 980
1716140 980
1716150 977
1716160 985
1716170 985
1716180 991
1716190 996
1716200 996
1716210 1001
1716220 1005
1716230 1005
1716240 1009
1716250 1013
1716260 1013
1716270 1018
1716280 1021
1716290 1021
1716300 1025
1716310 1028
1716320 1031
1716330 1031
1716340 1034
1716350 1035
1716360 1035
1716370 1037
1716380 1038
1716390 1038
1716400 1040
1716410 1041
1716420 1041
1716430 1042
1716440 1047
1716450 1047
1716460 1052
1716470 1054
1716480 1054
1716490 1059
1716500 1063
1716510 1063
1716520 1067
1716530 1071
1716540 1071
1716550 1074
1716560 1077
1716570 1077
1716580 1079
1716590 1083
1716600 1083
1716610 1087
1716620 1092
1716630 1092
1716640 1097
1716650 1103
1716660 1103
1716670 1111
1716680 1113
1716690 1113
1716700 1118
1716710 1123
1716720 1123
1716730 1129
1716740 1134
1716750 1134
1716760 1138
1716770 1142
1716780 1142
1716790 1145
1716800 1148
1716810 1148
1716820 1151
1716830 1153
1716840 1153
1716850 1154
1716860 1155
1716870 1153
1716880 1153
1716890 1149
1716900 1144
1716910 1144
1716920 1139
1716930 1135
1716940 1135
1716950 1130
1716960 1125
1716970 1125
1716980 1120
1716990 1115
1717000 1115
1717010 1111
1717020 1104
1717030 1104
1717040 1099
1717050 1092
1717060 1092
1717070 1086
1717080 1083
1717090 1083
1717100 1080
1717110 1077
1717120 1077
1717130 1074
1717140 1072
1717150 1072
1717160 1069
1717170 1064
1717180 1064
1717190 1061
1717200 1057
1717210 1062
1717220 1059
1717230 1058
1717240 1058
1717250 1055
1717260 1053
1717270 1053
1717280 1050
1717290 1046
1717300 1046
1717310 1044
1717320 1042
1717330 1042
1717340 1040
1717350 1038
1717360 1038
1717370 1034
1717380 1030
1717390 1030
1717400 1026
1717410 1022
1717420 1019
1717430 1019
1717440 1014
1717450 1010
1717460 1010
1717470 1007
1717480 1004
1717490 1004
1717500 1002
1717510 999
1717520 999
1717530 999
1717540 1000
1717550 1000
1717560 1000
1717570 1003
1717580 1003
1717590 1006
1717600 1007
1717610 1007
1717620 1008
1717630 1009
1717640 1009
1717650 1011
1717660 1012
1717670 1012
1717680 1014
1717690 1015
1717700 1015
1717710 1016
1717720 1020
1717730 1020
1717740 1023
1717750 1025
1717760 1025
1717770 1026
1717780 1029
1717790 1029
1717800 1031
1717810 1034
1717820 1034
1717830 1037
1717840 1041
1717850 1041
1717860 1045
1717870 1048
1717880 1048
1717890 1052
1717900 1056
1717910 1056
1717920 1060
1717930 1065
1717940 1065
1717950 1069
1717960 1073
1717970 1077
1717980 1077
1717990 1079
1718000 1080
1718010 1080
1718020 1079
1718030 1077
1718040 1077
1718050 1073
1718060 1069
1718070 1069
1718080 1063
1718090 1057
1718100 1057
1718110 1053
1718120 1050
1718130 1050
1718140 1047
1718150 1044
1718160 1044
1718170 1041
1718180 1038
1718190 1038
1718200 1034
1718210 1029
1718220 1029
1718230 1024
1718240 1018
1718250 1018
1718260 1013
1718270 1008
1718280 1008
1718290 1004
1718300 1003
1718310 1003
1718320 1004
1718330 1004
1718340 1004
1718350 1004
1718360 1002
1718370 1002
1718380 1000
1718390 997
1718400 997
1718410 992
1718420 986
1718430 986
1718440 980
1718450 974
1718460 974
1718470 968
1718480 960
1718490 960
1718500 953
1718510 951
1718520 953
1718530 953
1718540 952
1718550 952
1718560 952
1718570 952
1718580 951
1718590 951
1718600 951
1718610 951
1718620 951
1718630 952
1718640 949
1718650 949
1718660 946
1718670 942
1718680 942
1718690 939
1718700 937
1718710 937
1718720 936
1718730 933
1718740 933
1718750 928
1718760 924
1718770 924
1718780 919
1718790 916
1718800 916
1718810 914
1718820 909
1718830 909
1718840 907
1718850 907
1718860 907
1718870 905
1718880 904
1718890 904
1718900 903
1718910 903
1718920 903
1718930 903
1718940 904
1718950 904
1718960 904
1718970 900
1718980 900
1718990 892
1719000 891
1719010 891
1719020 891
1719030 890
1719040 890
1719050 891
1719060 891
1719070 892
1719080 892
1719090 900
1719100 903
1719110 903
1719120 904
1719130 907
1719140 907
1719150 910
1719160 911
1719170 911
1719180 913
1719190 915
1719200 915
1719210 917
1719220 918
1719230 918
1719240 919
1719250 924
1719260 924
1719270 929
1719280 931
1719290 931
1719300 929
1719310 925
1719320 925
1719330 924
1719340 924
1719350 924
1719360 926
1719370 929
1719380 929
1719390 931
1719400 934
1719410 934
1719420 937
1719430 940
1719440 940
1719450 943
1719460 946
1719470 946
1719480 951
1719490 954
1719500 954
1719510 958
1719520 962
1719530 962
1719540 966
1719550 970
1719560 970
1719570 974
1719580 979
1719590 979
1719600 984
1719610 988
1719620 993
1719630 993
1719640 999
1719650 1003
1719660 1003
1719670 1008
1719680 1014
1719690 1014
1719700 1018
1719710 1024
1719720 1024
1719730 1030
1719740 1033
1719750 1033
1719760 1039
1719770 1045
1719780 1045
1719790 1050
1719800 1056
1719810 1056
1719820 1061
1719830 1069
1719840 1069
1719850 1074
1719860 1079
1719870 1079
1719880 1085
1719890 1090
1719900 1090
1719910 1095
1719920 1100
1719930 1100
1719940 1105
1719950 1109
1719960 1109
1719970 1114
1719980 1118
1719990 1118
