1700000 890
1700010 890
1700020 889
1700030 889
1700040 887
1700050 886
1700060 886
1700070 886
1700080 886
1700090 887
1700100 887
1700110 886
1700120 885
1700130 885
1700140 885
1700150 884
1700160 884
1700170 883
1700180 881
1700190 881
1700200 879
1700210 879
1700220 879
1700230 882
1700240 881
1700250 881
1700260 881
1700270 880
1700280 880
1700290 879
1700300 878
1700310 878
1700320 878
1700330 876
1700340 876
1700350 874
1700360 875
1700370 875
1700380 877
1700390 880
1700400 880
1700410 884
1700420 887
1700430 887
1700440 889
1700450 891
1700460 891
1700470 892
1700480 894
1700490 894
1700500 895
1700510 897
1700520 897
1700530 898
1700540 898
1700550 898
1700560 899
1700570 902
1700580 902
1700590 903
1700600 902
1700610 900
1700620 900
1700630 900
1700640 899
1700650 899
1700660 897
1700670 896
1700680 896
1700690 893
1700700 889
1700710 889
1700720 885
1700730 881
1700740 881
1700750 879
1700760 878
1700770 878
1700780 877
1700790 876
1700800 876
1700810 874
1700820 873
1700830 873
1700840 871
1700850 868
1700860 868
1700870 865
1700880 862
1700890 862
1700900 860
1700910 859
1700920 859
1700930 859
1700940 858
1700950 858
1700960 858
1700970 858
1700980 858
1700990 858
1701000 858
1701010 858
1701020 857
1701030 856
1701040 856
1701050 856
1701060 856
1701070 856
1701080 855
1701090 854
1701100 854
1701110 853
1701120 852
1701130 852
1701140 851
1701150 850
1701160 849
1701170 849
1701180 848
1701190 848
1701200 848
1701210 848
1701220 849
1701230 849
1701240 850
1701250 850
1701260 850
1701270 850
1701280 851
1701290 851
1701300 851
1701310 850
1701320 850
1701330 849
1701340 848
1701350 848
1701360 848
1701370 845
1701380 845
1701390 844
1701400 842
1701410 842
1701420 841
1701430 841
1701440 841
1701450 841
1701460 840
1701470 840
1701480 838
1701490 838
1701500 838
1701510 839
1701520 840
1701530 840
1701540 842
1701550 841
1701560 841
1701570 839
1701580 838
1701590 838
1701600 835
1701610 833
1701620 833
1701630 831
1701640 829
1701650 829
1701660 828
1701670 826
1701680 826
1701690 825
1701700 825
1701710 825
1701720 825
1701730 824
1701740 824
1701750 824
1701760 824
1701770 824
1701780 824
1701790 824
1701800 824
1701810 824
1701820 824
1701830 824
1701840 824
1701850 824
1701860 823
1701870 823
1701880 823
1701890 821
1701900 821
1701910 819
1701920 818
1701930 818
1701940 817
1701950 817
1701960 817
1701970 817
1701980 817
1701990 817
1702000 817
1702010 817
1702020 817
1702030 817
1702040 817
1702050 817
1702060 817
1702070 817
1702080 817
1702090 817
1702100 818
1702110 818
1702120 818
1702130 818
1702140 818
1702150 818
1702160 817
1702170 817
1702180 816
1702190 813
1702200 813
1702210 812
1702220 810
1702230 810
1702240 810
1702250 809
1702260 809
1702270 809
1702280 809
1702290 809
1702300 809
1702310 810
1702320 809
1702330 809
1702340 809
1702350 809
1702360 809
1702370 809
1702380 810
1702390 810
1702400 810
1702410 810
1702420 810
1702430 810
1702440 809
1702450 809
1702460 809
1702470 808
1702480 808
1702490 808
1702500 807
1702510 807
1702520 807
1702530 807
1702540 807
1702550 807
1702560 807
1702570 807
1702580 806
1702590 806
1702600 806
1702610 806
1702620 806
1702630 806
1702640 806
1702650 805
1702660 805
1702670 808
1702680 809
1702690 809
1702700 810
1702710 811
1702720 811
1702730 811
1702740 812
1702750 812
1702760 813
1702770 815
1702780 815
1702790 816
1702800 816
1702810 816
1702820 817
1702830 818
1702840 819
1702850 819
1702860 820
1702870 821
1702880 821
1702890 822
1702900 823
1702910 823
1702920 825
1702930 826
1702940 826
1702950 827
1702960 828
1702970 828
1702980 829
1702990 830
1703000 830
1703010 832
1703020 834
1703030 834
1703040 837
1703050 839
1703060 839
1703070 842
1703080 842
1703090 842
1703100 841
1703110 841
1703120 841
1703130 840
1703140 840
1703150 840
1703160 841
1703170 843
1703180 843
1703190 845
1703200 845
1703210 845
1703220 845
1703230 846
1703240 846
1703250 846
1703260 846
1703270 846
1703280 846
1703290 847
1703300 847
1703310 847
1703320 847
1703330 847
1703340 848
1703350 848
1703360 848
1703370 848
1703380 849
1703390 849
1703400 849
1703410 850
1703420 850
1703430 850
1703440 850
1703450 850
1703460 850
1703470 850
1703480 851
1703490 851
1703500 851
1703510 852
1703520 852
1703530 853
1703540 853
1703550 853
1703560 854
1703570 855
1703580 855
1703590 855
1703600 856
1703610 856
1703620 858
1703630 860
1703640 860
1703650 862
1703660 864
1703670 864
1703680 866
1703690 869
1703700 869
1703710 869
1703720 867
1703730 867
1703740 863
1703750 861
1703760 861
1703770 860
1703780 861
1703790 861
1703800 863
1703810 863
1703820 863
1703830 864
1703840 865
1703850 865
1703860 867
1703870 868
1703880 868
1703890 869
1703900 871
1703910 871
1703920 874
1703930 876
1703940 878
1703950 878
1703960 881
1703970 885
1703980 885
1703990 889
1704000 894
1704010 894
1704020 898
1704030 903
1704040 903
1704050 908
1704060 911
1704070 911
1704080 917
1704090 920
1704100 920
1704110 926
1704120 930
1704130 930
1704140 931
1704150 932
1704160 932
1704170 933
1704180 934
1704190 934
1704200 934
1704210 935
1704220 935
1704230 934
1704240 933
1704250 933
1704260 934
1704270 936
1704280 936
1704290 939
1704300 942
1704310 942
1704320 945
1704330 947
1704340 947
1704350 949
1704360 950
1704370 950
1704380 953
1704390 957
1704400 957
1704410 960
1704420 963
1704430 963
1704440 966
1704450 969
1704460 969
1704470 971
1704480 976
1704490 980
1704500 980
1704510 984
1704520 987
1704530 987
1704540 991
1704550 995
1704560 995
1704570 1000
1704580 1004
1704590 1004
1704600 1009
1704610 1014
1704620 1014
1704630 1019
1704640 1023
1704650 1023
1704660 1029
1704670 1034
1704680 1034
1704690 1040
1704700 1046
1704710 1046
1704720 1051
1704730 1057
1704740 1057
1704750 1062
1704760 1066
1704770 1066
1704780 1067
1704790 1069
1704800 1069
1704810 1073
1704820 1086
1704830 1086
1704840 1088
1704850 1082
1704860 1082
1704870 1078
1704880 1075
1704890 1075
1704900 1071
1704910 1068
1704920 1068
1704930 1063
1704940 1056
1704950 1056
1704960 1050
1704970 1045
1704980 1045
1704990 1043
1705000 1043
1705010 1043
1705020 1043
1705030 1044
1705040 1045
1705050 1045
1705060 1047
1705070 1047
1705080 1047
1705090 1044
1705100 1037
1705110 1037
1705120 1031
1705130 1023
1705140 1023
1705150 1017
1705160 1013
1705170 1013
1705180 1011
1705190 1008
1705200 1008
1705210 1005
1705220 1002
1705230 1002
1705240 999
1705250 996
1705260 996
1705270 993
1705280 989
1705290 989
1705300 986
1705310 981
1705320 981
1705330 977
1705340 973
1705350 973
1705360 970
1705370 967
1705380 967
1705390 964
1705400 962
1705410 962
1705420 962
1705430 965
1705440 965
1705450 968
1705460 970
1705470 970
1705480 973
1705490 976
1705500 976
1705510 980
1705520 983
1705530 983
1705540 987
1705550 991
1705560 991
1705570 997
1705580 1001
1705590 1006
1705600 1006
1705610 1013
1705620 1014
1705630 1014
1705640 1019
1705650 1022
1705660 1022
1705670 1025
1705680 1030
1705690 1030
1705700 1038
1705710 1041
1705720 1041
1705730 1046
1705740 1047
1705750 1047
1705760 1040
1705770 1034
1705780 1034
1705790 1029
1705800 1025
1705810 1025
1705820 1021
1705830 1017
1705840 1017
1705850 1013
1705860 1008
1705870 1008
1705880 1003
1705890 999
1705900 999
1705910 993
1705920 989
1705930 989
1705940 985
1705950 981
1705960 981
1705970 984
1705980 988
1705990 988
1706000 991
1706010 996
1706020 996
1706030 1002
1706040 1006
1706050 1006
1706060 1009
1706070 1012
1706080 1012
1706090 1014
1706100 1016
1706110 1016
1706120 1017
1706130 1017
1706140 1017
1706150 1017
1706160 1016
1706170 1016
1706180 1016
1706190 1014
1706200 1014
1706210 1014
1706220 1013
1706230 1012
1706240 1012
1706250 1011
1706260 1009
1706270 1009
1706280 1009
1706290 1007
1706300 1007
1706310 1005
1706320 1004
1706330 1004
1706340 1001
1706350 996
1706360 996
1706370 991
1706380 988
1706390 988
1706400 992
1706410 995
1706420 995
1706430 995
1706440 994
1706450 994
1706460 995
1706470 999
1706480 999
1706490 1000
1706500 1001
1706510 1001
1706520 1002
1706530 1003
1706540 1003
1706550 1004
1706560 1005
1706570 1005
1706580 1006
1706590 1007
1706600 1007
1706610 1008
1706620 1009
1706630 1009
1706640 1009
1706650 1010
1706660 1010
1706670 1011
1706680 1012
1706690 1012
1706700 1013
1706710 1012
1706720 1008
1706730 1008
1706740 1004
1706750 1001
1706760 1001
1706770 999
1706780 997
1706790 997
1706800 993
1706810 989
1706820 989
1706830 987
1706840 985
1706850 985
1706860 985
1706870 984
1706880 984
1706890 984
1706900 983
1706910 983
1706920 983
1706930 984
1706940 984
1706950 989
1706960 985
1706970 985
1706980 985
1706990 983
1707000 983
1707010 980
1707020 969
1707030 969
1707040 963
1707050 958
1707060 958
1707070 954
1707080 952
1707090 952
1707100 949
1707110 945
1707120 945
1707130 942
1707140 939
1707150 939
1707160 936
1707170 932
1707180 932
1707190 927
1707200 922
1707210 922
1707220 915
1707230 908
1707240 908
1707250 902
1707260 896
1707270 890
1707280 890
1707290 884
1707300 887
1707310 887
1707320 887
1707330 881
1707340 881
1707350 875
1707360 876
1707370 876
1707380 880
1707390 886
1707400 886
1707410 891
1707420 895
1707430 895
1707440 897
1707450 898
1707460 898
1707470 895
1707480 894
1707490 894
1707500 895
1707510 893
1707520 893
1707530 892
1707540 892
1707550 892
1707560 892
1707570 890
1707580 890
1707590 890
1707600 890
1707610 890
1707620 891
1707630 892
1707640 892
1707650 891
1707660 891
1707670 891
1707680 890
1707690 888
1707700 888
1707710 888
1707720 887
1707730 887
1707740 887
1707750 886
1707760 886
1707770 885
1707780 883
1707790 883
1707800 882
1707810 880
1707820 877
1707830 877
1707840 875
1707850 872
1707860 872
1707870 872
1707880 871
1707890 871
1707900 869
1707910 868
1707920 868
1707930 864
1707940 861
1707950 861
1707960 856
1707970 854
1707980 854
1707990 856
1708000 856
1708010 856
1708020 859
1708030 860
1708040 860
1708050 862
1708060 862
1708070 862
1708080 858
1708090 853
1708100 853
1708110 851
1708120 850
1708130 850
1708140 853
1708150 858
1708160 858
1708170 863
1708180 867
1708190 867
1708200 871
1708210 874
1708220 874
1708230 878
1708240 881
1708250 881
1708260 883
1708270 884
1708280 884
1708290 882
1708300 877
1708310 877
1708320 871
1708330 865
1708340 865
1708350 858
1708360 853
1708370 852
1708380 852
1708390 851
1708400 851
1708410 851
1708420 848
1708430 847
1708440 847
1708450 844
1708460 838
1708470 838
1708480 830
1708490 822
1708500 822
1708510 819
1708520 819
1708530 819
1708540 817
1708550 816
1708560 816
1708570 816
1708580 817
1708590 817
1708600 818
1708610 818
1708620 818
1708630 818
1708640 817
1708650 817
1708660 816
1708670 815
1708680 815
1708690 813
1708700 813
1708710 813
1708720 813
1708730 813
1708740 813
1708750 813
1708760 813
1708770 813
1708780 813
1708790 813
1708800 813
1708810 813
1708820 812
1708830 812
1708840 812
1708850 811
1708860 811
1708870 811
1708880 812
1708890 812
1708900 812
1708910 811
1708920 811
1708930 811
1708940 811
1708950 814
1708960 814
1708970 812
1708980 810
1708990 810
1709000 809
1709010 809
1709020 809
1709030 809
1709040 809
1709050 809
1709060 808
1709070 807
1709080 807
1709090 812
1709100 813
1709110 813
1709120 820
1709130 830
1709140 830
1709150 839
1709160 854
1709170 854
1709180 861
1709190 868
1709200 868
1709210 868
1709220 873
1709230 873
1709240 876
1709250 882
1709260 882
1709270 890
1709280 896
1709290 896
1709300 899
1709310 904
1709320 904
1709330 907
1709340 912
1709350 912
1709360 915
1709370 917
1709380 917
1709390 913
1709400 908
1709410 908
1709420 908
1709430 909
1709440 909
1709450 913
1709460 917
1709470 922
1709480 922
1709490 926
1709500 930
1709510 930
1709520 934
1709530 938
1709540 938
1709550 943
1709560 948
1709570 948
1709580 952
1709590 956
1709600 956
1709610 961
1709620 966
1709630 966
1709640 971
1709650 978
1709660 978
1709670 983
1709680 989
1709690 989
1709700 994
1709710 999
1709720 999
1709730 1004
1709740 1009
1709750 1009
1709760 1015
1709770 1020
1709780 1020
1709790 1025
1709800 1029
1709810 1029
1709820 1036
1709830 1044
1709840 1044
1709850 1047
1709860 1050
1709870 1050
1709880 1052
1709890 1054
1709900 1054
1709910 1055
1709920 1055
1709930 1055
1709940 1054
1709950 1052
1709960 1052
1709970 1050
1709980 1049
1709990 1049
1710000 1045
1710010 1038
1710020 1032
1710030 1032
1710040 1025
1710050 1020
1710060 1020
1710070 1015
1710080 1009
1710090 1009
1710100 1005
1710110 1007
1710120 1007
1710130 1010
1710140 1014
1710150 1014
1710160 1016
1710170 1017
1710180 1017
1710190 1018
1710200 1020
1710210 1020
1710220 1022
1710230 1025
1710240 1025
1710250 1027
1710260 1028
1710270 1028
1710280 1030
1710290 1030
1710300 1030
1710310 1029
1710320 1028
1710330 1028
1710340 1026
1710350 1023
1710360 1023
1710370 1022
1710380 1024
1710390 1024
1710400 1026
1710410 1030
1710420 1030
1710430 1034
1710440 1037
1710450 1037
1710460 1041
1710470 1045
1710480 1045
1710490 1048
1710500 1051
1710510 1051
1710520 1053
1710530 1055
1710540 1055
1710550 1054
1710560 1051
1710570 1047
1710580 1047
1710590 1043
1710600 1039
1710610 1039
1710620 1035
1710630 1033
1710640 1033
1710650 1035
1710660 1036
1710670 1036
1710680 1038
1710690 1040
1710700 1040
1710710 1040
1710720 1042
1710730 1042
1710740 1043
1710750 1044
1710760 1044
1710770 1045
1710780 1045
1710790 1045
1710800 1045
1710810 1044
1710820 1044
1710830 1042
1710840 1041
1710850 1041
1710860 1039
1710870 1039
1710880 1039
1710890 1043
1710900 1046
1710910 1046
1710920 1047
1710930 1047
1710940 1047
1710950 1045
1710960 1039
1710970 1039
1710980 1033
1710990 1027
1711000 1027
1711010 1022
1711020 1020
1711030 1020
1711040 1021
1711050 1024
1711060 1024
1711070 1026
1711080 1030
1711090 1030
1711100 1034
1711110 1038
1711120 1038
1711130 1041
1711140 1044
1711150 1047
1711160 1047
1711170 1050
1711180 1053
1711190 1053
1711200 1055
1711210 1056
1711220 1056
1711230 1058
1711240 1059
1711250 1059
1711260 1060
1711270 1060
1711280 1060
1711290 1060
1711300 1060
1711310 1060
1711320 1059
1711330 1055
1711340 1055
1711350 1051
1711360 1045
1711370 1045
1711380 1039
1711390 1032
1711400 1032
1711410 1025
1711420 1022
1711430 1022
1711440 1018
1711450 1015
1711460 1015
1711470 1009
1711480 1003
1711490 1003
1711500 995
1711510 988
1711520 988
1711530 981
1711540 975
1711550 975
1711560 969
1711570 961
1711580 961
1711590 953
1711600 946
1711610 946
1711620 942
1711630 938
1711640 938
1711650 932
1711660 926
1711670 926
1711680 926
1711690 922
1711700 919
1711710 919
1711720 917
1711730 916
1711740 916
1711750 914
1711760 912
1711770 912
1711780 906
1711790 902
1711800 902
1711810 901
1711820 907
1711830 907
1711840 915
1711850 920
1711860 920
1711870 927
1711880 932
1711890 932
1711900 938
1711910 944
1711920 944
1711930 950
1711940 956
1711950 956
1711960 963
1711970 968
1711980 968
1711990 974
1712000 980
1712010 980
1712020 985
1712030 991
1712040 991
1712050 997
1712060 1002
1712070 1002
1712080 1008
1712090 1013
1712100 1013
1712110 1019
1712120 1024
1712130 1024
1712140 1029
1712150 1034
1712160 1034
1712170 1039
1712180 1044
1712190 1044
1712200 1049
1712210 1053
1712220 1053
1712230 1057
1712240 1061
1712250 1063
1712260 1063
1712270 1064
1712280 1060
1712290 1060
1712300 1057
1712310 1052
1712320 1052
1712330 1047
1712340 1042
1712350 1042
1712360 1036
1712370 1030
1712380 1030
1712390 1024
1712400 1017
1712410 1017
1712420 1011
1712430 1005
1712440 1005
1712450 997
1712460 990
1712470 990
1712480 984
1712490 977
1712500 977
1712510 971
1712520 968
1712530 968
1712540 964
1712550 959
1712560 959
1712570 954
1712580 948
1712590 948
1712600 942
1712610 937
1712620 937
1712630 930
1712640 924
1712650 924
1712660 918
1712670 912
1712680 912
1712690 908
1712700 900
1712710 900
1712720 894
1712730 895
1712740 895
1712750 892
1712760 891
1712770 891
1712780 890
1712790 886
1712800 882
1712810 882
1712820 875
1712830 866
1712840 866
1712850 864
1712860 872
1712870 872
1712880 878
1712890 883
1712900 883
1712910 887
1712920 891
1712930 891
1712940 894
1712950 897
1712960 897
1712970 898
1712980 897
1712990 897
1713000 896
1713010 895
1713020 895
1713030 895
1713040 895
1713050 895
1713060 893
1713070 888
1713080 888
1713090 890
1713100 895
1713110 895
1713120 901
1713130 904
1713140 904
1713150 908
1713160 912
1713170 912
1713180 916
1713190 919
1713200 919
1713210 923
1713220 926
1713230 926
1713240 930
1713250 934
1713260 934
1713270 938
1713280 943
1713290 943
1713300 947
1713310 952
1713320 952
1713330 956
1713340 959
1713350 963
1713360 963
1713370 966
1713380 970
1713390 970
1713400 974
1713410 978
1713420 978
1713430 983
1713440 988
1713450 988
1713460 993
1713470 998
1713480 998
1713490 1003
1713500 1009
1713510 1009
1713520 1014
1713530 1019
1713540 1019
1713550 1023
1713560 1027
1713570 1027
1713580 1031
1713590 1033
1713600 1033
1713610 1033
1713620 1029
1713630 1029
1713640 1019
1713650 1017
1713660 1017
1713670 1012
1713680 1008
1713690 1008
1713700 1004
1713710 1004
1713720 1004
1713730 1004
1713740 1005
1713750 1005
1713760 1008
1713770 1010
1713780 1010
1713790 1013
1713800 1014
1713810 1014
1713820 1014
1713830 1011
1713840 1011
1713850 1009
1713860 1005
1713870 1005
1713880 1002
1713890 998
1713900 994
1713910 994
1713920 997
1713930 1003
1713940 1003
1713950 1006
1713960 1010
1713970 1010
1713980 1013
1713990 1017
1714000 1017
1714010 1020
1714020 1023
1714030 1023
1714040 1026
1714050 1027
1714060 1027
1714070 1027
1714080 1026
1714090 1026
1714100 1024
1714110 1021
1714120 1021
1714130 1018
1714140 1015
1714150 1015
1714160 1012
1714170 1010
1714180 1010
1714190 1008
1714200 1005
1714210 1005
1714220 1003
1714230 1001
1714240 1001
1714250 998
1714260 996
1714270 996
1714280 992
1714290 988
1714300 988
1714310 984
1714320 982
1714330 982
1714340 977
1714350 974
1714360 974
1714370 971
1714380 968
1714390 968
1714400 965
1714410 960
1714420 960
1714430 956
1714440 953
1714450 950
1714460 950
1714470 948
1714480 947
1714490 947
1714500 945
1714510 943
1714520 943
1714530 940
1714540 936
1714550 936
1714560 932
1714570 926
1714580 926
1714590 920
1714600 913
1714610 913
1714620 906
1714630 899
1714640 899
1714650 889
1714660 882
1714670 882
1714680 884
1714690 891
1714700 891
1714710 896
1714720 900
1714730 900
1714740 904
1714750 909
1714760 909
1714770 915
1714780 919
1714790 919
1714800 922
1714810 929
1714820 929
1714830 933
1714840 937
1714850 937
1714860 941
1714870 944
1714880 944
1714890 945
1714900 947
1714910 947
1714920 948
1714930 950
1714940 950
1714950 952
1714960 955
1714970 955
1714980 957
1714990 960
1715000 960
1715010 962
1715020 964
1715030 966
1715040 966
1715050 971
1715060 975
1715070 975
1715080 979
1715090 983
1715100 983
1715110 986
1715120 990
1715130 990
1715140 992
1715150 996
1715160 996
1715170 999
1715180 1004
1715190 1004
1715200 1004
1715210 1010
1715220 1010
1715230 1014
1715240 1018
1715250 1018
1715260 1022
1715270 1025
1715280 1025
1715290 1028
1715300 1030
1715310 1030
1715320 1031
1715330 1032
1715340 1032
1715350 1033
1715360 1035
1715370 1035
1715380 1038
1715390 1042
1715400 1042
1715410 1044
1715420 1046
1715430 1046
1715440 1046
1715450 1044
1715460 1044
1715470 1040
1715480 1035
1715490 1035
1715500 1030
1715510 1025
1715520 1025
1715530 1021
1715540 1019
1715550 1019
1715560 1017
1715570 1014
1715580 1012
1715590 1012
1715600 1009
1715610 1003
1715620 1003
1715630 999
1715640 995
1715650 995
1715660 994
1715670 991
1715680 991
1715690 987
1715700 982
1715710 982
1715720 979
1715730 974
1715740 974
1715750 968
1715760 964
1715770 964
1715780 962
1715790 958
1715800 958
1715810 955
1715820 951
1715830 951
1715840 947
1715850 944
1715860 944
1715870 941
1715880 938
1715890 938
1715900 934
1715910 930
1715920 930
1715930 927
1715940 925
1715950 925
1715960 920
1715970 917
1715980 917
1715990 914
1716000 910
1716010 910
1716020 904
1716030 900
1716040 900
1716050 903
1716060 909
1716070 909
1716080 917
1716090 926
1716100 926
1716110 928
1716120 925
1716130 920
1716140 920
1716150 915
1716160 917
1716170 917
1716180 919
1716190 922
1716200 922
1716210 925
1716220 929
1716230 929
1716240 933
1716250 937
1716260 937
1716270 941
1716280 946
1716290 946
1716300 950
1716310 956
1716320 956
1716330 963
1716340 968
1716350 968
1716360 974
1716370 979
1716380 979
1716390 984
1716400 989
1716410 989
1716420 995
1716430 1000
1716440 1000
1716450 1004
1716460 1009
1716470 1009
1716480 1013
1716490 1020
1716500 1020
1716510 1026
1716520 1032
1716530 1032
1716540 1038
1716550 1044
1716560 1044
1716570 1049
1716580 1053
1716590 1053
1716600 1058
1716610 1064
1716620 1064
1716630 1070
1716640 1075
1716650 1075
1716660 1080
1716670 1085
1716680 1091
1716690 1091
1716700 1097
1716710 1103
1716720 1103
1716730 1109
1716740 1115
1716750 1115
1716760 1121
1716770 1127
1716780 1127
1716790 1133
1716800 1140
1716810 1140
1716820 1146
1716830 1152
1716840 1152
1716850 1157
1716860 1162
1716870 1162
1716880 1168
1716890 1171
1716900 1171
1716910 1170
1716920 1169
1716930 1169
1716940 1169
1716950 1168
1716960 1168
1716970 1170
1716980 1171
1716990 1171
1717000 1170
1717010 1168
1717020 1168
1717030 1165
