1760000 851
1760010 850
1760020 850
1760030 849
1760040 849
1760050 848
1760060 848
1760070 847
1760080 847
1760090 843
1760100 840
1760110 836
1760120 831
1760130 829
1760140 829
1760150 830
1760160 831
1760170 833
1760180 835
1760190 837
1760200 839
1760210 841
1760220 843
1760230 845
1760240 848
1760250 851
1760260 855
1760270 858
1760280 861
1760290 865
1760300 868
1760310 871
1760320 874
1760330 877
1760340 880
1760350 883
1760360 886
1760370 889
1760380 892
1760390 895
1760400 898
1760410 900
1760420 902
1760430 904
1760440 905
1760450 906
1760460 905
1760470 902
1760480 899
1760490 895
1760500 892
1760510 889
1760520 886
1760530 883
1760540 882
1760550 882
1760560 882
1760570 883
1760580 883
1760590 883
1760600 883
1760610 884
1760620 885
1760630 885
1760640 886
1760650 886
1760660 885
1760670 885
1760680 884
1760690 884
1760700 885
1760710 885
1760720 886
1760730 887
1760740 887
1760750 886
1760760 887
1760770 890
1760780 894
1760790 897
1760800 900
1760810 902
1760820 904
1760830 906
1760840 908
1760850 909
1760860 910
1760870 911
1760880 910
1760890 910
1760900 910
1760910 909
1760920 909
1760930 908
1760940 907
1760950 906
1760960 906
1760970 905
1760980 905
1760990 905
1761000 905
1761010 905
1761020 904
1761030 903
1761040 905
1761050 907
1761060 910
1761070 913
1761080 916
1761090 918
1761100 920
1761110 921
1761120 921
1761130 921
1761140 921
1761150 920
1761160 919
1761170 919
1761180 918
1761190 917
1761200 915
1761210 914
1761220 912
1761230 911
1761240 909
1761250 907
1761260 905
1761270 904
1761280 903
1761290 902
1761300 902
1761310 901
1761320 901
1761330 901
1761340 899
1761350 899
1761360 898
1761370 897
1761380 895
1761390 893
1761400 894
1761410 896
1761420 899
1761430 900
1761440 901
1761450 901
1761460 902
1761470 902
1761480 902
1761490 902
1761500 901
1761510 901
1761520 902
1761530 903
1761540 903
1761550 904
1761560 904
1761570 904
1761580 905
1761590 906
1761600 908
1761610 909
1761620 909
1761630 911
1761640 912
1761650 913
1761660 914
1761670 914
1761680 914
1761690 914
1761700 913
1761710 913
1761720 912
1761730 911
1761740 911
1761750 911
1761760 911
1761770 911
1761780 912
1761790 912
1761800 914
1761810 915
1761820 916
1761830 919
1761840 921
1761850 924
1761860 927
1761870 930
1761880 933
1761890 935
1761900 937
1761910 938
1761920 940
1761930 942
1761940 944
1761950 946
1761960 948
1761970 950
1761980 952
1761990 953
1762000 954
1762010 955
1762020 955
1762030 954
1762040 954
1762050 955
1762060 957
1762070 958
1762080 960
1762090 961
1762100 962
1762110 963
1762120 964
1762130 965
1762140 966
1762150 966
1762160 966
1762170 966
1762180 966
1762190 965
1762200 965
1762210 965
1762220 964
1762230 964
1762240 963
1762250 963
1762260 962
1762270 961
1762280 960
1762290 959
1762300 959
1762310 958
1762320 957
1762330 956
1762340 955
1762350 955
1762360 955
1762370 955
1762380 955
1762390 955
1762400 954
1762410 954
1762420 954
1762430 954
1762440 953
1762450 953
1762460 953
1762470 953
1762480 952
1762490 952
1762500 952
1762510 951
1762520 951
1762530 950
1762540 950
1762550 950
1762560 950
1762570 949
1762580 949
1762590 949
1762600 948
1762610 948
1762620 948
1762630 947
1762640 947
1762650 947
1762660 946
1762670 946
1762680 946
1762690 945
1762700 945
1762710 945
1762720 944
1762730 944
1762740 943
1762750 943
1762760 943
1762770 943
1762780 943
1762790 943
1762800 942
1762810 942
1762820 942
1762830 942
1762840 942
1762850 941
1762860 941
1762870 941
1762880 941
1762890 941
1762900 941
1762910 941
1762920 941
1762930 940
1762940 940
1762950 940
1762960 940
1762970 939
1762980 939
1762990 939
1763000 939
1763010 938
1763020 938
1763030 938
1763040 938
1763050 938
1763060 938
1763070 937
1763080 937
1763090 937
1763100 937
1763110 937
1763120 937
1763130 936
1763140 936
1763150 936
1763160 936
1763170 936
1763180 935
1763190 935
1763200 935
1763210 935
1763220 934
1763230 934
1763240 934
1763250 934
1763260 934
1763270 934
1763280 934
1763290 934
1763300 933
1763310 933
1763320 933
1763330 933
1763340 933
1763350 933
1763360 934
1763370 934
1763380 934
1763390 935
1763400 935
1763410 935
1763420 935
1763430 936
1763440 936
1763450 936
1763460 936
1763470 936
1763480 937
1763490 937
1763500 937
1763510 937
1763520 937
1763530 937
1763540 938
1763550 938
1763560 939
1763570 939
1763580 939
1763590 939
1763600 940
1763610 940
1763620 940
1763630 940
1763640 941
1763650 941
1763660 941
1763670 941
1763680 942
1763690 942
1763700 942
1763710 943
1763720 943
1763730 943
1763740 944
1763750 944
1763760 944
1763770 945
1763780 945
1763790 945
1763800 946
1763810 946
1763820 946
1763830 947
1763840 947
1763850 947
1763860 948
1763870 948
1763880 949
1763890 950
1763900 950
1763910 951
1763920 951
1763930 952
1763940 953
1763950 953
1763960 954
1763970 955
1763980 955
1763990 956
1764000 956
1764010 957
1764020 957
1764030 958
1764040 958
1764050 959
1764060 960
1764070 961
1764080 962
1764090 962
1764100 963
1764110 964
1764120 964
1764130 965
1764140 966
1764150 967
1764160 968
1764170 969
1764180 970
1764190 971
1764200 971
1764210 972
1764220 973
1764230 974
1764240 975
1764250 977
1764260 978
1764270 980
1764280 981
1764290 983
1764300 984
1764310 985
1764320 987
1764330 988
1764340 989
1764350 991
1764360 992
1764370 994
1764380 996
1764390 999
1764400 1001
1764410 1003
1764420 1005
1764430 1007
1764440 1010
1764450 1012
1764460 1014
1764470 1017
1764480 1020
1764490 1023
1764500 1025
1764510 1026
1764520 1028
1764530 1031
1764540 1033
1764550 1036
1764560 1038
1764570 1039
1764580 1040
1764590 1041
1764600 1042
1764610 1042
1764620 1043
1764630 1043
1764640 1043
1764650 1043
1764660 1043
1764670 1043
1764680 1043
1764690 1043
1764700 1044
1764710 1044
1764720 1044
1764730 1045
1764740 1046
1764750 1047
1764760 1048
1764770 1050
1764780 1051
1764790 1052
1764800 1054
1764810 1056
1764820 1058
1764830 1061
1764840 1063
1764850 1066
1764860 1069
1764870 1071
1764880 1074
1764890 1077
1764900 1080
1764910 1082
1764920 1084
1764930 1086
1764940 1087
1764950 1088
1764960 1089
1764970 1089
1764980 1090
1764990 1090
1765000 1090
1765010 1091
1765020 1092
1765030 1092
1765040 1093
1765050 1094
1765060 1095
1765070 1096
1765080 1097
1765090 1098
1765100 1099
1765110 1100
1765120 1101
1765130 1103
1765140 1104
1765150 1105
1765160 1106
1765170 1107
1765180 1108
1765190 1110
1765200 1111
1765210 1112
1765220 1114
1765230 1115
1765240 1116
1765250 1117
1765260 1119
1765270 1120
1765280 1122
1765290 1123
1765300 1124
1765310 1126
1765320 1127
1765330 1128
1765340 1130
1765350 1131
1765360 1133
1765370 1134
1765380 1135
1765390 1135
1765400 1136
1765410 1137
1765420 1138
1765430 1139
1765440 1140
1765450 1141
1765460 1141
1765470 1142
1765480 1143
1765490 1144
1765500 1145
1765510 1145
1765520 1146
1765530 1146
1765540 1146
1765550 1147
1765560 1147
1765570 1148
1765580 1148
1765590 1148
1765600 1149
1765610 1150
1765620 1150
1765630 1151
1765640 1151
1765650 1151
1765660 1152
1765670 1152
1765680 1153
1765690 1153
1765700 1153
1765710 1154
1765720 1154
1765730 1154
1765740 1154
1765750 1154
1765760 1155
1765770 1155
1765780 1155
1765790 1155
1765800 1155
1765810 1155
1765820 1154
1765830 1154
1765840 1154
1765850 1154
1765860 1153
1765870 1153
1765880 1153
1765890 1152
1765900 1152
1765910 1151
1765920 1151
1765930 1150
1765940 1150
1765950 1149
1765960 1148
1765970 1147
1765980 1146
1765990 1145
1766000 1144
1766010 1144
1766020 1143
1766030 1142
1766040 1141
1766050 1139
1766060 1138
1766070 1137
1766080 1136
1766090 1135
1766100 1135
1766110 1134
1766120 1133
1766130 1132
1766140 1131
1766150 1130
1766160 1129
1766170 1127
1766180 1126
1766190 1125
1766200 1123
1766210 1122
1766220 1121
1766230 1120
1766240 1118
1766250 1117
1766260 1116
1766270 1115
1766280 1114
1766290 1112
1766300 1110
1766310 1108
1766320 1107
1766330 1105
1766340 1104
1766350 1102
1766360 1101
1766370 1099
1766380 1098
1766390 1097
1766400 1095
1766410 1094
1766420 1093
1766430 1091
1766440 1090
1766450 1088
1766460 1087
1766470 1085
1766480 1084
1766490 1083
1766500 1081
1766510 1080
1766520 1078
1766530 1077
1766540 1076
1766550 1075
1766560 1074
1766570 1072
1766580 1070
1766590 1069
1766600 1068
1766610 1066
1766620 1065
1766630 1064
1766640 1062
1766650 1062
1766660 1060
1766670 1058
1766680 1057
1766690 1055
1766700 1054
1766710 1053
1766720 1052
1766730 1051
1766740 1050
1766750 1049
1766760 1048
1766770 1047
1766780 1046
1766790 1045
1766800 1044
1766810 1043
1766820 1042
1766830 1041
1766840 1040
1766850 1039
1766860 1038
1766870 1037
1766880 1036
1766890 1035
1766900 1034
1766910 1033
1766920 1032
1766930 1031
1766940 1031
1766950 1031
1766960 1030
1766970 1030
1766980 1029
1766990 1028
1767000 1028
1767010 1027
1767020 1026
1767030 1026
1767040 1026
1767050 1025
1767060 1025
1767070 1025
1767080 1025
1767090 1024
1767100 1024
1767110 1024
1767120 1024
1767130 1025
1767140 1025
1767150 1024
1767160 1023
1767170 1022
1767180 1021
1767190 1020
1767200 1019
1767210 1019
1767220 1018
1767230 1018
1767240 1017
1767250 1016
1767260 1015
1767270 1014
1767280 1013
1767290 1012
1767300 1011
1767310 1010
1767320 1009
1767330 1008
1767340 1007
1767350 1006
1767360 1005
1767370 1004
1767380 1003
1767390 1002
1767400 1000
1767410 998
1767420 996
1767430 995
1767440 994
1767450 993
1767460 992
1767470 991
1767480 990
1767490 989
1767500 988
1767510 987
1767520 985
1767530 984
1767540 983
1767550 983
1767560 982
1767570 981
1767580 980
1767590 979
1767600 978
1767610 977
1767620 976
1767630 975
1767640 974
1767650 973
1767660 972
1767670 971
1767680 969
1767690 968
1767700 966
1767710 965
1767720 964
1767730 962
1767740 961
1767750 959
1767760 958
1767770 957
1767780 956
1767790 954
1767800 953
1767810 952
1767820 951
1767830 950
1767840 949
1767850 947
1767860 945
1767870 944
1767880 942
1767890 941
1767900 939
1767910 938
1767920 936
1767930 935
1767940 934
1767950 933
1767960 932
1767970 931
1767980 930
1767990 929
1768000 929
1768010 928
1768020 928
1768030 928
1768040 927
1768050 927
1768060 926
1768070 925
1768080 925
1768090 924
1768100 923
1768110 922
1768120 922
1768130 922
1768140 921
1768150 921
1768160 920
1768170 920
1768180 920
1768190 920
1768200 920
1768210 920
1768220 919
1768230 918
1768240 917
1768250 917
1768260 916
1768270 916
1768280 915
1768290 915
1768300 913
1768310 912
1768320 910
1768330 908
1768340 905
1768350 903
1768360 900
1768370 896
1768380 893
1768390 889
1768400 884
1768410 880
1768420 876
1768430 872
1768440 868
1768450 864
1768460 860
1768470 856
1768480 852
1768490 849
1768500 845
1768510 841
1768520 837
1768530 833
1768540 829
1768550 826
1768560 823
1768570 820
1768580 816
1768590 813
1768600 811
1768610 808
1768620 806
1768630 803
1768640 802
1768650 801
1768660 800
1768670 801
1768680 801
1768690 802
1768700 802
1768710 801
1768720 801
1768730 801
1768740 802
1768750 802
1768760 799
1768770 797
1768780 795
1768790 792
1768800 790
1768810 788
1768820 786
1768830 785
1768840 784
1768850 784
1768860 784
1768870 785
1768880 785
1768890 785
1768900 785
1768910 786
1768920 787
1768930 788
1768940 790
1768950 792
1768960 795
1768970 798
1768980 800
1768990 802
1769000 805
1769010 808
1769020 810
1769030 813
1769040 813
1769050 814
1769060 813
1769070 812
1769080 811
1769090 810
1769100 809
1769110 809
1769120 808
1769130 808
1769140 808
1769150 807
1769160 807
1769170 807
1769180 806
1769190 806
1769200 805
1769210 805
1769220 804
1769230 804
1769240 803
1769250 802
1769260 802
1769270 801
1769280 799
1769290 798
1769300 796
1769310 794
1769320 793
1769330 791
1769340 789
1769350 787
1769360 786
1769370 785
1769380 785
1769390 785
1769400 785
1769410 785
1769420 784
1769430 782
1769440 781
1769450 779
1769460 778
1769470 777
1769480 777
1769490 776
1769500 775
1769510 774
1769520 772
1769530 770
1769540 768
1769550 766
1769560 764
1769570 762
1769580 758
1769590 754
1769600 750
1769610 745
1769620 741
1769630 737
1769640 732
1769650 729
1769660 726
1769670 726
1769680 726
1769690 726
1769700 726
1769710 727
1769720 728
1769730 730
1769740 731
1769750 731
1769760 732
1769770 731
1769780 731
1769790 730
1769800 729
1769810 727
1769820 726
1769830 725
1769840 724
1769850 723
1769860 721
1769870 719
1769880 717
1769890 714
1769900 712
1769910 709
1769920 706
1769930 704
1769940 701
1769950 698
1769960 695
1769970 691
1769980 690
1769990 689
1770000 689
1770010 688
1770020 686
1770030 685
1770040 683
1770050 680
1770060 677
1770070 674
1770080 670
1770090 666
1770100 663
1770110 659
1770120 656
1770130 653
1770140 649
1770150 646
1770160 643
1770170 640
1770180 636
1770190 633
1770200 630
1770210 628
1770220 627
1770230 625
1770240 623
1770250 621
1770260 619
1770270 617
1770280 616
1770290 616
1770300 616
1770310 615
1770320 615
1770330 616
1770340 617
1770350 618
1770360 619
1770370 621
1770380 623
1770390 626
1770400 630
1770410 633
1770420 637
1770430 641
1770440 644
1770450 648
1770460 652
1770470 656
1770480 660
1770490 663
1770500 667
1770510 670
1770520 674
1770530 677
1770540 679
1770550 682
1770560 685
1770570 687
1770580 689
1770590 691
1770600 693
1770610 695
1770620 697
1770630 699
1770640 701
1770650 703
1770660 705
1770670 707
1770680 708
1770690 711
1770700 713
1770710 715
1770720 717
1770730 718
1770740 719
1770750 720
1770760 721
1770770 723
1770780 727
1770790 733
1770800 738
1770810 743
1770820 747
1770830 751
1770840 754
1770850 758
1770860 761
1770870 764
1770880 767
1770890 770
1770900 773
1770910 776
1770920 778
1770930 781
1770940 783
1770950 785
1770960 787
1770970 790
1770980 792
1770990 794
1771000 796
1771010 798
1771020 800
1771030 802
1771040 804
1771050 806
1771060 808
1771070 810
1771080 813
1771090 816
1771100 819
1771110 822
1771120 826
1771130 831
1771140 836
1771150 841
1771160 846
1771170 850
1771180 855
1771190 860
1771200 865
1771210 869
1771220 874
1771230 879
1771240 883
1771250 888
1771260 892
1771270 896
1771280 900
1771290 905
1771300 909
1771310 913
1771320 916
1771330 920
1771340 923
1771350 926
1771360 929
1771370 931
1771380 932
1771390 933
1771400 933
1771410 933
1771420 934
1771430 934
1771440 934
1771450 933
1771460 933
1771470 932
1771480 931
1771490 930
1771500 929
1771510 928
1771520 926
1771530 925
1771540 924
1771550 922
1771560 921
1771570 919
1771580 917
1771590 916
1771600 915
1771610 914
1771620 913
1771630 913
1771640 912
1771650 912
1771660 912
1771670 911
1771680 910
1771690 909
1771700 908
1771710 906
1771720 905
1771730 904
1771740 902
1771750 901
1771760 900
1771770 899
1771780 898
1771790 897
1771800 896
1771810 895
1771820 894
1771830 892
1771840 892
1771850 891
1771860 890
1771870 889
1771880 888
1771890 887
1771900 886
1771910 885
1771920 884
1771930 883
1771940 882
1771950 881
1771960 880
1771970 880
1771980 879
1771990 878
1772000 877
1772010 876
1772020 875
1772030 874
1772040 873
1772050 872
1772060 871
1772070 870
1772080 869
1772090 868
1772100 866
1772110 865
1772120 864
1772130 863
1772140 862
1772150 861
1772160 860
1772170 859
1772180 858
1772190 857
1772200 856
1772210 855
1772220 854
1772230 852
1772240 851
1772250 850
1772260 849
1772270 847
1772280 846
1772290 845
1772300 843
1772310 841
1772320 840
1772330 838
1772340 837
1772350 835
1772360 834
1772370 832
1772380 831
1772390 829
1772400 827
1772410 825
1772420 823
1772430 821
1772440 819
1772450 817
1772460 814
1772470 812
1772480 810
1772490 807
1772500 804
1772510 800
1772520 797
1772530 794
1772540 792
1772550 790
1772560 788
1772570 786
1772580 784
1772590 782
1772600 779
1772610 776
1772620 774
1772630 773
1772640 772
1772650 771
1772660 770
1772670 769
1772680 767
1772690 766
1772700 764
1772710 762
1772720 761
1772730 759
1772740 758
1772750 757
1772760 755
1772770 754
1772780 752
1772790 750
1772800 749
1772810 748
1772820 746
1772830 744
1772840 742
1772850 741
1772860 740
1772870 739
1772880 738
1772890 737
1772900 736
1772910 735
1772920 734
1772930 732
1772940 731
1772950 730
1772960 729
1772970 728
1772980 726
1772990 724
1773000 722
1773010 720
1773020 718
1773030 717
1773040 715
1773050 714
1773060 712
1773070 710
1773080 708
1773090 706
1773100 704
1773110 702
1773120 701
1773130 699
1773140 698
1773150 696
1773160 694
1773170 693
1773180 691
1773190 690
1773200 688
1773210 687
1773220 686
1773230 685
1773240 684
1773250 683
1773260 682
1773270 682
1773280 680
1773290 679
1773300 678
1773310 677
1773320 676
1773330 676
1773340 675
1773350 674
1773360 673
1773370 672
1773380 671
1773390 670
1773400 669
1773410 668
1773420 666
1773430 666
1773440 665
1773450 664
1773460 663
1773470 662
1773480 660
1773490 659
1773500 658
1773510 657
1773520 655
1773530 654
1773540 653
1773550 652
1773560 651
1773570 651
1773580 650
1773590 649
1773600 649
1773610 648
1773620 647
1773630 646
1773640 646
1773650 645
1773660 643
1773670 642
1773680 641
1773690 640
1773700 640
1773710 639
1773720 637
1773730 636
1773740 635
1773750 634
1773760 633
1773770 632
1773780 632
1773790 631
1773800 630
1773810 630
1773820 629
1773830 629
1773840 628
1773850 628
1773860 627
1773870 626
1773880 626
1773890 625
1773900 624
1773910 623
1773920 622
1773930 621
1773940 620
1773950 619
1773960 618
1773970 618
1773980 618
1773990 617
1774000 617
1774010 616
1774020 616
1774030 616
1774040 616
1774050 616
1774060 616
1774070 616
1774080 616
1774090 616
1774100 615
1774110 615
1774120 615
1774130 615
1774140 615
1774150 615
1774160 616
1774170 616
1774180 616
1774190 617
1774200 617
1774210 617
1774220 618
1774230 618
1774240 618
1774250 618
1774260 618
1774270 618
1774280 618
1774290 618
1774300 618
1774310 618
1774320 619
1774330 619
1774340 618
1774350 616
1774360 614
1774370 612
1774380 610
1774390 609
1774400 608
1774410 607
1774420 607
1774430 606
1774440 606
1774450 606
1774460 606
1774470 606
1774480 606
1774490 606
1774500 606
1774510 607
1774520 609
1774530 611
1774540 612
1774550 614
1774560 615
1774570 616
1774580 616
1774590 616
1774600 617
1774610 617
1774620 617
1774630 617
1774640 617
1774650 617
1774660 617
1774670 617
1774680 617
1774690 617
1774700 617
1774710 617
1774720 617
1774730 617
1774740 617
1774750 617
1774760 617
1774770 617
1774780 617
1774790 617
1774800 616
1774810 615
1774820 614
1774830 613
1774840 612
1774850 611
1774860 610
1774870 609
1774880 608
1774890 608
1774900 609
1774910 611
1774920 613
1774930 616
1774940 618
1774950 621
1774960 623
1774970 624
1774980 625
1774990 626
1775000 626
1775010 627
1775020 628
1775030 629
1775040 629
1775050 632
1775060 635
1775070 636
1775080 638
1775090 640
1775100 644
1775110 648
1775120 650
1775130 650
1775140 650
1775150 651
1775160 651
1775170 651
1775180 651
1775190 651
1775200 651
1775210 651
1775220 652
1775230 653
1775240 653
1775250 654
1775260 655
1775270 655
1775280 655
1775290 655
1775300 655
1775310 656
1775320 656
1775330 656
1775340 657
1775350 656
1775360 656
1775370 656
1775380 656
1775390 656
1775400 657
1775410 657
1775420 658
1775430 659
1775440 660
1775450 660
1775460 660
1775470 661
1775480 661
1775490 662
1775500 662
1775510 663
1775520 663
1775530 664
1775540 665
1775550 665
1775560 666
1775570 667
1775580 668
1775590 669
1775600 669
1775610 670
1775620 670
1775630 671
1775640 672
1775650 672
1775660 673
1775670 673
1775680 673
1775690 672
1775700 672
1775710 672
1775720 673
1775730 673
1775740 674
1775750 674
1775760 674
1775770 675
1775780 674
1775790 674
1775800 674
1775810 674
1775820 675
1775830 676
1775840 676
1775850 677
1775860 677
1775870 678
1775880 679
1775890 679
1775900 679
1775910 679
1775920 679
1775930 680
1775940 681
1775950 681
1775960 682
1775970 683
1775980 683
1775990 683
1776000 683
1776010 684
1776020 684
1776030 685
1776040 685
1776050 686
1776060 687
1776070 688
1776080 690
1776090 690
1776100 691
1776110 692
1776120 693
1776130 694
1776140 695
1776150 696
1776160 697
1776170 698
1776180 699
1776190 700
1776200 701
1776210 701
1776220 702
1776230 702
1776240 703
1776250 703
1776260 704
1776270 705
1776280 705
1776290 706
1776300 707
1776310 708
1776320 709
1776330 709
1776340 710
1776350 711
1776360 712
1776370 713
1776380 714
1776390 715
1776400 716
1776410 718
1776420 719
1776430 721
1776440 723
1776450 725
1776460 726
1776470 728
1776480 729
1776490 730
1776500 731
1776510 733
1776520 734
1776530 735
1776540 737
1776550 738
1776560 740
1776570 742
1776580 744
1776590 746
1776600 748
1776610 749
1776620 751
1776630 752
1776640 755
1776650 757
1776660 760
1776670 763
1776680 766
1776690 769
1776700 772
1776710 774
1776720 776
1776730 778
1776740 780
1776750 782
1776760 784
1776770 786
1776780 788
1776790 791
1776800 794
1776810 796
1776820 798
1776830 800
1776840 802
1776850 804
1776860 807
1776870 811
1776880 814
1776890 816
1776900 817
1776910 819
1776920 822
1776930 825
1776940 827
1776950 829
1776960 831
1776970 834
1776980 836
1776990 838
1777000 840
1777010 842
1777020 844
1777030 846
1777040 848
1777050 851
1777060 853
1777070 856
1777080 858
1777090 860
1777100 862
1777110 864
1777120 866
1777130 869
1777140 872
1777150 875
1777160 878
1777170 881
1777180 883
1777190 886
1777200 889
1777210 893
1777220 897
1777230 901
1777240 906
1777250 911
1777260 915
1777270 921
1777280 926
1777290 931
1777300 937
1777310 942
1777320 947
1777330 952
1777340 956
1777350 958
1777360 958
1777370 956
1777380 955
1777390 953
1777400 952
1777410 950
1777420 949
1777430 948
1777440 947
1777450 946
1777460 948
1777470 950
1777480 953
1777490 955
1777500 956
1777510 957
1777520 957
1777530 957
1777540 957
1777550 958
1777560 958
1777570 959
1777580 960
1777590 960
1777600 960
1777610 960
1777620 959
1777630 959
1777640 957
1777650 956
1777660 954
1777670 952
1777680 950
1777690 948
1777700 946
1777710 945
1777720 944
1777730 943
1777740 942
1777750 940
1777760 939
1777770 938
1777780 936
1777790 935
1777800 934
1777810 932
1777820 931
1777830 930
1777840 929
1777850 928
1777860 928
1777870 928
1777880 928
1777890 929
1777900 929
1777910 928
1777920 926
1777930 924
1777940 922
1777950 920
1777960 917
1777970 914
1777980 910
1777990 905
1778000 901
1778010 897
1778020 893
1778030 888
1778040 884
1778050 879
1778060 873
1778070 867
1778080 862
1778090 857
1778100 852
1778110 846
1778120 839
1778130 832
1778140 827
1778150 823
1778160 819
1778170 814
1778180 809
1778190 805
1778200 801
1778210 796
1778220 792
1778230 787
1778240 783
1778250 780
1778260 776
1778270 774
1778280 772
1778290 770
1778300 769
1778310 767
1778320 765
1778330 763
1778340 761
1778350 759
1778360 756
1778370 754
1778380 751
1778390 749
1778400 748
1778410 746
1778420 745
1778430 743
1778440 742
1778450 740
1778460 739
1778470 738
1778480 736
1778490 735
1778500 734
1778510 732
1778520 731
1778530 730
1778540 729
1778550 727
1778560 726
1778570 724
1778580 722
1778590 721
1778600 720
1778610 719
1778620 717
1778630 716
1778640 715
1778650 713
1778660 712
1778670 711
1778680 709
1778690 708
1778700 707
1778710 706
1778720 704
1778730 703
1778740 702
1778750 700
1778760 699
1778770 698
1778780 696
1778790 695
1778800 694
1778810 692
1778820 691
1778830 690
1778840 688
1778850 687
1778860 685
1778870 684
1778880 682
1778890 681
1778900 681
1778910 681
1778920 682
1778930 681
1778940 680
1778950 676
1778960 674
1778970 673
1778980 671
1778990 668
1779000 665
1779010 662
1779020 659
1779030 657
1779040 655
1779050 654
1779060 653
1779070 651
1779080 649
1779090 647
1779100 646
1779110 644
1779120 642
1779130 639
1779140 638
1779150 639
1779160 642
1779170 645
1779180 648
1779190 651
1779200 651
1779210 651
1779220 651
1779230 650
1779240 650
1779250 649
1779260 646
1779270 644
1779280 642
1779290 645
1779300 648
1779310 651
1779320 651
1779330 650
1779340 649
1779350 649
1779360 648
1779370 648
1779380 647
1779390 647
1779400 646
1779410 646
1779420 646
1779430 646
1779440 646
1779450 646
1779460 647
1779470 648
1779480 650
1779490 651
1779500 653
1779510 654
1779520 656
1779530 657
1779540 658
1779550 658
1779560 657
1779570 657
1779580 656
1779590 656
1779600 656
1779610 656
1779620 656
1779630 656
1779640 657
1779650 658
1779660 658
1779670 658
1779680 658
1779690 658
1779700 658
1779710 657
1779720 657
1779730 656
1779740 656
1779750 655
1779760 655
1779770 654
1779780 654
1779790 653
1779800 653
1779810 652
1779820 652
1779830 651
1779840 651
1779850 651
1779860 650
1779870 650
1779880 650
1779890 649
1779900 650
1779910 650
1779920 651
1779930 651
1779940 651
1779950 651
1779960 651
1779970 651
1779980 651
1779990 650
