1760000 661
1760010 660
1760020 659
1760030 658
1760040 658
1760050 658
1760060 658
1760070 658
1760080 657
1760090 657
1760100 657
1760110 656
1760120 656
1760130 656
1760140 657
1760150 659
1760160 661
1760170 664
1760180 666
1760190 667
1760200 668
1760210 668
1760220 669
1760230 670
1760240 671
1760250 673
1760260 674
1760270 675
1760280 677
1760290 678
1760300 680
1760310 681
1760320 682
1760330 683
1760340 684
1760350 685
1760360 687
1760370 689
1760380 691
1760390 692
1760400 694
1760410 696
1760420 697
1760430 699
1760440 701
1760450 703
1760460 704
1760470 706
1760480 708
1760490 711
1760500 714
1760510 719
1760520 722
1760530 723
1760540 722
1760550 722
1760560 723
1760570 726
1760580 728
1760590 730
1760600 733
1760610 737
1760620 741
1760630 745
1760640 749
1760650 753
1760660 757
1760670 761
1760680 765
1760690 769
1760700 773
1760710 777
1760720 781
1760730 785
1760740 789
1760750 793
1760760 797
1760770 801
1760780 805
1760790 809
1760800 812
1760810 816
1760820 818
1760830 820
1760840 822
1760850 824
1760860 825
1760870 826
1760880 827
1760890 827
1760900 828
1760910 829
1760920 830
1760930 832
1760940 834
1760950 835
1760960 837
1760970 839
1760980 842
1760990 844
1761000 846
1761010 848
1761020 850
1761030 851
1761040 850
1761050 848
1761060 844
1761070 840
1761080 835
1761090 831
1761100 827
1761110 823
1761120 819
1761130 816
1761140 812
1761150 809
1761160 806
1761170 804
1761180 804
1761190 803
1761200 804
1761210 806
1761220 810
1761230 813
1761240 817
1761250 821
1761260 824
1761270 827
1761280 829
1761290 832
1761300 835
1761310 838
1761320 840
1761330 843
1761340 845
1761350 847
1761360 849
1761370 851
1761380 852
1761390 853
1761400 854
1761410 855
1761420 856
1761430 856
1761440 856
1761450 855
1761460 855
1761470 854
1761480 853
1761490 848
1761500 844
1761510 840
1761520 839
1761530 838
1761540 836
1761550 833
1761560 831
1761570 828
1761580 827
1761590 827
1761600 826
1761610 826
1761620 828
1761630 830
1761640 833
1761650 836
1761660 840
1761670 843
1761680 846
1761690 849
1761700 853
1761710 857
1761720 861
1761730 866
1761740 870
1761750 874
1761760 878
1761770 883
1761780 887
1761790 891
1761800 895
1761810 899
1761820 903
1761830 907
1761840 911
1761850 914
1761860 918
1761870 923
1761880 927
1761890 931
1761900 934
1761910 938
1761920 942
1761930 945
1761940 949
1761950 953
1761960 958
1761970 963
1761980 967
1761990 969
1762000 972
1762010 977
1762020 983
1762030 990
1762040 996
1762050 1000
1762060 1003
1762070 1002
1762080 999
1762090 993
1762100 989
1762110 988
1762120 991
1762130 992
1762140 992
1762150 992
1762160 990
1762170 988
1762180 985
1762190 983
1762200 981
1762210 978
1762220 974
1762230 969
1762240 962
1762250 956
1762260 955
1762270 958
1762280 962
1762290 964
1762300 966
1762310 967
1762320 966
1762330 963
1762340 959
1762350 952
1762360 942
1762370 933
1762380 922
1762390 911
1762400 908
1762410 912
1762420 919
1762430 926
1762440 930
1762450 933
1762460 934
1762470 935
1762480 936
1762490 940
1762500 944
1762510 947
1762520 949
1762530 953
1762540 957
1762550 961
1762560 965
1762570 969
1762580 973
1762590 977
1762600 982
1762610 986
1762620 991
1762630 996
1762640 1001
1762650 1005
1762660 1009
1762670 1014
1762680 1018
1762690 1023
1762700 1027
1762710 1032
1762720 1036
1762730 1041
1762740 1045
1762750 1050
1762760 1054
1762770 1057
1762780 1061
1762790 1064
1762800 1068
1762810 1071
1762820 1074
1762830 1077
1762840 1079
1762850 1082
1762860 1084
1762870 1086
1762880 1087
1762890 1087
1762900 1087
1762910 1087
1762920 1087
1762930 1086
1762940 1086
1762950 1086
1762960 1085
1762970 1085
1762980 1085
1762990 1084
1763000 1084
1763010 1084
1763020 1083
1763030 1083
1763040 1082
1763050 1082
1763060 1081
1763070 1081
1763080 1080
1763090 1078
1763100 1077
1763110 1074
1763120 1071
1763130 1067
1763140 1063
1763150 1058
1763160 1053
1763170 1049
1763180 1044
1763190 1040
1763200 1035
1763210 1031
1763220 1027
1763230 1023
1763240 1019
1763250 1015
1763260 1010
1763270 1006
1763280 1002
1763290 998
1763300 995
1763310 991
1763320 987
1763330 983
1763340 980
1763350 976
1763360 973
1763370 969
1763380 965
1763390 962
1763400 960
1763410 957
1763420 955
1763430 952
1763440 950
1763450 947
1763460 944
1763470 941
1763480 939
1763490 936
1763500 933
1763510 930
1763520 927
1763530 925
1763540 922
1763550 920
1763560 918
1763570 915
1763580 913
1763590 911
1763600 909
1763610 908
1763620 906
1763630 905
1763640 904
1763650 903
1763660 901
1763670 900
1763680 899
1763690 898
1763700 897
1763710 896
1763720 894
1763730 893
1763740 891
1763750 888
1763760 885
1763770 883
1763780 881
1763790 879
1763800 877
1763810 875
1763820 873
1763830 872
1763840 870
1763850 867
1763860 864
1763870 860
1763880 856
1763890 853
1763900 849
1763910 845
1763920 841
1763930 837
1763940 833
1763950 829
1763960 826
1763970 822
1763980 818
1763990 815
1764000 813
1764010 812
1764020 814
1764030 816
1764040 819
1764050 820
1764060 822
1764070 824
1764080 827
1764090 830
1764100 834
1764110 836
1764120 838
1764130 840
1764140 842
1764150 844
1764160 845
1764170 847
1764180 848
1764190 850
1764200 851
1764210 852
1764220 853
1764230 854
1764240 855
1764250 856
1764260 858
1764270 859
1764280 861
1764290 862
1764300 864
1764310 865
1764320 867
1764330 869
1764340 871
1764350 873
1764360 876
1764370 878
1764380 881
1764390 883
1764400 886
1764410 888
1764420 890
1764430 893
1764440 897
1764450 899
1764460 902
1764470 904
1764480 907
1764490 909
1764500 911
1764510 914
1764520 916
1764530 918
1764540 922
1764550 926
1764560 928
1764570 930
1764580 932
1764590 935
1764600 939
1764610 941
1764620 944
1764630 947
1764640 951
1764650 954
1764660 958
1764670 962
1764680 965
1764690 969
1764700 973
1764710 978
1764720 982
1764730 987
1764740 992
1764750 997
1764760 1002
1764770 1007
1764780 1011
1764790 1016
1764800 1021
1764810 1026
1764820 1031
1764830 1035
1764840 1039
1764850 1044
1764860 1048
1764870 1052
1764880 1056
1764890 1059
1764900 1063
1764910 1066
1764920 1069
1764930 1071
1764940 1074
1764950 1077
1764960 1079
1764970 1082
1764980 1084
1764990 1087
1765000 1089
1765010 1091
1765020 1093
1765030 1095
1765040 1096
1765050 1096
1765060 1096
1765070 1096
1765080 1096
1765090 1095
1765100 1094
1765110 1093
1765120 1091
1765130 1090
1765140 1088
1765150 1086
1765160 1084
1765170 1082
1765180 1080
1765190 1078
1765200 1076
1765210 1073
1765220 1071
1765230 1069
1765240 1067
1765250 1065
1765260 1063
1765270 1061
1765280 1059
1765290 1058
1765300 1056
1765310 1054
1765320 1052
1765330 1050
1765340 1048
1765350 1046
1765360 1044
1765370 1042
1765380 1040
1765390 1038
1765400 1037
1765410 1036
1765420 1034
1765430 1033
1765440 1032
1765450 1030
1765460 1028
1765470 1026
1765480 1024
1765490 1022
1765500 1020
1765510 1018
1765520 1016
1765530 1014
1765540 1011
1765550 1007
1765560 1004
1765570 1001
1765580 997
1765590 994
1765600 992
1765610 989
1765620 986
1765630 982
1765640 977
1765650 973
1765660 968
1765670 964
1765680 961
1765690 960
1765700 959
1765710 957
1765720 956
1765730 956
1765740 956
1765750 956
1765760 955
1765770 955
1765780 954
1765790 953
1765800 953
1765810 952
1765820 952
1765830 951
1765840 950
1765850 948
1765860 946
1765870 944
1765880 943
1765890 941
1765900 939
1765910 937
1765920 935
1765930 933
1765940 931
1765950 928
1765960 926
1765970 923
1765980 920
1765990 917
1766000 914
1766010 913
1766020 911
1766030 910
1766040 908
1766050 907
1766060 905
1766070 904
1766080 902
1766090 900
1766100 898
1766110 896
1766120 894
1766130 892
1766140 889
1766150 886
1766160 881
1766170 877
1766180 875
1766190 874
1766200 873
1766210 873
1766220 872
1766230 871
1766240 869
1766250 867
1766260 864
1766270 862
1766280 860
1766290 858
1766300 855
1766310 853
1766320 851
1766330 850
1766340 849
1766350 848
1766360 847
1766370 846
1766380 844
1766390 842
1766400 842
1766410 842
1766420 841
1766430 839
1766440 838
1766450 837
1766460 837
1766470 836
1766480 835
1766490 835
1766500 834
1766510 834
1766520 833
1766530 833
1766540 832
1766550 832
1766560 831
1766570 830
1766580 828
1766590 828
1766600 827
1766610 827
1766620 827
1766630 826
1766640 826
1766650 826
1766660 827
1766670 827
1766680 828
1766690 828
1766700 828
1766710 828
1766720 828
1766730 829
1766740 829
1766750 829
1766760 830
1766770 829
1766780 829
1766790 830
1766800 829
1766810 829
1766820 829
1766830 828
1766840 827
1766850 827
1766860 826
1766870 825
1766880 825
1766890 824
1766900 823
1766910 822
1766920 821
1766930 820
1766940 819
1766950 820
1766960 820
1766970 819
1766980 819
1766990 818
1767000 817
1767010 817
1767020 817
1767030 817
1767040 816
1767050 815
1767060 814
1767070 813
1767080 812
1767090 810
1767100 809
1767110 808
1767120 807
1767130 806
1767140 806
1767150 806
1767160 806
1767170 806
1767180 806
1767190 806
1767200 807
1767210 808
1767220 809
1767230 811
1767240 814
1767250 816
1767260 819
1767270 822
1767280 825
1767290 828
1767300 831
1767310 832
1767320 829
1767330 826
1767340 821
1767350 818
1767360 816
1767370 816
1767380 818
1767390 822
1767400 826
1767410 830
1767420 834
1767430 837
1767440 838
1767450 838
1767460 839
1767470 838
1767480 838
1767490 837
1767500 836
1767510 836
1767520 835
1767530 835
1767540 835
1767550 835
1767560 835
1767570 836
1767580 837
1767590 839
1767600 840
1767610 841
1767620 840
1767630 840
1767640 839
1767650 841
1767660 842
1767670 844
1767680 845
1767690 847
1767700 848
1767710 849
1767720 850
1767730 850
1767740 850
1767750 850
1767760 850
1767770 850
1767780 850
1767790 849
1767800 848
1767810 846
1767820 845
1767830 844
1767840 843
1767850 843
1767860 843
1767870 843
1767880 843
1767890 842
1767900 842
1767910 841
1767920 840
1767930 839
1767940 838
1767950 836
1767960 835
1767970 835
1767980 835
1767990 834
1768000 833
1768010 832
1768020 833
1768030 833
1768040 834
1768050 834
1768060 835
1768070 835
1768080 835
1768090 834
1768100 834
1768110 834
1768120 833
1768130 831
1768140 829
1768150 826
1768160 824
1768170 821
1768180 820
1768190 818
1768200 817
1768210 816
1768220 815
1768230 813
1768240 811
1768250 808
1768260 806
1768270 805
1768280 803
1768290 802
1768300 803
1768310 805
1768320 808
1768330 811
1768340 814
1768350 816
1768360 819
1768370 820
1768380 822
1768390 823
1768400 824
1768410 825
1768420 825
1768430 825
1768440 824
1768450 823
1768460 823
1768470 822
1768480 821
1768490 820
1768500 819
1768510 818
1768520 817
1768530 816
1768540 816
1768550 816
1768560 816
1768570 816
1768580 816
1768590 816
1768600 815
1768610 814
1768620 814
1768630 813
1768640 813
1768650 812
1768660 812
1768670 811
1768680 811
1768690 810
1768700 810
1768710 809
1768720 808
1768730 806
1768740 804
1768750 801
1768760 799
1768770 799
1768780 800
1768790 801
1768800 803
1768810 804
1768820 806
1768830 808
1768840 809
1768850 810
1768860 812
1768870 813
1768880 814
1768890 814
1768900 815
1768910 815
1768920 814
1768930 814
1768940 813
1768950 813
1768960 812
1768970 811
1768980 809
1768990 806
1769000 804
1769010 801
1769020 800
1769030 800
1769040 799
1769050 798
1769060 797
1769070 795
1769080 793
1769090 790
1769100 787
1769110 783
1769120 778
1769130 774
1769140 769
1769150 764
1769160 760
1769170 756
1769180 755
1769190 755
1769200 756
1769210 757
1769220 757
1769230 758
1769240 758
1769250 759
1769260 762
1769270 766
1769280 770
1769290 773
1769300 776
1769310 779
1769320 782
1769330 785
1769340 787
1769350 790
1769360 792
1769370 794
1769380 795
1769390 797
1769400 799
1769410 801
1769420 804
1769430 806
1769440 808
1769450 811
1769460 812
1769470 814
1769480 816
1769490 818
1769500 819
1769510 820
1769520 821
1769530 823
1769540 824
1769550 825
1769560 826
1769570 828
1769580 829
1769590 831
1769600 832
1769610 833
1769620 834
1769630 835
1769640 835
1769650 834
1769660 832
1769670 829
1769680 826
1769690 823
1769700 819
1769710 816
1769720 813
1769730 811
1769740 810
1769750 808
1769760 806
1769770 804
1769780 803
1769790 801
1769800 799
1769810 797
1769820 795
1769830 795
1769840 795
1769850 798
1769860 801
1769870 806
1769880 811
1769890 815
1769900 820
1769910 825
1769920 830
1769930 835
1769940 839
1769950 844
1769960 849
1769970 854
1769980 859
1769990 864
1770000 868
1770010 873
1770020 878
1770030 882
1770040 887
1770050 892
1770060 897
1770070 902
1770080 906
1770090 910
1770100 914
1770110 918
1770120 922
1770130 925
1770140 927
1770150 930
1770160 932
1770170 934
1770180 935
1770190 937
1770200 939
1770210 940
1770220 941
1770230 942
1770240 943
1770250 943
1770260 942
1770270 942
1770280 941
1770290 940
1770300 939
1770310 938
1770320 937
1770330 936
1770340 934
1770350 933
1770360 931
1770370 928
1770380 926
1770390 923
1770400 921
1770410 919
1770420 916
1770430 914
1770440 913
1770450 911
1770460 909
1770470 908
1770480 906
1770490 905
1770500 904
1770510 903
1770520 901
1770530 899
1770540 897
1770550 894
1770560 890
1770570 885
1770580 881
1770590 876
1770600 872
1770610 867
1770620 863
1770630 858
1770640 855
1770650 853
1770660 851
1770670 850
1770680 847
1770690 844
1770700 841
1770710 839
1770720 836
1770730 835
1770740 833
1770750 832
1770760 831
1770770 830
1770780 829
1770790 828
1770800 828
1770810 827
1770820 827
1770830 828
1770840 829
1770850 832
1770860 835
1770870 839
1770880 842
1770890 846
1770900 850
1770910 854
1770920 857
1770930 861
1770940 864
1770950 868
1770960 872
1770970 876
1770980 879
1770990 882
1771000 885
1771010 888
1771020 891
1771030 893
1771040 896
1771050 898
1771060 900
1771070 902
1771080 904
1771090 906
1771100 907
1771110 909
1771120 911
1771130 912
1771140 914
1771150 915
1771160 917
1771170 918
1771180 919
1771190 919
1771200 920
1771210 921
1771220 922
1771230 923
1771240 924
1771250 925
1771260 925
1771270 926
1771280 927
1771290 928
1771300 928
1771310 929
1771320 931
1771330 933
1771340 935
1771350 936
1771360 938
1771370 940
1771380 942
1771390 945
1771400 947
1771410 949
1771420 952
1771430 954
1771440 956
1771450 958
1771460 959
1771470 960
1771480 959
1771490 958
1771500 957
1771510 955
1771520 954
1771530 952
1771540 950
1771550 949
1771560 948
1771570 947
1771580 945
1771590 943
1771600 942
1771610 941
1771620 939
1771630 938
1771640 936
1771650 935
1771660 933
1771670 932
1771680 930
1771690 929
1771700 927
1771710 926
1771720 924
1771730 923
1771740 922
1771750 921
1771760 920
1771770 919
1771780 918
1771790 917
1771800 916
1771810 915
1771820 914
1771830 914
1771840 913
1771850 913
1771860 912
1771870 911
1771880 909
1771890 908
1771900 906
1771910 904
1771920 902
1771930 900
1771940 897
1771950 894
1771960 891
1771970 887
1771980 885
1771990 882
1772000 880
1772010 878
1772020 876
1772030 874
1772040 872
1772050 871
1772060 869
1772070 867
1772080 866
1772090 865
1772100 864
1772110 863
1772120 862
1772130 861
1772140 860
1772150 858
1772160 857
1772170 855
1772180 854
1772190 853
1772200 851
1772210 850
1772220 848
1772230 847
1772240 846
1772250 845
1772260 844
1772270 843
1772280 843
1772290 842
1772300 842
1772310 843
1772320 844
1772330 844
1772340 844
1772350 845
1772360 846
1772370 847
1772380 848
1772390 849
1772400 851
1772410 851
1772420 853
1772430 854
1772440 855
1772450 857
1772460 858
1772470 859
1772480 860
1772490 862
1772500 863
1772510 865
1772520 866
1772530 868
1772540 869
1772550 871
1772560 872
1772570 873
1772580 874
1772590 875
1772600 876
1772610 878
1772620 879
1772630 880
1772640 881
1772650 882
1772660 883
1772670 884
1772680 885
1772690 886
1772700 886
1772710 887
1772720 887
1772730 888
1772740 888
1772750 888
1772760 889
1772770 889
1772780 889
1772790 889
1772800 890
1772810 890
1772820 890
1772830 890
1772840 890
1772850 890
1772860 890
1772870 890
1772880 890
1772890 890
1772900 889
1772910 888
1772920 886
1772930 885
1772940 885
1772950 884
1772960 883
1772970 881
1772980 880
1772990 878
1773000 877
1773010 875
1773020 873
1773030 870
1773040 868
1773050 865
1773060 862
1773070 860
1773080 857
1773090 855
1773100 853
1773110 850
1773120 848
1773130 845
1773140 842
1773150 839
1773160 837
1773170 834
1773180 832
1773190 829
1773200 826
1773210 824
1773220 821
1773230 819
1773240 818
1773250 816
1773260 814
1773270 811
1773280 809
1773290 807
1773300 805
1773310 802
1773320 800
1773330 797
1773340 795
1773350 792
1773360 790
1773370 787
1773380 784
1773390 781
1773400 779
1773410 776
1773420 773
1773430 770
1773440 767
1773450 764
1773460 761
1773470 758
1773480 755
1773490 753
1773500 750
1773510 748
1773520 745
1773530 743
1773540 741
1773550 738
1773560 736
1773570 734
1773580 732
1773590 729
1773600 727
1773610 725
1773620 722
1773630 720
1773640 718
1773650 716
1773660 714
1773670 711
1773680 709
1773690 708
1773700 708
1773710 708
1773720 710
1773730 711
1773740 713
1773750 714
1773760 716
1773770 716
1773780 717
1773790 717
1773800 717
1773810 717
1773820 716
1773830 715
1773840 714
1773850 712
1773860 710
1773870 708
1773880 706
1773890 703
1773900 700
1773910 698
1773920 696
1773930 695
1773940 695
1773950 695
1773960 695
1773970 696
1773980 697
1773990 699
1774000 702
1774010 704
1774020 707
1774030 711
1774040 714
1774050 717
1774060 720
1774070 723
1774080 726
1774090 730
1774100 733
1774110 736
1774120 739
1774130 741
1774140 744
1774150 746
1774160 748
1774170 750
1774180 751
1774190 752
1774200 753
1774210 754
1774220 754
1774230 755
1774240 755
1774250 755
1774260 756
1774270 757
1774280 758
1774290 760
1774300 762
1774310 764
1774320 766
1774330 768
1774340 770
1774350 772
1774360 774
1774370 775
1774380 777
1774390 778
1774400 779
1774410 780
1774420 781
1774430 782
1774440 783
1774450 784
1774460 784
1774470 785
1774480 785
1774490 786
1774500 785
1774510 784
1774520 782
1774530 780
1774540 777
1774550 774
1774560 771
1774570 769
1774580 766
1774590 764
1774600 762
1774610 759
1774620 757
1774630 754
1774640 752
1774650 749
1774660 746
1774670 743
1774680 741
1774690 739
1774700 736
1774710 734
1774720 731
1774730 729
1774740 727
1774750 725
1774760 723
1774770 721
1774780 719
1774790 718
1774800 717
1774810 716
1774820 714
1774830 713
1774840 712
1774850 710
1774860 709
1774870 708
1774880 706
1774890 705
1774900 704
1774910 702
1774920 701
1774930 699
1774940 696
1774950 694
1774960 692
1774970 689
1774980 687
1774990 684
1775000 682
1775010 681
1775020 679
1775030 677
1775040 676
1775050 675
1775060 674
1775070 673
1775080 672
1775090 672
1775100 672
1775110 672
1775120 672
1775130 672
1775140 671
1775150 671
1775160 670
1775170 670
1775180 670
1775190 669
1775200 669
1775210 669
1775220 669
1775230 669
1775240 669
1775250 669
1775260 669
1775270 669
1775280 669
1775290 668
1775300 668
1775310 668
1775320 668
1775330 667
1775340 666
1775350 665
1775360 664
1775370 663
1775380 662
1775390 662
1775400 661
1775410 660
1775420 659
1775430 657
1775440 656
1775450 654
1775460 653
1775470 653
1775480 654
1775490 655
1775500 656
1775510 657
1775520 659
1775530 660
1775540 662
1775550 666
1775560 670
1775570 674
1775580 679
1775590 683
1775600 687
1775610 691
1775620 694
1775630 698
1775640 701
1775650 704
1775660 707
1775670 710
1775680 712
1775690 714
1775700 716
1775710 718
1775720 720
1775730 722
1775740 724
1775750 726
1775760 728
1775770 730
1775780 732
1775790 733
1775800 734
1775810 734
1775820 734
1775830 733
1775840 732
1775850 731
1775860 732
1775870 732
1775880 733
1775890 734
1775900 736
1775910 738
1775920 740
1775930 742
1775940 741
1775950 739
1775960 737
1775970 734
1775980 734
1775990 735
1776000 736
1776010 737
1776020 738
1776030 738
1776040 737
1776050 736
1776060 735
1776070 733
1776080 732
1776090 730
1776100 728
1776110 726
1776120 723
1776130 719
1776140 716
1776150 712
1776160 709
1776170 705
1776180 701
1776190 696
1776200 692
1776210 688
1776220 683
1776230 679
1776240 674
1776250 670
1776260 666
1776270 661
1776280 657
1776290 653
1776300 649
1776310 645
1776320 641
1776330 637
1776340 633
1776350 629
1776360 625
1776370 621
1776380 618
1776390 614
1776400 611
1776410 609
1776420 610
1776430 614
1776440 616
1776450 617
1776460 617
1776470 617
1776480 617
1776490 618
1776500 620
1776510 621
1776520 623
1776530 624
1776540 625
1776550 627
1776560 629
1776570 630
1776580 632
1776590 634
1776600 636
1776610 638
1776620 640
1776630 642
1776640 644
1776650 646
1776660 648
1776670 651
1776680 653
1776690 655
1776700 657
1776710 659
1776720 660
1776730 661
1776740 663
1776750 664
1776760 666
1776770 667
1776780 669
1776790 671
1776800 673
1776810 674
1776820 676
1776830 678
1776840 680
1776850 681
1776860 682
1776870 683
1776880 685
1776890 687
1776900 688
1776910 689
1776920 691
1776930 693
1776940 694
1776950 696
1776960 698
1776970 702
1776980 705
1776990 708
1777000 711
1777010 714
1777020 718
1777030 721
1777040 725
1777050 729
1777060 733
1777070 737
1777080 740
1777090 744
1777100 749
1777110 756
1777120 761
1777130 765
1777140 764
1777150 762
1777160 760
1777170 758
1777180 755
1777190 753
1777200 751
1777210 748
1777220 745
1777230 741
1777240 738
1777250 735
1777260 733
1777270 731
1777280 729
1777290 728
1777300 728
1777310 728
1777320 729
1777330 731
1777340 732
1777350 733
1777360 730
1777370 724
1777380 716
1777390 708
1777400 700
1777410 691
1777420 683
1777430 677
1777440 673
1777450 668
1777460 664
1777470 659
1777480 653
1777490 648
1777500 645
1777510 643
1777520 641
1777530 640
1777540 640
1777550 639
1777560 639
1777570 638
1777580 638
1777590 638
1777600 637
1777610 637
1777620 636
1777630 636
1777640 636
1777650 637
1777660 637
1777670 637
1777680 638
1777690 638
1777700 638
1777710 638
1777720 638
1777730 638
1777740 639
1777750 640
1777760 642
1777770 643
1777780 645
1777790 647
1777800 649
1777810 650
1777820 650
1777830 651
1777840 652
1777850 653
1777860 654
1777870 654
1777880 654
1777890 655
1777900 656
1777910 658
1777920 661
1777930 663
1777940 666
1777950 669
1777960 670
1777970 672
1777980 674
1777990 675
1778000 678
1778010 680
1778020 682
1778030 685
1778040 688
1778050 691
1778060 693
1778070 696
1778080 699
1778090 701
1778100 703
1778110 705
1778120 706
1778130 708
1778140 709
1778150 711
1778160 712
1778170 713
1778180 713
1778190 713
1778200 711
1778210 709
1778220 707
1778230 703
1778240 701
1778250 699
1778260 698
1778270 698
1778280 698
1778290 698
1778300 698
1778310 698
1778320 699
1778330 700
1778340 700
1778350 701
1778360 701
1778370 702
1778380 703
1778390 704
1778400 705
1778410 706
1778420 707
1778430 708
1778440 709
1778450 710
1778460 711
1778470 712
1778480 714
1778490 715
1778500 716
1778510 718
1778520 719
1778530 721
1778540 724
1778550 728
1778560 732
1778570 735
1778580 736
1778590 735
1778600 734
1778610 735
1778620 736
1778630 739
1778640 742
1778650 746
1778660 752
1778670 757
1778680 761
1778690 763
1778700 765
1778710 766
1778720 768
1778730 769
1778740 770
1778750 771
1778760 773
1778770 774
1778780 775
1778790 777
1778800 779
1778810 781
1778820 783
1778830 786
1778840 788
1778850 791
1778860 794
1778870 798
1778880 801
1778890 805
1778900 809
1778910 814
1778920 818
1778930 821
1778940 824
1778950 826
1778960 827
1778970 828
1778980 829
1778990 831
1779000 832
1779010 834
1779020 836
1779030 839
1779040 841
1779050 844
1779060 848
1779070 851
1779080 855
1779090 860
1779100 865
1779110 870
1779120 873
1779130 875
1779140 875
1779150 875
1779160 876
1779170 877
1779180 879
1779190 881
1779200 883
1779210 885
1779220 888
1779230 890
1779240 892
1779250 894
1779260 896
1779270 897
1779280 899
1779290 901
1779300 904
1779310 906
1779320 909
1779330 912
1779340 915
1779350 919
1779360 923
1779370 927
1779380 931
1779390 935
1779400 940
1779410 945
1779420 950
1779430 955
1779440 959
1779450 963
1779460 966
1779470 970
1779480 973
1779490 977
1779500 981
1779510 985
1779520 989
1779530 992
1779540 994
1779550 997
1779560 999
1779570 1000
1779580 1002
1779590 1005
1779600 1009
1779610 1012
1779620 1016
1779630 1020
1779640 1023
1779650 1027
1779660 1030
1779670 1031
1779680 1033
1779690 1034
1779700 1036
1779710 1037
1779720 1039
1779730 1039
1779740 1038
1779750 1037
1779760 1035
1779770 1033
1779780 1030
1779790 1028
1779800 1027
1779810 1025
1779820 1024
1779830 1023
1779840 1021
1779850 1020
1779860 1018
1779870 1016
1779880 1014
1779890 1013
1779900 1012
1779910 1011
1779920 1010
1779930 1010
1779940 1011
1779950 1012
1779960 1013
1779970 1015
1779980 1018
1779990 1020
