1700640 857
1700650 857
1700660 856
1700670 854
1700680 854
1700690 853
1700700 852
1700710 852
1700720 852
1700730 851
1700740 851
1700750 850
1700760 849
1700770 849
1700780 849
1700790 848
1700800 848
1700810 849
1700820 852
1700830 852
1700840 853
1700850 853
1700860 853
1700870 852
1700880 851
1700890 851
1700900 850
1700910 849
1700920 849
1700930 847
1700940 845
1700950 845
1700960 843
1700970 842
1700980 842
1700990 842
1701000 846
1701010 846
1701020 851
1701030 854
1701040 854
1701050 857
1701060 860
1701070 861
1701080 861
1701090 863
1701100 863
1701110 863
1701120 863
1701130 862
1701140 862
1701150 860
1701160 858
1701170 858
1701180 856
1701190 853
1701200 853
1701210 851
1701220 850
1701230 850
1701240 848
1701250 847
1701260 847
1701270 847
1701280 846
1701290 846
1701300 845
1701310 843
1701320 843
1701330 842
1701340 841
1701350 841
1701360 840
1701370 838
1701380 838
1701390 837
1701400 836
1701410 836
1701420 835
1701430 834
1701440 834
1701450 833
1701460 831
1701470 831
1701480 829
1701490 825
1701500 825
1701510 823
1701520 822
1701530 822
1701540 823
1701550 825
1701560 825
1701570 823
1701580 824
1701590 824
1701600 820
1701610 818
1701620 818
1701630 817
1701640 816
1701650 814
1701660 814
1701670 811
1701680 806
1701690 806
1701700 802
1701710 798
1701720 798
1701730 796
1701740 794
1701750 794
1701760 788
1701770 783
1701780 783
1701790 781
1701800 778
1701810 778
1701820 777
1701830 777
1701840 777
1701850 777
1701860 777
1701870 777
1701880 777
1701890 777
1701900 777
1701910 781
1701920 787
1701930 787
1701940 789
1701950 789
1701960 789
1701970 790
1701980 790
1701990 790
1702000 790
1702010 789
1702020 789
1702030 790
1702040 784
1702050 784
1702060 777
1702070 777
1702080 777
1702090 783
1702100 789
1702110 789
1702120 791
1702130 792
1702140 792
1702150 792
1702160 792
1702170 792
1702180 792
1702190 792
1702200 792
1702210 792
1702220 793
1702230 793
1702240 793
1702250 794
1702260 794
1702270 794
1702280 795
1702290 796
1702300 796
1702310 797
1702320 797
1702330 797
1702340 798
1702350 798
1702360 798
1702370 797
1702380 794
1702390 794
1702400 793
1702410 794
1702420 794
1702430 797
1702440 800
1702450 800
1702460 803
1702470 804
1702480 804
1702490 804
1702500 804
1702510 804
1702520 804
1702530 802
1702540 802
1702550 800
1702560 799
1702570 799
1702580 797
1702590 796
1702600 796
1702610 796
1702620 796
1702630 796
1702640 796
1702650 797
1702660 797
1702670 798
1702680 799
1702690 799
1702700 799
1702710 800
1702720 800
1702730 801
1702740 801
1702750 801
1702760 802
1702770 803
1702780 803
1702790 804
1702800 806
1702810 807
1702820 807
1702830 810
1702840 815
1702850 815
1702860 818
1702870 820
1702880 820
1702890 823
1702900 823
1702910 823
1702920 823
1702930 824
1702940 824
1702950 828
1702960 829
1702970 829
1702980 830
1702990 830
1703000 830
1703010 832
1703020 835
1703030 835
1703040 835
1703050 835
1703060 835
1703070 835
1703080 838
1703090 838
1703100 839
1703110 841
1703120 841
1703130 842
1703140 843
1703150 843
1703160 845
1703170 846
1703180 846
1703190 847
1703200 848
1703210 848
1703220 849
1703230 850
1703240 850
1703250 850
1703260 850
1703270 850
1703280 850
1703290 850
1703300 850
1703310 851
1703320 851
1703330 851
1703340 851
1703350 851
1703360 851
1703370 852
1703380 852
1703390 852
1703400 852
1703410 852
1703420 852
1703430 852
1703440 853
1703450 853
1703460 853
1703470 852
1703480 852
1703490 852
1703500 853
1703510 853
1703520 853
1703530 853
1703540 853
1703550 853
1703560 853
1703570 853
1703580 853
1703590 853
1703600 853
1703610 853
1703620 854
1703630 854
1703640 854
1703650 855
1703660 856
1703670 856
1703680 856
1703690 857
1703700 857
1703710 857
1703720 858
1703730 858
1703740 858
1703750 859
1703760 859
1703770 859
1703780 859
1703790 859
1703800 860
1703810 860
1703820 860
1703830 861
1703840 861
1703850 861
1703860 862
1703870 862
1703880 862
1703890 862
1703900 863
1703910 863
1703920 863
1703930 864
1703940 864
1703950 864
1703960 864
1703970 864
1703980 865
1703990 865
1704000 866
1704010 866
1704020 866
1704030 867
1704040 867
1704050 867
1704060 867
1704070 867
1704080 868
1704090 868
1704100 868
1704110 869
1704120 869
1704130 869
1704140 869
1704150 870
1704160 870
1704170 870
1704180 870
1704190 870
1704200 871
1704210 871
1704220 871
1704230 871
1704240 872
1704250 872
1704260 874
1704270 875
1704280 875
1704290 876
1704300 878
1704310 878
1704320 881
1704330 884
1704340 884
1704350 880
1704360 876
1704370 876
1704380 875
1704390 872
1704400 872
1704410 870
1704420 870
1704430 870
1704440 871
1704450 871
1704460 871
1704470 873
1704480 877
1704490 877
1704500 882
1704510 885
1704520 885
1704530 891
1704540 899
1704550 896
1704560 901
1704570 901
1704580 900
1704590 900
1704600 901
1704610 904
1704620 904
1704630 907
1704640 909
1704650 909
1704660 909
1704670 904
1704680 904
1704690 904
1704700 900
1704710 900
1704720 898
1704730 898
1704740 898
1704750 899
1704760 901
1704770 901
1704780 902
1704790 900
1704800 900
1704810 902
1704820 903
1704830 903
1704840 909
1704850 915
1704860 915
1704870 923
1704880 929
1704890 929
1704900 928
1704910 925
1704920 925
1704930 922
1704940 922
1704950 922
1704960 922
1704970 922
1704980 922
1704990 921
1705000 920
1705010 920
1705020 919
1705030 916
1705040 916
1705050 916
1705060 918
1705070 918
1705080 918
1705090 918
1705100 918
1705110 920
1705120 923
1705130 923
1705140 924
1705150 925
1705160 925
1705170 925
1705180 924
1705190 921
1705200 921
1705210 922
1705220 926
1705230 926
1705240 930
1705250 934
1705260 934
1705270 938
1705280 941
1705290 941
1705300 946
1705310 950
1705320 950
1705330 951
1705340 951
1705350 951
1705360 951
1705370 951
1705380 951
1705390 950
1705400 949
1705410 949
1705420 947
1705430 948
1705440 948
1705450 952
1705460 957
1705470 957
1705480 962
1705490 964
1705500 964
1705510 969
1705520 973
1705530 973
1705540 975
1705550 975
1705560 975
1705570 974
1705580 976
1705590 976
1705600 974
1705610 975
1705620 975
1705630 982
1705640 984
1705650 984
1705660 987
1705670 989
1705680 989
1705690 990
1705700 991
1705710 991
1705720 992
1705730 992
1705740 991
1705750 991
1705760 990
1705770 991
1705780 991
1705790 990
1705800 989
1705810 989
1705820 988
1705830 986
1705840 986
1705850 985
1705860 983
1705870 983
1705880 982
1705890 983
1705900 983
1705910 985
1705920 986
1705930 986
1705940 986
1705950 987
1705960 987
1705970 987
1705980 987
1705990 987
1706000 986
1706010 981
1706020 981
1706030 975
1706040 970
1706050 970
1706060 965
1706070 965
1706080 965
1706090 964
1706100 964
1706110 964
1706120 964
1706130 962
1706140 962
1706150 958
1706160 952
1706170 952
1706180 950
1706190 948
1706200 948
1706210 950
1706220 949
1706230 949
1706240 948
1706250 943
1706260 943
1706270 938
1706280 935
1706290 935
1706300 931
1706310 929
1706320 925
1706330 925
1706340 923
1706350 921
1706360 921
1706370 920
1706380 921
1706390 921
1706400 926
1706410 931
1706420 931
1706430 935
1706440 940
1706450 940
1706460 945
1706470 947
1706480 947
1706490 953
1706500 958
1706510 958
1706520 963
1706530 968
1706540 968
1706550 973
1706560 978
1706570 978
1706580 981
1706590 980
1706600 980
1706610 978
1706620 978
1706630 978
1706640 983
1706650 985
1706660 985
1706670 988
1706680 992
1706690 992
1706700 995
1706710 998
1706720 998
1706730 1004
1706740 1009
1706750 1009
1706760 1015
1706770 1019
1706780 1019
1706790 1024
1706800 1030
1706810 1030
1706820 1036
1706830 1043
1706840 1043
1706850 1051
1706860 1060
1706870 1060
1706880 1069
1706890 1076
1706900 1081
1706910 1081
1706920 1087
1706930 1093
1706940 1093
1706950 1100
1706960 1105
1706970 1105
1706980 1110
1706990 1114
1707000 1114
1707010 1119
1707020 1124
1707030 1124
1707040 1128
1707050 1132
1707060 1132
1707070 1138
1707080 1143
1707090 1143
1707100 1148
1707110 1153
1707120 1153
1707130 1156
1707140 1154
1707150 1154
1707160 1154
1707170 1150
1707180 1150
1707190 1146
1707200 1140
1707210 1140
1707220 1136
1707230 1130
1707240 1130
1707250 1128
1707260 1126
1707270 1126
1707280 1121
1707290 1116
1707300 1116
1707310 1112
1707320 1107
1707330 1107
1707340 1104
1707350 1103
1707360 1103
1707370 1103
1707380 1104
1707390 1104
1707400 1104
1707410 1105
1707420 1105
1707430 1109
1707440 1112
1707450 1112
1707460 1115
1707470 1117
1707480 1119
1707490 1119
1707500 1122
1707510 1126
1707520 1126
1707530 1128
1707540 1127
1707550 1127
1707560 1126
1707570 1126
1707580 1126
1707590 1127
1707600 1129
1707610 1129
1707620 1131
1707630 1133
1707640 1133
1707650 1135
1707660 1136
1707670 1136
1707680 1138
1707690 1140
1707700 1140
1707710 1142
1707720 1144
1707730 1144
1707740 1145
1707750 1148
1707760 1148
1707770 1149
1707780 1151
1707790 1151
1707800 1152
1707810 1153
1707820 1153
1707830 1155
1707840 1157
1707850 1157
1707860 1158
1707870 1159
1707880 1159
1707890 1160
1707900 1161
1707910 1161
1707920 1161
1707930 1160
1707940 1160
1707950 1159
1707960 1157
1707970 1157
1707980 1156
1707990 1154
1708000 1154
1708010 1153
1708020 1150
1708030 1150
1708040 1147
1708050 1145
1708060 1136
1708070 1136
1708080 1132
1708090 1129
1708100 1129
1708110 1125
1708120 1121
1708130 1121
1708140 1116
1708150 1112
1708160 1112
1708170 1109
1708180 1108
1708190 1108
1708200 1107
1708210 1106
1708220 1106
1708230 1104
1708240 1102
1708250 1102
1708260 1099
1708270 1100
1708280 1100
1708290 1101
1708300 1101
1708310 1101
1708320 1102
1708330 1103
1708340 1103
1708350 1104
1708360 1105
1708370 1105
1708380 1106
1708390 1106
1708400 1106
1708410 1107
1708420 1108
1708430 1108
1708440 1108
1708450 1109
1708460 1109
1708470 1109
1708480 1109
1708490 1109
1708500 1109
1708510 1109
1708520 1109
1708530 1108
1708540 1107
1708550 1107
1708560 1106
1708570 1104
1708580 1104
1708590 1099
1708600 1098
1708610 1098
1708620 1100
1708630 1101
1708640 1101
1708650 1101
1708660 1101
1708670 1102
1708680 1102
1708690 1105
1708700 1103
1708710 1103
1708720 1101
1708730 1099
1708740 1099
1708750 1097
1708760 1097
1708770 1097
1708780 1096
1708790 1095
1708800 1095
1708810 1095
1708820 1094
1708830 1094
1708840 1093
1708850 1093
1708860 1093
1708870 1093
1708880 1093
1708890 1093
1708900 1093
1708910 1094
1708920 1094
1708930 1094
1708940 1095
1708950 1095
1708960 1095
1708970 1094
1708980 1094
1708990 1094
1709000 1093
1709010 1093
1709020 1092
1709030 1090
1709040 1090
1709050 1089
1709060 1087
1709070 1087
1709080 1085
1709090 1083
1709100 1083
1709110 1082
1709120 1081
1709130 1081
1709140 1081
1709150 1080
1709160 1080
1709170 1079
1709180 1079
1709190 1079
1709200 1081
1709210 1085
1709220 1085
1709230 1079
1709240 1073
1709250 1068
1709260 1068
1709270 1067
1709280 1063
1709290 1063
1709300 1057
1709310 1053
1709320 1053
1709330 1049
1709340 1043
1709350 1043
1709360 1038
1709370 1031
1709380 1031
1709390 1026
1709400 1020
1709410 1020
1709420 1015
1709430 1010
1709440 1010
1709450 1006
1709460 1001
1709470 1001
1709480 998
1709490 993
1709500 993
1709510 988
1709520 981
1709530 981
1709540 977
1709550 975
1709560 975
1709570 972
1709580 967
1709590 967
1709600 963
1709610 960
1709620 960
1709630 956
1709640 951
1709650 951
1709660 947
1709670 942
1709680 942
1709690 937
1709700 933
1709710 933
1709720 930
1709730 927
1709740 927
1709750 924
1709760 920
1709770 920
1709780 913
1709790 908
1709800 908
1709810 903
1709820 896
1709830 890
1709840 890
1709850 893
1709860 890
1709870 890
1709880 885
1709890 882
1709900 882
1709910 879
1709920 878
1709930 878
1709940 877
1709950 877
1709960 877
1709970 878
1709980 880
1709990 880
1710000 881
1710010 883
1710020 883
1710030 887
1710040 890
1710050 890
1710060 893
1710070 895
1710080 895
1710090 896
1710100 898
1710110 898
1710120 901
1710130 903
1710140 903
1710150 906
1710160 908
1710170 908
1710180 909
1710190 909
1710200 909
1710210 909
1710220 911
1710230 911
1710240 913
1710250 916
1710260 916
1710270 919
1710280 922
1710290 922
1710300 926
1710310 930
1710320 930
1710330 935
1710340 940
1710350 940
1710360 944
1710370 948
1710380 948
1710390 951
1710400 954
1710410 955
1710420 955
1710430 955
1710440 953
1710450 953
1710460 948
1710470 944
1710480 944
1710490 942
1710500 939
1710510 939
1710520 937
1710530 934
1710540 934
1710550 930
1710560 927
1710570 927
1710580 924
1710590 922
1710600 922
1710610 923
1710620 924
1710630 924
1710640 925
1710650 924
1710660 924
1710670 920
1710680 916
1710690 916
1710700 912
1710710 910
1710720 910
1710730 907
1710740 905
1710750 905
1710760 905
1710770 903
1710780 903
1710790 903
1710800 902
1710810 902
1710820 902
1710830 903
1710840 903
1710850 904
1710860 905
1710870 905
1710880 907
1710890 908
1710900 908
1710910 909
1710920 911
1710930 911
1710940 912
1710950 914
1710960 914
1710970 915
1710980 916
1710990 917
1711000 917
1711010 918
1711020 919
1711030 919
1711040 920
1711050 921
1711060 921
1711070 923
1711080 924
1711090 924
1711100 923
1711110 922
1711120 922
1711130 922
1711140 920
1711150 920
1711160 920
1711170 920
1711180 920
1711190 918
1711200 920
1711210 920
1711220 921
1711230 921
1711240 921
1711250 919
1711260 917
1711270 916
1711280 912
1711290 911
1711300 911
1711310 911
1711320 911
1711330 911
1711340 910
1711350 910
1711360 910
1711370 909
1711380 909
1711390 909
1711400 905
1711410 899
1711420 899
1711430 891
1711440 886
1711450 886
1711460 887
1711470 891
1711480 891
1711490 895
1711500 898
1711510 898
1711520 901
1711530 901
1711540 901
1711550 899
1711560 897
1711570 893
1711580 893
1711590 883
1711600 883
1711610 883
1711620 882
1711630 881
1711640 881
1711650 880
1711660 879
1711670 879
1711680 878
1711690 877
1711700 877
1711710 876
1711720 875
1711730 875
1711740 875
1711750 873
1711760 873
1711770 871
1711780 871
1711790 871
1711800 870
1711810 868
1711820 868
1711830 868
1711840 866
1711850 866
1711860 865
1711870 864
1711880 864
1711890 864
1711900 864
1711910 864
1711920 864
1711930 864
1711940 864
1711950 863
1711960 862
1711970 862
1711980 862
1711990 862
1712000 862
1712010 864
1712020 864
1712030 864
1712040 864
1712050 863
1712060 863
1712070 862
1712080 864
1712090 864
1712100 870
1712110 875
1712120 875
1712130 880
1712140 884
1712150 889
1712160 889
1712170 894
1712180 899
1712190 899
1712200 903
1712210 908
1712220 908
1712230 913
1712240 917
1712250 917
1712260 921
1712270 925
1712280 925
1712290 929
1712300 933
1712310 933
1712320 935
1712330 937
1712340 937
1712350 935
1712360 929
1712370 929
1712380 922
1712390 915
1712400 915
1712410 910
1712420 904
1712430 904
1712440 897
1712450 893
1712460 893
1712470 892
1712480 892
1712490 892
1712500 892
1712510 889
1712520 889
1712530 880
1712540 874
1712550 874
1712560 879
1712570 886
1712580 886
1712590 891
1712600 895
1712610 895
1712620 900
1712630 904
1712640 904
1712650 907
1712660 911
1712670 911
1712680 915
1712690 919
1712700 919
1712710 923
1712720 926
1712730 930
1712740 930
1712750 935
1712760 938
1712770 938
1712780 944
1712790 948
1712800 948
1712810 953
1712820 958
1712830 958
1712840 963
1712850 968
1712860 968
1712870 973
1712880 978
1712890 978
1712900 983
1712910 989
1712920 989
1712930 994
1712940 1000
1712950 1000
1712960 1005
1712970 1010
1712980 1010
1712990 1015
1713000 1019
1713010 1019
1713020 1023
1713030 1028
1713040 1028
1713050 1030
1713060 1028
1713070 1028
1713080 1027
1713090 1025
1713100 1025
1713110 1023
1713120 1020
1713130 1020
1713140 1018
1713150 1017
1713160 1017
1713170 1016
1713180 1016
1713190 1016
1713200 1017
1713210 1016
1713220 1016
1713230 1016
1713240 1017
1713250 1017
1713260 1018
1713270 1020
1713280 1020
1713290 1021
1713300 1022
1713310 1023
1713320 1023
1713330 1024
1713340 1025
1713350 1025
1713360 1024
1713370 1023
1713380 1023
1713390 1020
1713400 1016
1713410 1016
1713420 1011
1713430 1004
1713440 1004
1713450 999
1713460 993
1713470 993
1713480 988
1713490 984
1713500 984
1713510 980
1713520 975
1713530 975
1713540 970
1713550 966
1713560 966
1713570 961
1713580 958
1713590 958
1713600 954
1713610 950
1713620 950
1713630 946
1713640 947
1713650 947
1713660 944
1713670 942
1713680 942
1713690 939
1713700 934
1713710 934
1713720 929
1713730 923
1713740 923
1713750 915
1713760 908
1713770 908
1713780 907
1713790 906
1713800 906
1713810 908
1713820 911
1713830 911
1713840 913
1713850 916
1713860 916
1713870 918
1713880 922
1713890 925
1713900 925
1713910 928
1713920 930
1713930 930
1713940 932
1713950 933
1713960 933
1713970 933
1713980 932
1713990 932
1714000 930
1714010 927
1714020 927
1714030 927
1714040 926
1714050 926
1714060 922
1714070 919
1714080 919
1714090 917
1714100 916
1714110 916
1714120 916
1714130 918
1714140 918
1714150 919
1714160 919
1714170 919
1714180 919
1714190 918
1714200 918
1714210 916
1714220 914
1714230 914
1714240 915
1714250 919
1714260 919
1714270 920
1714280 923
1714290 923
1714300 925
1714310 926
1714320 926
1714330 926
1714340 923
1714350 923
1714360 919
1714370 915
1714380 915
1714390 910
1714400 906
1714410 906
1714420 903
1714430 899
1714440 899
1714450 897
1714460 895
1714470 895
1714480 893
1714490 891
1714500 889
1714510 889
1714520 888
1714530 888
1714540 888
1714550 888
1714560 888
1714570 888
1714580 888
1714590 888
1714600 888
1714610 887
1714620 887
1714630 887
1714640 885
1714650 885
1714660 885
1714670 884
1714680 884
1714690 884
1714700 883
1714710 884
1714720 884
1714730 881
1714740 875
1714750 875
1714760 868
1714770 863
1714780 863
1714790 860
1714800 860
1714810 860
1714820 860
1714830 859
1714840 859
1714850 860
1714860 862
1714870 862
1714880 864
1714890 867
1714900 867
1714910 871
1714920 875
1714930 875
1714940 878
1714950 882
1714960 882
1714970 886
1714980 890
1714990 890
1715000 896
1715010 902
1715020 902
1715030 908
1715040 913
1715050 913
1715060 919
1715070 925
1715080 931
1715090 931
1715100 935
1715110 939
1715120 939
1715130 943
1715140 946
1715150 946
1715160 949
1715170 951
1715180 951
1715190 948
1715200 943
1715210 943
1715220 937
1715230 930
1715240 930
1715250 928
1715260 924
1715270 924
1715280 923
1715290 923
1715300 923
1715310 922
1715320 921
1715330 921
1715340 919
1715350 917
1715360 917
1715370 912
1715380 913
1715390 913
1715400 914
1715410 916
1715420 916
1715430 917
1715440 917
1715450 917
1715460 915
1715470 911
1715480 911
1715490 908
1715500 906
1715510 906
1715520 901
1715530 895
1715540 895
1715550 895
1715560 897
1715570 897
1715580 899
1715590 900
1715600 900
1715610 900
1715620 901
1715630 901
1715640 901
1715650 901
1715660 900
1715670 900
1715680 898
1715690 895
1715700 895
1715710 889
1715720 885
1715730 885
1715740 885
1715750 885
1715760 885
1715770 884
1715780 882
1715790 882
1715800 880
1715810 874
1715820 874
1715830 869
1715840 863
1715850 863
1715860 857
1715870 856
1715880 856
1715890 856
1715900 854
1715910 854
1715920 852
1715930 851
1715940 851
1715950 851
1715960 852
1715970 852
1715980 852
1715990 851
1716000 851
1716010 851
1716020 852
1716030 852
1716040 856
1716050 860
1716060 860
1716070 867
1716080 868
1716090 868
1716100 871
1716110 874
1716120 874
1716130 875
1716140 877
1716150 877
1716160 880
1716170 882
1716180 882
1716190 884
1716200 887
1716210 887
1716220 889
1716230 890
1716240 891
1716250 891
1716260 893
1716270 894
1716280 894
1716290 895
1716300 896
1716310 896
1716320 895
1716330 894
1716340 894
1716350 895
1716360 897
1716370 897
1716380 897
1716390 898
1716400 898
1716410 897
1716420 897
1716430 897
1716440 897
1716450 896
1716460 896
1716470 898
1716480 896
1716490 896
1716500 896
1716510 897
1716520 897
1716530 902
1716540 907
1716550 907
1716560 911
1716570 914
1716580 914
1716590 916
1716600 918
1716610 918
1716620 914
1716630 915
1716640 915
1716650 921
1716660 924
1716670 924
1716680 926
1716690 928
1716700 928
1716710 930
1716720 932
1716730 932
1716740 934
1716750 938
1716760 938
1716770 941
1716780 945
1716790 945
1716800 949
1716810 954
1716820 958
1716830 958
1716840 963
1716850 967
1716860 967
1716870 971
1716880 975
1716890 975
1716900 978
1716910 981
1716920 981
1716930 986
1716940 987
1716950 987
1716960 983
1716970 980
1716980 980
1716990 975
