1760000 913
1760010 912
1760020 911
1760030 909
1760040 908
1760050 907
1760060 906
1760070 905
1760080 903
1760090 902
1760100 900
1760110 898
1760120 895
1760130 893
1760140 891
1760150 890
1760160 891
1760170 893
1760180 894
1760190 896
1760200 898
1760210 902
1760220 905
1760230 909
1760240 913
1760250 916
1760260 919
1760270 923
1760280 926
1760290 929
1760300 932
1760310 931
1760320 930
1760330 928
1760340 928
1760350 928
1760360 928
1760370 927
1760380 926
1760390 925
1760400 923
1760410 921
1760420 919
1760430 917
1760440 916
1760450 916
1760460 918
1760470 921
1760480 923
1760490 926
1760500 929
1760510 932
1760520 934
1760530 936
1760540 938
1760550 938
1760560 938
1760570 938
1760580 938
1760590 937
1760600 936
1760610 936
1760620 936
1760630 938
1760640 939
1760650 941
1760660 943
1760670 945
1760680 947
1760690 949
1760700 951
1760710 953
1760720 955
1760730 958
1760740 960
1760750 963
1760760 966
1760770 967
1760780 968
1760790 970
1760800 971
1760810 972
1760820 972
1760830 972
1760840 972
1760850 971
1760860 969
1760870 966
1760880 963
1760890 962
1760900 964
1760910 966
1760920 970
1760930 974
1760940 977
1760950 977
1760960 977
1760970 975
1760980 974
1760990 971
1761000 967
1761010 962
1761020 957
1761030 952
1761040 947
1761050 943
1761060 938
1761070 934
1761080 931
1761090 928
1761100 927
1761110 926
1761120 925
1761130 924
1761140 923
1761150 923
1761160 922
1761170 921
1761180 921
1761190 921
1761200 922
1761210 923
1761220 924
1761230 925
1761240 927
1761250 928
1761260 928
1761270 929
1761280 928
1761290 927
1761300 925
1761310 923
1761320 920
1761330 917
1761340 913
1761350 909
1761360 905
1761370 901
1761380 898
1761390 896
1761400 895
1761410 894
1761420 894
1761430 895
1761440 895
1761450 896
1761460 897
1761470 897
1761480 898
1761490 898
1761500 899
1761510 899
1761520 899
1761530 898
1761540 895
1761550 892
1761560 888
1761570 887
1761580 886
1761590 885
1761600 883
1761610 881
1761620 878
1761630 877
1761640 877
1761650 879
1761660 880
1761670 880
1761680 878
1761690 874
1761700 869
1761710 866
1761720 863
1761730 859
1761740 855
1761750 851
1761760 847
1761770 844
1761780 842
1761790 842
1761800 844
1761810 844
1761820 844
1761830 843
1761840 842
1761850 841
1761860 841
1761870 837
1761880 834
1761890 832
1761900 830
1761910 828
1761920 826
1761930 825
1761940 823
1761950 820
1761960 816
1761970 812
1761980 809
1761990 805
1762000 801
1762010 797
1762020 793
1762030 790
1762040 787
1762050 787
1762060 788
1762070 790
1762080 793
1762090 796
1762100 797
1762110 792
1762120 788
1762130 786
1762140 786
1762150 785
1762160 784
1762170 784
1762180 782
1762190 781
1762200 778
1762210 776
1762220 773
1762230 770
1762240 766
1762250 762
1762260 758
1762270 755
1762280 750
1762290 745
1762300 740
1762310 736
1762320 731
1762330 726
1762340 721
1762350 717
1762360 712
1762370 708
1762380 704
1762390 700
1762400 696
1762410 691
1762420 688
1762430 686
1762440 683
1762450 679
1762460 675
1762470 672
1762480 668
1762490 663
1762500 659
1762510 655
1762520 650
1762530 646
1762540 641
1762550 637
1762560 633
1762570 629
1762580 625
1762590 621
1762600 617
1762610 614
1762620 611
1762630 608
1762640 606
1762650 603
1762660 600
1762670 596
1762680 592
1762690 587
1762700 584
1762710 582
1762720 582
1762730 582
1762740 582
1762750 582
1762760 583
1762770 583
1762780 584
1762790 584
1762800 585
1762810 585
1762820 585
1762830 585
1762840 585
1762850 585
1762860 586
1762870 586
1762880 586
1762890 587
1762900 589
1762910 592
1762920 595
1762930 598
1762940 599
1762950 600
1762960 600
1762970 601
1762980 601
1762990 600
1763000 599
1763010 599
1763020 600
1763030 601
1763040 602
1763050 602
1763060 604
1763070 605
1763080 606
1763090 605
1763100 605
1763110 606
1763120 606
1763130 607
1763140 609
1763150 610
1763160 611
1763170 612
1763180 613
1763190 613
1763200 613
1763210 613
1763220 614
1763230 614
1763240 616
1763250 617
1763260 618
1763270 619
1763280 621
1763290 622
1763300 623
1763310 624
1763320 625
1763330 626
1763340 627
1763350 628
1763360 629
1763370 630
1763380 631
1763390 632
1763400 632
1763410 633
1763420 633
1763430 633
1763440 633
1763450 632
1763460 632
1763470 631
1763480 631
1763490 632
1763500 634
1763510 635
1763520 636
1763530 636
1763540 637
1763550 638
1763560 638
1763570 638
1763580 638
1763590 639
1763600 639
1763610 640
1763620 641
1763630 642
1763640 642
1763650 643
1763660 643
1763670 644
1763680 644
1763690 646
1763700 647
1763710 648
1763720 649
1763730 650
1763740 651
1763750 652
1763760 652
1763770 653
1763780 653
1763790 653
1763800 654
1763810 656
1763820 657
1763830 657
1763840 657
1763850 657
1763860 657
1763870 658
1763880 658
1763890 658
1763900 658
1763910 657
1763920 655
1763930 653
1763940 652
1763950 651
1763960 652
1763970 652
1763980 652
1763990 652
1764000 652
1764010 653
1764020 653
1764030 654
1764040 655
1764050 655
1764060 655
1764070 656
1764080 656
1764090 657
1764100 658
1764110 658
1764120 659
1764130 659
1764140 659
1764150 659
1764160 659
1764170 659
1764180 658
1764190 659
1764200 660
1764210 661
1764220 661
1764230 662
1764240 663
1764250 662
1764260 662
1764270 661
1764280 661
1764290 662
1764300 663
1764310 663
1764320 663
1764330 663
1764340 663
1764350 663
1764360 663
1764370 663
1764380 663
1764390 663
1764400 662
1764410 662
1764420 661
1764430 661
1764440 661
1764450 661
1764460 661
1764470 662
1764480 664
1764490 664
1764500 664
1764510 664
1764520 665
1764530 665
1764540 666
1764550 665
1764560 665
1764570 665
1764580 666
1764590 666
1764600 667
1764610 668
1764620 668
1764630 669
1764640 669
1764650 670
1764660 670
1764670 671
1764680 671
1764690 673
1764700 674
1764710 675
1764720 676
1764730 678
1764740 679
1764750 681
1764760 681
1764770 683
1764780 685
1764790 687
1764800 688
1764810 689
1764820 690
1764830 689
1764840 689
1764850 688
1764860 688
1764870 689
1764880 690
1764890 690
1764900 690
1764910 691
1764920 691
1764930 692
1764940 693
1764950 694
1764960 695
1764970 696
1764980 697
1764990 698
1765000 699
1765010 699
1765020 700
1765030 701
1765040 702
1765050 703
1765060 704
1765070 705
1765080 706
1765090 706
1765100 707
1765110 708
1765120 709
1765130 710
1765140 711
1765150 712
1765160 713
1765170 714
1765180 715
1765190 716
1765200 717
1765210 717
1765220 719
1765230 720
1765240 721
1765250 722
1765260 723
1765270 724
1765280 725
1765290 727
1765300 728
1765310 729
1765320 730
1765330 731
1765340 732
1765350 734
1765360 735
1765370 737
1765380 739
1765390 741
1765400 742
1765410 744
1765420 746
1765430 747
1765440 749
1765450 750
1765460 751
1765470 752
1765480 752
1765490 751
1765500 751
1765510 750
1765520 749
1765530 748
1765540 747
1765550 746
1765560 744
1765570 743
1765580 741
1765590 738
1765600 736
1765610 733
1765620 730
1765630 728
1765640 726
1765650 724
1765660 723
1765670 721
1765680 720
1765690 719
1765700 718
1765710 716
1765720 715
1765730 714
1765740 713
1765750 713
1765760 713
1765770 716
1765780 719
1765790 722
1765800 725
1765810 726
1765820 727
1765830 725
1765840 723
1765850 720
1765860 719
1765870 720
1765880 721
1765890 723
1765900 725
1765910 727
1765920 729
1765930 731
1765940 733
1765950 735
1765960 738
1765970 742
1765980 745
1765990 748
1766000 751
1766010 754
1766020 756
1766030 758
1766040 760
1766050 762
1766060 764
1766070 765
1766080 766
1766090 767
1766100 765
1766110 761
1766120 757
1766130 752
1766140 749
1766150 745
1766160 742
1766170 740
1766180 739
1766190 738
1766200 739
1766210 741
1766220 744
1766230 747
1766240 750
1766250 754
1766260 758
1766270 762
1766280 767
1766290 769
1766300 771
1766310 773
1766320 775
1766330 775
1766340 775
1766350 774
1766360 772
1766370 771
1766380 769
1766390 767
1766400 764
1766410 762
1766420 758
1766430 755
1766440 751
1766450 747
1766460 743
1766470 740
1766480 736
1766490 732
1766500 728
1766510 723
1766520 719
1766530 715
1766540 710
1766550 706
1766560 702
1766570 699
1766580 695
1766590 693
1766600 692
1766610 692
1766620 693
1766630 694
1766640 697
1766650 700
1766660 703
1766670 706
1766680 710
1766690 713
1766700 716
1766710 717
1766720 719
1766730 721
1766740 723
1766750 726
1766760 728
1766770 731
1766780 735
1766790 738
1766800 741
1766810 743
1766820 745
1766830 746
1766840 748
1766850 750
1766860 752
1766870 754
1766880 756
1766890 759
1766900 761
1766910 764
1766920 767
1766930 770
1766940 772
1766950 775
1766960 777
1766970 780
1766980 782
1766990 784
1767000 785
1767010 786
1767020 787
1767030 787
1767040 787
1767050 786
1767060 785
1767070 784
1767080 783
1767090 781
1767100 779
1767110 776
1767120 774
1767130 772
1767140 772
1767150 772
1767160 771
1767170 769
1767180 768
1767190 767
1767200 766
1767210 765
1767220 764
1767230 765
1767240 765
1767250 765
1767260 764
1767270 764
1767280 763
1767290 763
1767300 764
1767310 766
1767320 767
1767330 767
1767340 767
1767350 766
1767360 764
1767370 762
1767380 761
1767390 761
1767400 762
1767410 763
1767420 763
1767430 763
1767440 763
1767450 764
1767460 764
1767470 764
1767480 763
1767490 763
1767500 763
1767510 765
1767520 767
1767530 769
1767540 770
1767550 772
1767560 772
1767570 774
1767580 776
1767590 777
1767600 777
1767610 777
1767620 777
1767630 776
1767640 776
1767650 775
1767660 774
1767670 772
1767680 770
1767690 768
1767700 767
1767710 767
1767720 766
1767730 765
1767740 763
1767750 761
1767760 760
1767770 760
1767780 761
1767790 762
1767800 763
1767810 763
1767820 761
1767830 760
1767840 758
1767850 758
1767860 759
1767870 761
1767880 762
1767890 764
1767900 765
1767910 767
1767920 769
1767930 771
1767940 773
1767950 775
1767960 776
1767970 778
1767980 779
1767990 780
1768000 781
1768010 781
1768020 780
1768030 778
1768040 777
1768050 777
1768060 779
1768070 782
1768080 783
1768090 785
1768100 786
1768110 788
1768120 789
1768130 790
1768140 790
1768150 790
1768160 790
1768170 790
1768180 789
1768190 789
1768200 788
1768210 787
1768220 786
1768230 785
1768240 784
1768250 783
1768260 782
1768270 780
1768280 778
1768290 777
1768300 774
1768310 772
1768320 770
1768330 768
1768340 766
1768350 763
1768360 760
1768370 758
1768380 755
1768390 753
1768400 752
1768410 750
1768420 749
1768430 747
1768440 746
1768450 745
1768460 744
1768470 743
1768480 743
1768490 742
1768500 741
1768510 741
1768520 740
1768530 740
1768540 739
1768550 738
1768560 737
1768570 736
1768580 734
1768590 732
1768600 729
1768610 728
1768620 727
1768630 727
1768640 726
1768650 726
1768660 726
1768670 725
1768680 724
1768690 723
1768700 723
1768710 724
1768720 725
1768730 726
1768740 728
1768750 729
1768760 731
1768770 733
1768780 735
1768790 737
1768800 739
1768810 741
1768820 743
1768830 744
1768840 746
1768850 747
1768860 748
1768870 749
1768880 751
1768890 753
1768900 754
1768910 756
1768920 757
1768930 759
1768940 760
1768950 762
1768960 764
1768970 765
1768980 767
1768990 769
1769000 770
1769010 772
1769020 774
1769030 775
1769040 777
1769050 778
1769060 780
1769070 783
1769080 785
1769090 788
1769100 791
1769110 794
1769120 796
1769130 799
1769140 803
1769150 806
1769160 809
1769170 812
1769180 816
1769190 819
1769200 822
1769210 824
1769220 825
1769230 828
1769240 831
1769250 836
1769260 839
1769270 840
1769280 840
1769290 841
1769300 841
1769310 842
1769320 843
1769330 845
1769340 846
1769350 848
1769360 850
1769370 854
1769380 858
1769390 863
1769400 871
1769410 874
1769420 874
1769430 869
1769440 866
1769450 864
1769460 863
1769470 865
1769480 867
1769490 870
1769500 875
1769510 880
1769520 886
1769530 890
1769540 892
1769550 896
1769560 901
1769570 908
1769580 915
1769590 920
1769600 924
1769610 926
1769620 928
1769630 930
1769640 930
1769650 931
1769660 933
1769670 935
1769680 938
1769690 940
1769700 943
1769710 945
1769720 948
1769730 951
1769740 953
1769750 955
1769760 957
1769770 959
1769780 960
1769790 961
1769800 962
1769810 963
1769820 964
1769830 964
1769840 963
1769850 963
1769860 961
1769870 959
1769880 956
1769890 953
1769900 950
1769910 946
1769920 941
1769930 936
1769940 931
1769950 928
1769960 924
1769970 921
1769980 918
1769990 914
1770000 910
1770010 905
1770020 902
1770030 899
1770040 897
1770050 896
1770060 894
1770070 896
1770080 897
1770090 897
1770100 896
1770110 894
1770120 893
1770130 893
1770140 894
1770150 897
1770160 900
1770170 904
1770180 908
1770190 910
1770200 912
1770210 912
1770220 912
1770230 913
1770240 914
1770250 914
1770260 916
1770270 917
1770280 919
1770290 921
1770300 923
1770310 926
1770320 928
1770330 931
1770340 933
1770350 936
1770360 938
1770370 940
1770380 943
1770390 945
1770400 948
1770410 951
1770420 953
1770430 956
1770440 959
1770450 962
1770460 965
1770470 968
1770480 971
1770490 974
1770500 977
1770510 979
1770520 981
1770530 982
1770540 984
1770550 985
1770560 986
1770570 987
1770580 988
1770590 990
1770600 991
1770610 992
1770620 993
1770630 995
1770640 996
1770650 997
1770660 999
1770670 1000
1770680 1002
1770690 1005
1770700 1007
1770710 1010
1770720 1013
1770730 1015
1770740 1018
1770750 1021
1770760 1024
1770770 1025
1770780 1027
1770790 1030
1770800 1032
1770810 1033
1770820 1035
1770830 1037
1770840 1039
1770850 1041
1770860 1043
1770870 1045
1770880 1047
1770890 1050
1770900 1053
1770910 1057
1770920 1061
1770930 1065
1770940 1068
1770950 1072
1770960 1075
1770970 1078
1770980 1081
1770990 1083
1771000 1086
1771010 1088
1771020 1091
1771030 1094
1771040 1098
1771050 1101
1771060 1104
1771070 1108
1771080 1112
1771090 1115
1771100 1119
1771110 1123
1771120 1127
1771130 1130
1771140 1134
1771150 1137
1771160 1140
1771170 1143
1771180 1146
1771190 1150
1771200 1154
1771210 1158
1771220 1160
1771230 1160
1771240 1160
1771250 1159
1771260 1159
1771270 1158
1771280 1158
1771290 1158
1771300 1157
1771310 1156
1771320 1156
1771330 1155
1771340 1154
1771350 1154
1771360 1153
1771370 1152
1771380 1152
1771390 1151
1771400 1151
1771410 1150
1771420 1150
1771430 1149
1771440 1148
1771450 1148
1771460 1147
1771470 1147
1771480 1146
1771490 1146
1771500 1145
1771510 1145
1771520 1144
1771530 1143
1771540 1142
1771550 1142
1771560 1141
1771570 1140
1771580 1139
1771590 1138
1771600 1137
1771610 1137
1771620 1136
1771630 1136
1771640 1136
1771650 1135
1771660 1135
1771670 1134
1771680 1134
1771690 1133
1771700 1133
1771710 1132
1771720 1131
1771730 1130
1771740 1130
1771750 1129
1771760 1128
1771770 1128
1771780 1127
1771790 1126
1771800 1125
1771810 1124
1771820 1124
1771830 1123
1771840 1122
1771850 1122
1771860 1121
1771870 1120
1771880 1120
1771890 1119
1771900 1118
1771910 1118
1771920 1117
1771930 1116
1771940 1115
1771950 1114
1771960 1113
1771970 1112
1771980 1111
1771990 1111
1772000 1110
1772010 1109
1772020 1108
1772030 1106
1772040 1105
1772050 1104
1772060 1103
1772070 1102
1772080 1101
1772090 1100
1772100 1098
1772110 1097
1772120 1096
1772130 1095
1772140 1094
1772150 1093
1772160 1092
1772170 1091
1772180 1090
1772190 1090
1772200 1088
1772210 1087
1772220 1086
1772230 1085
1772240 1084
1772250 1082
1772260 1081
1772270 1080
1772280 1079
1772290 1077
1772300 1076
1772310 1074
1772320 1073
1772330 1071
1772340 1070
1772350 1069
1772360 1067
1772370 1066
1772380 1064
1772390 1063
1772400 1062
1772410 1060
1772420 1059
1772430 1057
1772440 1056
1772450 1054
1772460 1052
1772470 1050
1772480 1048
1772490 1046
1772500 1044
1772510 1042
1772520 1040
1772530 1038
1772540 1035
1772550 1033
1772560 1031
1772570 1029
1772580 1026
1772590 1024
1772600 1022
1772610 1019
1772620 1017
1772630 1014
1772640 1012
1772650 1010
1772660 1007
1772670 1005
1772680 1002
1772690 1000
1772700 997
1772710 994
1772720 992
1772730 989
1772740 987
1772750 984
1772760 982
1772770 979
1772780 976
1772790 974
1772800 972
1772810 969
1772820 966
1772830 963
1772840 960
1772850 958
1772860 956
1772870 954
1772880 951
1772890 948
1772900 945
1772910 942
1772920 939
1772930 937
1772940 934
1772950 931
1772960 929
1772970 927
1772980 925
1772990 923
1773000 921
1773010 919
1773020 917
1773030 915
1773040 913
1773050 911
1773060 909
1773070 907
1773080 905
1773090 904
1773100 903
1773110 901
1773120 899
1773130 898
1773140 896
1773150 895
1773160 893
1773170 892
1773180 890
1773190 888
1773200 887
1773210 886
1773220 885
1773230 885
1773240 884
1773250 883
1773260 882
1773270 880
1773280 879
1773290 878
1773300 877
1773310 875
1773320 873
1773330 872
1773340 870
1773350 868
1773360 866
1773370 863
1773380 861
1773390 858
1773400 856
1773410 853
1773420 851
1773430 849
1773440 847
1773450 846
1773460 844
1773470 842
1773480 841
1773490 839
1773500 837
1773510 835
1773520 833
1773530 832
1773540 832
1773550 831
1773560 831
1773570 831
1773580 830
1773590 829
1773600 828
1773610 828
1773620 827
1773630 827
1773640 826
1773650 826
1773660 825
1773670 825
1773680 824
1773690 823
1773700 823
1773710 822
1773720 822
1773730 822
1773740 822
1773750 822
1773760 823
1773770 824
1773780 824
1773790 825
1773800 825
1773810 826
1773820 827
1773830 829
1773840 831
1773850 833
1773860 836
1773870 838
1773880 840
1773890 843
1773900 845
1773910 848
1773920 850
1773930 852
1773940 854
1773950 857
1773960 859
1773970 862
1773980 864
1773990 864
1774000 864
1774010 863
1774020 862
1774030 861
1774040 859
1774050 857
1774060 856
1774070 855
1774080 853
1774090 852
1774100 852
1774110 851
1774120 850
1774130 849
1774140 849
1774150 848
1774160 847
1774170 846
1774180 845
1774190 844
1774200 842
1774210 841
1774220 840
1774230 839
1774240 838
1774250 836
1774260 835
1774270 833
1774280 831
1774290 829
1774300 827
1774310 826
1774320 824
1774330 822
1774340 821
1774350 819
1774360 817
1774370 816
1774380 815
1774390 813
1774400 812
1774410 810
1774420 810
1774430 809
1774440 808
1774450 808
1774460 807
1774470 807
1774480 807
1774490 807
1774500 807
1774510 808
1774520 808
1774530 807
1774540 807
1774550 807
1774560 806
1774570 806
1774580 806
1774590 806
1774600 805
1774610 804
1774620 804
1774630 803
1774640 802
1774650 801
1774660 800
1774670 799
1774680 798
1774690 797
1774700 796
1774710 794
1774720 793
1774730 791
1774740 789
1774750 788
1774760 785
1774770 783
1774780 781
1774790 778
1774800 776
1774810 774
1774820 772
1774830 770
1774840 768
1774850 765
1774860 763
1774870 760
1774880 758
1774890 757
1774900 756
1774910 756
1774920 755
1774930 755
1774940 755
1774950 754
1774960 754
1774970 753
1774980 753
1774990 753
1775000 753
1775010 753
1775020 753
1775030 753
1775040 752
1775050 751
1775060 750
1775070 749
1775080 748
1775090 748
1775100 747
1775110 747
1775120 746
1775130 746
1775140 746
1775150 746
1775160 746
1775170 745
1775180 744
1775190 742
1775200 741
1775210 739
1775220 738
1775230 738
1775240 738
1775250 739
1775260 741
1775270 743
1775280 746
1775290 749
1775300 752
1775310 754
1775320 757
1775330 760
1775340 763
1775350 766
1775360 769
1775370 771
1775380 773
1775390 775
1775400 777
1775410 778
1775420 779
1775430 781
1775440 783
1775450 784
1775460 787
1775470 789
1775480 790
1775490 792
1775500 794
1775510 795
1775520 797
1775530 798
1775540 799
1775550 800
1775560 801
1775570 802
1775580 802
1775590 802
1775600 802
1775610 801
1775620 800
1775630 799
1775640 797
1775650 796
1775660 795
1775670 795
1775680 794
1775690 794
1775700 794
1775710 794
1775720 794
1775730 794
1775740 794
1775750 794
1775760 794
1775770 794
1775780 793
1775790 792
1775800 791
1775810 790
1775820 790
1775830 789
1775840 789
1775850 788
1775860 788
1775870 788
1775880 787
1775890 785
1775900 784
1775910 782
1775920 780
1775930 779
1775940 777
1775950 775
1775960 773
1775970 771
1775980 770
1775990 768
1776000 767
1776010 766
1776020 765
1776030 763
1776040 762
1776050 760
1776060 758
1776070 756
1776080 754
1776090 752
1776100 750
1776110 748
1776120 746
1776130 745
1776140 744
1776150 742
1776160 742
1776170 741
1776180 740
1776190 739
1776200 738
1776210 737
1776220 736
1776230 736
1776240 735
1776250 734
1776260 733
1776270 732
1776280 731
1776290 730
1776300 729
1776310 727
1776320 725
1776330 723
1776340 720
1776350 718
1776360 716
1776370 715
1776380 713
1776390 711
1776400 709
1776410 708
1776420 706
1776430 704
1776440 703
1776450 701
1776460 700
1776470 698
1776480 696
1776490 695
1776500 694
1776510 692
1776520 691
1776530 690
1776540 689
1776550 687
1776560 686
1776570 685
1776580 683
1776590 681
1776600 678
1776610 676
1776620 674
1776630 672
1776640 670
1776650 668
1776660 665
1776670 662
1776680 660
1776690 657
1776700 654
1776710 652
1776720 649
1776730 645
1776740 642
1776750 638
1776760 635
1776770 632
1776780 629
1776790 626
1776800 624
1776810 621
1776820 619
1776830 616
1776840 615
1776850 613
1776860 612
1776870 612
1776880 611
1776890 611
1776900 611
1776910 611
1776920 611
1776930 611
1776940 611
1776950 610
1776960 608
1776970 606
1776980 603
1776990 601
1777000 600
1777010 598
1777020 597
1777030 596
1777040 596
1777050 595
1777060 594
1777070 593
1777080 592
1777090 591
1777100 589
1777110 587
1777120 584
1777130 580
1777140 577
1777150 575
1777160 574
1777170 573
1777180 573
1777190 573
1777200 575
1777210 576
1777220 578
1777230 581
1777240 583
1777250 586
1777260 587
1777270 588
1777280 589
1777290 589
1777300 589
1777310 588
1777320 587
1777330 587
1777340 586
1777350 585
1777360 584
1777370 584
1777380 584
1777390 584
1777400 585
1777410 585
1777420 585
1777430 585
1777440 586
1777450 586
1777460 586
1777470 587
1777480 588
1777490 590
1777500 592
1777510 596
1777520 599
1777530 602
1777540 601
1777550 600
1777560 597
1777570 595
1777580 593
1777590 592
1777600 591
1777610 589
1777620 587
1777630 584
1777640 580
1777650 575
1777660 569
1777670 566
1777680 563
1777690 561
1777700 559
1777710 556
1777720 554
1777730 552
1777740 550
1777750 548
1777760 546
1777770 544
1777780 542
1777790 540
1777800 538
1777810 537
1777820 535
1777830 533
1777840 531
1777850 530
1777860 529
1777870 527
1777880 525
1777890 523
1777900 520
1777910 518
1777920 516
1777930 515
1777940 515
1777950 514
1777960 514
1777970 514
1777980 514
1777990 514
1778000 514
1778010 514
1778020 514
1778030 514
1778040 514
1778050 514
1778060 514
1778070 514
1778080 516
1778090 517
1778100 517
1778110 518
1778120 519
1778130 519
1778140 520
1778150 521
1778160 523
1778170 524
1778180 525
1778190 526
1778200 528
1778210 529
1778220 530
1778230 532
1778240 533
1778250 534
1778260 536
1778270 538
1778280 539
1778290 541
1778300 542
1778310 544
1778320 545
1778330 548
1778340 549
1778350 550
1778360 550
1778370 551
1778380 552
1778390 553
1778400 554
1778410 555
1778420 557
1778430 559
1778440 560
1778450 561
1778460 562
1778470 563
1778480 564
1778490 565
1778500 566
1778510 567
1778520 568
1778530 569
1778540 570
1778550 571
1778560 572
1778570 573
1778580 575
1778590 577
1778600 579
1778610 580
1778620 581
1778630 582
1778640 583
1778650 583
1778660 584
1778670 585
1778680 586
1778690 587
1778700 588
1778710 589
1778720 590
1778730 591
1778740 592
1778750 593
1778760 594
1778770 595
1778780 597
1778790 598
1778800 599
1778810 600
1778820 600
1778830 601
1778840 602
1778850 603
1778860 604
1778870 605
1778880 606
1778890 607
1778900 609
1778910 611
1778920 612
1778930 614
1778940 616
1778950 618
1778960 620
1778970 622
1778980 624
1778990 626
1779000 628
1779010 630
1779020 631
1779030 633
1779040 634
1779050 636
1779060 637
1779070 638
1779080 639
1779090 639
1779100 640
1779110 641
1779120 642
1779130 644
1779140 646
1779150 647
1779160 649
1779170 650
1779180 651
1779190 652
1779200 652
1779210 652
1779220 652
1779230 652
1779240 652
1779250 652
1779260 653
1779270 654
1779280 655
1779290 657
1779300 658
1779310 659
1779320 660
1779330 662
1779340 664
1779350 666
1779360 670
1779370 675
1779380 683
1779390 691
1779400 694
1779410 697
1779420 699
1779430 705
1779440 710
1779450 715
1779460 720
1779470 721
1779480 721
1779490 718
1779500 717
1779510 717
1779520 718
1779530 721
1779540 724
1779550 728
1779560 732
1779570 737
1779580 741
1779590 746
1779600 750
1779610 753
1779620 752
1779630 749
1779640 746
1779650 745
1779660 745
1779670 746
1779680 747
1779690 750
1779700 753
1779710 758
1779720 762
1779730 765
1779740 768
1779750 771
1779760 773
1779770 776
1779780 778
1779790 780
1779800 782
1779810 784
1779820 786
1779830 788
1779840 789
1779850 790
1779860 791
1779870 791
1779880 792
1779890 792
1779900 793
1779910 793
1779920 794
1779930 795
1779940 797
1779950 799
1779960 801
1779970 803
1779980 805
1779990 807
