1700630 829
1700640 829
1700650 833
1700660 837
1700670 837
1700680 841
1700690 843
1700700 843
1700710 844
1700720 844
1700730 844
1700740 844
1700750 844
1700760 844
1700770 843
1700780 843
1700790 843
1700800 843
1700810 843
1700820 843
1700830 843
1700840 842
1700850 841
1700860 841
1700870 839
1700880 835
1700890 835
1700900 832
1700910 830
1700920 830
1700930 827
1700940 824
1700950 824
1700960 822
1700970 820
1700980 820
1700990 817
1701000 815
1701010 815
1701020 813
1701030 811
1701040 811
1701050 810
1701060 809
1701070 809
1701080 808
1701090 806
1701100 806
1701110 804
1701120 802
1701130 802
1701140 801
1701150 799
1701160 799
1701170 799
1701180 797
1701190 797
1701200 796
1701210 795
1701220 795
1701230 794
1701240 792
1701250 792
1701260 784
1701270 781
1701280 781
1701290 786
1701300 788
1701310 788
1701320 786
1701330 777
1701340 777
1701350 777
1701360 777
1701370 777
1701380 777
1701390 779
1701400 787
1701410 787
1701420 793
1701430 796
1701440 796
1701450 796
1701460 797
1701470 797
1701480 798
1701490 800
1701500 800
1701510 803
1701520 806
1701530 806
1701540 808
1701550 807
1701560 807
1701570 807
1701580 806
1701590 806
1701600 806
1701610 804
1701620 804
1701630 803
1701640 802
1701650 802
1701660 802
1701670 802
1701680 802
1701690 803
1701700 803
1701710 803
1701720 803
1701730 803
1701740 803
1701750 803
1701760 802
1701770 802
1701780 804
1701790 804
1701800 804
1701810 804
1701820 804
1701830 804
1701840 804
1701850 804
1701860 804
1701870 804
1701880 804
1701890 804
1701900 804
1701910 807
1701920 807
1701930 809
1701940 811
1701950 814
1701960 814
1701970 816
1701980 818
1701990 818
1702000 819
1702010 821
1702020 821
1702030 822
1702040 824
1702050 824
1702060 824
1702070 825
1702080 825
1702090 824
1702100 823
1702110 823
1702120 823
1702130 825
1702140 825
1702150 825
1702160 827
1702170 827
1702180 827
1702190 824
1702200 824
1702210 822
1702220 816
1702230 816
1702240 813
1702250 811
1702260 811
1702270 814
1702280 818
1702290 818
1702300 825
1702310 831
1702320 831
1702330 835
1702340 837
1702350 837
1702360 839
1702370 841
1702380 841
1702390 840
1702400 838
1702410 838
1702420 834
1702430 829
1702440 829
1702450 825
1702460 822
1702470 822
1702480 819
1702490 816
1702500 816
1702510 813
1702520 811
1702530 807
1702540 807
1702550 805
1702560 801
1702570 801
1702580 801
1702590 798
1702600 798
1702610 796
1702620 795
1702630 795
1702640 793
1702650 792
1702660 792
1702670 793
1702680 793
1702690 793
1702700 793
1702710 793
1702720 793
1702730 793
1702740 794
1702750 794
1702760 795
1702770 793
1702780 793
1702790 797
1702800 799
1702810 799
1702820 805
1702830 810
1702840 810
1702850 811
1702860 812
1702870 812
1702880 815
1702890 818
1702900 818
1702910 820
1702920 821
1702930 821
1702940 823
1702950 827
1702960 827
1702970 832
1702980 836
1702990 836
1703000 840
1703010 844
1703020 844
1703030 847
1703040 847
1703050 847
1703060 848
1703070 848
1703080 848
1703090 848
1703100 847
1703110 847
1703120 847
1703130 847
1703140 846
1703150 846
1703160 845
1703170 843
1703180 843
1703190 839
1703200 835
1703210 835
1703220 833
1703230 832
1703240 832
1703250 830
1703260 827
1703270 827
1703280 824
1703290 821
1703300 821
1703310 819
1703320 817
1703330 817
1703340 815
1703350 814
1703360 814
1703370 814
1703380 813
1703390 813
1703400 811
1703410 811
1703420 811
1703430 811
1703440 811
1703450 811
1703460 811
1703470 811
1703480 811
1703490 812
1703500 812
1703510 812
1703520 812
1703530 812
1703540 812
1703550 813
1703560 813
1703570 813
1703580 814
1703590 814
1703600 814
1703610 814
1703620 815
1703630 815
1703640 815
1703650 817
1703660 817
1703670 818
1703680 819
1703690 819
1703700 820
1703710 822
1703720 824
1703730 824
1703740 826
1703750 829
1703760 829
1703770 831
1703780 833
1703790 833
1703800 836
1703810 839
1703820 839
1703830 842
1703840 841
1703850 841
1703860 840
1703870 840
1703880 840
1703890 840
1703900 840
1703910 840
1703920 840
1703930 839
1703940 839
1703950 839
1703960 840
1703970 840
1703980 843
1703990 848
1704000 848
1704010 849
1704020 846
1704030 846
1704040 841
1704050 837
1704060 837
1704070 836
1704080 837
1704090 837
1704100 838
1704110 839
1704120 839
1704130 841
1704140 843
1704150 843
1704160 845
1704170 846
1704180 846
1704190 848
1704200 850
1704210 850
1704220 851
1704230 853
1704240 853
1704250 855
1704260 857
1704270 857
1704280 859
1704290 861
1704300 864
1704310 864
1704320 867
1704330 871
1704340 871
1704350 874
1704360 877
1704370 877
1704380 882
1704390 885
1704400 885
1704410 888
1704420 891
1704430 891
1704440 894
1704450 897
1704460 897
1704470 901
1704480 905
1704490 905
1704500 908
1704510 911
1704520 911
1704530 914
1704540 918
1704550 918
1704560 921
1704570 925
1704580 925
1704590 928
1704600 932
1704610 932
1704620 934
1704630 938
1704640 938
1704650 943
1704660 948
1704670 948
1704680 953
1704690 958
1704700 958
1704710 962
1704720 967
1704730 967
1704740 970
1704750 973
1704760 973
1704770 976
1704780 980
1704790 980
1704800 985
1704810 993
1704820 993
1704830 999
1704840 1008
1704850 1008
1704860 1013
1704870 1015
1704880 1015
1704890 1018
1704900 1019
1704910 1021
1704920 1021
1704930 1023
1704940 1025
1704950 1025
1704960 1028
1704970 1030
1704980 1030
1704990 1033
1705000 1036
1705010 1036
1705020 1040
1705030 1043
1705040 1043
1705050 1047
1705060 1052
1705070 1052
1705080 1057
1705090 1061
1705100 1061
1705110 1067
1705120 1072
1705130 1072
1705140 1078
1705150 1083
1705160 1083
1705170 1088
1705180 1094
1705190 1094
1705200 1099
1705210 1105
1705220 1105
1705230 1112
1705240 1116
1705250 1116
1705260 1121
1705270 1126
1705280 1126
1705290 1132
1705300 1139
1705310 1139
1705320 1147
1705330 1153
1705340 1153
1705350 1158
1705360 1162
1705370 1162
1705380 1165
1705390 1170
1705400 1170
1705410 1173
1705420 1178
1705430 1178
1705440 1183
1705450 1188
1705460 1188
1705470 1195
1705480 1201
1705490 1207
1705500 1207
1705510 1216
1705520 1221
1705530 1221
1705540 1226
1705550 1228
1705560 1228
1705570 1228
1705580 1227
1705590 1227
1705600 1227
1705610 1227
1705620 1227
1705630 1228
1705640 1227
1705650 1227
1705660 1227
1705670 1227
1705680 1227
1705690 1226
1705700 1226
1705710 1226
1705720 1227
1705730 1229
1705740 1229
1705750 1231
1705760 1232
1705770 1232
1705780 1235
1705790 1228
1705800 1228
1705810 1215
1705820 1208
1705830 1208
1705840 1208
1705850 1204
1705860 1204
1705870 1203
1705880 1207
1705890 1207
1705900 1203
1705910 1193
1705920 1193
1705930 1183
1705940 1175
1705950 1175
1705960 1169
1705970 1162
1705980 1162
1705990 1156
1706000 1150
1706010 1150
1706020 1144
1706030 1138
1706040 1138
1706050 1132
1706060 1128
1706070 1124
1706080 1124
1706090 1119
1706100 1115
1706110 1115
1706120 1112
1706130 1108
1706140 1108
1706150 1105
1706160 1100
1706170 1100
1706180 1096
1706190 1092
1706200 1092
1706210 1088
1706220 1083
1706230 1083
1706240 1078
1706250 1074
1706260 1074
1706270 1069
1706280 1066
1706290 1066
1706300 1061
1706310 1056
1706320 1056
1706330 1052
1706340 1048
1706350 1048
1706360 1045
1706370 1041
1706380 1041
1706390 1037
1706400 1033
1706410 1033
1706420 1029
1706430 1025
1706440 1025
1706450 1020
1706460 1014
1706470 1014
1706480 1009
1706490 1002
1706500 1002
1706510 995
1706520 989
1706530 989
1706540 985
1706550 983
1706560 983
1706570 980
1706580 978
1706590 978
1706600 976
1706610 974
1706620 974
1706630 973
1706640 972
1706650 972
1706660 970
1706670 969
1706680 968
1706690 968
1706700 967
1706710 964
1706720 964
1706730 961
1706740 961
1706750 961
1706760 960
1706770 960
1706780 960
1706790 959
1706800 959
1706810 959
1706820 958
1706830 959
1706840 959
1706850 957
1706860 957
1706870 957
1706880 960
1706890 963
1706900 963
1706910 964
1706920 964
1706930 964
1706940 963
1706950 963
1706960 963
1706970 963
1706980 963
1706990 963
1707000 961
1707010 958
1707020 958
1707030 957
1707040 957
1707050 957
1707060 958
1707070 958
1707080 958
1707090 958
1707100 959
1707110 959
1707120 960
1707130 961
1707140 961
1707150 961
1707160 963
1707170 963
1707180 964
1707190 965
1707200 965
1707210 967
1707220 970
1707230 970
1707240 971
1707250 972
1707260 972
1707270 972
1707280 972
1707290 971
1707300 971
1707310 971
1707320 972
1707330 972
1707340 972
1707350 971
1707360 971
1707370 974
1707380 976
1707390 976
1707400 977
1707410 977
1707420 977
1707430 977
1707440 977
1707450 977
1707460 977
1707470 978
1707480 978
1707490 979
1707500 981
1707510 981
1707520 982
1707530 983
1707540 983
1707550 985
1707560 987
1707570 987
1707580 988
1707590 989
1707600 989
1707610 990
1707620 991
1707630 991
1707640 993
1707650 995
1707660 995
1707670 997
1707680 999
1707690 999
1707700 1001
1707710 1003
1707720 1003
1707730 1006
1707740 1009
1707750 1009
1707760 1013
1707770 1015
1707780 1015
1707790 1017
1707800 1019
1707810 1019
1707820 1022
1707830 1024
1707840 1026
1707850 1026
1707860 1028
1707870 1030
1707880 1030
1707890 1032
1707900 1036
1707910 1036
1707920 1039
1707930 1044
1707940 1044
1707950 1048
1707960 1052
1707970 1052
1707980 1056
1707990 1059
1708000 1059
1708010 1061
1708020 1064
1708030 1064
1708040 1066
1708050 1070
1708060 1070
1708070 1074
1708080 1076
1708090 1076
1708100 1079
1708110 1074
1708120 1074
1708130 1069
1708140 1063
1708150 1063
1708160 1058
1708170 1052
1708180 1052
1708190 1050
1708200 1050
1708210 1050
1708220 1051
1708230 1050
1708240 1050
1708250 1051
1708260 1054
1708270 1054
1708280 1059
1708290 1063
1708300 1063
1708310 1067
1708320 1071
1708330 1071
1708340 1074
1708350 1077
1708360 1077
1708370 1080
1708380 1082
1708390 1082
1708400 1083
1708410 1083
1708420 1083
1708430 1083
1708440 1081
1708450 1079
1708460 1079
1708470 1077
1708480 1074
1708490 1074
1708500 1071
1708510 1068
1708520 1068
1708530 1064
1708540 1060
1708550 1060
1708560 1058
1708570 1059
1708580 1059
1708590 1058
1708600 1057
1708610 1057
1708620 1057
1708630 1055
1708640 1055
1708650 1052
1708660 1050
1708670 1050
1708680 1049
1708690 1047
1708700 1047
1708710 1045
1708720 1043
1708730 1043
1708740 1041
1708750 1038
1708760 1038
1708770 1040
1708780 1040
1708790 1040
1708800 1040
1708810 1040
1708820 1040
1708830 1039
1708840 1039
1708850 1039
1708860 1037
1708870 1035
1708880 1035
1708890 1035
1708900 1034
1708910 1034
1708920 1034
1708930 1033
1708940 1033
1708950 1031
1708960 1032
1708970 1032
1708980 1032
1708990 1031
1709000 1031
1709010 1028
1709020 1026
1709030 1022
1709040 1022
1709050 1019
1709060 1016
1709070 1016
1709080 1014
1709090 1013
1709100 1013
1709110 1012
1709120 1011
1709130 1011
1709140 1011
1709150 1011
1709160 1011
1709170 1010
1709180 1009
1709190 1009
1709200 1009
1709210 1010
1709220 1010
1709230 1009
1709240 1010
1709250 1010
1709260 1010
1709270 1010
1709280 1010
1709290 1009
1709300 1008
1709310 1008
1709320 1007
1709330 1006
1709340 1006
1709350 1006
1709360 1005
1709370 1005
1709380 1006
1709390 1005
1709400 1005
1709410 1003
1709420 999
1709430 999
1709440 994
1709450 988
1709460 988
1709470 981
1709480 975
1709490 975
1709500 970
1709510 963
1709520 963
1709530 957
1709540 951
1709550 951
1709560 946
1709570 940
1709580 940
1709590 938
1709600 940
1709610 944
1709620 944
1709630 950
1709640 953
1709650 953
1709660 958
1709670 963
1709680 963
1709690 969
1709700 974
1709710 974
1709720 980
1709730 989
1709740 989
1709750 994
1709760 1001
1709770 1001
1709780 1004
1709790 1007
1709800 1007
1709810 1009
1709820 1013
1709830 1013
1709840 1016
1709850 1020
1709860 1020
1709870 1019
1709880 1014
1709890 1014
1709900 1010
1709910 1007
1709920 1007
1709930 1004
1709940 999
1709950 999
1709960 995
1709970 992
1709980 992
1709990 990
1710000 990
1710010 990
1710020 990
1710030 991
1710040 991
1710050 994
1710060 992
1710070 992
1710080 988
1710090 984
1710100 984
1710110 980
1710120 978
1710130 978
1710140 974
1710150 970
1710160 970
1710170 969
1710180 967
1710190 966
1710200 966
1710210 966
1710220 965
1710230 965
1710240 962
1710250 960
1710260 960
1710270 962
1710280 968
1710290 968
1710300 972
1710310 977
1710320 977
1710330 980
1710340 982
1710350 982
1710360 985
1710370 986
1710380 986
1710390 987
1710400 988
1710410 988
1710420 991
1710430 993
1710440 993
1710450 996
1710460 997
1710470 997
1710480 1003
1710490 1005
1710500 1005
1710510 1006
1710520 1007
1710530 1007
1710540 1009
1710550 1011
1710560 1011
1710570 1014
1710580 1017
1710590 1017
1710600 1018
1710610 1019
1710620 1019
1710630 1020
1710640 1021
1710650 1021
1710660 1022
1710670 1024
1710680 1024
1710690 1024
1710700 1026
1710710 1026
1710720 1026
1710730 1026
1710740 1026
1710750 1027
1710760 1027
1710770 1027
1710780 1028
1710790 1030
1710800 1030
1710810 1030
1710820 1028
1710830 1025
1710840 1025
1710850 1022
1710860 1018
1710870 1018
1710880 1015
1710890 1011
1710900 1011
1710910 1008
1710920 1005
1710930 1005
1710940 1003
1710950 1001
1710960 1001
1710970 997
1710980 995
1710990 995
1711000 992
1711010 987
1711020 987
1711030 985
1711040 983
1711050 983
1711060 980
1711070 976
1711080 976
1711090 972
1711100 970
1711110 970
1711120 966
1711130 963
1711140 963
1711150 960
1711160 955
1711170 955
1711180 952
1711190 948
1711200 948
1711210 947
1711220 948
1711230 948
1711240 948
1711250 945
1711260 945
1711270 942
1711280 939
1711290 939
1711300 940
1711310 940
1711320 940
1711330 941
1711340 942
1711350 942
1711360 944
1711370 945
1711380 947
1711390 947
1711400 948
1711410 949
1711420 949
1711430 949
1711440 949
1711450 949
1711460 951
1711470 952
1711480 952
1711490 952
1711500 953
1711510 953
1711520 954
1711530 954
1711540 954
1711550 957
1711560 958
1711570 958
1711580 958
1711590 956
1711600 956
1711610 942
1711620 936
1711630 936
1711640 930
1711650 922
1711660 922
1711670 917
1711680 912
1711690 912
1711700 908
1711710 905
1711720 905
1711730 903
1711740 907
1711750 907
1711760 912
1711770 916
1711780 916
1711790 916
1711800 917
1711810 917
1711820 918
1711830 918
1711840 918
1711850 920
1711860 923
1711870 923
1711880 923
1711890 923
1711900 923
1711910 926
1711920 924
1711930 924
1711940 922
1711950 920
1711960 918
1711970 918
1711980 915
1711990 912
1712000 912
1712010 908
1712020 910
1712030 910
1712040 915
1712050 918
1712060 918
1712070 921
1712080 923
1712090 923
1712100 925
1712110 925
1712120 925
1712130 921
1712140 921
1712150 921
1712160 920
1712170 918
1712180 918
1712190 920
1712200 924
1712210 924
1712220 929
1712230 935
1712240 935
1712250 940
1712260 946
1712270 946
1712280 951
1712290 957
1712300 957
1712310 961
1712320 967
1712330 967
1712340 968
1712350 957
1712360 957
1712370 950
1712380 946
1712390 946
1712400 942
1712410 939
1712420 939
1712430 939
1712440 940
1712450 940
1712460 940
1712470 943
1712480 943
1712490 946
1712500 950
1712510 950
1712520 955
1712530 958
1712540 963
1712550 963
1712560 969
1712570 975
1712580 975
1712590 981
1712600 987
1712610 987
1712620 993
1712630 998
1712640 998
1712650 1002
1712660 1006
1712670 1006
1712680 1004
1712690 1005
1712700 1005
1712710 1005
1712720 1004
1712730 1004
1712740 1004
1712750 1006
1712760 1006
1712770 1006
1712780 1005
1712790 1005
1712800 1000
1712810 992
1712820 992
1712830 984
1712840 979
1712850 979
1712860 973
1712870 972
1712880 972
1712890 972
1712900 969
1712910 969
1712920 966
1712930 967
1712940 967
1712950 966
1712960 968
1712970 968
1712980 973
1712990 978
1713000 978
1713010 980
1713020 982
1713030 982
1713040 988
1713050 993
1713060 993
1713070 998
1713080 1005
1713090 1005
1713100 1011
1713110 1016
1713120 1016
1713130 1021
1713140 1026
1713150 1031
1713160 1031
1713170 1034
1713180 1036
1713190 1036
1713200 1040
1713210 1045
1713220 1045
1713230 1048
1713240 1051
1713250 1051
1713260 1054
1713270 1054
1713280 1054
1713290 1051
1713300 1047
1713310 1047
1713320 1042
1713330 1038
1713340 1038
1713350 1033
1713360 1030
1713370 1030
1713380 1027
1713390 1025
1713400 1025
1713410 1023
1713420 1020
1713430 1020
1713440 1018
1713450 1016
1713460 1016
1713470 1012
1713480 1008
1713490 1008
1713500 1003
1713510 998
1713520 994
1713530 990
1713540 984
1713550 984
1713560 977
1713570 976
1713580 976
1713590 977
1713600 976
1713610 976
1713620 973
1713630 969
1713640 969
1713650 964
1713660 958
1713670 958
1713680 953
1713690 948
1713700 948
1713710 944
1713720 939
1713730 936
1713740 936
1713750 936
1713760 934
1713770 934
1713780 937
1713790 939
1713800 939
1713810 942
1713820 946
1713830 946
1713840 950
1713850 953
1713860 953
1713870 958
1713880 962
1713890 962
1713900 964
1713910 968
1713920 968
1713930 971
1713940 973
1713950 973
1713960 975
1713970 976
1713980 976
1713990 976
1714000 976
1714010 976
1714020 976
1714030 975
1714040 975
1714050 972
1714060 967
1714070 967
1714080 964
1714090 961
1714100 961
1714110 962
1714120 963
1714130 963
1714140 968
1714150 972
1714160 972
1714170 976
1714180 978
1714190 978
1714200 975
1714210 972
1714220 972
1714230 971
1714240 972
1714250 972
1714260 971
1714270 970
1714280 970
1714290 970
1714300 970
1714310 971
1714320 971
1714330 971
1714340 968
1714350 968
1714360 964
1714370 961
1714380 961
1714390 960
1714400 961
1714410 961
1714420 961
1714430 962
1714440 962
1714450 962
1714460 962
1714470 962
1714480 960
1714490 961
1714500 961
1714510 962
1714520 962
1714530 962
1714540 963
1714550 963
1714560 963
1714570 963
1714580 963
1714590 963
1714600 963
1714610 961
1714620 961
1714630 960
1714640 959
1714650 959
1714660 957
1714670 956
1714680 956
1714690 955
1714700 952
1714710 952
1714720 948
1714730 946
1714740 946
1714750 944
1714760 940
1714770 940
1714780 937
1714790 937
1714800 937
1714810 937
1714820 937
1714830 937
1714840 937
1714850 935
1714860 935
1714870 932
1714880 927
1714890 927
1714900 925
1714910 927
1714920 927
1714930 927
1714940 925
1714950 922
1714960 922
1714970 920
1714980 920
1714990 920
1715000 918
1715010 923
1715020 923
1715030 929
1715040 935
1715050 935
1715060 941
1715070 947
1715080 947
1715090 953
1715100 959
1715110 959
1715120 963
1715130 963
1715140 963
1715150 960
1715160 955
1715170 955
1715180 948
1715190 945
1715200 945
1715210 945
1715220 945
1715230 945
1715240 946
1715250 947
1715260 947
1715270 948
1715280 949
1715290 949
1715300 950
1715310 951
1715320 951
1715330 953
1715340 954
1715350 954
1715360 953
1715370 952
1715380 952
1715390 951
1715400 949
1715410 949
1715420 944
1715430 939
1715440 939
1715450 934
1715460 931
1715470 931
1715480 928
1715490 925
1715500 921
1715510 921
1715520 918
1715530 915
1715540 915
1715550 913
1715560 909
1715570 909
1715580 903
1715590 898
1715600 898
1715610 894
1715620 892
1715630 892
1715640 890
1715650 891
1715660 891
1715670 893
1715680 895
1715690 895
1715700 896
1715710 897
1715720 897
1715730 897
1715740 896
1715750 896
1715760 891
1715770 882
1715780 882
1715790 881
1715800 882
1715810 882
1715820 881
1715830 877
1715840 877
1715850 871
1715860 870
1715870 870
1715880 868
1715890 868
1715900 868
1715910 871
1715920 873
1715930 873
1715940 872
1715950 871
1715960 871
1715970 873
1715980 873
1715990 873
1716000 875
1716010 876
1716020 876
1716030 881
1716040 885
1716050 885
1716060 884
1716070 881
1716080 877
1716090 877
1716100 873
1716110 864
1716120 864
1716130 860
1716140 858
1716150 858
1716160 858
1716170 859
1716180 859
1716190 861
1716200 857
1716210 857
1716220 857
1716230 857
1716240 857
1716250 856
1716260 856
1716270 856
1716280 856
1716290 856
1716300 856
1716310 856
1716320 857
1716330 857
1716340 858
1716350 856
1716360 856
1716370 857
1716380 858
1716390 858
1716400 863
1716410 871
1716420 871
1716430 878
1716440 873
1716450 873
1716460 874
1716470 878
1716480 878
1716490 878
1716500 878
1716510 878
1716520 878
1716530 875
1716540 875
1716550 880
1716560 887
1716570 887
1716580 894
1716590 902
1716600 902
1716610 906
1716620 913
1716630 913
1716640 916
1716650 922
1716660 922
1716670 928
1716680 925
1716690 929
1716700 929
1716710 934
1716720 940
1716730 940
1716740 945
1716750 950
1716760 950
1716770 954
1716780 958
1716790 958
1716800 962
1716810 966
1716820 966
1716830 968
1716840 966
1716850 966
1716860 962
1716870 956
1716880 956
1716890 949
1716900 942
1716910 942
1716920 936
1716930 929
1716940 929
1716950 923
1716960 918
1716970 918
1716980 915
