1760000 694
1760010 691
1760020 688
1760030 685
1760040 682
1760050 678
1760060 675
1760070 672
1760080 669
1760090 666
1760100 664
1760110 662
1760120 662
1760130 664
1760140 668
1760150 670
1760160 672
1760170 674
1760180 676
1760190 679
1760200 683
1760210 686
1760220 692
1760230 698
1760240 696
1760250 695
1760260 694
1760270 696
1760280 702
1760290 710
1760300 717
1760310 722
1760320 726
1760330 729
1760340 732
1760350 736
1760360 739
1760370 740
1760380 740
1760390 737
1760400 735
1760410 733
1760420 734
1760430 736
1760440 739
1760450 744
1760460 748
1760470 754
1760480 762
1760490 766
1760500 769
1760510 770
1760520 770
1760530 768
1760540 765
1760550 761
1760560 758
1760570 755
1760580 752
1760590 751
1760600 750
1760610 751
1760620 753
1760630 754
1760640 755
1760650 756
1760660 758
1760670 760
1760680 763
1760690 767
1760700 774
1760710 782
1760720 789
1760730 793
1760740 797
1760750 800
1760760 803
1760770 805
1760780 806
1760790 808
1760800 811
1760810 813
1760820 813
1760830 815
1760840 817
1760850 819
1760860 822
1760870 825
1760880 828
1760890 832
1760900 835
1760910 838
1760920 842
1760930 845
1760940 848
1760950 851
1760960 853
1760970 856
1760980 858
1760990 861
1761000 862
1761010 863
1761020 864
1761030 864
1761040 864
1761050 864
1761060 865
1761070 865
1761080 866
1761090 866
1761100 867
1761110 868
1761120 869
1761130 871
1761140 872
1761150 874
1761160 875
1761170 877
1761180 878
1761190 877
1761200 877
1761210 878
1761220 878
1761230 878
1761240 878
1761250 878
1761260 877
1761270 877
1761280 876
1761290 875
1761300 874
1761310 872
1761320 871
1761330 869
1761340 868
1761350 867
1761360 867
1761370 866
1761380 866
1761390 866
1761400 866
1761410 866
1761420 867
1761430 867
1761440 866
1761450 865
1761460 863
1761470 859
1761480 855
1761490 850
1761500 846
1761510 841
1761520 837
1761530 833
1761540 829
1761550 824
1761560 820
1761570 815
1761580 811
1761590 806
1761600 802
1761610 798
1761620 795
1761630 791
1761640 787
1761650 782
1761660 778
1761670 774
1761680 772
1761690 770
1761700 766
1761710 764
1761720 763
1761730 766
1761740 767
1761750 768
1761760 768
1761770 769
1761780 769
1761790 768
1761800 768
1761810 768
1761820 771
1761830 775
1761840 778
1761850 781
1761860 784
1761870 786
1761880 787
1761890 788
1761900 790
1761910 793
1761920 796
1761930 798
1761940 801
1761950 803
1761960 806
1761970 809
1761980 812
1761990 815
1762000 818
1762010 822
1762020 825
1762030 828
1762040 832
1762050 835
1762060 839
1762070 839
1762080 838
1762090 835
1762100 832
1762110 829
1762120 826
1762130 823
1762140 820
1762150 817
1762160 814
1762170 811
1762180 807
1762190 804
1762200 801
1762210 797
1762220 793
1762230 789
1762240 785
1762250 782
1762260 778
1762270 774
1762280 769
1762290 764
1762300 759
1762310 753
1762320 747
1762330 742
1762340 738
1762350 735
1762360 732
1762370 730
1762380 729
1762390 728
1762400 728
1762410 727
1762420 726
1762430 726
1762440 725
1762450 724
1762460 724
1762470 723
1762480 721
1762490 720
1762500 717
1762510 715
1762520 714
1762530 712
1762540 711
1762550 710
1762560 709
1762570 708
1762580 706
1762590 706
1762600 704
1762610 703
1762620 701
1762630 697
1762640 693
1762650 689
1762660 686
1762670 684
1762680 683
1762690 683
1762700 683
1762710 683
1762720 681
1762730 678
1762740 674
1762750 670
1762760 666
1762770 661
1762780 656
1762790 651
1762800 648
1762810 646
1762820 645
1762830 644
1762840 642
1762850 640
1762860 637
1762870 633
1762880 629
1762890 625
1762900 621
1762910 618
1762920 616
1762930 615
1762940 614
1762950 615
1762960 617
1762970 617
1762980 618
1762990 618
1763000 617
1763010 617
1763020 615
1763030 614
1763040 613
1763050 612
1763060 611
1763070 610
1763080 608
1763090 606
1763100 604
1763110 598
1763120 594
1763130 590
1763140 586
1763150 583
1763160 580
1763170 579
1763180 578
1763190 576
1763200 576
1763210 578
1763220 581
1763230 582
1763240 582
1763250 581
1763260 579
1763270 578
1763280 578
1763290 578
1763300 577
1763310 576
1763320 574
1763330 572
1763340 568
1763350 563
1763360 560
1763370 558
1763380 559
1763390 559
1763400 558
1763410 557
1763420 555
1763430 553
1763440 552
1763450 550
1763460 550
1763470 549
1763480 548
1763490 546
1763500 545
1763510 545
1763520 544
1763530 543
1763540 543
1763550 542
1763560 541
1763570 541
1763580 540
1763590 539
1763600 538
1763610 538
1763620 538
1763630 537
1763640 537
1763650 537
1763660 536
1763670 536
1763680 536
1763690 536
1763700 536
1763710 536
1763720 536
1763730 536
1763740 536
1763750 535
1763760 535
1763770 535
1763780 536
1763790 536
1763800 536
1763810 536
1763820 536
1763830 536
1763840 537
1763850 537
1763860 537
1763870 537
1763880 537
1763890 537
1763900 537
1763910 537
1763920 538
1763930 538
1763940 538
1763950 538
1763960 538
1763970 538
1763980 539
1763990 539
1764000 540
1764010 540
1764020 541
1764030 543
1764040 544
1764050 546
1764060 548
1764070 550
1764080 553
1764090 556
1764100 558
1764110 561
1764120 565
1764130 568
1764140 571
1764150 575
1764160 578
1764170 582
1764180 586
1764190 590
1764200 594
1764210 597
1764220 601
1764230 605
1764240 608
1764250 612
1764260 615
1764270 615
1764280 613
1764290 609
1764300 604
1764310 600
1764320 596
1764330 591
1764340 587
1764350 584
1764360 581
1764370 579
1764380 577
1764390 575
1764400 572
1764410 568
1764420 564
1764430 561
1764440 557
1764450 553
1764460 551
1764470 550
1764480 552
1764490 555
1764500 557
1764510 560
1764520 562
1764530 564
1764540 567
1764550 569
1764560 572
1764570 575
1764580 578
1764590 581
1764600 584
1764610 587
1764620 590
1764630 594
1764640 598
1764650 602
1764660 606
1764670 610
1764680 614
1764690 619
1764700 623
1764710 627
1764720 632
1764730 636
1764740 640
1764750 643
1764760 646
1764770 648
1764780 646
1764790 643
1764800 639
1764810 634
1764820 629
1764830 624
1764840 619
1764850 614
1764860 608
1764870 604
1764880 599
1764890 595
1764900 591
1764910 588
1764920 586
1764930 584
1764940 583
1764950 583
1764960 585
1764970 586
1764980 588
1764990 590
1765000 592
1765010 594
1765020 597
1765030 600
1765040 603
1765050 606
1765060 610
1765070 614
1765080 618
1765090 622
1765100 625
1765110 629
1765120 633
1765130 637
1765140 641
1765150 644
1765160 648
1765170 652
1765180 656
1765190 660
1765200 664
1765210 668
1765220 672
1765230 676
1765240 681
1765250 685
1765260 690
1765270 694
1765280 699
1765290 704
1765300 708
1765310 712
1765320 716
1765330 720
1765340 724
1765350 727
1765360 731
1765370 734
1765380 737
1765390 740
1765400 742
1765410 743
1765420 742
1765430 741
1765440 740
1765450 740
1765460 740
1765470 741
1765480 739
1765490 737
1765500 734
1765510 730
1765520 727
1765530 723
1765540 720
1765550 718
1765560 717
1765570 717
1765580 716
1765590 715
1765600 715
1765610 716
1765620 717
1765630 718
1765640 719
1765650 721
1765660 723
1765670 725
1765680 727
1765690 730
1765700 734
1765710 738
1765720 742
1765730 746
1765740 749
1765750 753
1765760 755
1765770 757
1765780 759
1765790 761
1765800 763
1765810 764
1765820 766
1765830 768
1765840 770
1765850 772
1765860 774
1765870 775
1765880 777
1765890 778
1765900 779
1765910 781
1765920 782
1765930 782
1765940 780
1765950 777
1765960 774
1765970 770
1765980 767
1765990 764
1766000 760
1766010 756
1766020 753
1766030 749
1766040 746
1766050 743
1766060 740
1766070 737
1766080 735
1766090 732
1766100 731
1766110 730
1766120 731
1766130 732
1766140 734
1766150 736
1766160 738
1766170 740
1766180 741
1766190 743
1766200 745
1766210 747
1766220 749
1766230 751
1766240 754
1766250 756
1766260 758
1766270 759
1766280 759
1766290 758
1766300 757
1766310 755
1766320 754
1766330 753
1766340 751
1766350 749
1766360 747
1766370 744
1766380 742
1766390 740
1766400 741
1766410 743
1766420 746
1766430 749
1766440 752
1766450 756
1766460 759
1766470 762
1766480 765
1766490 768
1766500 770
1766510 773
1766520 775
1766530 777
1766540 779
1766550 782
1766560 784
1766570 786
1766580 789
1766590 791
1766600 793
1766610 796
1766620 797
1766630 799
1766640 799
1766650 798
1766660 798
1766670 798
1766680 799
1766690 798
1766700 798
1766710 798
1766720 797
1766730 796
1766740 794
1766750 792
1766760 787
1766770 782
1766780 777
1766790 774
1766800 770
1766810 767
1766820 763
1766830 760
1766840 758
1766850 758
1766860 757
1766870 755
1766880 754
1766890 753
1766900 751
1766910 750
1766920 748
1766930 746
1766940 744
1766950 741
1766960 738
1766970 734
1766980 732
1766990 731
1767000 731
1767010 732
1767020 734
1767030 736
1767040 738
1767050 739
1767060 740
1767070 741
1767080 741
1767090 740
1767100 739
1767110 737
1767120 735
1767130 733
1767140 730
1767150 728
1767160 727
1767170 725
1767180 723
1767190 721
1767200 721
1767210 722
1767220 723
1767230 723
1767240 723
1767250 722
1767260 720
1767270 719
1767280 718
1767290 716
1767300 714
1767310 713
1767320 711
1767330 708
1767340 706
1767350 703
1767360 701
1767370 699
1767380 696
1767390 694
1767400 692
1767410 690
1767420 688
1767430 685
1767440 681
1767450 678
1767460 674
1767470 670
1767480 666
1767490 661
1767500 657
1767510 652
1767520 647
1767530 643
1767540 639
1767550 635
1767560 631
1767570 626
1767580 623
1767590 621
1767600 620
1767610 620
1767620 621
1767630 620
1767640 619
1767650 617
1767660 615
1767670 612
1767680 613
1767690 614
1767700 616
1767710 619
1767720 620
1767730 621
1767740 620
1767750 619
1767760 619
1767770 621
1767780 622
1767790 623
1767800 623
1767810 624
1767820 625
1767830 627
1767840 630
1767850 632
1767860 634
1767870 634
1767880 635
1767890 634
1767900 633
1767910 632
1767920 631
1767930 629
1767940 628
1767950 625
1767960 622
1767970 618
1767980 614
1767990 610
1768000 606
1768010 603
1768020 599
1768030 595
1768040 591
1768050 587
1768060 583
1768070 580
1768080 575
1768090 571
1768100 566
1768110 561
1768120 556
1768130 552
1768140 549
1768150 546
1768160 544
1768170 541
1768180 539
1768190 536
1768200 533
1768210 531
1768220 530
1768230 530
1768240 531
1768250 532
1768260 536
1768270 540
1768280 544
1768290 548
1768300 553
1768310 557
1768320 561
1768330 565
1768340 570
1768350 574
1768360 577
1768370 581
1768380 585
1768390 589
1768400 593
1768410 596
1768420 599
1768430 601
1768440 603
1768450 603
1768460 602
1768470 600
1768480 598
1768490 595
1768500 594
1768510 592
1768520 592
1768530 591
1768540 590
1768550 588
1768560 586
1768570 583
1768580 580
1768590 577
1768600 574
1768610 570
1768620 567
1768630 563
1768640 559
1768650 554
1768660 550
1768670 546
1768680 542
1768690 540
1768700 537
1768710 536
1768720 535
1768730 536
1768740 536
1768750 536
1768760 536
1768770 536
1768780 536
1768790 536
1768800 537
1768810 538
1768820 540
1768830 543
1768840 546
1768850 550
1768860 554
1768870 558
1768880 562
1768890 566
1768900 569
1768910 572
1768920 575
1768930 579
1768940 581
1768950 584
1768960 587
1768970 590
1768980 593
1768990 596
1769000 599
1769010 601
1769020 603
1769030 605
1769040 606
1769050 606
1769060 607
1769070 608
1769080 609
1769090 610
1769100 609
1769110 609
1769120 609
1769130 608
1769140 608
1769150 607
1769160 607
1769170 607
1769180 607
1769190 606
1769200 605
1769210 603
1769220 601
1769230 598
1769240 594
1769250 590
1769260 588
1769270 586
1769280 587
1769290 590
1769300 594
1769310 597
1769320 599
1769330 602
1769340 605
1769350 608
1769360 611
1769370 613
1769380 616
1769390 618
1769400 620
1769410 623
1769420 625
1769430 627
1769440 630
1769450 632
1769460 634
1769470 635
1769480 633
1769490 630
1769500 626
1769510 621
1769520 617
1769530 613
1769540 610
1769550 610
1769560 611
1769570 612
1769580 614
1769590 616
1769600 619
1769610 621
1769620 624
1769630 628
1769640 631
1769650 634
1769660 637
1769670 638
1769680 638
1769690 634
1769700 630
1769710 625
1769720 622
1769730 618
1769740 616
1769750 613
1769760 611
1769770 610
1769780 609
1769790 609
1769800 610
1769810 610
1769820 611
1769830 613
1769840 613
1769850 613
1769860 613
1769870 613
1769880 614
1769890 615
1769900 618
1769910 622
1769920 625
1769930 630
1769940 634
1769950 638
1769960 643
1769970 647
1769980 651
1769990 655
1770000 658
1770010 660
1770020 662
1770030 665
1770040 667
1770050 670
1770060 672
1770070 674
1770080 675
1770090 676
1770100 677
1770110 679
1770120 682
1770130 684
1770140 688
1770150 690
1770160 691
1770170 693
1770180 694
1770190 695
1770200 697
1770210 699
1770220 701
1770230 703
1770240 704
1770250 704
1770260 704
1770270 703
1770280 702
1770290 701
1770300 700
1770310 699
1770320 699
1770330 697
1770340 698
1770350 701
1770360 706
1770370 711
1770380 717
1770390 722
1770400 728
1770410 733
1770420 738
1770430 741
1770440 742
1770450 742
1770460 742
1770470 742
1770480 744
1770490 745
1770500 746
1770510 746
1770520 746
1770530 746
1770540 748
1770550 752
1770560 757
1770570 762
1770580 768
1770590 774
1770600 779
1770610 784
1770620 789
1770630 794
1770640 798
1770650 803
1770660 807
1770670 810
1770680 812
1770690 815
1770700 817
1770710 818
1770720 820
1770730 822
1770740 824
1770750 825
1770760 827
1770770 829
1770780 831
1770790 833
1770800 835
1770810 837
1770820 839
1770830 841
1770840 844
1770850 849
1770860 853
1770870 857
1770880 861
1770890 865
1770900 868
1770910 872
1770920 875
1770930 878
1770940 882
1770950 885
1770960 888
1770970 891
1770980 893
1770990 896
1771000 898
1771010 899
1771020 900
1771030 898
1771040 895
1771050 893
1771060 890
1771070 887
1771080 884
1771090 881
1771100 878
1771110 875
1771120 871
1771130 867
1771140 864
1771150 860
1771160 856
1771170 852
1771180 848
1771190 844
1771200 841
1771210 838
1771220 836
1771230 835
1771240 837
1771250 838
1771260 839
1771270 840
1771280 841
1771290 842
1771300 844
1771310 845
1771320 846
1771330 848
1771340 849
1771350 850
1771360 851
1771370 852
1771380 854
1771390 855
1771400 856
1771410 858
1771420 859
1771430 857
1771440 855
1771450 851
1771460 847
1771470 843
1771480 838
1771490 834
1771500 829
1771510 824
1771520 819
1771530 815
1771540 810
1771550 805
1771560 800
1771570 795
1771580 790
1771590 785
1771600 780
1771610 776
1771620 771
1771630 767
1771640 763
1771650 759
1771660 756
1771670 757
1771680 758
1771690 761
1771700 763
1771710 765
1771720 766
1771730 769
1771740 771
1771750 775
1771760 777
1771770 780
1771780 783
1771790 787
1771800 790
1771810 794
1771820 797
1771830 799
1771840 803
1771850 806
1771860 808
1771870 811
1771880 814
1771890 817
1771900 820
1771910 823
1771920 826
1771930 829
1771940 832
1771950 834
1771960 835
1771970 835
1771980 833
1771990 831
1772000 829
1772010 827
1772020 826
1772030 827
1772040 828
1772050 829
1772060 830
1772070 832
1772080 833
1772090 835
1772100 836
1772110 838
1772120 839
1772130 840
1772140 840
1772150 841
1772160 841
1772170 841
1772180 841
1772190 839
1772200 837
1772210 835
1772220 833
1772230 830
1772240 827
1772250 824
1772260 821
1772270 818
1772280 814
1772290 810
1772300 805
1772310 801
1772320 796
1772330 792
1772340 787
1772350 782
1772360 778
1772370 774
1772380 769
1772390 765
1772400 760
1772410 755
1772420 750
1772430 746
1772440 741
1772450 737
1772460 734
1772470 732
1772480 731
1772490 732
1772500 732
1772510 732
1772520 732
1772530 732
1772540 732
1772550 732
1772560 732
1772570 732
1772580 732
1772590 732
1772600 731
1772610 731
1772620 731
1772630 731
1772640 731
1772650 731
1772660 731
1772670 731
1772680 730
1772690 729
1772700 727
1772710 725
1772720 723
1772730 720
1772740 717
1772750 715
1772760 712
1772770 709
1772780 706
1772790 703
1772800 701
1772810 698
1772820 695
1772830 692
1772840 689
1772850 686
1772860 682
1772870 677
1772880 671
1772890 666
1772900 662
1772910 657
1772920 654
1772930 652
1772940 651
1772950 651
1772960 651
1772970 651
1772980 651
1772990 652
1773000 654
1773010 656
1773020 657
1773030 657
1773040 656
1773050 655
1773060 654
1773070 654
1773080 654
1773090 655
1773100 654
1773110 652
1773120 648
1773130 645
1773140 642
1773150 640
1773160 639
1773170 638
1773180 638
1773190 638
1773200 638
1773210 639
1773220 640
1773230 640
1773240 641
1773250 641
1773260 642
1773270 642
1773280 643
1773290 644
1773300 645
1773310 646
1773320 646
1773330 645
1773340 644
1773350 644
1773360 644
1773370 644
1773380 645
1773390 646
1773400 647
1773410 649
1773420 650
1773430 651
1773440 652
1773450 652
1773460 652
1773470 651
1773480 650
1773490 649
1773500 650
1773510 651
1773520 651
1773530 652
1773540 653
1773550 654
1773560 654
1773570 652
1773580 648
1773590 643
1773600 639
1773610 636
1773620 635
1773630 636
1773640 637
1773650 640
1773660 645
1773670 652
1773680 655
1773690 655
1773700 652
1773710 648
1773720 644
1773730 642
1773740 642
1773750 641
1773760 641
1773770 639
1773780 638
1773790 638
1773800 639
1773810 639
1773820 639
1773830 637
1773840 636
1773850 637
1773860 638
1773870 639
1773880 638
1773890 639
1773900 638
1773910 638
1773920 639
1773930 641
1773940 643
1773950 647
1773960 649
1773970 651
1773980 650
1773990 649
1774000 648
1774010 648
1774020 649
1774030 651
1774040 652
1774050 654
1774060 656
1774070 658
1774080 660
1774090 663
1774100 665
1774110 667
1774120 669
1774130 670
1774140 671
1774150 672
1774160 671
1774170 669
1774180 666
1774190 663
1774200 659
1774210 656
1774220 652
1774230 648
1774240 644
1774250 641
1774260 638
1774270 636
1774280 636
1774290 637
1774300 639
1774310 640
1774320 641
1774330 642
1774340 643
1774350 642
1774360 640
1774370 638
1774380 637
1774390 637
1774400 637
1774410 635
1774420 634
1774430 636
1774440 636
1774450 636
1774460 636
1774470 637
1774480 639
1774490 641
1774500 642
1774510 643
1774520 643
1774530 644
1774540 645
1774550 646
1774560 648
1774570 650
1774580 652
1774590 653
1774600 655
1774610 657
1774620 658
1774630 659
1774640 660
1774650 660
1774660 660
1774670 660
1774680 660
1774690 659
1774700 659
1774710 658
1774720 657
1774730 655
1774740 653
1774750 650
1774760 646
1774770 643
1774780 639
1774790 635
1774800 631
1774810 630
1774820 630
1774830 633
1774840 636
1774850 638
1774860 639
1774870 641
1774880 643
1774890 645
1774900 648
1774910 650
1774920 653
1774930 655
1774940 658
1774950 661
1774960 664
1774970 666
1774980 668
1774990 670
1775000 671
1775010 672
1775020 671
1775030 669
1775040 667
1775050 664
1775060 661
1775070 659
1775080 655
1775090 652
1775100 648
1775110 644
1775120 641
1775130 638
1775140 637
1775150 637
1775160 638
1775170 638
1775180 638
1775190 637
1775200 638
1775210 639
1775220 640
1775230 642
1775240 645
1775250 648
1775260 652
1775270 655
1775280 659
1775290 663
1775300 667
1775310 670
1775320 673
1775330 676
1775340 679
1775350 679
1775360 677
1775370 674
1775380 671
1775390 667
1775400 664
1775410 660
1775420 656
1775430 652
1775440 647
1775450 643
1775460 639
1775470 636
1775480 633
1775490 632
1775500 631
1775510 630
1775520 628
1775530 626
1775540 624
1775550 624
1775560 625
1775570 626
1775580 628
1775590 630
1775600 633
1775610 635
1775620 635
1775630 635
1775640 635
1775650 636
1775660 637
1775670 638
1775680 639
1775690 640
1775700 641
1775710 642
1775720 645
1775730 648
1775740 651
1775750 655
1775760 658
1775770 662
1775780 665
1775790 669
1775800 672
1775810 676
1775820 679
1775830 683
1775840 687
1775850 691
1775860 694
1775870 698
1775880 702
1775890 706
1775900 710
1775910 714
1775920 718
1775930 722
1775940 726
1775950 730
1775960 733
1775970 736
1775980 739
1775990 743
1776000 746
1776010 749
1776020 752
1776030 756
1776040 759
1776050 763
1776060 766
1776070 770
1776080 774
1776090 778
1776100 782
1776110 785
1776120 790
1776130 795
1776140 799
1776150 804
1776160 808
1776170 812
1776180 817
1776190 821
1776200 826
1776210 830
1776220 834
1776230 839
1776240 843
1776250 847
1776260 850
1776270 854
1776280 857
1776290 861
1776300 864
1776310 867
1776320 869
1776330 872
1776340 874
1776350 875
1776360 877
1776370 878
1776380 878
1776390 878
1776400 878
1776410 878
1776420 877
1776430 876
1776440 876
1776450 875
1776460 874
1776470 873
1776480 872
1776490 870
1776500 869
1776510 867
1776520 865
1776530 863
1776540 862
1776550 860
1776560 858
1776570 856
1776580 855
1776590 853
1776600 851
1776610 849
1776620 847
1776630 845
1776640 843
1776650 841
1776660 839
1776670 837
1776680 835
1776690 833
1776700 831
1776710 829
1776720 827
1776730 825
1776740 823
1776750 821
1776760 819
1776770 817
1776780 815
1776790 813
1776800 811
1776810 809
1776820 807
1776830 804
1776840 802
1776850 799
1776860 796
1776870 793
1776880 790
1776890 787
1776900 783
1776910 780
1776920 777
1776930 775
1776940 773
1776950 771
1776960 769
1776970 768
1776980 767
1776990 766
1777000 766
1777010 765
1777020 764
1777030 763
1777040 761
1777050 760
1777060 759
1777070 757
1777080 756
1777090 754
1777100 753
1777110 752
1777120 750
1777130 749
1777140 748
1777150 747
1777160 746
1777170 745
1777180 743
1777190 741
1777200 739
1777210 737
1777220 735
1777230 733
1777240 731
1777250 729
1777260 726
1777270 724
1777280 721
1777290 719
1777300 716
1777310 713
1777320 710
1777330 708
1777340 706
1777350 704
1777360 701
1777370 699
1777380 698
1777390 696
1777400 694
1777410 692
1777420 690
1777430 689
1777440 687
1777450 684
1777460 682
1777470 680
1777480 677
1777490 674
1777500 671
1777510 668
1777520 665
1777530 662
1777540 658
1777550 655
1777560 652
1777570 649
1777580 646
1777590 642
1777600 638
1777610 635
1777620 631
1777630 627
1777640 623
1777650 620
1777660 617
1777670 614
1777680 611
1777690 609
1777700 606
1777710 604
1777720 601
1777730 599
1777740 597
1777750 594
1777760 592
1777770 591
1777780 590
1777790 589
1777800 587
1777810 585
1777820 583
1777830 581
1777840 580
1777850 579
1777860 578
1777870 577
1777880 576
1777890 575
1777900 574
1777910 573
1777920 572
1777930 570
1777940 569
1777950 569
1777960 568
1777970 568
1777980 568
1777990 567
1778000 567
1778010 567
1778020 567
1778030 567
1778040 567
1778050 567
1778060 567
1778070 567
1778080 567
1778090 567
1778100 567
1778110 567
1778120 567
1778130 567
1778140 567
1778150 567
1778160 567
1778170 568
1778180 568
1778190 568
1778200 568
1778210 569
1778220 570
1778230 571
1778240 573
1778250 574
1778260 575
1778270 575
1778280 575
1778290 575
1778300 574
1778310 574
1778320 573
1778330 573
1778340 573
1778350 572
1778360 572
1778370 572
1778380 572
1778390 572
1778400 572
1778410 572
1778420 573
1778430 573
1778440 572
1778450 572
1778460 572
1778470 571
1778480 570
1778490 570
1778500 570
1778510 570
1778520 571
1778530 571
1778540 571
1778550 571
1778560 571
1778570 570
1778580 569
1778590 567
1778600 564
1778610 563
1778620 560
1778630 558
1778640 554
1778650 551
1778660 548
1778670 546
1778680 543
1778690 541
1778700 538
1778710 536
1778720 534
1778730 532
1778740 530
1778750 528
1778760 526
1778770 524
1778780 522
1778790 520
1778800 518
1778810 517
1778820 516
1778830 516
1778840 516
1778850 515
1778860 515
1778870 515
1778880 515
1778890 516
1778900 516
1778910 516
1778920 517
1778930 517
1778940 518
1778950 519
1778960 520
1778970 521
1778980 522
1778990 524
1779000 525
1779010 527
1779020 529
1779030 531
1779040 533
1779050 535
1779060 537
1779070 539
1779080 540
1779090 542
1779100 543
1779110 543
1779120 543
1779130 543
1779140 542
1779150 541
1779160 540
1779170 539
1779180 537
1779190 535
1779200 532
1779210 528
1779220 524
1779230 520
1779240 516
1779250 512
1779260 508
1779270 504
1779280 501
1779290 497
1779300 494
1779310 491
1779320 488
1779330 485
1779340 482
1779350 479
1779360 477
1779370 475
1779380 473
1779390 472
1779400 471
1779410 470
1779420 470
1779430 469
1779440 469
1779450 469
1779460 469
1779470 469
1779480 469
1779490 469
1779500 471
1779510 472
1779520 473
1779530 470
1779540 466
1779550 461
1779560 457
1779570 454
1779580 453
1779590 452
1779600 452
1779610 452
1779620 452
1779630 451
1779640 451
1779650 451
1779660 451
1779670 452
1779680 452
1779690 453
1779700 454
1779710 456
1779720 458
1779730 461
1779740 465
1779750 468
1779760 472
1779770 475
1779780 478
1779790 482
1779800 485
1779810 487
1779820 490
1779830 494
1779840 498
1779850 502
1779860 506
1779870 509
1779880 512
1779890 514
1779900 515
1779910 516
1779920 516
1779930 517
1779940 517
1779950 518
1779960 520
1779970 521
1779980 523
1779990 525
