1760000 708
1760010 704
1760020 700
1760030 697
1760040 695
1760050 692
1760060 688
1760070 685
1760080 682
1760090 680
1760100 678
1760110 676
1760120 673
1760130 670
1760140 667
1760150 664
1760160 662
1760170 660
1760180 659
1760190 658
1760200 659
1760210 659
1760220 660
1760230 661
1760240 662
1760250 665
1760260 668
1760270 671
1760280 674
1760290 677
1760300 680
1760310 682
1760320 686
1760330 690
1760340 693
1760350 698
1760360 702
1760370 706
1760380 709
1760390 713
1760400 716
1760410 719
1760420 722
1760430 726
1760440 729
1760450 733
1760460 736
1760470 739
1760480 743
1760490 747
1760500 750
1760510 754
1760520 757
1760530 760
1760540 763
1760550 765
1760560 767
1760570 768
1760580 768
1760590 768
1760600 768
1760610 767
1760620 766
1760630 766
1760640 766
1760650 766
1760660 766
1760670 766
1760680 766
1760690 766
1760700 766
1760710 766
1760720 766
1760730 766
1760740 766
1760750 766
1760760 766
1760770 767
1760780 769
1760790 770
1760800 770
1760810 770
1760820 769
1760830 767
1760840 763
1760850 759
1760860 755
1760870 751
1760880 746
1760890 742
1760900 737
1760910 732
1760920 727
1760930 722
1760940 715
1760950 709
1760960 703
1760970 698
1760980 693
1760990 689
1761000 684
1761010 680
1761020 676
1761030 672
1761040 669
1761050 666
1761060 663
1761070 660
1761080 658
1761090 660
1761100 664
1761110 668
1761120 674
1761130 680
1761140 681
1761150 679
1761160 675
1761170 676
1761180 677
1761190 679
1761200 679
1761210 681
1761220 683
1761230 684
1761240 685
1761250 687
1761260 688
1761270 689
1761280 690
1761290 688
1761300 686
1761310 683
1761320 679
1761330 675
1761340 671
1761350 666
1761360 661
1761370 656
1761380 651
1761390 647
1761400 643
1761410 640
1761420 637
1761430 635
1761440 634
1761450 635
1761460 635
1761470 635
1761480 636
1761490 638
1761500 641
1761510 643
1761520 646
1761530 649
1761540 652
1761550 655
1761560 658
1761570 660
1761580 663
1761590 665
1761600 668
1761610 670
1761620 672
1761630 674
1761640 676
1761650 678
1761660 680
1761670 682
1761680 684
1761690 685
1761700 685
1761710 685
1761720 683
1761730 682
1761740 680
1761750 677
1761760 675
1761770 671
1761780 668
1761790 664
1761800 660
1761810 656
1761820 652
1761830 648
1761840 644
1761850 640
1761860 636
1761870 633
1761880 632
1761890 631
1761900 631
1761910 631
1761920 631
1761930 633
1761940 634
1761950 636
1761960 639
1761970 642
1761980 646
1761990 650
1762000 654
1762010 658
1762020 662
1762030 667
1762040 671
1762050 676
1762060 679
1762070 682
1762080 686
1762090 689
1762100 692
1762110 694
1762120 692
1762130 689
1762140 686
1762150 681
1762160 677
1762170 673
1762180 670
1762190 667
1762200 664
1762210 663
1762220 662
1762230 663
1762240 664
1762250 666
1762260 667
1762270 669
1762280 670
1762290 671
1762300 672
1762310 673
1762320 674
1762330 676
1762340 678
1762350 680
1762360 682
1762370 683
1762380 684
1762390 685
1762400 684
1762410 683
1762420 682
1762430 680
1762440 678
1762450 676
1762460 674
1762470 671
1762480 669
1762490 666
1762500 663
1762510 660
1762520 657
1762530 653
1762540 650
1762550 645
1762560 641
1762570 636
1762580 631
1762590 626
1762600 622
1762610 617
1762620 613
1762630 610
1762640 607
1762650 604
1762660 602
1762670 601
1762680 600
1762690 599
1762700 599
1762710 599
1762720 601
1762730 602
1762740 604
1762750 606
1762760 607
1762770 609
1762780 611
1762790 614
1762800 618
1762810 622
1762820 625
1762830 629
1762840 632
1762850 636
1762860 640
1762870 644
1762880 648
1762890 652
1762900 656
1762910 660
1762920 663
1762930 667
1762940 671
1762950 675
1762960 679
1762970 682
1762980 686
1762990 689
1763000 692
1763010 695
1763020 698
1763030 701
1763040 703
1763050 706
1763060 709
1763070 711
1763080 714
1763090 716
1763100 718
1763110 719
1763120 719
1763130 719
1763140 719
1763150 719
1763160 719
1763170 719
1763180 720
1763190 721
1763200 722
1763210 718
1763220 714
1763230 709
1763240 704
1763250 699
1763260 695
1763270 690
1763280 686
1763290 681
1763300 677
1763310 673
1763320 669
1763330 665
1763340 660
1763350 656
1763360 651
1763370 646
1763380 642
1763390 637
1763400 633
1763410 629
1763420 623
1763430 618
1763440 613
1763450 608
1763460 604
1763470 600
1763480 596
1763490 592
1763500 590
1763510 588
1763520 588
1763530 589
1763540 590
1763550 591
1763560 592
1763570 595
1763580 598
1763590 601
1763600 605
1763610 608
1763620 611
1763630 615
1763640 618
1763650 622
1763660 626
1763670 629
1763680 633
1763690 636
1763700 640
1763710 643
1763720 646
1763730 649
1763740 653
1763750 657
1763760 660
1763770 665
1763780 672
1763790 676
1763800 681
1763810 684
1763820 685
1763830 686
1763840 689
1763850 691
1763860 694
1763870 697
1763880 700
1763890 700
1763900 698
1763910 693
1763920 689
1763930 684
1763940 680
1763950 676
1763960 672
1763970 667
1763980 662
1763990 657
1764000 653
1764010 648
1764020 644
1764030 639
1764040 634
1764050 629
1764060 625
1764070 621
1764080 617
1764090 614
1764100 609
1764110 604
1764120 599
1764130 595
1764140 592
1764150 588
1764160 584
1764170 580
1764180 576
1764190 573
1764200 570
1764210 568
1764220 568
1764230 567
1764240 566
1764250 566
1764260 566
1764270 567
1764280 569
1764290 572
1764300 575
1764310 577
1764320 580
1764330 583
1764340 585
1764350 588
1764360 590
1764370 593
1764380 597
1764390 601
1764400 605
1764410 609
1764420 613
1764430 617
1764440 621
1764450 624
1764460 629
1764470 632
1764480 635
1764490 639
1764500 642
1764510 645
1764520 648
1764530 651
1764540 654
1764550 656
1764560 657
1764570 657
1764580 657
1764590 656
1764600 655
1764610 654
1764620 653
1764630 652
1764640 651
1764650 650
1764660 650
1764670 650
1764680 650
1764690 651
1764700 651
1764710 652
1764720 651
1764730 649
1764740 646
1764750 642
1764760 639
1764770 636
1764780 633
1764790 630
1764800 627
1764810 623
1764820 619
1764830 616
1764840 613
1764850 611
1764860 609
1764870 607
1764880 605
1764890 604
1764900 602
1764910 600
1764920 599
1764930 598
1764940 597
1764950 596
1764960 594
1764970 592
1764980 589
1764990 587
1765000 586
1765010 583
1765020 580
1765030 576
1765040 572
1765050 568
1765060 564
1765070 563
1765080 562
1765090 562
1765100 561
1765110 561
1765120 560
1765130 556
1765140 552
1765150 549
1765160 548
1765170 546
1765180 544
1765190 544
1765200 543
1765210 542
1765220 541
1765230 539
1765240 537
1765250 535
1765260 533
1765270 532
1765280 529
1765290 525
1765300 520
1765310 515
1765320 511
1765330 507
1765340 505
1765350 504
1765360 504
1765370 504
1765380 504
1765390 504
1765400 504
1765410 504
1765420 504
1765430 504
1765440 504
1765450 504
1765460 504
1765470 504
1765480 503
1765490 503
1765500 503
1765510 503
1765520 503
1765530 503
1765540 503
1765550 504
1765560 503
1765570 503
1765580 503
1765590 503
1765600 503
1765610 504
1765620 506
1765630 509
1765640 513
1765650 518
1765660 523
1765670 527
1765680 529
1765690 531
1765700 534
1765710 537
1765720 542
1765730 546
1765740 553
1765750 559
1765760 565
1765770 569
1765780 574
1765790 578
1765800 582
1765810 586
1765820 590
1765830 595
1765840 599
1765850 603
1765860 606
1765870 610
1765880 614
1765890 617
1765900 621
1765910 624
1765920 627
1765930 630
1765940 632
1765950 633
1765960 631
1765970 628
1765980 626
1765990 623
1766000 620
1766010 620
1766020 621
1766030 623
1766040 626
1766050 629
1766060 632
1766070 635
1766080 638
1766090 641
1766100 644
1766110 648
1766120 651
1766130 654
1766140 657
1766150 661
1766160 664
1766170 669
1766180 673
1766190 678
1766200 685
1766210 692
1766220 697
1766230 700
1766240 702
1766250 707
1766260 713
1766270 720
1766280 726
1766290 730
1766300 733
1766310 735
1766320 739
1766330 744
1766340 751
1766350 764
1766360 773
1766370 775
1766380 776
1766390 776
1766400 775
1766410 774
1766420 773
1766430 773
1766440 773
1766450 772
1766460 772
1766470 773
1766480 773
1766490 773
1766500 773
1766510 774
1766520 775
1766530 776
1766540 777
1766550 778
1766560 780
1766570 780
1766580 779
1766590 778
1766600 777
1766610 775
1766620 772
1766630 770
1766640 768
1766650 766
1766660 764
1766670 762
1766680 760
1766690 757
1766700 755
1766710 754
1766720 752
1766730 750
1766740 749
1766750 747
1766760 745
1766770 743
1766780 741
1766790 738
1766800 736
1766810 735
1766820 733
1766830 732
1766840 730
1766850 729
1766860 728
1766870 727
1766880 726
1766890 725
1766900 724
1766910 723
1766920 722
1766930 721
1766940 720
1766950 719
1766960 717
1766970 716
1766980 715
1766990 713
1767000 712
1767010 711
1767020 710
1767030 708
1767040 707
1767050 706
1767060 704
1767070 703
1767080 701
1767090 699
1767100 697
1767110 696
1767120 694
1767130 692
1767140 691
1767150 690
1767160 689
1767170 689
1767180 688
1767190 688
1767200 689
1767210 689
1767220 690
1767230 691
1767240 692
1767250 693
1767260 694
1767270 694
1767280 695
1767290 696
1767300 697
1767310 697
1767320 697
1767330 697
1767340 697
1767350 697
1767360 697
1767370 697
1767380 696
1767390 695
1767400 694
1767410 692
1767420 690
1767430 688
1767440 687
1767450 686
1767460 684
1767470 683
1767480 681
1767490 680
1767500 679
1767510 678
1767520 676
1767530 675
1767540 674
1767550 672
1767560 671
1767570 670
1767580 670
1767590 669
1767600 668
1767610 667
1767620 666
1767630 665
1767640 665
1767650 664
1767660 663
1767670 662
1767680 662
1767690 661
1767700 660
1767710 659
1767720 658
1767730 657
1767740 656
1767750 654
1767760 652
1767770 650
1767780 650
1767790 650
1767800 650
1767810 650
1767820 650
1767830 649
1767840 649
1767850 650
1767860 651
1767870 651
1767880 651
1767890 650
1767900 650
1767910 649
1767920 649
1767930 650
1767940 651
1767950 653
1767960 656
1767970 657
1767980 657
1767990 657
1768000 657
1768010 656
1768020 656
1768030 655
1768040 654
1768050 653
1768060 653
1768070 652
1768080 650
1768090 649
1768100 648
1768110 647
1768120 646
1768130 644
1768140 643
1768150 641
1768160 639
1768170 637
1768180 635
1768190 632
1768200 630
1768210 629
1768220 627
1768230 625
1768240 624
1768250 622
1768260 621
1768270 620
1768280 619
1768290 619
1768300 618
1768310 617
1768320 615
1768330 614
1768340 612
1768350 610
1768360 607
1768370 604
1768380 600
1768390 597
1768400 593
1768410 590
1768420 587
1768430 583
1768440 580
1768450 577
1768460 574
1768470 571
1768480 569
1768490 567
1768500 564
1768510 562
1768520 559
1768530 557
1768540 554
1768550 552
1768560 550
1768570 547
1768580 544
1768590 542
1768600 539
1768610 536
1768620 532
1768630 528
1768640 524
1768650 521
1768660 518
1768670 516
1768680 514
1768690 512
1768700 509
1768710 505
1768720 500
1768730 496
1768740 493
1768750 492
1768760 491
1768770 490
1768780 489
1768790 488
1768800 487
1768810 487
1768820 487
1768830 488
1768840 489
1768850 490
1768860 491
1768870 491
1768880 493
1768890 494
1768900 495
1768910 495
1768920 495
1768930 495
1768940 494
1768950 494
1768960 494
1768970 494
1768980 495
1768990 496
1769000 498
1769010 499
1769020 501
1769030 503
1769040 505
1769050 508
1769060 510
1769070 512
1769080 514
1769090 516
1769100 519
1769110 521
1769120 523
1769130 525
1769140 527
1769150 530
1769160 532
1769170 536
1769180 540
1769190 543
1769200 547
1769210 551
1769220 554
1769230 558
1769240 561
1769250 564
1769260 568
1769270 572
1769280 576
1769290 579
1769300 583
1769310 587
1769320 591
1769330 595
1769340 599
1769350 603
1769360 607
1769370 609
1769380 611
1769390 610
1769400 608
1769410 605
1769420 601
1769430 597
1769440 592
1769450 587
1769460 582
1769470 577
1769480 573
1769490 568
1769500 563
1769510 559
1769520 555
1769530 553
1769540 552
1769550 551
1769560 551
1769570 551
1769580 551
1769590 550
1769600 548
1769610 546
1769620 544
1769630 541
1769640 539
1769650 536
1769660 533
1769670 530
1769680 527
1769690 525
1769700 524
1769710 523
1769720 524
1769730 525
1769740 527
1769750 528
1769760 531
1769770 535
1769780 539
1769790 542
1769800 546
1769810 549
1769820 554
1769830 558
1769840 562
1769850 566
1769860 570
1769870 575
1769880 579
1769890 583
1769900 588
1769910 591
1769920 594
1769930 597
1769940 600
1769950 603
1769960 606
1769970 610
1769980 614
1769990 618
1770000 621
1770010 625
1770020 629
1770030 633
1770040 637
1770050 641
1770060 644
1770070 647
1770080 649
1770090 653
1770100 656
1770110 659
1770120 661
1770130 662
1770140 663
1770150 663
1770160 661
1770170 658
1770180 654
1770190 650
1770200 646
1770210 642
1770220 639
1770230 636
1770240 632
1770250 629
1770260 625
1770270 622
1770280 618
1770290 613
1770300 609
1770310 604
1770320 599
1770330 594
1770340 590
1770350 586
1770360 581
1770370 575
1770380 570
1770390 565
1770400 561
1770410 559
1770420 557
1770430 558
1770440 558
1770450 557
1770460 554
1770470 551
1770480 548
1770490 546
1770500 544
1770510 543
1770520 540
1770530 537
1770540 536
1770550 532
1770560 530
1770570 527
1770580 526
1770590 524
1770600 523
1770610 521
1770620 519
1770630 517
1770640 514
1770650 511
1770660 507
1770670 505
1770680 503
1770690 501
1770700 499
1770710 498
1770720 497
1770730 496
1770740 495
1770750 495
1770760 495
1770770 496
1770780 497
1770790 500
1770800 502
1770810 506
1770820 509
1770830 513
1770840 517
1770850 520
1770860 524
1770870 526
1770880 527
1770890 528
1770900 529
1770910 532
1770920 536
1770930 540
1770940 544
1770950 547
1770960 550
1770970 553
1770980 557
1770990 560
1771000 564
1771010 567
1771020 569
1771030 571
1771040 573
1771050 576
1771060 578
1771070 578
1771080 577
1771090 576
1771100 574
1771110 572
1771120 569
1771130 566
1771140 564
1771150 562
1771160 560
1771170 558
1771180 556
1771190 555
1771200 555
1771210 555
1771220 556
1771230 557
1771240 559
1771250 561
1771260 564
1771270 568
1771280 571
1771290 574
1771300 577
1771310 580
1771320 583
1771330 587
1771340 591
1771350 593
1771360 596
1771370 598
1771380 600
1771390 602
1771400 604
1771410 605
1771420 607
1771430 609
1771440 611
1771450 613
1771460 615
1771470 617
1771480 619
1771490 621
1771500 623
1771510 625
1771520 626
1771530 628
1771540 631
1771550 634
1771560 637
1771570 641
1771580 643
1771590 646
1771600 649
1771610 652
1771620 655
1771630 658
1771640 661
1771650 664
1771660 668
1771670 672
1771680 677
1771690 682
1771700 686
1771710 691
1771720 694
1771730 698
1771740 701
1771750 705
1771760 709
1771770 714
1771780 719
1771790 724
1771800 730
1771810 735
1771820 741
1771830 745
1771840 750
1771850 754
1771860 758
1771870 762
1771880 766
1771890 769
1771900 772
1771910 775
1771920 777
1771930 779
1771940 780
1771950 781
1771960 781
1771970 780
1771980 780
1771990 779
1772000 778
1772010 778
1772020 777
1772030 776
1772040 775
1772050 774
1772060 774
1772070 774
1772080 773
1772090 770
1772100 767
1772110 765
1772120 763
1772130 761
1772140 760
1772150 758
1772160 756
1772170 754
1772180 753
1772190 752
1772200 750
1772210 748
1772220 744
1772230 741
1772240 736
1772250 731
1772260 727
1772270 724
1772280 723
1772290 721
1772300 720
1772310 717
1772320 714
1772330 710
1772340 706
1772350 702
1772360 698
1772370 695
1772380 693
1772390 691
1772400 689
1772410 687
1772420 685
1772430 682
1772440 679
1772450 676
1772460 672
1772470 669
1772480 667
1772490 665
1772500 664
1772510 662
1772520 660
1772530 657
1772540 655
1772550 652
1772560 649
1772570 646
1772580 643
1772590 640
1772600 637
1772610 635
1772620 634
1772630 632
1772640 629
1772650 626
1772660 622
1772670 619
1772680 615
1772690 612
1772700 609
1772710 606
1772720 603
1772730 601
1772740 600
1772750 599
1772760 598
1772770 597
1772780 596
1772790 595
1772800 594
1772810 593
1772820 592
1772830 591
1772840 590
1772850 589
1772860 588
1772870 587
1772880 587
1772890 586
1772900 585
1772910 585
1772920 584
1772930 583
1772940 582
1772950 582
1772960 581
1772970 581
1772980 580
1772990 580
1773000 580
1773010 581
1773020 581
1773030 582
1773040 582
1773050 582
1773060 583
1773070 585
1773080 588
1773090 590
1773100 590
1773110 589
1773120 588
1773130 587
1773140 586
1773150 585
1773160 584
1773170 582
1773180 580
1773190 578
1773200 576
1773210 574
1773220 574
1773230 573
1773240 573
1773250 574
1773260 574
1773270 575
1773280 575
1773290 576
1773300 577
1773310 578
1773320 580
1773330 581
1773340 582
1773350 581
1773360 581
1773370 582
1773380 582
1773390 583
1773400 584
1773410 585
1773420 586
1773430 587
1773440 589
1773450 590
1773460 592
1773470 593
1773480 593
1773490 594
1773500 596
1773510 597
1773520 599
1773530 600
1773540 602
1773550 603
1773560 605
1773570 607
1773580 609
1773590 612
1773600 616
1773610 620
1773620 622
1773630 621
1773640 618
1773650 617
1773660 617
1773670 617
1773680 618
1773690 619
1773700 620
1773710 623
1773720 626
1773730 629
1773740 632
1773750 635
1773760 638
1773770 641
1773780 643
1773790 645
1773800 647
1773810 649
1773820 650
1773830 651
1773840 651
1773850 651
1773860 650
1773870 648
1773880 647
1773890 645
1773900 643
1773910 641
1773920 639
1773930 638
1773940 637
1773950 635
1773960 633
1773970 632
1773980 632
1773990 633
1774000 633
1774010 632
1774020 629
1774030 625
1774040 621
1774050 618
1774060 615
1774070 613
1774080 614
1774090 614
1774100 616
1774110 616
1774120 617
1774130 618
1774140 619
1774150 621
1774160 624
1774170 625
1774180 627
1774190 628
1774200 628
1774210 627
1774220 627
1774230 626
1774240 624
1774250 621
1774260 618
1774270 616
1774280 614
1774290 611
1774300 609
1774310 606
1774320 603
1774330 600
1774340 597
1774350 594
1774360 591
1774370 589
1774380 586
1774390 584
1774400 582
1774410 580
1774420 577
1774430 574
1774440 570
1774450 566
1774460 562
1774470 556
1774480 549
1774490 542
1774500 537
1774510 532
1774520 527
1774530 522
1774540 518
1774550 514
1774560 511
1774570 507
1774580 503
1774590 501
1774600 500
1774610 499
1774620 499
1774630 498
1774640 498
1774650 498
1774660 499
1774670 499
1774680 501
1774690 503
1774700 505
1774710 507
1774720 508
1774730 510
1774740 512
1774750 514
1774760 517
1774770 520
1774780 523
1774790 526
1774800 528
1774810 531
1774820 533
1774830 535
1774840 537
1774850 539
1774860 541
1774870 543
1774880 545
1774890 547
1774900 549
1774910 550
1774920 552
1774930 554
1774940 555
1774950 557
1774960 559
1774970 561
1774980 563
1774990 566
1775000 569
1775010 573
1775020 576
1775030 580
1775040 583
1775050 586
1775060 590
1775070 594
1775080 598
1775090 602
1775100 605
1775110 610
1775120 614
1775130 619
1775140 623
1775150 627
1775160 631
1775170 636
1775180 640
1775190 644
1775200 648
1775210 652
1775220 657
1775230 661
1775240 664
1775250 667
1775260 670
1775270 672
1775280 673
1775290 674
1775300 675
1775310 676
1775320 677
1775330 677
1775340 677
1775350 677
1775360 677
1775370 676
1775380 676
1775390 676
1775400 675
1775410 675
1775420 674
1775430 674
1775440 673
1775450 673
1775460 673
1775470 672
1775480 672
1775490 671
1775500 671
1775510 670
1775520 669
1775530 668
1775540 666
1775550 663
1775560 661
1775570 658
1775580 655
1775590 652
1775600 650
1775610 647
1775620 644
1775630 641
1775640 639
1775650 637
1775660 635
1775670 633
1775680 632
1775690 632
1775700 631
1775710 630
1775720 630
1775730 629
1775740 628
1775750 628
1775760 628
1775770 627
1775780 627
1775790 626
1775800 626
1775810 625
1775820 624
1775830 623
1775840 623
1775850 622
1775860 622
1775870 621
1775880 620
1775890 619
1775900 618
1775910 617
1775920 616
1775930 614
1775940 611
1775950 608
1775960 605
1775970 605
1775980 605
1775990 606
1776000 607
1776010 609
1776020 610
1776030 612
1776040 613
1776050 614
1776060 616
1776070 617
1776080 619
1776090 620
1776100 621
1776110 621
1776120 622
1776130 622
1776140 621
1776150 620
1776160 618
1776170 615
1776180 611
1776190 607
1776200 603
1776210 600
1776220 597
1776230 594
1776240 592
1776250 591
1776260 589
1776270 589
1776280 589
1776290 591
1776300 593
1776310 596
1776320 598
1776330 601
1776340 604
1776350 607
1776360 609
1776370 611
1776380 613
1776390 615
1776400 616
1776410 618
1776420 620
1776430 621
1776440 622
1776450 623
1776460 624
1776470 625
1776480 626
1776490 627
1776500 627
1776510 628
1776520 629
1776530 629
1776540 629
1776550 629
1776560 629
1776570 629
1776580 628
1776590 627
1776600 625
1776610 624
1776620 622
1776630 620
1776640 618
1776650 617
1776660 615
1776670 614
1776680 612
1776690 611
1776700 610
1776710 608
1776720 607
1776730 606
1776740 604
1776750 603
1776760 602
1776770 600
1776780 599
1776790 598
1776800 597
1776810 596
1776820 594
1776830 593
1776840 592
1776850 591
1776860 589
1776870 588
1776880 586
1776890 585
1776900 583
1776910 582
1776920 581
1776930 580
1776940 579
1776950 578
1776960 577
1776970 576
1776980 575
1776990 574
1777000 573
1777010 571
1777020 570
1777030 569
1777040 568
1777050 566
1777060 565
1777070 564
1777080 562
1777090 561
1777100 560
1777110 559
1777120 558
1777130 557
1777140 556
1777150 555
1777160 554
1777170 553
1777180 552
1777190 552
1777200 551
1777210 550
1777220 550
1777230 549
1777240 549
1777250 549
1777260 548
1777270 548
1777280 547
1777290 547
1777300 546
1777310 546
1777320 545
1777330 545
1777340 544
1777350 543
1777360 543
1777370 542
1777380 542
1777390 541
1777400 541
1777410 541
1777420 540
1777430 540
1777440 541
1777450 541
1777460 541
1777470 541
1777480 541
1777490 541
1777500 541
1777510 541
1777520 541
1777530 541
1777540 541
1777550 541
1777560 541
1777570 541
1777580 541
1777590 541
1777600 541
1777610 541
1777620 541
1777630 541
1777640 540
1777650 540
1777660 539
1777670 539
1777680 539
1777690 539
1777700 539
1777710 539
1777720 540
1777730 540
1777740 541
1777750 541
1777760 541
1777770 541
1777780 541
1777790 541
1777800 541
1777810 541
1777820 541
1777830 541
1777840 541
1777850 541
1777860 540
1777870 540
1777880 540
1777890 540
1777900 540
1777910 539
1777920 539
1777930 539
1777940 538
1777950 538
1777960 537
1777970 537
1777980 537
1777990 536
1778000 536
1778010 536
1778020 535
1778030 536
1778040 536
1778050 536
1778060 537
1778070 536
1778080 535
1778090 533
1778100 531
1778110 529
1778120 526
1778130 525
1778140 523
1778150 522
1778160 520
1778170 518
1778180 516
1778190 514
1778200 512
1778210 511
1778220 510
1778230 509
1778240 508
1778250 508
1778260 507
1778270 507
1778280 506
1778290 505
1778300 505
1778310 504
1778320 504
1778330 503
1778340 502
1778350 502
1778360 501
1778370 500
1778380 500
1778390 499
1778400 499
1778410 498
1778420 498
1778430 497
1778440 496
1778450 496
1778460 495
1778470 494
1778480 494
1778490 493
1778500 493
1778510 492
1778520 492
1778530 491
1778540 491
1778550 491
1778560 491
1778570 491
1778580 491
1778590 491
1778600 490
1778610 490
1778620 489
1778630 489
1778640 489
1778650 489
1778660 490
1778670 491
1778680 492
1778690 492
1778700 492
1778710 492
1778720 492
1778730 492
1778740 491
1778750 491
1778760 491
1778770 490
1778780 490
1778790 489
1778800 487
1778810 485
1778820 481
1778830 479
1778840 477
1778850 475
1778860 474
1778870 474
1778880 473
1778890 473
1778900 472
1778910 472
1778920 472
1778930 472
1778940 471
1778950 471
1778960 471
1778970 471
1778980 472
1778990 473
1779000 473
1779010 474
1779020 474
1779030 474
1779040 474
1779050 474
1779060 474
1779070 474
1779080 474
1779090 474
1779100 474
1779110 473
1779120 473
1779130 473
1779140 472
1779150 471
1779160 471
1779170 470
1779180 470
1779190 470
1779200 469
1779210 469
1779220 469
1779230 469
1779240 469
1779250 469
1779260 469
1779270 469
1779280 470
1779290 471
1779300 473
1779310 476
1779320 479
1779330 482
1779340 486
1779350 489
1779360 491
1779370 494
1779380 496
1779390 498
1779400 500
1779410 502
1779420 504
1779430 505
1779440 507
1779450 508
1779460 510
1779470 511
1779480 512
1779490 514
1779500 515
1779510 517
1779520 518
1779530 519
1779540 520
1779550 521
1779560 522
1779570 523
1779580 523
1779590 522
1779600 521
1779610 520
1779620 519
1779630 519
1779640 519
1779650 519
1779660 519
1779670 519
1779680 520
1779690 521
1779700 521
1779710 522
1779720 524
1779730 525
1779740 526
1779750 527
1779760 528
1779770 529
1779780 530
1779790 531
1779800 532
1779810 533
1779820 534
1779830 534
1779840 535
1779850 536
1779860 536
1779870 537
1779880 538
1779890 539
1779900 540
1779910 541
1779920 541
1779930 542
1779940 543
1779950 544
1779960 545
1779970 545
1779980 546
1779990 546
