1760000 677
1760010 675
1760020 674
1760030 672
1760040 670
1760050 668
1760060 667
1760070 664
1760080 662
1760090 661
1760100 660
1760110 659
1760120 657
1760130 656
1760140 655
1760150 653
1760160 652
1760170 651
1760180 650
1760190 649
1760200 649
1760210 647
1760220 645
1760230 643
1760240 642
1760250 642
1760260 641
1760270 641
1760280 642
1760290 643
1760300 644
1760310 644
1760320 644
1760330 644
1760340 644
1760350 644
1760360 644
1760370 644
1760380 644
1760390 645
1760400 645
1760410 646
1760420 646
1760430 646
1760440 646
1760450 645
1760460 644
1760470 642
1760480 639
1760490 637
1760500 636
1760510 636
1760520 635
1760530 633
1760540 631
1760550 630
1760560 629
1760570 627
1760580 626
1760590 625
1760600 625
1760610 624
1760620 622
1760630 622
1760640 623
1760650 623
1760660 623
1760670 622
1760680 622
1760690 621
1760700 620
1760710 619
1760720 619
1760730 618
1760740 617
1760750 617
1760760 617
1760770 616
1760780 616
1760790 616
1760800 615
1760810 615
1760820 616
1760830 617
1760840 617
1760850 617
1760860 618
1760870 618
1760880 618
1760890 617
1760900 616
1760910 616
1760920 617
1760930 619
1760940 621
1760950 623
1760960 624
1760970 626
1760980 626
1760990 627
1761000 628
1761010 629
1761020 630
1761030 630
1761040 629
1761050 629
1761060 628
1761070 628
1761080 628
1761090 629
1761100 629
1761110 630
1761120 630
1761130 630
1761140 630
1761150 631
1761160 632
1761170 633
1761180 632
1761190 631
1761200 631
1761210 631
1761220 630
1761230 630
1761240 630
1761250 630
1761260 630
1761270 630
1761280 629
1761290 629
1761300 628
1761310 625
1761320 621
1761330 616
1761340 612
1761350 608
1761360 604
1761370 601
1761380 597
1761390 594
1761400 590
1761410 587
1761420 585
1761430 585
1761440 586
1761450 589
1761460 592
1761470 595
1761480 597
1761490 600
1761500 603
1761510 606
1761520 609
1761530 612
1761540 615
1761550 617
1761560 620
1761570 622
1761580 624
1761590 626
1761600 628
1761610 630
1761620 631
1761630 633
1761640 634
1761650 636
1761660 637
1761670 638
1761680 640
1761690 641
1761700 642
1761710 644
1761720 646
1761730 647
1761740 648
1761750 648
1761760 648
1761770 648
1761780 647
1761790 646
1761800 647
1761810 649
1761820 650
1761830 652
1761840 655
1761850 657
1761860 659
1761870 660
1761880 662
1761890 663
1761900 663
1761910 659
1761920 655
1761930 651
1761940 648
1761950 644
1761960 640
1761970 635
1761980 631
1761990 627
1762000 622
1762010 616
1762020 611
1762030 606
1762040 602
1762050 598
1762060 594
1762070 591
1762080 590
1762090 591
1762100 593
1762110 595
1762120 597
1762130 599
1762140 602
1762150 604
1762160 606
1762170 608
1762180 610
1762190 613
1762200 616
1762210 619
1762220 622
1762230 626
1762240 630
1762250 633
1762260 637
1762270 641
1762280 644
1762290 648
1762300 652
1762310 656
1762320 660
1762330 664
1762340 668
1762350 672
1762360 676
1762370 680
1762380 684
1762390 688
1762400 692
1762410 696
1762420 700
1762430 704
1762440 708
1762450 712
1762460 716
1762470 720
1762480 723
1762490 727
1762500 731
1762510 734
1762520 737
1762530 741
1762540 744
1762550 746
1762560 749
1762570 752
1762580 754
1762590 757
1762600 759
1762610 761
1762620 763
1762630 766
1762640 769
1762650 772
1762660 775
1762670 778
1762680 781
1762690 785
1762700 788
1762710 792
1762720 795
1762730 799
1762740 803
1762750 807
1762760 811
1762770 816
1762780 820
1762790 824
1762800 828
1762810 832
1762820 836
1762830 840
1762840 844
1762850 848
1762860 852
1762870 856
1762880 861
1762890 865
1762900 869
1762910 873
1762920 877
1762930 881
1762940 885
1762950 888
1762960 892
1762970 895
1762980 899
1762990 902
1763000 905
1763010 908
1763020 911
1763030 913
1763040 916
1763050 918
1763060 920
1763070 922
1763080 923
1763090 925
1763100 927
1763110 929
1763120 932
1763130 934
1763140 936
1763150 938
1763160 940
1763170 942
1763180 944
1763190 945
1763200 947
1763210 949
1763220 950
1763230 952
1763240 953
1763250 955
1763260 956
1763270 958
1763280 959
1763290 961
1763300 962
1763310 964
1763320 966
1763330 967
1763340 969
1763350 971
1763360 972
1763370 974
1763380 976
1763390 977
1763400 979
1763410 980
1763420 982
1763430 984
1763440 985
1763450 986
1763460 986
1763470 985
1763480 984
1763490 982
1763500 980
1763510 978
1763520 975
1763530 972
1763540 969
1763550 966
1763560 964
1763570 961
1763580 958
1763590 956
1763600 953
1763610 951
1763620 949
1763630 947
1763640 945
1763650 944
1763660 942
1763670 941
1763680 940
1763690 939
1763700 939
1763710 938
1763720 936
1763730 934
1763740 931
1763750 928
1763760 924
1763770 919
1763780 915
1763790 911
1763800 907
1763810 903
1763820 898
1763830 894
1763840 890
1763850 885
1763860 881
1763870 876
1763880 872
1763890 867
1763900 862
1763910 857
1763920 852
1763930 847
1763940 843
1763950 838
1763960 833
1763970 828
1763980 824
1763990 820
1764000 816
1764010 812
1764020 808
1764030 804
1764040 800
1764050 796
1764060 792
1764070 788
1764080 783
1764090 779
1764100 774
1764110 769
1764120 764
1764130 759
1764140 756
1764150 752
1764160 749
1764170 746
1764180 742
1764190 738
1764200 735
1764210 731
1764220 727
1764230 723
1764240 720
1764250 716
1764260 712
1764270 708
1764280 704
1764290 701
1764300 697
1764310 693
1764320 689
1764330 685
1764340 682
1764350 678
1764360 675
1764370 673
1764380 670
1764390 667
1764400 664
1764410 662
1764420 659
1764430 656
1764440 654
1764450 651
1764460 648
1764470 646
1764480 644
1764490 642
1764500 641
1764510 640
1764520 639
1764530 639
1764540 639
1764550 639
1764560 640
1764570 642
1764580 643
1764590 644
1764600 646
1764610 648
1764620 650
1764630 651
1764640 652
1764650 652
1764660 653
1764670 654
1764680 655
1764690 656
1764700 657
1764710 658
1764720 660
1764730 661
1764740 661
1764750 660
1764760 660
1764770 659
1764780 658
1764790 658
1764800 657
1764810 656
1764820 656
1764830 657
1764840 658
1764850 659
1764860 660
1764870 661
1764880 662
1764890 664
1764900 665
1764910 666
1764920 667
1764930 668
1764940 670
1764950 671
1764960 673
1764970 673
1764980 673
1764990 672
1765000 671
1765010 669
1765020 667
1765030 664
1765040 661
1765050 657
1765060 653
1765070 648
1765080 645
1765090 642
1765100 638
1765110 635
1765120 633
1765130 630
1765140 629
1765150 628
1765160 628
1765170 627
1765180 626
1765190 626
1765200 626
1765210 626
1765220 626
1765230 626
1765240 626
1765250 626
1765260 625
1765270 624
1765280 622
1765290 619
1765300 616
1765310 614
1765320 611
1765330 607
1765340 603
1765350 600
1765360 596
1765370 593
1765380 589
1765390 585
1765400 581
1765410 577
1765420 574
1765430 570
1765440 566
1765450 561
1765460 557
1765470 552
1765480 548
1765490 545
1765500 543
1765510 543
1765520 545
1765530 548
1765540 551
1765550 555
1765560 558
1765570 559
1765580 559
1765590 557
1765600 556
1765610 554
1765620 551
1765630 549
1765640 546
1765650 544
1765660 541
1765670 540
1765680 538
1765690 536
1765700 533
1765710 529
1765720 525
1765730 521
1765740 517
1765750 515
1765760 514
1765770 514
1765780 514
1765790 514
1765800 514
1765810 514
1765820 514
1765830 514
1765840 514
1765850 514
1765860 514
1765870 515
1765880 517
1765890 519
1765900 521
1765910 524
1765920 527
1765930 529
1765940 532
1765950 535
1765960 540
1765970 544
1765980 547
1765990 549
1766000 552
1766010 554
1766020 558
1766030 561
1766040 564
1766050 567
1766060 569
1766070 571
1766080 573
1766090 574
1766100 574
1766110 575
1766120 576
1766130 576
1766140 579
1766150 582
1766160 585
1766170 587
1766180 588
1766190 588
1766200 586
1766210 582
1766220 577
1766230 573
1766240 569
1766250 566
1766260 565
1766270 563
1766280 563
1766290 565
1766300 568
1766310 572
1766320 574
1766330 578
1766340 581
1766350 584
1766360 588
1766370 591
1766380 595
1766390 597
1766400 599
1766410 599
1766420 597
1766430 595
1766440 592
1766450 590
1766460 588
1766470 587
1766480 590
1766490 594
1766500 599
1766510 603
1766520 607
1766530 611
1766540 615
1766550 619
1766560 623
1766570 627
1766580 630
1766590 634
1766600 637
1766610 638
1766620 639
1766630 640
1766640 640
1766650 641
1766660 642
1766670 644
1766680 645
1766690 647
1766700 649
1766710 651
1766720 651
1766730 651
1766740 651
1766750 650
1766760 647
1766770 643
1766780 638
1766790 634
1766800 628
1766810 623
1766820 619
1766830 615
1766840 612
1766850 609
1766860 606
1766870 601
1766880 596
1766890 590
1766900 585
1766910 580
1766920 574
1766930 569
1766940 564
1766950 558
1766960 553
1766970 548
1766980 543
1766990 538
1767000 534
1767010 530
1767020 525
1767030 523
1767040 523
1767050 527
1767060 532
1767070 537
1767080 541
1767090 546
1767100 551
1767110 556
1767120 560
1767130 565
1767140 570
1767150 574
1767160 578
1767170 581
1767180 584
1767190 587
1767200 589
1767210 591
1767220 593
1767230 593
1767240 593
1767250 594
1767260 596
1767270 599
1767280 602
1767290 605
1767300 608
1767310 611
1767320 614
1767330 617
1767340 620
1767350 624
1767360 627
1767370 630
1767380 633
1767390 637
1767400 641
1767410 645
1767420 650
1767430 654
1767440 659
1767450 663
1767460 667
1767470 672
1767480 676
1767490 681
1767500 686
1767510 690
1767520 693
1767530 695
1767540 694
1767550 692
1767560 690
1767570 688
1767580 687
1767590 686
1767600 685
1767610 683
1767620 682
1767630 679
1767640 677
1767650 674
1767660 674
1767670 673
1767680 671
1767690 669
1767700 667
1767710 665
1767720 665
1767730 667
1767740 671
1767750 674
1767760 675
1767770 674
1767780 671
1767790 668
1767800 666
1767810 664
1767820 663
1767830 662
1767840 660
1767850 658
1767860 657
1767870 656
1767880 655
1767890 655
1767900 653
1767910 651
1767920 649
1767930 649
1767940 649
1767950 649
1767960 650
1767970 652
1767980 651
1767990 647
1768000 641
1768010 635
1768020 630
1768030 625
1768040 620
1768050 615
1768060 611
1768070 607
1768080 604
1768090 601
1768100 599
1768110 598
1768120 598
1768130 599
1768140 602
1768150 606
1768160 610
1768170 614
1768180 618
1768190 622
1768200 627
1768210 631
1768220 635
1768230 639
1768240 644
1768250 649
1768260 653
1768270 658
1768280 663
1768290 667
1768300 672
1768310 676
1768320 680
1768330 684
1768340 688
1768350 692
1768360 695
1768370 699
1768380 702
1768390 705
1768400 709
1768410 712
1768420 715
1768430 718
1768440 722
1768450 725
1768460 729
1768470 732
1768480 736
1768490 740
1768500 743
1768510 747
1768520 751
1768530 754
1768540 758
1768550 761
1768560 764
1768570 767
1768580 770
1768590 773
1768600 777
1768610 778
1768620 777
1768630 774
1768640 771
1768650 768
1768660 765
1768670 762
1768680 759
1768690 756
1768700 754
1768710 751
1768720 748
1768730 746
1768740 743
1768750 740
1768760 737
1768770 734
1768780 730
1768790 727
1768800 724
1768810 721
1768820 718
1768830 715
1768840 713
1768850 710
1768860 708
1768870 706
1768880 704
1768890 702
1768900 700
1768910 698
1768920 696
1768930 693
1768940 691
1768950 689
1768960 688
1768970 687
1768980 687
1768990 689
1769000 692
1769010 696
1769020 699
1769030 702
1769040 705
1769050 708
1769060 712
1769070 715
1769080 718
1769090 721
1769100 724
1769110 726
1769120 728
1769130 730
1769140 731
1769150 730
1769160 729
1769170 728
1769180 725
1769190 722
1769200 719
1769210 716
1769220 713
1769230 710
1769240 706
1769250 702
1769260 697
1769270 692
1769280 686
1769290 681
1769300 678
1769310 675
1769320 673
1769330 668
1769340 663
1769350 657
1769360 652
1769370 648
1769380 645
1769390 642
1769400 639
1769410 637
1769420 635
1769430 635
1769440 634
1769450 634
1769460 635
1769470 636
1769480 636
1769490 632
1769500 628
1769510 624
1769520 621
1769530 618
1769540 616
1769550 615
1769560 614
1769570 613
1769580 610
1769590 607
1769600 605
1769610 603
1769620 601
1769630 600
1769640 599
1769650 597
1769660 593
1769670 588
1769680 582
1769690 576
1769700 570
1769710 564
1769720 559
1769730 553
1769740 548
1769750 543
1769760 538
1769770 534
1769780 529
1769790 526
1769800 524
1769810 522
1769820 523
1769830 527
1769840 532
1769850 538
1769860 544
1769870 549
1769880 554
1769890 558
1769900 562
1769910 567
1769920 571
1769930 576
1769940 580
1769950 585
1769960 590
1769970 594
1769980 598
1769990 603
1770000 607
1770010 611
1770020 616
1770030 619
1770040 623
1770050 627
1770060 631
1770070 635
1770080 638
1770090 642
1770100 646
1770110 649
1770120 653
1770130 657
1770140 660
1770150 664
1770160 667
1770170 670
1770180 673
1770190 676
1770200 679
1770210 682
1770220 685
1770230 687
1770240 690
1770250 692
1770260 693
1770270 694
1770280 694
1770290 694
1770300 693
1770310 693
1770320 692
1770330 691
1770340 690
1770350 689
1770360 688
1770370 686
1770380 685
1770390 684
1770400 682
1770410 681
1770420 680
1770430 679
1770440 677
1770450 676
1770460 675
1770470 674
1770480 672
1770490 671
1770500 669
1770510 667
1770520 665
1770530 663
1770540 661
1770550 659
1770560 657
1770570 655
1770580 653
1770590 650
1770600 647
1770610 643
1770620 638
1770630 633
1770640 628
1770650 624
1770660 620
1770670 616
1770680 613
1770690 609
1770700 606
1770710 603
1770720 599
1770730 596
1770740 594
1770750 593
1770760 591
1770770 588
1770780 586
1770790 582
1770800 578
1770810 574
1770820 569
1770830 566
1770840 566
1770850 568
1770860 571
1770870 573
1770880 573
1770890 572
1770900 570
1770910 567
1770920 563
1770930 560
1770940 558
1770950 556
1770960 555
1770970 554
1770980 553
1770990 551
1771000 550
1771010 548
1771020 547
1771030 546
1771040 545
1771050 544
1771060 543
1771070 540
1771080 539
1771090 537
1771100 536
1771110 534
1771120 533
1771130 532
1771140 530
1771150 529
1771160 530
1771170 531
1771180 532
1771190 532
1771200 532
1771210 533
1771220 533
1771230 533
1771240 534
1771250 534
1771260 534
1771270 534
1771280 534
1771290 533
1771300 532
1771310 530
1771320 529
1771330 528
1771340 529
1771350 531
1771360 534
1771370 537
1771380 539
1771390 540
1771400 541
1771410 542
1771420 543
1771430 543
1771440 543
1771450 545
1771460 547
1771470 549
1771480 551
1771490 552
1771500 554
1771510 556
1771520 558
1771530 560
1771540 561
1771550 563
1771560 564
1771570 566
1771580 568
1771590 569
1771600 571
1771610 573
1771620 574
1771630 576
1771640 578
1771650 580
1771660 581
1771670 582
1771680 583
1771690 583
1771700 583
1771710 584
1771720 585
1771730 587
1771740 588
1771750 590
1771760 590
1771770 591
1771780 591
1771790 592
1771800 592
1771810 592
1771820 591
1771830 591
1771840 591
1771850 591
1771860 590
1771870 590
1771880 590
1771890 590
1771900 589
1771910 589
1771920 589
1771930 589
1771940 589
1771950 590
1771960 590
1771970 590
1771980 590
1771990 590
1772000 589
1772010 588
1772020 587
1772030 587
1772040 587
1772050 585
1772060 583
1772070 579
1772080 575
1772090 571
1772100 568
1772110 564
1772120 561
1772130 557
1772140 554
1772150 550
1772160 547
1772170 543
1772180 540
1772190 538
1772200 537
1772210 536
1772220 535
1772230 534
1772240 534
1772250 532
1772260 530
1772270 528
1772280 525
1772290 522
1772300 519
1772310 516
1772320 513
1772330 510
1772340 508
1772350 506
1772360 503
1772370 500
1772380 495
1772390 490
1772400 485
1772410 481
1772420 476
1772430 473
1772440 470
1772450 467
1772460 464
1772470 461
1772480 458
1772490 455
1772500 454
1772510 454
1772520 453
1772530 453
1772540 453
1772550 453
1772560 453
1772570 453
1772580 453
1772590 453
1772600 453
1772610 453
1772620 453
1772630 453
1772640 453
1772650 453
1772660 452
1772670 452
1772680 452
1772690 452
1772700 452
1772710 452
1772720 452
1772730 452
1772740 452
1772750 452
1772760 452
1772770 452
1772780 451
1772790 451
1772800 451
1772810 451
1772820 451
1772830 451
1772840 451
1772850 451
1772860 451
1772870 451
1772880 451
1772890 451
1772900 451
1772910 451
1772920 451
1772930 451
1772940 451
1772950 451
1772960 450
1772970 450
1772980 450
1772990 450
1773000 450
1773010 450
1773020 450
1773030 450
1773040 450
1773050 450
1773060 450
1773070 449
1773080 449
1773090 449
1773100 449
1773110 449
1773120 448
1773130 448
1773140 448
1773150 448
1773160 448
1773170 447
1773180 447
1773190 447
1773200 447
1773210 447
1773220 447
1773230 447
1773240 448
1773250 448
1773260 449
1773270 449
1773280 449
1773290 449
1773300 449
1773310 449
1773320 449
1773330 449
1773340 449
1773350 449
1773360 449
1773370 448
1773380 448
1773390 448
1773400 449
1773410 449
1773420 449
1773430 449
1773440 449
1773450 449
1773460 449
1773470 449
1773480 449
1773490 449
1773500 449
1773510 449
1773520 449
1773530 449
1773540 449
1773550 448
1773560 448
1773570 448
1773580 448
1773590 448
1773600 448
1773610 448
1773620 448
1773630 448
1773640 448
1773650 448
1773660 448
1773670 448
1773680 448
1773690 448
1773700 448
1773710 448
1773720 448
1773730 448
1773740 448
1773750 448
1773760 448
1773770 447
1773780 447
1773790 447
1773800 447
1773810 447
1773820 447
1773830 447
1773840 447
1773850 447
1773860 447
1773870 447
1773880 447
1773890 447
1773900 447
1773910 447
1773920 447
1773930 447
1773940 446
1773950 446
1773960 446
1773970 446
1773980 446
1773990 446
1774000 446
1774010 447
1774020 448
1774030 449
1774040 451
1774050 454
1774060 456
1774070 459
1774080 461
1774090 463
1774100 465
1774110 468
1774120 469
1774130 471
1774140 471
1774150 470
1774160 470
1774170 469
1774180 468
1774190 467
1774200 466
1774210 465
1774220 464
1774230 463
1774240 462
1774250 460
1774260 458
1774270 456
1774280 454
1774290 453
1774300 452
1774310 452
1774320 452
1774330 453
1774340 454
1774350 456
1774360 459
1774370 462
1774380 463
1774390 465
1774400 467
1774410 470
1774420 473
1774430 475
1774440 476
1774450 477
1774460 477
1774470 477
1774480 477
1774490 478
1774500 478
1774510 478
1774520 479
1774530 479
1774540 480
1774550 480
1774560 480
1774570 480
1774580 481
1774590 481
1774600 481
1774610 481
1774620 481
1774630 481
1774640 481
1774650 482
1774660 481
1774670 481
1774680 481
1774690 480
1774700 480
1774710 479
1774720 478
1774730 478
1774740 477
1774750 476
1774760 475
1774770 474
1774780 472
1774790 469
1774800 466
1774810 463
1774820 459
1774830 456
1774840 454
1774850 452
1774860 451
1774870 451
1774880 451
1774890 450
1774900 450
1774910 450
1774920 450
1774930 450
1774940 449
1774950 449
1774960 449
1774970 449
1774980 449
1774990 449
1775000 450
1775010 450
1775020 451
1775030 451
1775040 451
1775050 452
1775060 453
1775070 454
1775080 456
1775090 458
1775100 461
1775110 463
1775120 466
1775130 469
1775140 472
1775150 475
1775160 477
1775170 480
1775180 482
1775190 483
1775200 484
1775210 484
1775220 484
1775230 484
1775240 484
1775250 483
1775260 483
1775270 483
1775280 483
1775290 483
1775300 483
1775310 482
1775320 482
1775330 482
1775340 482
1775350 481
1775360 481
1775370 481
1775380 480
1775390 480
1775400 480
1775410 479
1775420 479
1775430 478
1775440 477
1775450 477
1775460 476
1775470 476
1775480 475
1775490 475
1775500 474
1775510 474
1775520 475
1775530 475
1775540 476
1775550 476
1775560 476
1775570 476
1775580 476
1775590 475
1775600 473
1775610 472
1775620 471
1775630 470
1775640 469
1775650 468
1775660 467
1775670 466
1775680 466
1775690 465
1775700 465
1775710 464
1775720 464
1775730 464
1775740 463
1775750 462
1775760 462
1775770 462
1775780 462
1775790 462
1775800 462
1775810 463
1775820 464
1775830 464
1775840 465
1775850 466
1775860 467
1775870 468
1775880 469
1775890 469
1775900 470
1775910 470
1775920 470
1775930 470
1775940 470
1775950 470
1775960 471
1775970 471
1775980 470
1775990 470
1776000 470
1776010 470
1776020 470
1776030 470
1776040 470
1776050 470
1776060 470
1776070 470
1776080 470
1776090 469
1776100 469
1776110 469
1776120 469
1776130 469
1776140 469
1776150 469
1776160 469
1776170 469
1776180 469
1776190 469
1776200 469
1776210 469
1776220 469
1776230 468
1776240 468
1776250 468
1776260 467
1776270 467
1776280 467
1776290 467
1776300 466
1776310 466
1776320 466
1776330 465
1776340 465
1776350 465
1776360 464
1776370 464
1776380 463
1776390 463
1776400 462
1776410 462
1776420 461
1776430 461
1776440 460
1776450 459
1776460 458
1776470 457
1776480 455
1776490 455
1776500 454
1776510 453
1776520 453
1776530 452
1776540 452
1776550 452
1776560 452
1776570 451
1776580 451
1776590 451
1776600 451
1776610 451
1776620 451
1776630 451
1776640 451
1776650 452
1776660 452
1776670 453
1776680 453
1776690 455
1776700 455
1776710 457
1776720 459
1776730 460
1776740 460
1776750 461
1776760 462
1776770 463
1776780 463
1776790 463
1776800 463
1776810 463
1776820 463
1776830 463
1776840 463
1776850 463
1776860 462
1776870 462
1776880 461
1776890 461
1776900 460
1776910 458
1776920 457
1776930 456
1776940 455
1776950 454
1776960 453
1776970 452
1776980 451
1776990 450
1777000 450
1777010 450
1777020 450
1777030 450
1777040 451
1777050 451
1777060 453
1777070 455
1777080 459
1777090 462
1777100 465
1777110 468
1777120 470
1777130 473
1777140 475
1777150 478
1777160 481
1777170 484
1777180 486
1777190 488
1777200 491
1777210 493
1777220 496
1777230 498
1777240 501
1777250 504
1777260 507
1777270 511
1777280 514
1777290 517
1777300 520
1777310 523
1777320 527
1777330 530
1777340 533
1777350 536
1777360 539
1777370 542
1777380 545
1777390 547
1777400 550
1777410 553
1777420 556
1777430 558
1777440 561
1777450 564
1777460 566
1777470 569
1777480 571
1777490 574
1777500 578
1777510 581
1777520 584
1777530 586
1777540 587
1777550 588
1777560 590
1777570 591
1777580 592
1777590 594
1777600 595
1777610 596
1777620 597
1777630 598
1777640 598
1777650 599
1777660 599
1777670 599
1777680 598
1777690 597
1777700 595
1777710 593
1777720 592
1777730 593
1777740 593
1777750 594
1777760 595
1777770 597
1777780 598
1777790 598
1777800 599
1777810 601
1777820 602
1777830 603
1777840 605
1777850 606
1777860 608
1777870 609
1777880 610
1777890 612
1777900 613
1777910 614
1777920 615
1777930 616
1777940 616
1777950 616
1777960 616
1777970 616
1777980 616
1777990 615
1778000 616
1778010 616
1778020 617
1778030 619
1778040 620
1778050 621
1778060 622
1778070 623
1778080 625
1778090 626
1778100 628
1778110 630
1778120 632
1778130 634
1778140 636
1778150 637
1778160 637
1778170 638
1778180 640
1778190 641
1778200 643
1778210 645
1778220 649
1778230 653
1778240 656
1778250 658
1778260 659
1778270 661
1778280 663
1778290 665
1778300 667
1778310 669
1778320 672
1778330 673
1778340 675
1778350 677
1778360 678
1778370 680
1778380 682
1778390 684
1778400 686
1778410 687
1778420 689
1778430 691
1778440 693
1778450 695
1778460 697
1778470 698
1778480 700
1778490 701
1778500 702
1778510 704
1778520 705
1778530 706
1778540 706
1778550 706
1778560 705
1778570 705
1778580 704
1778590 705
1778600 705
1778610 703
1778620 699
1778630 695
1778640 690
1778650 685
1778660 681
1778670 678
1778680 674
1778690 671
1778700 668
1778710 665
1778720 661
1778730 657
1778740 652
1778750 648
1778760 643
1778770 638
1778780 634
1778790 630
1778800 626
1778810 623
1778820 619
1778830 617
1778840 615
1778850 612
1778860 610
1778870 607
1778880 605
1778890 602
1778900 600
1778910 597
1778920 595
1778930 593
1778940 591
1778950 589
1778960 587
1778970 585
1778980 583
1778990 581
1779000 579
1779010 576
1779020 573
1779030 571
1779040 568
1779050 566
1779060 564
1779070 561
1779080 559
1779090 556
1779100 554
1779110 551
1779120 548
1779130 546
1779140 544
1779150 541
1779160 539
1779170 537
1779180 534
1779190 531
1779200 527
1779210 523
1779220 520
1779230 516
1779240 512
1779250 507
1779260 503
1779270 499
1779280 495
1779290 491
1779300 487
1779310 483
1779320 479
1779330 475
1779340 471
1779350 468
1779360 464
1779370 460
1779380 456
1779390 452
1779400 449
1779410 446
1779420 442
1779430 440
1779440 437
1779450 434
1779460 431
1779470 428
1779480 425
1779490 422
1779500 419
1779510 416
1779520 414
1779530 413
1779540 411
1779550 410
1779560 410
1779570 409
1779580 410
1779590 410
1779600 411
1779610 411
1779620 411
1779630 411
1779640 411
1779650 411
1779660 411
1779670 411
1779680 411
1779690 411
1779700 412
1779710 412
1779720 413
1779730 413
1779740 413
1779750 414
1779760 415
1779770 415
1779780 415
1779790 416
1779800 416
1779810 416
1779820 416
1779830 416
1779840 417
1779850 417
1779860 418
1779870 419
1779880 419
1779890 420
1779900 421
1779910 422
1779920 423
1779930 424
1779940 425
1779950 427
1779960 429
1779970 431
1779980 432
1779990 433
