1760000 684
1760010 687
1760020 690
1760030 693
1760040 697
1760050 700
1760060 703
1760070 706
1760080 709
1760090 712
1760100 715
1760110 717
1760120 719
1760130 721
1760140 723
1760150 725
1760160 726
1760170 727
1760180 728
1760190 728
1760200 728
1760210 727
1760220 725
1760230 722
1760240 719
1760250 716
1760260 714
1760270 714
1760280 714
1760290 714
1760300 715
1760310 717
1760320 719
1760330 721
1760340 724
1760350 725
1760360 726
1760370 725
1760380 724
1760390 723
1760400 723
1760410 722
1760420 721
1760430 720
1760440 718
1760450 714
1760460 710
1760470 705
1760480 700
1760490 695
1760500 690
1760510 685
1760520 680
1760530 675
1760540 671
1760550 668
1760560 672
1760570 675
1760580 678
1760590 681
1760600 684
1760610 686
1760620 688
1760630 690
1760640 692
1760650 694
1760660 696
1760670 697
1760680 698
1760690 699
1760700 700
1760710 701
1760720 702
1760730 703
1760740 703
1760750 703
1760760 703
1760770 703
1760780 702
1760790 702
1760800 700
1760810 698
1760820 696
1760830 694
1760840 693
1760850 693
1760860 693
1760870 693
1760880 694
1760890 694
1760900 694
1760910 695
1760920 695
1760930 696
1760940 696
1760950 697
1760960 698
1760970 698
1760980 699
1760990 700
1761000 702
1761010 703
1761020 705
1761030 707
1761040 710
1761050 711
1761060 713
1761070 713
1761080 714
1761090 714
1761100 714
1761110 713
1761120 711
1761130 709
1761140 706
1761150 702
1761160 698
1761170 694
1761180 689
1761190 685
1761200 680
1761210 676
1761220 671
1761230 667
1761240 662
1761250 657
1761260 652
1761270 647
1761280 642
1761290 637
1761300 633
1761310 628
1761320 624
1761330 620
1761340 616
1761350 612
1761360 609
1761370 606
1761380 603
1761390 600
1761400 597
1761410 595
1761420 595
1761430 596
1761440 600
1761450 603
1761460 606
1761470 609
1761480 612
1761490 615
1761500 618
1761510 622
1761520 626
1761530 629
1761540 634
1761550 638
1761560 642
1761570 646
1761580 651
1761590 655
1761600 660
1761610 664
1761620 669
1761630 673
1761640 678
1761650 682
1761660 686
1761670 690
1761680 694
1761690 698
1761700 702
1761710 706
1761720 710
1761730 713
1761740 716
1761750 719
1761760 722
1761770 724
1761780 726
1761790 726
1761800 726
1761810 726
1761820 724
1761830 722
1761840 718
1761850 714
1761860 710
1761870 705
1761880 700
1761890 695
1761900 690
1761910 686
1761920 681
1761930 677
1761940 672
1761950 667
1761960 662
1761970 658
1761980 654
1761990 650
1762000 647
1762010 643
1762020 640
1762030 636
1762040 633
1762050 629
1762060 626
1762070 623
1762080 619
1762090 616
1762100 613
1762110 611
1762120 611
1762130 611
1762140 611
1762150 611
1762160 611
1762170 613
1762180 615
1762190 618
1762200 621
1762210 625
1762220 628
1762230 632
1762240 635
1762250 639
1762260 643
1762270 647
1762280 650
1762290 655
1762300 658
1762310 662
1762320 666
1762330 670
1762340 674
1762350 677
1762360 681
1762370 684
1762380 688
1762390 692
1762400 696
1762410 700
1762420 703
1762430 706
1762440 709
1762450 713
1762460 716
1762470 720
1762480 723
1762490 726
1762500 730
1762510 733
1762520 736
1762530 739
1762540 742
1762550 745
1762560 748
1762570 751
1762580 754
1762590 757
1762600 761
1762610 765
1762620 769
1762630 773
1762640 778
1762650 782
1762660 786
1762670 790
1762680 794
1762690 798
1762700 802
1762710 806
1762720 809
1762730 813
1762740 817
1762750 821
1762760 825
1762770 830
1762780 834
1762790 838
1762800 843
1762810 848
1762820 852
1762830 857
1762840 862
1762850 866
1762860 871
1762870 876
1762880 880
1762890 885
1762900 889
1762910 894
1762920 898
1762930 903
1762940 907
1762950 912
1762960 916
1762970 920
1762980 924
1762990 928
1763000 932
1763010 936
1763020 940
1763030 945
1763040 949
1763050 953
1763060 957
1763070 960
1763080 964
1763090 968
1763100 972
1763110 975
1763120 979
1763130 982
1763140 986
1763150 989
1763160 992
1763170 994
1763180 997
1763190 999
1763200 1001
1763210 1002
1763220 1002
1763230 1001
1763240 999
1763250 996
1763260 992
1763270 988
1763280 984
1763290 980
1763300 977
1763310 973
1763320 969
1763330 966
1763340 962
1763350 958
1763360 955
1763370 952
1763380 948
1763390 945
1763400 942
1763410 939
1763420 936
1763430 934
1763440 931
1763450 929
1763460 926
1763470 924
1763480 922
1763490 919
1763500 917
1763510 915
1763520 912
1763530 909
1763540 906
1763550 903
1763560 899
1763570 895
1763580 891
1763590 887
1763600 882
1763610 878
1763620 874
1763630 870
1763640 866
1763650 862
1763660 858
1763670 854
1763680 850
1763690 846
1763700 842
1763710 837
1763720 835
1763730 835
1763740 835
1763750 836
1763760 837
1763770 837
1763780 838
1763790 839
1763800 839
1763810 839
1763820 839
1763830 839
1763840 839
1763850 838
1763860 835
1763870 831
1763880 826
1763890 822
1763900 818
1763910 814
1763920 810
1763930 806
1763940 802
1763950 799
1763960 795
1763970 793
1763980 791
1763990 790
1764000 789
1764010 789
1764020 788
1764030 788
1764040 788
1764050 789
1764060 789
1764070 789
1764080 789
1764090 788
1764100 787
1764110 785
1764120 782
1764130 779
1764140 776
1764150 773
1764160 770
1764170 767
1764180 764
1764190 762
1764200 761
1764210 760
1764220 758
1764230 756
1764240 753
1764250 750
1764260 746
1764270 741
1764280 738
1764290 734
1764300 731
1764310 727
1764320 722
1764330 717
1764340 713
1764350 709
1764360 704
1764370 700
1764380 696
1764390 692
1764400 688
1764410 683
1764420 679
1764430 674
1764440 670
1764450 666
1764460 663
1764470 659
1764480 655
1764490 651
1764500 646
1764510 642
1764520 638
1764530 634
1764540 630
1764550 626
1764560 622
1764570 618
1764580 615
1764590 611
1764600 608
1764610 605
1764620 602
1764630 598
1764640 596
1764650 593
1764660 591
1764670 590
1764680 589
1764690 588
1764700 588
1764710 587
1764720 586
1764730 587
1764740 587
1764750 587
1764760 587
1764770 587
1764780 586
1764790 586
1764800 587
1764810 589
1764820 592
1764830 595
1764840 599
1764850 602
1764860 604
1764870 605
1764880 605
1764890 606
1764900 606
1764910 607
1764920 607
1764930 608
1764940 608
1764950 609
1764960 610
1764970 612
1764980 615
1764990 618
1765000 620
1765010 621
1765020 622
1765030 622
1765040 622
1765050 622
1765060 622
1765070 622
1765080 622
1765090 622
1765100 622
1765110 622
1765120 622
1765130 622
1765140 621
1765150 620
1765160 619
1765170 616
1765180 613
1765190 609
1765200 604
1765210 600
1765220 595
1765230 590
1765240 584
1765250 579
1765260 574
1765270 570
1765280 566
1765290 561
1765300 558
1765310 554
1765320 551
1765330 548
1765340 545
1765350 542
1765360 541
1765370 539
1765380 538
1765390 537
1765400 535
1765410 533
1765420 530
1765430 527
1765440 523
1765450 520
1765460 518
1765470 516
1765480 516
1765490 516
1765500 516
1765510 516
1765520 516
1765530 517
1765540 516
1765550 516
1765560 517
1765570 517
1765580 517
1765590 517
1765600 518
1765610 519
1765620 519
1765630 519
1765640 519
1765650 521
1765660 524
1765670 526
1765680 528
1765690 529
1765700 532
1765710 535
1765720 538
1765730 542
1765740 547
1765750 552
1765760 555
1765770 554
1765780 551
1765790 547
1765800 544
1765810 542
1765820 542
1765830 544
1765840 548
1765850 552
1765860 556
1765870 560
1765880 565
1765890 569
1765900 573
1765910 578
1765920 583
1765930 588
1765940 592
1765950 595
1765960 598
1765970 601
1765980 604
1765990 607
1766000 611
1766010 615
1766020 619
1766030 623
1766040 628
1766050 632
1766060 637
1766070 640
1766080 643
1766090 644
1766100 646
1766110 648
1766120 650
1766130 653
1766140 656
1766150 658
1766160 659
1766170 659
1766180 658
1766190 657
1766200 656
1766210 655
1766220 654
1766230 651
1766240 647
1766250 645
1766260 642
1766270 640
1766280 638
1766290 637
1766300 636
1766310 637
1766320 638
1766330 639
1766340 640
1766350 641
1766360 643
1766370 644
1766380 648
1766390 652
1766400 656
1766410 659
1766420 661
1766430 662
1766440 665
1766450 668
1766460 672
1766470 676
1766480 680
1766490 682
1766500 683
1766510 682
1766520 682
1766530 682
1766540 682
1766550 683
1766560 684
1766570 685
1766580 687
1766590 689
1766600 691
1766610 694
1766620 695
1766630 695
1766640 692
1766650 688
1766660 684
1766670 680
1766680 675
1766690 671
1766700 666
1766710 661
1766720 657
1766730 652
1766740 647
1766750 642
1766760 638
1766770 633
1766780 629
1766790 625
1766800 622
1766810 619
1766820 616
1766830 613
1766840 609
1766850 605
1766860 601
1766870 596
1766880 592
1766890 588
1766900 584
1766910 581
1766920 577
1766930 573
1766940 569
1766950 565
1766960 560
1766970 555
1766980 549
1766990 545
1767000 543
1767010 540
1767020 536
1767030 533
1767040 539
1767050 545
1767060 550
1767070 551
1767080 550
1767090 547
1767100 548
1767110 550
1767120 552
1767130 554
1767140 557
1767150 559
1767160 562
1767170 564
1767180 567
1767190 569
1767200 571
1767210 574
1767220 577
1767230 580
1767240 584
1767250 587
1767260 590
1767270 594
1767280 597
1767290 600
1767300 604
1767310 607
1767320 610
1767330 612
1767340 615
1767350 617
1767360 619
1767370 621
1767380 624
1767390 626
1767400 629
1767410 631
1767420 634
1767430 637
1767440 640
1767450 643
1767460 647
1767470 651
1767480 655
1767490 657
1767500 661
1767510 665
1767520 669
1767530 673
1767540 677
1767550 680
1767560 684
1767570 688
1767580 693
1767590 697
1767600 701
1767610 706
1767620 711
1767630 715
1767640 720
1767650 724
1767660 728
1767670 733
1767680 738
1767690 741
1767700 744
1767710 744
1767720 744
1767730 743
1767740 742
1767750 742
1767760 741
1767770 740
1767780 739
1767790 737
1767800 734
1767810 730
1767820 727
1767830 723
1767840 718
1767850 714
1767860 710
1767870 707
1767880 704
1767890 700
1767900 697
1767910 695
1767920 693
1767930 690
1767940 686
1767950 681
1767960 676
1767970 671
1767980 666
1767990 662
1768000 658
1768010 656
1768020 657
1768030 659
1768040 662
1768050 664
1768060 667
1768070 670
1768080 671
1768090 670
1768100 664
1768110 659
1768120 655
1768130 651
1768140 647
1768150 643
1768160 639
1768170 636
1768180 633
1768190 631
1768200 631
1768210 632
1768220 635
1768230 638
1768240 641
1768250 644
1768260 648
1768270 652
1768280 657
1768290 662
1768300 666
1768310 670
1768320 674
1768330 677
1768340 681
1768350 685
1768360 689
1768370 693
1768380 697
1768390 701
1768400 705
1768410 709
1768420 713
1768430 717
1768440 721
1768450 725
1768460 728
1768470 732
1768480 736
1768490 740
1768500 743
1768510 747
1768520 750
1768530 753
1768540 756
1768550 759
1768560 761
1768570 764
1768580 768
1768590 771
1768600 774
1768610 776
1768620 778
1768630 779
1768640 779
1768650 776
1768660 774
1768670 772
1768680 771
1768690 769
1768700 768
1768710 766
1768720 763
1768730 761
1768740 759
1768750 757
1768760 755
1768770 753
1768780 751
1768790 750
1768800 749
1768810 748
1768820 747
1768830 747
1768840 747
1768850 747
1768860 747
1768870 746
1768880 746
1768890 744
1768900 743
1768910 742
1768920 740
1768930 738
1768940 736
1768950 734
1768960 734
1768970 734
1768980 734
1768990 736
1769000 738
1769010 740
1769020 743
1769030 745
1769040 746
1769050 746
1769060 746
1769070 747
1769080 749
1769090 752
1769100 755
1769110 756
1769120 757
1769130 758
1769140 759
1769150 759
1769160 758
1769170 756
1769180 753
1769190 749
1769200 744
1769210 739
1769220 734
1769230 728
1769240 724
1769250 720
1769260 715
1769270 710
1769280 704
1769290 698
1769300 692
1769310 687
1769320 684
1769330 682
1769340 681
1769350 679
1769360 677
1769370 674
1769380 671
1769390 667
1769400 662
1769410 658
1769420 654
1769430 651
1769440 649
1769450 647
1769460 645
1769470 643
1769480 640
1769490 637
1769500 634
1769510 631
1769520 630
1769530 628
1769540 627
1769550 626
1769560 625
1769570 623
1769580 620
1769590 617
1769600 614
1769610 609
1769620 604
1769630 599
1769640 594
1769650 588
1769660 583
1769670 577
1769680 572
1769690 567
1769700 562
1769710 558
1769720 553
1769730 548
1769740 542
1769750 538
1769760 534
1769770 532
1769780 534
1769790 538
1769800 542
1769810 547
1769820 551
1769830 555
1769840 558
1769850 559
1769860 560
1769870 561
1769880 562
1769890 565
1769900 566
1769910 567
1769920 568
1769930 568
1769940 568
1769950 568
1769960 567
1769970 566
1769980 566
1769990 569
1770000 572
1770010 575
1770020 579
1770030 582
1770040 586
1770050 591
1770060 595
1770070 600
1770080 604
1770090 609
1770100 613
1770110 617
1770120 622
1770130 626
1770140 631
1770150 636
1770160 640
1770170 645
1770180 649
1770190 654
1770200 659
1770210 663
1770220 668
1770230 672
1770240 676
1770250 680
1770260 684
1770270 688
1770280 692
1770290 695
1770300 699
1770310 701
1770320 704
1770330 706
1770340 707
1770350 707
1770360 707
1770370 706
1770380 706
1770390 705
1770400 704
1770410 703
1770420 702
1770430 701
1770440 699
1770450 698
1770460 697
1770470 696
1770480 694
1770490 693
1770500 691
1770510 690
1770520 688
1770530 687
1770540 685
1770550 683
1770560 681
1770570 679
1770580 677
1770590 675
1770600 673
1770610 671
1770620 669
1770630 666
1770640 663
1770650 660
1770660 657
1770670 653
1770680 650
1770690 647
1770700 644
1770710 641
1770720 637
1770730 633
1770740 628
1770750 623
1770760 619
1770770 614
1770780 609
1770790 606
1770800 603
1770810 603
1770820 604
1770830 605
1770840 607
1770850 608
1770860 610
1770870 611
1770880 612
1770890 613
1770900 613
1770910 612
1770920 612
1770930 610
1770940 608
1770950 605
1770960 602
1770970 597
1770980 592
1770990 588
1771000 583
1771010 579
1771020 575
1771030 571
1771040 567
1771050 565
1771060 562
1771070 560
1771080 559
1771090 558
1771100 557
1771110 557
1771120 557
1771130 558
1771140 559
1771150 561
1771160 562
1771170 564
1771180 566
1771190 568
1771200 570
1771210 571
1771220 572
1771230 573
1771240 573
1771250 573
1771260 573
1771270 572
1771280 572
1771290 571
1771300 571
1771310 571
1771320 570
1771330 569
1771340 568
1771350 566
1771360 566
1771370 566
1771380 566
1771390 566
1771400 565
1771410 565
1771420 565
1771430 564
1771440 564
1771450 563
1771460 562
1771470 562
1771480 562
1771490 562
1771500 563
1771510 564
1771520 566
1771530 567
1771540 568
1771550 569
1771560 571
1771570 572
1771580 574
1771590 576
1771600 578
1771610 580
1771620 581
1771630 583
1771640 584
1771650 585
1771660 587
1771670 589
1771680 590
1771690 592
1771700 593
1771710 595
1771720 596
1771730 598
1771740 599
1771750 600
1771760 602
1771770 604
1771780 606
1771790 607
1771800 608
1771810 609
1771820 608
1771830 608
1771840 607
1771850 606
1771860 605
1771870 604
1771880 603
1771890 602
1771900 601
1771910 600
1771920 599
1771930 598
1771940 596
1771950 595
1771960 595
1771970 594
1771980 593
1771990 593
1772000 593
1772010 592
1772020 592
1772030 592
1772040 592
1772050 592
1772060 591
1772070 591
1772080 591
1772090 591
1772100 590
1772110 590
1772120 588
1772130 586
1772140 585
1772150 583
1772160 581
1772170 579
1772180 577
1772190 574
1772200 572
1772210 570
1772220 567
1772230 565
1772240 562
1772250 560
1772260 557
1772270 555
1772280 553
1772290 551
1772300 548
1772310 546
1772320 543
1772330 538
1772340 534
1772350 530
1772360 525
1772370 521
1772380 517
1772390 513
1772400 508
1772410 504
1772420 501
1772430 497
1772440 493
1772450 490
1772460 487
1772470 484
1772480 481
1772490 479
1772500 476
1772510 474
1772520 472
1772530 469
1772540 465
1772550 462
1772560 459
1772570 457
1772580 456
1772590 454
1772600 454
1772610 453
1772620 453
1772630 453
1772640 453
1772650 453
1772660 453
1772670 452
1772680 452
1772690 452
1772700 452
1772710 452
1772720 452
1772730 452
1772740 452
1772750 452
1772760 452
1772770 452
1772780 452
1772790 452
1772800 452
1772810 452
1772820 452
1772830 452
1772840 452
1772850 452
1772860 452
1772870 452
1772880 452
1772890 451
1772900 451
1772910 451
1772920 451
1772930 451
1772940 451
1772950 451
1772960 451
1772970 451
1772980 451
1772990 450
1773000 450
1773010 450
1773020 450
1773030 450
1773040 450
1773050 450
1773060 450
1773070 450
1773080 449
1773090 449
1773100 449
1773110 449
1773120 449
1773130 449
1773140 449
1773150 449
1773160 449
1773170 449
1773180 449
1773190 449
1773200 449
1773210 449
1773220 449
1773230 449
1773240 449
1773250 449
1773260 448
1773270 448
1773280 448
1773290 448
1773300 448
1773310 448
1773320 448
1773330 447
1773340 447
1773350 447
1773360 447
1773370 447
1773380 447
1773390 447
1773400 446
1773410 446
1773420 446
1773430 446
1773440 446
1773450 446
1773460 445
1773470 445
1773480 446
1773490 446
1773500 446
1773510 446
1773520 446
1773530 445
1773540 445
1773550 445
1773560 445
1773570 445
1773580 445
1773590 445
1773600 445
1773610 445
1773620 445
1773630 445
1773640 445
1773650 445
1773660 445
1773670 445
1773680 445
1773690 445
1773700 445
1773710 445
1773720 445
1773730 445
1773740 445
1773750 445
1773760 445
1773770 445
1773780 445
1773790 445
1773800 445
1773810 444
1773820 444
1773830 444
1773840 444
1773850 444
1773860 444
1773870 444
1773880 444
1773890 444
1773900 444
1773910 444
1773920 444
1773930 444
1773940 443
1773950 444
1773960 444
1773970 445
1773980 445
1773990 445
1774000 445
1774010 445
1774020 445
1774030 445
1774040 445
1774050 445
1774060 445
1774070 445
1774080 445
1774090 445
1774100 445
1774110 445
1774120 445
1774130 445
1774140 445
1774150 445
1774160 445
1774170 446
1774180 446
1774190 446
1774200 446
1774210 445
1774220 446
1774230 446
1774240 446
1774250 446
1774260 446
1774270 446
1774280 446
1774290 447
1774300 447
1774310 447
1774320 447
1774330 447
1774340 448
1774350 450
1774360 453
1774370 455
1774380 458
1774390 460
1774400 462
1774410 463
1774420 464
1774430 464
1774440 465
1774450 465
1774460 465
1774470 464
1774480 464
1774490 463
1774500 462
1774510 461
1774520 461
1774530 461
1774540 460
1774550 460
1774560 460
1774570 460
1774580 460
1774590 460
1774600 460
1774610 461
1774620 462
1774630 463
1774640 464
1774650 464
1774660 465
1774670 465
1774680 465
1774690 465
1774700 465
1774710 465
1774720 465
1774730 466
1774740 466
1774750 466
1774760 466
1774770 467
1774780 467
1774790 467
1774800 467
1774810 467
1774820 467
1774830 467
1774840 467
1774850 467
1774860 466
1774870 466
1774880 466
1774890 464
1774900 462
1774910 460
1774920 458
1774930 456
1774940 453
1774950 451
1774960 450
1774970 448
1774980 447
1774990 447
1775000 446
1775010 446
1775020 446
1775030 446
1775040 446
1775050 446
1775060 446
1775070 446
1775080 446
1775090 445
1775100 445
1775110 445
1775120 446
1775130 446
1775140 446
1775150 446
1775160 446
1775170 447
1775180 447
1775190 448
1775200 449
1775210 450
1775220 452
1775230 453
1775240 455
1775250 457
1775260 459
1775270 461
1775280 462
1775290 463
1775300 464
1775310 464
1775320 465
1775330 465
1775340 465
1775350 466
1775360 466
1775370 466
1775380 466
1775390 467
1775400 467
1775410 467
1775420 467
1775430 467
1775440 467
1775450 467
1775460 467
1775470 468
1775480 468
1775490 468
1775500 468
1775510 468
1775520 468
1775530 468
1775540 467
1775550 467
1775560 467
1775570 466
1775580 466
1775590 465
1775600 465
1775610 464
1775620 464
1775630 463
1775640 463
1775650 462
1775660 462
1775670 461
1775680 461
1775690 460
1775700 460
1775710 460
1775720 459
1775730 459
1775740 458
1775750 458
1775760 458
1775770 458
1775780 457
1775790 456
1775800 455
1775810 454
1775820 454
1775830 454
1775840 454
1775850 455
1775860 455
1775870 456
1775880 457
1775890 457
1775900 458
1775910 458
1775920 458
1775930 458
1775940 458
1775950 458
1775960 458
1775970 458
1775980 458
1775990 458
1776000 458
1776010 459
1776020 459
1776030 459
1776040 460
1776050 460
1776060 461
1776070 461
1776080 461
1776090 462
1776100 462
1776110 462
1776120 462
1776130 462
1776140 462
1776150 463
1776160 463
1776170 463
1776180 464
1776190 464
1776200 464
1776210 464
1776220 464
1776230 463
1776240 463
1776250 463
1776260 462
1776270 462
1776280 462
1776290 462
1776300 461
1776310 461
1776320 461
1776330 460
1776340 460
1776350 460
1776360 459
1776370 459
1776380 459
1776390 458
1776400 458
1776410 457
1776420 457
1776430 456
1776440 455
1776450 455
1776460 455
1776470 453
1776480 452
1776490 450
1776500 449
1776510 448
1776520 447
1776530 447
1776540 447
1776550 446
1776560 446
1776570 445
1776580 445
1776590 445
1776600 445
1776610 445
1776620 446
1776630 446
1776640 447
1776650 447
1776660 449
1776670 451
1776680 451
1776690 452
1776700 452
1776710 453
1776720 454
1776730 457
1776740 460
1776750 462
1776760 463
1776770 463
1776780 463
1776790 462
1776800 462
1776810 462
1776820 462
1776830 462
1776840 461
1776850 461
1776860 461
1776870 461
1776880 461
1776890 460
1776900 460
1776910 459
1776920 458
1776930 457
1776940 456
1776950 455
1776960 453
1776970 452
1776980 451
1776990 450
1777000 449
1777010 448
1777020 447
1777030 447
1777040 447
1777050 447
1777060 447
1777070 447
1777080 449
1777090 451
1777100 455
1777110 458
1777120 461
1777130 465
1777140 468
1777150 472
1777160 476
1777170 479
1777180 482
1777190 485
1777200 487
1777210 489
1777220 491
1777230 492
1777240 493
1777250 494
1777260 495
1777270 497
1777280 500
1777290 502
1777300 504
1777310 506
1777320 508
1777330 510
1777340 512
1777350 514
1777360 516
1777370 518
1777380 520
1777390 522
1777400 524
1777410 526
1777420 528
1777430 529
1777440 531
1777450 533
1777460 535
1777470 536
1777480 538
1777490 540
1777500 542
1777510 543
1777520 545
1777530 547
1777540 548
1777550 550
1777560 552
1777570 553
1777580 555
1777590 556
1777600 557
1777610 559
1777620 560
1777630 562
1777640 564
1777650 565
1777660 567
1777670 568
1777680 569
1777690 571
1777700 572
1777710 574
1777720 575
1777730 577
1777740 579
1777750 580
1777760 582
1777770 583
1777780 585
1777790 587
1777800 588
1777810 589
1777820 589
1777830 588
1777840 587
1777850 584
1777860 581
1777870 578
1777880 575
1777890 573
1777900 572
1777910 570
1777920 569
1777930 568
1777940 568
1777950 567
1777960 567
1777970 567
1777980 567
1777990 567
1778000 567
1778010 567
1778020 568
1778030 570
1778040 571
1778050 573
1778060 575
1778070 578
1778080 580
1778090 583
1778100 586
1778110 589
1778120 592
1778130 595
1778140 598
1778150 601
1778160 603
1778170 606
1778180 609
1778190 612
1778200 615
1778210 619
1778220 623
1778230 627
1778240 634
1778250 641
1778260 646
1778270 650
1778280 653
1778290 655
1778300 657
1778310 658
1778320 657
1778330 654
1778340 651
1778350 650
1778360 650
1778370 650
1778380 651
1778390 652
1778400 654
1778410 656
1778420 657
1778430 659
1778440 662
1778450 664
1778460 666
1778470 667
1778480 669
1778490 671
1778500 673
1778510 676
1778520 679
1778530 681
1778540 680
1778550 678
1778560 677
1778570 675
1778580 675
1778590 674
1778600 673
1778610 673
1778620 672
1778630 672
1778640 672
1778650 673
1778660 671
1778670 670
1778680 667
1778690 664
1778700 661
1778710 658
1778720 656
1778730 655
1778740 653
1778750 650
1778760 645
1778770 640
1778780 635
1778790 630
1778800 624
1778810 619
1778820 614
1778830 609
1778840 607
1778850 604
1778860 603
1778870 602
1778880 600
1778890 598
1778900 595
1778910 592
1778920 589
1778930 584
1778940 580
1778950 577
1778960 576
1778970 575
1778980 574
1778990 571
1779000 567
1779010 564
1779020 560
1779030 558
1779040 556
1779050 554
1779060 553
1779070 551
1779080 549
1779090 545
1779100 541
1779110 537
1779120 533
1779130 528
1779140 523
1779150 519
1779160 515
1779170 512
1779180 510
1779190 508
1779200 506
1779210 503
1779220 499
1779230 493
1779240 488
1779250 485
1779260 482
1779270 480
1779280 479
1779290 477
1779300 474
1779310 470
1779320 466
1779330 461
1779340 456
1779350 451
1779360 446
1779370 441
1779380 436
1779390 431
1779400 426
1779410 422
1779420 416
1779430 413
1779440 411
1779450 412
1779460 413
1779470 415
1779480 420
1779490 424
1779500 429
1779510 433
1779520 437
1779530 441
1779540 445
1779550 450
1779560 454
1779570 459
1779580 464
1779590 469
1779600 474
1779610 479
1779620 484
1779630 490
1779640 497
1779650 504
1779660 510
1779670 514
1779680 514
1779690 511
1779700 506
1779710 500
1779720 494
1779730 489
1779740 485
1779750 483
1779760 482
1779770 482
1779780 482
1779790 483
1779800 483
1779810 484
1779820 484
1779830 485
1779840 487
1779850 489
1779860 491
1779870 493
1779880 494
1779890 495
1779900 496
1779910 497
1779920 498
1779930 498
1779940 498
1779950 498
1779960 498
1779970 497
1779980 496
1779990 495
