1760000 850
1760010 847
1760020 845
1760030 842
1760040 840
1760050 839
1760060 837
1760070 835
1760080 834
1760090 833
1760100 832
1760110 833
1760120 833
1760130 834
1760140 836
1760150 839
1760160 841
1760170 844
1760180 847
1760190 849
1760200 851
1760210 852
1760220 853
1760230 852
1760240 851
1760250 849
1760260 847
1760270 845
1760280 843
1760290 840
1760300 837
1760310 835
1760320 834
1760330 833
1760340 833
1760350 834
1760360 836
1760370 838
1760380 839
1760390 841
1760400 843
1760410 845
1760420 848
1760430 849
1760440 851
1760450 852
1760460 854
1760470 857
1760480 861
1760490 865
1760500 869
1760510 873
1760520 877
1760530 881
1760540 885
1760550 888
1760560 892
1760570 895
1760580 899
1760590 902
1760600 905
1760610 905
1760620 904
1760630 901
1760640 896
1760650 892
1760660 886
1760670 881
1760680 875
1760690 869
1760700 864
1760710 858
1760720 852
1760730 848
1760740 843
1760750 837
1760760 832
1760770 827
1760780 822
1760790 817
1760800 813
1760810 808
1760820 804
1760830 800
1760840 796
1760850 792
1760860 788
1760870 783
1760880 780
1760890 777
1760900 775
1760910 772
1760920 769
1760930 766
1760940 762
1760950 758
1760960 754
1760970 751
1760980 747
1760990 743
1761000 739
1761010 735
1761020 732
1761030 730
1761040 731
1761050 733
1761060 737
1761070 741
1761080 746
1761090 751
1761100 756
1761110 760
1761120 763
1761130 768
1761140 771
1761150 772
1761160 769
1761170 764
1761180 758
1761190 753
1761200 749
1761210 745
1761220 741
1761230 737
1761240 732
1761250 730
1761260 729
1761270 728
1761280 726
1761290 724
1761300 723
1761310 721
1761320 717
1761330 713
1761340 709
1761350 704
1761360 700
1761370 696
1761380 692
1761390 687
1761400 684
1761410 681
1761420 681
1761430 685
1761440 689
1761450 694
1761460 698
1761470 702
1761480 706
1761490 711
1761500 716
1761510 721
1761520 726
1761530 731
1761540 736
1761550 739
1761560 742
1761570 743
1761580 742
1761590 741
1761600 739
1761610 736
1761620 734
1761630 731
1761640 729
1761650 728
1761660 726
1761670 725
1761680 722
1761690 718
1761700 714
1761710 710
1761720 706
1761730 701
1761740 697
1761750 694
1761760 693
1761770 693
1761780 692
1761790 692
1761800 692
1761810 692
1761820 693
1761830 695
1761840 697
1761850 698
1761860 700
1761870 701
1761880 702
1761890 701
1761900 702
1761910 704
1761920 707
1761930 710
1761940 714
1761950 718
1761960 722
1761970 726
1761980 729
1761990 732
1762000 735
1762010 738
1762020 741
1762030 745
1762040 748
1762050 752
1762060 755
1762070 759
1762080 763
1762090 767
1762100 770
1762110 774
1762120 777
1762130 781
1762140 784
1762150 788
1762160 790
1762170 791
1762180 792
1762190 793
1762200 793
1762210 793
1762220 793
1762230 793
1762240 793
1762250 792
1762260 792
1762270 792
1762280 792
1762290 792
1762300 792
1762310 792
1762320 793
1762330 793
1762340 794
1762350 794
1762360 795
1762370 796
1762380 796
1762390 797
1762400 798
1762410 799
1762420 800
1762430 801
1762440 801
1762450 802
1762460 802
1762470 803
1762480 803
1762490 802
1762500 801
1762510 800
1762520 799
1762530 798
1762540 797
1762550 796
1762560 795
1762570 795
1762580 794
1762590 792
1762600 791
1762610 789
1762620 787
1762630 785
1762640 783
1762650 782
1762660 782
1762670 781
1762680 781
1762690 780
1762700 780
1762710 780
1762720 780
1762730 780
1762740 781
1762750 784
1762760 786
1762770 789
1762780 792
1762790 794
1762800 796
1762810 798
1762820 798
1762830 798
1762840 797
1762850 796
1762860 796
1762870 795
1762880 795
1762890 795
1762900 794
1762910 794
1762920 793
1762930 792
1762940 792
1762950 791
1762960 790
1762970 788
1762980 787
1762990 784
1763000 781
1763010 776
1763020 771
1763030 766
1763040 763
1763050 759
1763060 754
1763070 749
1763080 745
1763090 741
1763100 739
1763110 737
1763120 734
1763130 733
1763140 732
1763150 730
1763160 734
1763170 736
1763180 739
1763190 741
1763200 744
1763210 746
1763220 748
1763230 750
1763240 752
1763250 755
1763260 757
1763270 759
1763280 762
1763290 764
1763300 767
1763310 769
1763320 771
1763330 773
1763340 775
1763350 776
1763360 777
1763370 778
1763380 779
1763390 779
1763400 780
1763410 780
1763420 781
1763430 782
1763440 783
1763450 784
1763460 785
1763470 785
1763480 785
1763490 784
1763500 783
1763510 781
1763520 779
1763530 777
1763540 775
1763550 772
1763560 768
1763570 764
1763580 760
1763590 755
1763600 750
1763610 745
1763620 740
1763630 735
1763640 731
1763650 727
1763660 723
1763670 719
1763680 716
1763690 713
1763700 709
1763710 706
1763720 703
1763730 699
1763740 696
1763750 692
1763760 689
1763770 687
1763780 684
1763790 681
1763800 679
1763810 676
1763820 674
1763830 671
1763840 669
1763850 667
1763860 665
1763870 663
1763880 661
1763890 659
1763900 658
1763910 656
1763920 654
1763930 652
1763940 650
1763950 647
1763960 645
1763970 644
1763980 643
1763990 643
1764000 643
1764010 641
1764020 638
1764030 635
1764040 633
1764050 631
1764060 628
1764070 625
1764080 622
1764090 620
1764100 617
1764110 615
1764120 613
1764130 611
1764140 609
1764150 608
1764160 607
1764170 608
1764180 608
1764190 609
1764200 610
1764210 611
1764220 611
1764230 610
1764240 609
1764250 607
1764260 606
1764270 605
1764280 606
1764290 606
1764300 606
1764310 607
1764320 607
1764330 606
1764340 606
1764350 606
1764360 606
1764370 606
1764380 604
1764390 602
1764400 599
1764410 597
1764420 595
1764430 592
1764440 588
1764450 584
1764460 579
1764470 573
1764480 568
1764490 564
1764500 561
1764510 557
1764520 553
1764530 549
1764540 545
1764550 542
1764560 539
1764570 536
1764580 533
1764590 531
1764600 529
1764610 527
1764620 526
1764630 525
1764640 525
1764650 525
1764660 525
1764670 525
1764680 524
1764690 524
1764700 525
1764710 526
1764720 528
1764730 531
1764740 534
1764750 536
1764760 539
1764770 541
1764780 545
1764790 549
1764800 552
1764810 553
1764820 553
1764830 552
1764840 555
1764850 559
1764860 563
1764870 564
1764880 563
1764890 563
1764900 562
1764910 561
1764920 559
1764930 557
1764940 554
1764950 551
1764960 551
1764970 552
1764980 555
1764990 558
1765000 562
1765010 566
1765020 569
1765030 571
1765040 573
1765050 576
1765060 578
1765070 580
1765080 582
1765090 585
1765100 587
1765110 589
1765120 590
1765130 592
1765140 591
1765150 589
1765160 586
1765170 581
1765180 577
1765190 572
1765200 569
1765210 566
1765220 564
1765230 563
1765240 561
1765250 560
1765260 560
1765270 561
1765280 563
1765290 567
1765300 571
1765310 575
1765320 580
1765330 584
1765340 589
1765350 593
1765360 598
1765370 602
1765380 606
1765390 610
1765400 613
1765410 617
1765420 620
1765430 624
1765440 627
1765450 630
1765460 632
1765470 635
1765480 638
1765490 641
1765500 644
1765510 647
1765520 650
1765530 653
1765540 656
1765550 659
1765560 662
1765570 665
1765580 668
1765590 671
1765600 672
1765610 671
1765620 670
1765630 668
1765640 667
1765650 665
1765660 663
1765670 661
1765680 657
1765690 653
1765700 648
1765710 644
1765720 640
1765730 636
1765740 632
1765750 627
1765760 623
1765770 619
1765780 616
1765790 614
1765800 614
1765810 617
1765820 620
1765830 625
1765840 631
1765850 639
1765860 646
1765870 651
1765880 654
1765890 656
1765900 657
1765910 658
1765920 660
1765930 664
1765940 669
1765950 673
1765960 677
1765970 678
1765980 676
1765990 669
1766000 664
1766010 662
1766020 661
1766030 661
1766040 663
1766050 667
1766060 671
1766070 676
1766080 681
1766090 686
1766100 691
1766110 695
1766120 698
1766130 699
1766140 700
1766150 702
1766160 704
1766170 708
1766180 711
1766190 715
1766200 719
1766210 722
1766220 725
1766230 728
1766240 731
1766250 734
1766260 737
1766270 740
1766280 742
1766290 744
1766300 745
1766310 746
1766320 744
1766330 742
1766340 740
1766350 738
1766360 737
1766370 736
1766380 736
1766390 736
1766400 736
1766410 737
1766420 736
1766430 735
1766440 733
1766450 732
1766460 730
1766470 729
1766480 728
1766490 727
1766500 726
1766510 724
1766520 721
1766530 718
1766540 716
1766550 714
1766560 714
1766570 713
1766580 710
1766590 707
1766600 703
1766610 699
1766620 696
1766630 695
1766640 694
1766650 693
1766660 690
1766670 686
1766680 683
1766690 682
1766700 682
1766710 682
1766720 679
1766730 674
1766740 669
1766750 664
1766760 659
1766770 654
1766780 648
1766790 643
1766800 638
1766810 634
1766820 627
1766830 619
1766840 612
1766850 600
1766860 585
1766870 579
1766880 580
1766890 584
1766900 587
1766910 590
1766920 593
1766930 596
1766940 597
1766950 597
1766960 598
1766970 598
1766980 597
1766990 596
1767000 595
1767010 595
1767020 596
1767030 598
1767040 600
1767050 603
1767060 606
1767070 608
1767080 611
1767090 613
1767100 614
1767110 613
1767120 611
1767130 609
1767140 606
1767150 605
1767160 604
1767170 604
1767180 605
1767190 607
1767200 609
1767210 612
1767220 617
1767230 624
1767240 630
1767250 636
1767260 640
1767270 645
1767280 651
1767290 658
1767300 667
1767310 675
1767320 683
1767330 686
1767340 690
1767350 692
1767360 694
1767370 695
1767380 696
1767390 697
1767400 699
1767410 702
1767420 704
1767430 708
1767440 711
1767450 714
1767460 716
1767470 718
1767480 721
1767490 723
1767500 726
1767510 729
1767520 732
1767530 735
1767540 738
1767550 741
1767560 745
1767570 749
1767580 753
1767590 756
1767600 760
1767610 764
1767620 768
1767630 771
1767640 774
1767650 777
1767660 781
1767670 785
1767680 788
1767690 791
1767700 794
1767710 796
1767720 799
1767730 802
1767740 805
1767750 808
1767760 811
1767770 815
1767780 818
1767790 823
1767800 827
1767810 832
1767820 836
1767830 840
1767840 843
1767850 845
1767860 846
1767870 843
1767880 838
1767890 834
1767900 829
1767910 824
1767920 820
1767930 816
1767940 812
1767950 809
1767960 805
1767970 801
1767980 797
1767990 793
1768000 788
1768010 784
1768020 779
1768030 776
1768040 773
1768050 771
1768060 769
1768070 768
1768080 768
1768090 768
1768100 769
1768110 770
1768120 771
1768130 772
1768140 774
1768150 777
1768160 779
1768170 780
1768180 782
1768190 783
1768200 785
1768210 787
1768220 789
1768230 791
1768240 793
1768250 795
1768260 797
1768270 799
1768280 801
1768290 802
1768300 800
1768310 798
1768320 795
1768330 791
1768340 787
1768350 784
1768360 781
1768370 780
1768380 778
1768390 777
1768400 775
1768410 773
1768420 771
1768430 769
1768440 767
1768450 767
1768460 769
1768470 770
1768480 771
1768490 772
1768500 773
1768510 775
1768520 776
1768530 778
1768540 779
1768550 781
1768560 782
1768570 782
1768580 780
1768590 777
1768600 775
1768610 771
1768620 768
1768630 765
1768640 762
1768650 760
1768660 758
1768670 758
1768680 758
1768690 758
1768700 757
1768710 757
1768720 755
1768730 752
1768740 749
1768750 745
1768760 741
1768770 736
1768780 731
1768790 726
1768800 721
1768810 717
1768820 713
1768830 710
1768840 706
1768850 703
1768860 700
1768870 696
1768880 694
1768890 692
1768900 690
1768910 690
1768920 690
1768930 689
1768940 689
1768950 689
1768960 688
1768970 687
1768980 686
1768990 685
1769000 683
1769010 681
1769020 679
1769030 677
1769040 674
1769050 670
1769060 666
1769070 662
1769080 657
1769090 653
1769100 648
1769110 644
1769120 639
1769130 635
1769140 630
1769150 626
1769160 622
1769170 619
1769180 616
1769190 613
1769200 610
1769210 607
1769220 603
1769230 599
1769240 595
1769250 592
1769260 589
1769270 588
1769280 589
1769290 590
1769300 592
1769310 593
1769320 594
1769330 594
1769340 594
1769350 595
1769360 597
1769370 600
1769380 603
1769390 606
1769400 608
1769410 611
1769420 613
1769430 616
1769440 618
1769450 621
1769460 623
1769470 625
1769480 627
1769490 629
1769500 632
1769510 634
1769520 636
1769530 639
1769540 641
1769550 644
1769560 646
1769570 649
1769580 652
1769590 656
1769600 659
1769610 662
1769620 665
1769630 668
1769640 671
1769650 675
1769660 678
1769670 682
1769680 685
1769690 688
1769700 692
1769710 695
1769720 698
1769730 701
1769740 704
1769750 707
1769760 710
1769770 713
1769780 715
1769790 718
1769800 720
1769810 722
1769820 724
1769830 725
1769840 725
1769850 722
1769860 718
1769870 713
1769880 707
1769890 702
1769900 698
1769910 693
1769920 689
1769930 685
1769940 682
1769950 679
1769960 677
1769970 677
1769980 678
1769990 680
1770000 682
1770010 684
1770020 686
1770030 689
1770040 692
1770050 695
1770060 698
1770070 700
1770080 703
1770090 706
1770100 710
1770110 713
1770120 716
1770130 719
1770140 723
1770150 725
1770160 728
1770170 731
1770180 733
1770190 736
1770200 738
1770210 740
1770220 741
1770230 742
1770240 743
1770250 742
1770260 742
1770270 741
1770280 741
1770290 740
1770300 739
1770310 739
1770320 738
1770330 737
1770340 737
1770350 736
1770360 735
1770370 735
1770380 734
1770390 733
1770400 732
1770410 731
1770420 730
1770430 729
1770440 728
1770450 727
1770460 727
1770470 726
1770480 724
1770490 723
1770500 722
1770510 721
1770520 720
1770530 719
1770540 718
1770550 716
1770560 715
1770570 714
1770580 713
1770590 711
1770600 710
1770610 709
1770620 708
1770630 707
1770640 705
1770650 704
1770660 703
1770670 702
1770680 700
1770690 699
1770700 697
1770710 696
1770720 694
1770730 693
1770740 691
1770750 690
1770760 689
1770770 688
1770780 687
1770790 686
1770800 685
1770810 684
1770820 683
1770830 682
1770840 681
1770850 679
1770860 678
1770870 676
1770880 675
1770890 673
1770900 672
1770910 670
1770920 669
1770930 668
1770940 666
1770950 665
1770960 663
1770970 662
1770980 660
1770990 659
1771000 657
1771010 656
1771020 655
1771030 653
1771040 652
1771050 650
1771060 648
1771070 647
1771080 645
1771090 643
1771100 641
1771110 639
1771120 638
1771130 636
1771140 633
1771150 631
1771160 627
1771170 623
1771180 620
1771190 616
1771200 613
1771210 611
1771220 611
1771230 610
1771240 609
1771250 606
1771260 604
1771270 601
1771280 598
1771290 595
1771300 592
1771310 591
1771320 588
1771330 586
1771340 585
1771350 584
1771360 583
1771370 582
1771380 581
1771390 579
1771400 577
1771410 575
1771420 573
1771430 572
1771440 570
1771450 568
1771460 567
1771470 566
1771480 565
1771490 565
1771500 565
1771510 564
1771520 564
1771530 564
1771540 564
1771550 564
1771560 564
1771570 564
1771580 564
1771590 564
1771600 564
1771610 564
1771620 565
1771630 565
1771640 564
1771650 562
1771660 560
1771670 558
1771680 555
1771690 552
1771700 550
1771710 547
1771720 546
1771730 544
1771740 542
1771750 540
1771760 538
1771770 536
1771780 534
1771790 532
1771800 530
1771810 528
1771820 526
1771830 524
1771840 521
1771850 519
1771860 517
1771870 516
1771880 515
1771890 513
1771900 510
1771910 507
1771920 504
1771930 501
1771940 497
1771950 493
1771960 490
1771970 486
1771980 483
1771990 482
1772000 482
1772010 482
1772020 481
1772030 481
1772040 481
1772050 480
1772060 480
1772070 480
1772080 481
1772090 483
1772100 485
1772110 488
1772120 492
1772130 496
1772140 499
1772150 503
1772160 506
1772170 509
1772180 512
1772190 515
1772200 516
1772210 515
1772220 512
1772230 509
1772240 506
1772250 503
1772260 500
1772270 496
1772280 493
1772290 489
1772300 486
1772310 483
1772320 480
1772330 478
1772340 476
1772350 476
1772360 476
1772370 476
1772380 476
1772390 476
1772400 477
1772410 479
1772420 481
1772430 484
1772440 487
1772450 490
1772460 493
1772470 496
1772480 500
1772490 504
1772500 508
1772510 512
1772520 516
1772530 520
1772540 524
1772550 528
1772560 533
1772570 537
1772580 542
1772590 547
1772600 552
1772610 557
1772620 560
1772630 562
1772640 563
1772650 563
1772660 563
1772670 563
1772680 564
1772690 564
1772700 565
1772710 565
1772720 564
1772730 564
1772740 564
1772750 563
1772760 563
1772770 561
1772780 558
1772790 555
1772800 556
1772810 558
1772820 561
1772830 565
1772840 569
1772850 572
1772860 576
1772870 579
1772880 582
1772890 583
1772900 583
1772910 580
1772920 576
1772930 572
1772940 568
1772950 565
1772960 565
1772970 565
1772980 564
1772990 562
1773000 562
1773010 562
1773020 561
1773030 559
1773040 558
1773050 558
1773060 558
1773070 556
1773080 553
1773090 552
1773100 551
1773110 553
1773120 555
1773130 556
1773140 553
1773150 550
1773160 548
1773170 546
1773180 545
1773190 543
1773200 542
1773210 540
1773220 539
1773230 538
1773240 537
1773250 538
1773260 540
1773270 542
1773280 544
1773290 546
1773300 546
1773310 546
1773320 543
1773330 540
1773340 535
1773350 529
1773360 527
1773370 527
1773380 528
1773390 529
1773400 528
1773410 524
1773420 520
1773430 516
1773440 515
1773450 513
1773460 511
1773470 508
1773480 505
1773490 501
1773500 499
1773510 497
1773520 494
1773530 492
1773540 490
1773550 488
1773560 487
1773570 485
1773580 482
1773590 478
1773600 476
1773610 474
1773620 473
1773630 471
1773640 468
1773650 465
1773660 463
1773670 460
1773680 457
1773690 455
1773700 453
1773710 452
1773720 450
1773730 449
1773740 449
1773750 448
1773760 447
1773770 446
1773780 446
1773790 445
1773800 445
1773810 445
1773820 445
1773830 445
1773840 445
1773850 445
1773860 445
1773870 446
1773880 446
1773890 446
1773900 446
1773910 446
1773920 446
1773930 446
1773940 446
1773950 446
1773960 446
1773970 447
1773980 447
1773990 447
1774000 447
1774010 447
1774020 447
1774030 447
1774040 447
1774050 447
1774060 446
1774070 446
1774080 446
1774090 446
1774100 446
1774110 446
1774120 445
1774130 445
1774140 445
1774150 445
1774160 445
1774170 445
1774180 445
1774190 444
1774200 444
1774210 444
1774220 443
1774230 443
1774240 443
1774250 443
1774260 443
1774270 442
1774280 442
1774290 442
1774300 442
1774310 442
1774320 441
1774330 441
1774340 441
1774350 441
1774360 441
1774370 441
1774380 441
1774390 441
1774400 440
1774410 440
1774420 440
1774430 440
1774440 440
1774450 440
1774460 440
1774470 440
1774480 440
1774490 440
1774500 440
1774510 440
1774520 440
1774530 440
1774540 440
1774550 440
1774560 440
1774570 439
1774580 439
1774590 438
1774600 438
1774610 438
1774620 438
1774630 438
1774640 438
1774650 438
1774660 438
1774670 438
1774680 437
1774690 437
1774700 437
1774710 437
1774720 437
1774730 437
1774740 437
1774750 437
1774760 437
1774770 437
1774780 437
1774790 437
1774800 437
1774810 438
1774820 438
1774830 438
1774840 438
1774850 438
1774860 438
1774870 438
1774880 437
1774890 438
1774900 438
1774910 438
1774920 438
1774930 438
1774940 438
1774950 438
1774960 437
1774970 437
1774980 437
1774990 437
1775000 437
1775010 438
1775020 438
1775030 437
1775040 437
1775050 437
1775060 437
1775070 437
1775080 437
1775090 437
1775100 436
1775110 436
1775120 436
1775130 436
1775140 436
1775150 436
1775160 436
1775170 436
1775180 436
1775190 436
1775200 436
1775210 436
1775220 436
1775230 435
1775240 435
1775250 435
1775260 435
1775270 435
1775280 435
1775290 435
1775300 435
1775310 435
1775320 435
1775330 434
1775340 434
1775350 434
1775360 434
1775370 434
1775380 434
1775390 434
1775400 434
1775410 434
1775420 434
1775430 434
1775440 434
1775450 434
1775460 434
1775470 434
1775480 433
1775490 433
1775500 433
1775510 433
1775520 433
1775530 433
1775540 433
1775550 433
1775560 433
1775570 433
1775580 433
1775590 433
1775600 433
1775610 433
1775620 433
1775630 433
1775640 433
1775650 433
1775660 433
1775670 433
1775680 433
1775690 433
1775700 433
1775710 433
1775720 433
1775730 433
1775740 433
1775750 433
1775760 432
1775770 432
1775780 432
1775790 432
1775800 432
1775810 432
1775820 432
1775830 432
1775840 432
1775850 432
1775860 432
1775870 432
1775880 432
1775890 432
1775900 432
1775910 432
1775920 432
1775930 432
1775940 432
1775950 432
1775960 432
1775970 432
1775980 432
1775990 432
1776000 432
1776010 432
1776020 432
1776030 432
1776040 432
1776050 431
1776060 431
1776070 431
1776080 431
1776090 431
1776100 430
1776110 430
1776120 429
1776130 429
1776140 429
1776150 430
1776160 430
1776170 430
1776180 430
1776190 430
1776200 430
1776210 430
1776220 430
1776230 430
1776240 430
1776250 429
1776260 429
1776270 429
1776280 429
1776290 429
1776300 429
1776310 429
1776320 429
1776330 428
1776340 428
1776350 428
1776360 428
1776370 428
1776380 429
1776390 429
1776400 429
1776410 429
1776420 429
1776430 429
1776440 429
1776450 429
1776460 429
1776470 428
1776480 428
1776490 429
1776500 429
1776510 428
1776520 428
1776530 428
1776540 428
1776550 428
1776560 428
1776570 428
1776580 428
1776590 428
1776600 428
1776610 428
1776620 428
1776630 428
1776640 428
1776650 428
1776660 428
1776670 428
1776680 428
1776690 428
1776700 428
1776710 428
1776720 427
1776730 427
1776740 427
1776750 427
1776760 427
1776770 427
1776780 427
1776790 427
1776800 427
1776810 427
1776820 427
1776830 427
1776840 427
1776850 427
1776860 427
1776870 427
1776880 427
1776890 427
1776900 427
1776910 427
1776920 426
1776930 426
1776940 426
1776950 426
1776960 426
1776970 426
1776980 426
1776990 426
1777000 426
1777010 426
1777020 426
1777030 426
1777040 426
1777050 426
1777060 426
1777070 426
1777080 426
1777090 426
1777100 426
1777110 426
1777120 426
1777130 426
1777140 425
1777150 425
1777160 425
1777170 425
1777180 425
1777190 426
1777200 426
1777210 426
1777220 426
1777230 426
1777240 426
1777250 427
1777260 427
1777270 427
1777280 428
1777290 428
1777300 428
1777310 429
1777320 430
1777330 430
1777340 430
1777350 430
1777360 430
1777370 431
1777380 431
1777390 432
1777400 433
1777410 434
1777420 434
1777430 435
1777440 436
1777450 437
1777460 438
1777470 439
1777480 440
1777490 441
1777500 443
1777510 444
1777520 445
1777530 446
1777540 447
1777550 448
1777560 449
1777570 450
1777580 450
1777590 451
1777600 451
1777610 452
1777620 452
1777630 453
1777640 453
1777650 454
1777660 454
1777670 454
1777680 455
1777690 455
1777700 455
1777710 456
1777720 456
1777730 457
1777740 457
1777750 457
1777760 458
1777770 458
1777780 459
1777790 459
1777800 459
1777810 458
1777820 458
1777830 459
1777840 460
1777850 460
1777860 460
1777870 459
1777880 455
1777890 453
1777900 453
1777910 456
1777920 458
1777930 461
1777940 462
1777950 462
1777960 463
1777970 463
1777980 463
1777990 463
1778000 463
1778010 463
1778020 463
1778030 463
1778040 464
1778050 464
1778060 464
1778070 464
1778080 464
1778090 464
1778100 464
1778110 464
1778120 464
1778130 464
1778140 464
1778150 464
1778160 464
1778170 463
1778180 463
1778190 463
1778200 463
1778210 463
1778220 463
1778230 464
1778240 464
1778250 463
1778260 463
1778270 463
1778280 462
1778290 460
1778300 456
1778310 452
1778320 448
1778330 445
1778340 445
1778350 446
1778360 447
1778370 448
1778380 449
1778390 449
1778400 447
1778410 446
1778420 444
1778430 443
1778440 441
1778450 440
1778460 438
1778470 437
1778480 435
1778490 434
1778500 433
1778510 432
1778520 431
1778530 430
1778540 429
1778550 427
1778560 425
1778570 423
1778580 422
1778590 421
1778600 421
1778610 420
1778620 420
1778630 420
1778640 419
1778650 419
1778660 419
1778670 419
1778680 419
1778690 419
1778700 419
1778710 419
1778720 419
1778730 419
1778740 419
1778750 419
1778760 419
1778770 419
1778780 419
1778790 420
1778800 420
1778810 419
1778820 419
1778830 419
1778840 420
1778850 420
1778860 420
1778870 420
1778880 420
1778890 420
1778900 420
1778910 421
1778920 421
1778930 421
1778940 421
1778950 421
1778960 421
1778970 421
1778980 421
1778990 421
1779000 421
1779010 420
1779020 420
1779030 420
1779040 420
1779050 420
1779060 420
1779070 420
1779080 420
1779090 420
1779100 420
1779110 420
1779120 420
1779130 420
1779140 420
1779150 420
1779160 420
1779170 420
1779180 420
1779190 420
1779200 420
1779210 420
1779220 420
1779230 419
1779240 419
1779250 419
1779260 418
1779270 418
1779280 417
1779290 417
1779300 417
1779310 417
1779320 417
1779330 418
1779340 419
1779350 421
1779360 425
1779370 430
1779380 435
1779390 439
1779400 443
1779410 447
1779420 451
1779430 453
1779440 454
1779450 455
1779460 459
1779470 463
1779480 468
1779490 472
1779500 476
1779510 480
1779520 484
1779530 488
1779540 492
1779550 496
1779560 500
1779570 504
1779580 507
1779590 510
1779600 514
1779610 517
1779620 520
1779630 522
1779640 525
1779650 528
1779660 531
1779670 534
1779680 538
1779690 541
1779700 544
1779710 548
1779720 552
1779730 556
1779740 561
1779750 565
1779760 569
1779770 574
1779780 578
1779790 583
1779800 587
1779810 592
1779820 596
1779830 600
1779840 604
1779850 608
1779860 613
1779870 617
1779880 621
1779890 625
1779900 630
1779910 636
1779920 641
1779930 646
1779940 650
1779950 650
1779960 649
1779970 647
1779980 646
1779990 644
