1760000 827
1760010 829
1760020 832
1760030 834
1760040 836
1760050 838
1760060 840
1760070 843
1760080 845
1760090 848
1760100 850
1760110 853
1760120 855
1760130 857
1760140 859
1760150 862
1760160 865
1760170 868
1760180 870
1760190 872
1760200 874
1760210 875
1760220 875
1760230 874
1760240 872
1760250 870
1760260 866
1760270 863
1760280 859
1760290 856
1760300 852
1760310 849
1760320 845
1760330 842
1760340 839
1760350 837
1760360 836
1760370 834
1760380 833
1760390 831
1760400 830
1760410 828
1760420 827
1760430 826
1760440 825
1760450 824
1760460 823
1760470 822
1760480 822
1760490 821
1760500 821
1760510 820
1760520 820
1760530 819
1760540 819
1760550 818
1760560 817
1760570 816
1760580 816
1760590 817
1760600 818
1760610 820
1760620 823
1760630 825
1760640 828
1760650 830
1760660 832
1760670 835
1760680 837
1760690 839
1760700 841
1760710 842
1760720 842
1760730 841
1760740 837
1760750 833
1760760 828
1760770 823
1760780 819
1760790 814
1760800 809
1760810 805
1760820 800
1760830 795
1760840 791
1760850 786
1760860 782
1760870 779
1760880 775
1760890 772
1760900 769
1760910 766
1760920 763
1760930 760
1760940 756
1760950 752
1760960 747
1760970 741
1760980 736
1760990 731
1761000 726
1761010 722
1761020 717
1761030 713
1761040 708
1761050 704
1761060 699
1761070 694
1761080 688
1761090 683
1761100 677
1761110 676
1761120 677
1761130 678
1761140 679
1761150 681
1761160 682
1761170 684
1761180 687
1761190 689
1761200 689
1761210 686
1761220 681
1761230 675
1761240 670
1761250 664
1761260 658
1761270 652
1761280 647
1761290 642
1761300 639
1761310 638
1761320 641
1761330 644
1761340 646
1761350 649
1761360 652
1761370 655
1761380 659
1761390 662
1761400 665
1761410 668
1761420 672
1761430 676
1761440 679
1761450 683
1761460 685
1761470 684
1761480 681
1761490 678
1761500 674
1761510 671
1761520 668
1761530 665
1761540 662
1761550 659
1761560 656
1761570 653
1761580 650
1761590 649
1761600 647
1761610 645
1761620 644
1761630 641
1761640 639
1761650 637
1761660 635
1761670 633
1761680 632
1761690 633
1761700 635
1761710 638
1761720 641
1761730 645
1761740 648
1761750 651
1761760 654
1761770 657
1761780 661
1761790 665
1761800 668
1761810 672
1761820 675
1761830 679
1761840 682
1761850 686
1761860 690
1761870 693
1761880 697
1761890 701
1761900 704
1761910 707
1761920 711
1761930 714
1761940 718
1761950 721
1761960 724
1761970 728
1761980 731
1761990 734
1762000 737
1762010 740
1762020 743
1762030 744
1762040 744
1762050 743
1762060 742
1762070 741
1762080 740
1762090 738
1762100 737
1762110 735
1762120 733
1762130 730
1762140 726
1762150 722
1762160 717
1762170 713
1762180 708
1762190 703
1762200 699
1762210 695
1762220 692
1762230 691
1762240 690
1762250 690
1762260 689
1762270 688
1762280 687
1762290 688
1762300 690
1762310 693
1762320 695
1762330 697
1762340 699
1762350 701
1762360 704
1762370 706
1762380 708
1762390 711
1762400 714
1762410 717
1762420 720
1762430 723
1762440 727
1762450 730
1762460 734
1762470 737
1762480 740
1762490 743
1762500 747
1762510 751
1762520 755
1762530 758
1762540 762
1762550 766
1762560 770
1762570 773
1762580 777
1762590 781
1762600 786
1762610 790
1762620 793
1762630 797
1762640 801
1762650 805
1762660 809
1762670 813
1762680 817
1762690 821
1762700 824
1762710 828
1762720 832
1762730 836
1762740 840
1762750 844
1762760 848
1762770 853
1762780 857
1762790 861
1762800 865
1762810 869
1762820 873
1762830 877
1762840 880
1762850 882
1762860 883
1762870 881
1762880 879
1762890 876
1762900 874
1762910 872
1762920 869
1762930 866
1762940 863
1762950 860
1762960 857
1762970 854
1762980 851
1762990 848
1763000 846
1763010 844
1763020 842
1763030 840
1763040 839
1763050 837
1763060 836
1763070 836
1763080 836
1763090 836
1763100 836
1763110 837
1763120 838
1763130 839
1763140 839
1763150 840
1763160 840
1763170 840
1763180 841
1763190 842
1763200 843
1763210 845
1763220 846
1763230 848
1763240 850
1763250 852
1763260 854
1763270 857
1763280 859
1763290 862
1763300 863
1763310 863
1763320 861
1763330 858
1763340 854
1763350 850
1763360 846
1763370 842
1763380 838
1763390 834
1763400 831
1763410 827
1763420 824
1763430 820
1763440 817
1763450 814
1763460 811
1763470 808
1763480 806
1763490 805
1763500 803
1763510 802
1763520 801
1763530 799
1763540 797
1763550 795
1763560 792
1763570 790
1763580 787
1763590 785
1763600 782
1763610 779
1763620 776
1763630 774
1763640 771
1763650 767
1763660 763
1763670 760
1763680 757
1763690 752
1763700 747
1763710 743
1763720 738
1763730 734
1763740 730
1763750 727
1763760 725
1763770 723
1763780 722
1763790 720
1763800 718
1763810 716
1763820 715
1763830 714
1763840 714
1763850 714
1763860 715
1763870 715
1763880 715
1763890 714
1763900 712
1763910 710
1763920 707
1763930 705
1763940 701
1763950 696
1763960 692
1763970 688
1763980 684
1763990 679
1764000 674
1764010 670
1764020 665
1764030 662
1764040 659
1764050 657
1764060 655
1764070 653
1764080 652
1764090 652
1764100 652
1764110 652
1764120 651
1764130 652
1764140 652
1764150 654
1764160 655
1764170 656
1764180 655
1764190 651
1764200 647
1764210 643
1764220 638
1764230 632
1764240 629
1764250 625
1764260 620
1764270 615
1764280 610
1764290 606
1764300 602
1764310 599
1764320 596
1764330 594
1764340 593
1764350 593
1764360 593
1764370 593
1764380 593
1764390 592
1764400 592
1764410 592
1764420 592
1764430 593
1764440 593
1764450 594
1764460 595
1764470 596
1764480 597
1764490 600
1764500 603
1764510 609
1764520 612
1764530 612
1764540 610
1764550 606
1764560 604
1764570 603
1764580 603
1764590 604
1764600 604
1764610 603
1764620 603
1764630 602
1764640 601
1764650 601
1764660 600
1764670 599
1764680 595
1764690 591
1764700 586
1764710 581
1764720 577
1764730 573
1764740 570
1764750 566
1764760 561
1764770 557
1764780 552
1764790 547
1764800 545
1764810 543
1764820 543
1764830 542
1764840 541
1764850 540
1764860 539
1764870 539
1764880 539
1764890 538
1764900 537
1764910 536
1764920 535
1764930 534
1764940 533
1764950 531
1764960 529
1764970 527
1764980 525
1764990 524
1765000 523
1765010 522
1765020 522
1765030 522
1765040 521
1765050 521
1765060 521
1765070 521
1765080 521
1765090 521
1765100 521
1765110 521
1765120 521
1765130 521
1765140 521
1765150 521
1765160 521
1765170 521
1765180 521
1765190 521
1765200 521
1765210 521
1765220 521
1765230 521
1765240 521
1765250 521
1765260 521
1765270 523
1765280 525
1765290 528
1765300 531
1765310 535
1765320 539
1765330 543
1765340 547
1765350 551
1765360 555
1765370 561
1765380 567
1765390 575
1765400 586
1765410 595
1765420 602
1765430 602
1765440 603
1765450 605
1765460 608
1765470 610
1765480 613
1765490 617
1765500 620
1765510 624
1765520 625
1765530 626
1765540 626
1765550 628
1765560 628
1765570 629
1765580 629
1765590 629
1765600 629
1765610 628
1765620 627
1765630 624
1765640 620
1765650 615
1765660 611
1765670 606
1765680 602
1765690 598
1765700 593
1765710 589
1765720 584
1765730 580
1765740 577
1765750 573
1765760 571
1765770 569
1765780 567
1765790 565
1765800 563
1765810 562
1765820 564
1765830 566
1765840 567
1765850 569
1765860 571
1765870 573
1765880 575
1765890 578
1765900 580
1765910 582
1765920 584
1765930 585
1765940 588
1765950 591
1765960 594
1765970 597
1765980 601
1765990 605
1766000 608
1766010 612
1766020 616
1766030 620
1766040 624
1766050 629
1766060 633
1766070 637
1766080 641
1766090 646
1766100 651
1766110 656
1766120 662
1766130 667
1766140 671
1766150 674
1766160 677
1766170 680
1766180 683
1766190 686
1766200 688
1766210 691
1766220 694
1766230 697
1766240 699
1766250 702
1766260 705
1766270 708
1766280 711
1766290 714
1766300 717
1766310 720
1766320 724
1766330 728
1766340 731
1766350 735
1766360 738
1766370 740
1766380 743
1766390 746
1766400 748
1766410 750
1766420 751
1766430 749
1766440 747
1766450 743
1766460 739
1766470 736
1766480 732
1766490 729
1766500 725
1766510 722
1766520 718
1766530 715
1766540 711
1766550 707
1766560 704
1766570 701
1766580 697
1766590 693
1766600 690
1766610 687
1766620 683
1766630 680
1766640 677
1766650 674
1766660 670
1766670 667
1766680 665
1766690 662
1766700 660
1766710 658
1766720 655
1766730 653
1766740 650
1766750 646
1766760 643
1766770 638
1766780 634
1766790 629
1766800 624
1766810 620
1766820 615
1766830 610
1766840 605
1766850 600
1766860 596
1766870 591
1766880 587
1766890 582
1766900 578
1766910 574
1766920 570
1766930 566
1766940 561
1766950 559
1766960 558
1766970 559
1766980 562
1766990 564
1767000 567
1767010 571
1767020 574
1767030 578
1767040 578
1767050 578
1767060 575
1767070 571
1767080 570
1767090 572
1767100 576
1767110 580
1767120 583
1767130 585
1767140 589
1767150 593
1767160 596
1767170 600
1767180 605
1767190 609
1767200 613
1767210 617
1767220 621
1767230 624
1767240 627
1767250 631
1767260 635
1767270 638
1767280 642
1767290 645
1767300 648
1767310 652
1767320 655
1767330 658
1767340 661
1767350 664
1767360 667
1767370 669
1767380 670
1767390 671
1767400 671
1767410 671
1767420 670
1767430 671
1767440 671
1767450 672
1767460 673
1767470 675
1767480 676
1767490 678
1767500 681
1767510 683
1767520 685
1767530 688
1767540 692
1767550 696
1767560 699
1767570 703
1767580 706
1767590 710
1767600 714
1767610 718
1767620 722
1767630 726
1767640 731
1767650 735
1767660 739
1767670 743
1767680 747
1767690 751
1767700 754
1767710 759
1767720 763
1767730 767
1767740 770
1767750 774
1767760 778
1767770 782
1767780 786
1767790 790
1767800 794
1767810 799
1767820 803
1767830 808
1767840 812
1767850 816
1767860 817
1767870 816
1767880 815
1767890 814
1767900 812
1767910 809
1767920 806
1767930 802
1767940 798
1767950 793
1767960 788
1767970 783
1767980 778
1767990 772
1768000 767
1768010 762
1768020 758
1768030 753
1768040 749
1768050 745
1768060 740
1768070 736
1768080 732
1768090 728
1768100 724
1768110 721
1768120 717
1768130 714
1768140 711
1768150 708
1768160 707
1768170 707
1768180 708
1768190 710
1768200 711
1768210 713
1768220 715
1768230 718
1768240 721
1768250 724
1768260 727
1768270 730
1768280 733
1768290 736
1768300 739
1768310 742
1768320 746
1768330 750
1768340 753
1768350 756
1768360 760
1768370 764
1768380 768
1768390 772
1768400 776
1768410 780
1768420 784
1768430 788
1768440 792
1768450 797
1768460 801
1768470 805
1768480 810
1768490 814
1768500 819
1768510 823
1768520 827
1768530 832
1768540 836
1768550 840
1768560 844
1768570 847
1768580 851
1768590 854
1768600 857
1768610 860
1768620 862
1768630 862
1768640 862
1768650 861
1768660 858
1768670 856
1768680 853
1768690 850
1768700 847
1768710 844
1768720 841
1768730 837
1768740 834
1768750 832
1768760 829
1768770 827
1768780 825
1768790 823
1768800 820
1768810 818
1768820 815
1768830 812
1768840 809
1768850 805
1768860 801
1768870 798
1768880 794
1768890 789
1768900 786
1768910 782
1768920 779
1768930 775
1768940 771
1768950 767
1768960 764
1768970 761
1768980 758
1768990 754
1769000 751
1769010 747
1769020 743
1769030 739
1769040 735
1769050 731
1769060 726
1769070 721
1769080 717
1769090 712
1769100 707
1769110 702
1769120 698
1769130 693
1769140 689
1769150 685
1769160 681
1769170 677
1769180 674
1769190 671
1769200 668
1769210 666
1769220 663
1769230 660
1769240 657
1769250 653
1769260 649
1769270 645
1769280 641
1769290 637
1769300 633
1769310 629
1769320 623
1769330 618
1769340 612
1769350 607
1769360 602
1769370 598
1769380 594
1769390 590
1769400 587
1769410 584
1769420 581
1769430 578
1769440 576
1769450 573
1769460 570
1769470 567
1769480 564
1769490 563
1769500 563
1769510 566
1769520 569
1769530 571
1769540 574
1769550 577
1769560 581
1769570 585
1769580 589
1769590 593
1769600 598
1769610 602
1769620 606
1769630 609
1769640 613
1769650 617
1769660 621
1769670 624
1769680 628
1769690 631
1769700 635
1769710 638
1769720 641
1769730 644
1769740 647
1769750 650
1769760 652
1769770 655
1769780 657
1769790 659
1769800 661
1769810 663
1769820 664
1769830 665
1769840 662
1769850 658
1769860 654
1769870 649
1769880 645
1769890 641
1769900 638
1769910 636
1769920 634
1769930 633
1769940 634
1769950 636
1769960 639
1769970 642
1769980 646
1769990 650
1770000 655
1770010 659
1770020 663
1770030 667
1770040 671
1770050 674
1770060 678
1770070 681
1770080 685
1770090 688
1770100 692
1770110 695
1770120 698
1770130 701
1770140 704
1770150 707
1770160 710
1770170 712
1770180 715
1770190 717
1770200 720
1770210 722
1770220 724
1770230 726
1770240 727
1770250 729
1770260 730
1770270 731
1770280 731
1770290 732
1770300 732
1770310 732
1770320 732
1770330 732
1770340 731
1770350 731
1770360 731
1770370 730
1770380 730
1770390 729
1770400 728
1770410 728
1770420 727
1770430 726
1770440 725
1770450 725
1770460 724
1770470 723
1770480 723
1770490 722
1770500 721
1770510 720
1770520 719
1770530 719
1770540 718
1770550 717
1770560 716
1770570 715
1770580 714
1770590 713
1770600 712
1770610 711
1770620 710
1770630 709
1770640 708
1770650 707
1770660 706
1770670 704
1770680 703
1770690 701
1770700 700
1770710 698
1770720 697
1770730 696
1770740 695
1770750 694
1770760 693
1770770 692
1770780 691
1770790 690
1770800 688
1770810 687
1770820 686
1770830 685
1770840 684
1770850 683
1770860 682
1770870 681
1770880 679
1770890 678
1770900 677
1770910 676
1770920 674
1770930 673
1770940 671
1770950 669
1770960 668
1770970 666
1770980 665
1770990 664
1771000 663
1771010 662
1771020 661
1771030 660
1771040 659
1771050 658
1771060 656
1771070 655
1771080 654
1771090 652
1771100 651
1771110 649
1771120 646
1771130 644
1771140 641
1771150 638
1771160 635
1771170 633
1771180 632
1771190 631
1771200 630
1771210 629
1771220 629
1771230 629
1771240 629
1771250 630
1771260 630
1771270 629
1771280 627
1771290 626
1771300 625
1771310 624
1771320 623
1771330 623
1771340 622
1771350 622
1771360 621
1771370 621
1771380 620
1771390 620
1771400 619
1771410 618
1771420 617
1771430 616
1771440 615
1771450 615
1771460 614
1771470 613
1771480 612
1771490 611
1771500 610
1771510 609
1771520 607
1771530 606
1771540 605
1771550 604
1771560 602
1771570 600
1771580 597
1771590 595
1771600 594
1771610 592
1771620 590
1771630 588
1771640 586
1771650 584
1771660 582
1771670 579
1771680 576
1771690 575
1771700 572
1771710 569
1771720 566
1771730 562
1771740 559
1771750 555
1771760 552
1771770 549
1771780 547
1771790 543
1771800 540
1771810 537
1771820 534
1771830 531
1771840 528
1771850 526
1771860 523
1771870 520
1771880 518
1771890 515
1771900 513
1771910 512
1771920 511
1771930 510
1771940 508
1771950 507
1771960 506
1771970 506
1771980 505
1771990 504
1772000 503
1772010 502
1772020 501
1772030 499
1772040 497
1772050 494
1772060 492
1772070 490
1772080 488
1772090 486
1772100 484
1772110 482
1772120 480
1772130 479
1772140 478
1772150 476
1772160 475
1772170 473
1772180 472
1772190 472
1772200 471
1772210 471
1772220 471
1772230 470
1772240 470
1772250 470
1772260 469
1772270 469
1772280 469
1772290 468
1772300 468
1772310 468
1772320 467
1772330 467
1772340 467
1772350 467
1772360 466
1772370 466
1772380 466
1772390 466
1772400 465
1772410 465
1772420 465
1772430 465
1772440 465
1772450 465
1772460 465
1772470 465
1772480 465
1772490 465
1772500 465
1772510 466
1772520 467
1772530 468
1772540 469
1772550 469
1772560 470
1772570 470
1772580 471
1772590 473
1772600 475
1772610 476
1772620 476
1772630 476
1772640 477
1772650 478
1772660 480
1772670 481
1772680 482
1772690 484
1772700 484
1772710 485
1772720 485
1772730 487
1772740 490
1772750 493
1772760 496
1772770 498
1772780 501
1772790 500
1772800 499
1772810 497
1772820 495
1772830 492
1772840 488
1772850 485
1772860 483
1772870 481
1772880 478
1772890 477
1772900 476
1772910 474
1772920 473
1772930 472
1772940 472
1772950 472
1772960 472
1772970 472
1772980 472
1772990 472
1773000 472
1773010 472
1773020 473
1773030 472
1773040 472
1773050 471
1773060 470
1773070 469
1773080 468
1773090 468
1773100 467
1773110 466
1773120 465
1773130 465
1773140 464
1773150 463
1773160 462
1773170 461
1773180 460
1773190 460
1773200 459
1773210 459
1773220 459
1773230 459
1773240 459
1773250 458
1773260 458
1773270 457
1773280 456
1773290 455
1773300 454
1773310 454
1773320 453
1773330 452
1773340 451
1773350 451
1773360 451
1773370 451
1773380 450
1773390 450
1773400 450
1773410 450
1773420 450
1773430 449
1773440 449
1773450 449
1773460 448
1773470 448
1773480 447
1773490 447
1773500 447
1773510 447
1773520 447
1773530 447
1773540 446
1773550 446
1773560 446
1773570 446
1773580 446
1773590 446
1773600 446
1773610 446
1773620 446
1773630 446
1773640 446
1773650 446
1773660 446
1773670 446
1773680 446
1773690 446
1773700 446
1773710 446
1773720 446
1773730 446
1773740 445
1773750 445
1773760 445
1773770 445
1773780 445
1773790 445
1773800 445
1773810 444
1773820 444
1773830 444
1773840 444
1773850 444
1773860 444
1773870 444
1773880 444
1773890 444
1773900 444
1773910 444
1773920 444
1773930 444
1773940 444
1773950 444
1773960 444
1773970 443
1773980 443
1773990 443
1774000 443
1774010 443
1774020 443
1774030 443
1774040 443
1774050 443
1774060 443
1774070 442
1774080 442
1774090 442
1774100 442
1774110 442
1774120 442
1774130 442
1774140 442
1774150 442
1774160 442
1774170 441
1774180 442
1774190 442
1774200 442
1774210 442
1774220 442
1774230 442
1774240 441
1774250 441
1774260 441
1774270 441
1774280 441
1774290 441
1774300 441
1774310 441
1774320 441
1774330 441
1774340 441
1774350 440
1774360 440
1774370 440
1774380 440
1774390 440
1774400 440
1774410 440
1774420 440
1774430 440
1774440 440
1774450 440
1774460 439
1774470 439
1774480 439
1774490 439
1774500 439
1774510 439
1774520 439
1774530 439
1774540 439
1774550 439
1774560 439
1774570 439
1774580 438
1774590 438
1774600 438
1774610 438
1774620 438
1774630 438
1774640 438
1774650 438
1774660 438
1774670 438
1774680 438
1774690 437
1774700 437
1774710 436
1774720 436
1774730 437
1774740 436
1774750 436
1774760 437
1774770 438
1774780 438
1774790 438
1774800 438
1774810 438
1774820 438
1774830 437
1774840 437
1774850 437
1774860 437
1774870 437
1774880 437
1774890 437
1774900 437
1774910 436
1774920 436
1774930 436
1774940 436
1774950 436
1774960 436
1774970 436
1774980 436
1774990 436
1775000 435
1775010 435
1775020 435
1775030 435
1775040 435
1775050 435
1775060 435
1775070 435
1775080 435
1775090 435
1775100 435
1775110 436
1775120 436
1775130 437
1775140 438
1775150 438
1775160 438
1775170 438
1775180 438
1775190 437
1775200 436
1775210 436
1775220 436
1775230 436
1775240 436
1775250 437
1775260 438
1775270 438
1775280 439
1775290 439
1775300 439
1775310 440
1775320 441
1775330 441
1775340 442
1775350 443
1775360 443
1775370 443
1775380 443
1775390 443
1775400 443
1775410 443
1775420 443
1775430 443
1775440 443
1775450 442
1775460 442
1775470 441
1775480 441
1775490 441
1775500 441
1775510 441
1775520 441
1775530 441
1775540 440
1775550 440
1775560 439
1775570 438
1775580 437
1775590 436
1775600 435
1775610 434
1775620 434
1775630 434
1775640 434
1775650 434
1775660 434
1775670 433
1775680 433
1775690 433
1775700 433
1775710 433
1775720 433
1775730 433
1775740 433
1775750 433
1775760 433
1775770 433
1775780 433
1775790 433
1775800 433
1775810 433
1775820 433
1775830 433
1775840 433
1775850 434
1775860 434
1775870 434
1775880 434
1775890 434
1775900 434
1775910 434
1775920 434
1775930 433
1775940 433
1775950 433
1775960 433
1775970 432
1775980 432
1775990 432
1776000 432
1776010 432
1776020 432
1776030 432
1776040 432
1776050 432
1776060 432
1776070 431
1776080 431
1776090 431
1776100 431
1776110 431
1776120 431
1776130 431
1776140 431
1776150 431
1776160 431
1776170 432
1776180 432
1776190 432
1776200 432
1776210 432
1776220 432
1776230 432
1776240 432
1776250 433
1776260 433
1776270 434
1776280 434
1776290 435
1776300 436
1776310 437
1776320 437
1776330 437
1776340 436
1776350 437
1776360 437
1776370 437
1776380 436
1776390 436
1776400 436
1776410 436
1776420 435
1776430 435
1776440 435
1776450 436
1776460 438
1776470 439
1776480 439
1776490 440
1776500 440
1776510 440
1776520 441
1776530 441
1776540 442
1776550 442
1776560 442
1776570 442
1776580 442
1776590 442
1776600 442
1776610 442
1776620 442
1776630 442
1776640 443
1776650 443
1776660 443
1776670 442
1776680 442
1776690 442
1776700 442
1776710 442
1776720 443
1776730 443
1776740 443
1776750 443
1776760 443
1776770 443
1776780 443
1776790 444
1776800 444
1776810 444
1776820 444
1776830 444
1776840 444
1776850 445
1776860 445
1776870 445
1776880 445
1776890 445
1776900 445
1776910 445
1776920 445
1776930 445
1776940 446
1776950 446
1776960 446
1776970 445
1776980 445
1776990 445
1777000 445
1777010 445
1777020 444
1777030 444
1777040 444
1777050 444
1777060 444
1777070 444
1777080 444
1777090 444
1777100 444
1777110 444
1777120 444
1777130 444
1777140 444
1777150 444
1777160 444
1777170 444
1777180 443
1777190 443
1777200 442
1777210 441
1777220 440
1777230 440
1777240 438
1777250 437
1777260 436
1777270 436
1777280 436
1777290 436
1777300 435
1777310 435
1777320 435
1777330 435
1777340 435
1777350 435
1777360 435
1777370 436
1777380 437
1777390 439
1777400 441
1777410 443
1777420 444
1777430 446
1777440 448
1777450 450
1777460 452
1777470 454
1777480 456
1777490 457
1777500 459
1777510 460
1777520 461
1777530 462
1777540 463
1777550 464
1777560 465
1777570 466
1777580 466
1777590 467
1777600 468
1777610 469
1777620 470
1777630 471
1777640 471
1777650 472
1777660 472
1777670 473
1777680 474
1777690 475
1777700 476
1777710 477
1777720 478
1777730 479
1777740 480
1777750 481
1777760 482
1777770 484
1777780 485
1777790 485
1777800 486
1777810 487
1777820 487
1777830 487
1777840 486
1777850 487
1777860 488
1777870 489
1777880 489
1777890 489
1777900 489
1777910 491
1777920 494
1777930 497
1777940 499
1777950 501
1777960 503
1777970 505
1777980 506
1777990 508
1778000 509
1778010 510
1778020 511
1778030 512
1778040 512
1778050 513
1778060 514
1778070 515
1778080 515
1778090 516
1778100 516
1778110 516
1778120 516
1778130 516
1778140 516
1778150 516
1778160 516
1778170 516
1778180 516
1778190 516
1778200 515
1778210 515
1778220 515
1778230 515
1778240 515
1778250 515
1778260 514
1778270 513
1778280 510
1778290 510
1778300 511
1778310 514
1778320 516
1778330 518
1778340 520
1778350 521
1778360 521
1778370 522
1778380 522
1778390 522
1778400 523
1778410 523
1778420 523
1778430 524
1778440 524
1778450 525
1778460 525
1778470 525
1778480 526
1778490 526
1778500 526
1778510 526
1778520 526
1778530 526
1778540 525
1778550 524
1778560 523
1778570 521
1778580 520
1778590 518
1778600 516
1778610 515
1778620 513
1778630 510
1778640 507
1778650 503
1778660 502
1778670 503
1778680 504
1778690 506
1778700 508
1778710 509
1778720 509
1778730 509
1778740 508
1778750 506
1778760 504
1778770 503
1778780 501
1778790 499
1778800 497
1778810 495
1778820 492
1778830 489
1778840 485
1778850 482
1778860 479
1778870 479
1778880 478
1778890 477
1778900 476
1778910 475
1778920 475
1778930 474
1778940 473
1778950 472
1778960 471
1778970 469
1778980 467
1778990 466
1779000 465
1779010 464
1779020 464
1779030 462
1779040 461
1779050 460
1779060 459
1779070 457
1779080 456
1779090 454
1779100 453
1779110 451
1779120 450
1779130 448
1779140 447
1779150 445
1779160 444
1779170 443
1779180 442
1779190 441
1779200 440
1779210 439
1779220 438
1779230 436
1779240 435
1779250 433
1779260 430
1779270 429
1779280 427
1779290 425
1779300 422
1779310 419
1779320 418
1779330 418
1779340 417
1779350 417
1779360 417
1779370 417
1779380 416
1779390 416
1779400 416
1779410 416
1779420 414
1779430 414
1779440 414
1779450 416
1779460 418
1779470 420
1779480 423
1779490 426
1779500 428
1779510 431
1779520 434
1779530 438
1779540 441
1779550 445
1779560 449
1779570 453
1779580 457
1779590 461
1779600 465
1779610 469
1779620 474
1779630 478
1779640 482
1779650 487
1779660 491
1779670 496
1779680 500
1779690 504
1779700 508
1779710 513
1779720 517
1779730 521
1779740 525
1779750 529
1779760 533
1779770 537
1779780 541
1779790 546
1779800 550
1779810 554
1779820 559
1779830 564
1779840 570
1779850 575
1779860 580
1779870 583
1779880 586
1779890 589
1779900 592
1779910 595
1779920 597
1779930 600
1779940 602
1779950 603
1779960 605
1779970 606
1779980 606
1779990 606
