1760000 703
1760010 702
1760020 701
1760030 701
1760040 701
1760050 702
1760060 703
1760070 705
1760080 707
1760090 705
1760100 704
1760110 702
1760120 703
1760130 703
1760140 703
1760150 697
1760160 690
1760170 683
1760180 678
1760190 674
1760200 670
1760210 669
1760220 668
1760230 668
1760240 668
1760250 668
1760260 667
1760270 667
1760280 667
1760290 668
1760300 671
1760310 674
1760320 678
1760330 682
1760340 685
1760350 689
1760360 692
1760370 695
1760380 698
1760390 698
1760400 697
1760410 694
1760420 690
1760430 687
1760440 684
1760450 682
1760460 681
1760470 681
1760480 679
1760490 675
1760500 671
1760510 665
1760520 660
1760530 654
1760540 650
1760550 647
1760560 645
1760570 645
1760580 645
1760590 646
1760600 649
1760610 651
1760620 654
1760630 657
1760640 660
1760650 663
1760660 665
1760670 667
1760680 670
1760690 672
1760700 676
1760710 678
1760720 678
1760730 676
1760740 672
1760750 670
1760760 669
1760770 669
1760780 669
1760790 671
1760800 672
1760810 673
1760820 674
1760830 674
1760840 675
1760850 677
1760860 681
1760870 685
1760880 689
1760890 693
1760900 698
1760910 702
1760920 706
1760930 708
1760940 710
1760950 712
1760960 714
1760970 717
1760980 720
1760990 724
1761000 728
1761010 732
1761020 736
1761030 739
1761040 742
1761050 745
1761060 747
1761070 749
1761080 751
1761090 752
1761100 752
1761110 751
1761120 749
1761130 747
1761140 744
1761150 743
1761160 742
1761170 743
1761180 746
1761190 748
1761200 749
1761210 752
1761220 755
1761230 758
1761240 761
1761250 763
1761260 765
1761270 765
1761280 765
1761290 766
1761300 767
1761310 769
1761320 770
1761330 773
1761340 776
1761350 779
1761360 782
1761370 785
1761380 788
1761390 787
1761400 785
1761410 781
1761420 779
1761430 778
1761440 777
1761450 774
1761460 769
1761470 764
1761480 759
1761490 754
1761500 749
1761510 744
1761520 740
1761530 737
1761540 734
1761550 732
1761560 730
1761570 729
1761580 727
1761590 725
1761600 722
1761610 718
1761620 713
1761630 710
1761640 707
1761650 703
1761660 700
1761670 696
1761680 692
1761690 688
1761700 684
1761710 679
1761720 675
1761730 671
1761740 667
1761750 664
1761760 662
1761770 659
1761780 657
1761790 655
1761800 653
1761810 651
1761820 649
1761830 648
1761840 647
1761850 646
1761860 646
1761870 646
1761880 648
1761890 650
1761900 653
1761910 652
1761920 652
1761930 653
1761940 655
1761950 659
1761960 662
1761970 666
1761980 669
1761990 673
1762000 675
1762010 678
1762020 680
1762030 682
1762040 683
1762050 684
1762060 684
1762070 685
1762080 685
1762090 685
1762100 685
1762110 685
1762120 685
1762130 685
1762140 685
1762150 683
1762160 682
1762170 681
1762180 682
1762190 683
1762200 684
1762210 686
1762220 687
1762230 688
1762240 689
1762250 690
1762260 691
1762270 692
1762280 693
1762290 694
1762300 695
1762310 696
1762320 697
1762330 699
1762340 701
1762350 704
1762360 707
1762370 708
1762380 706
1762390 699
1762400 690
1762410 681
1762420 673
1762430 667
1762440 661
1762450 655
1762460 649
1762470 643
1762480 638
1762490 634
1762500 630
1762510 627
1762520 625
1762530 625
1762540 625
1762550 628
1762560 632
1762570 637
1762580 641
1762590 645
1762600 648
1762610 652
1762620 655
1762630 659
1762640 662
1762650 665
1762660 668
1762670 671
1762680 675
1762690 679
1762700 684
1762710 689
1762720 695
1762730 699
1762740 701
1762750 703
1762760 702
1762770 701
1762780 701
1762790 702
1762800 703
1762810 705
1762820 707
1762830 709
1762840 712
1762850 714
1762860 717
1762870 721
1762880 724
1762890 728
1762900 732
1762910 736
1762920 741
1762930 745
1762940 749
1762950 753
1762960 758
1762970 763
1762980 768
1762990 774
1763000 779
1763010 783
1763020 787
1763030 791
1763040 796
1763050 800
1763060 803
1763070 807
1763080 810
1763090 814
1763100 817
1763110 821
1763120 824
1763130 827
1763140 830
1763150 832
1763160 834
1763170 836
1763180 838
1763190 836
1763200 833
1763210 829
1763220 824
1763230 819
1763240 815
1763250 811
1763260 806
1763270 802
1763280 798
1763290 795
1763300 792
1763310 790
1763320 789
1763330 790
1763340 790
1763350 789
1763360 786
1763370 785
1763380 785
1763390 786
1763400 786
1763410 785
1763420 784
1763430 781
1763440 776
1763450 771
1763460 765
1763470 759
1763480 755
1763490 752
1763500 750
1763510 747
1763520 745
1763530 743
1763540 740
1763550 734
1763560 727
1763570 720
1763580 716
1763590 711
1763600 707
1763610 703
1763620 699
1763630 695
1763640 691
1763650 688
1763660 685
1763670 680
1763680 675
1763690 670
1763700 666
1763710 661
1763720 657
1763730 652
1763740 647
1763750 643
1763760 639
1763770 638
1763780 637
1763790 636
1763800 635
1763810 634
1763820 633
1763830 632
1763840 633
1763850 636
1763860 640
1763870 644
1763880 648
1763890 653
1763900 658
1763910 663
1763920 667
1763930 670
1763940 672
1763950 676
1763960 679
1763970 682
1763980 684
1763990 686
1764000 687
1764010 687
1764020 687
1764030 689
1764040 690
1764050 691
1764060 692
1764070 694
1764080 696
1764090 698
1764100 700
1764110 702
1764120 705
1764130 707
1764140 710
1764150 713
1764160 715
1764170 718
1764180 720
1764190 722
1764200 725
1764210 728
1764220 731
1764230 733
1764240 735
1764250 737
1764260 739
1764270 739
1764280 739
1764290 740
1764300 742
1764310 746
1764320 749
1764330 752
1764340 745
1764350 737
1764360 727
1764370 727
1764380 729
1764390 731
1764400 730
1764410 730
1764420 730
1764430 731
1764440 731
1764450 730
1764460 732
1764470 735
1764480 738
1764490 741
1764500 741
1764510 740
1764520 736
1764530 732
1764540 726
1764550 722
1764560 717
1764570 713
1764580 711
1764590 710
1764600 710
1764610 712
1764620 714
1764630 717
1764640 719
1764650 721
1764660 724
1764670 727
1764680 730
1764690 734
1764700 737
1764710 740
1764720 744
1764730 747
1764740 750
1764750 753
1764760 757
1764770 761
1764780 765
1764790 769
1764800 773
1764810 777
1764820 781
1764830 786
1764840 790
1764850 795
1764860 799
1764870 803
1764880 807
1764890 811
1764900 816
1764910 820
1764920 824
1764930 829
1764940 833
1764950 838
1764960 843
1764970 848
1764980 853
1764990 858
1765000 862
1765010 867
1765020 871
1765030 875
1765040 878
1765050 881
1765060 883
1765070 886
1765080 888
1765090 891
1765100 893
1765110 895
1765120 897
1765130 898
1765140 898
1765150 897
1765160 897
1765170 897
1765180 897
1765190 894
1765200 891
1765210 889
1765220 886
1765230 882
1765240 877
1765250 871
1765260 865
1765270 860
1765280 856
1765290 852
1765300 847
1765310 842
1765320 838
1765330 835
1765340 832
1765350 829
1765360 827
1765370 825
1765380 823
1765390 821
1765400 819
1765410 816
1765420 814
1765430 814
1765440 815
1765450 819
1765460 822
1765470 824
1765480 827
1765490 830
1765500 834
1765510 837
1765520 840
1765530 843
1765540 846
1765550 849
1765560 851
1765570 853
1765580 856
1765590 859
1765600 862
1765610 866
1765620 869
1765630 873
1765640 878
1765650 881
1765660 884
1765670 889
1765680 893
1765690 897
1765700 901
1765710 905
1765720 909
1765730 913
1765740 916
1765750 919
1765760 920
1765770 918
1765780 916
1765790 915
1765800 915
1765810 915
1765820 916
1765830 918
1765840 920
1765850 922
1765860 925
1765870 927
1765880 930
1765890 933
1765900 936
1765910 939
1765920 942
1765930 946
1765940 949
1765950 950
1765960 950
1765970 949
1765980 947
1765990 945
1766000 943
1766010 941
1766020 940
1766030 940
1766040 940
1766050 941
1766060 943
1766070 945
1766080 949
1766090 952
1766100 956
1766110 960
1766120 964
1766130 968
1766140 972
1766150 976
1766160 981
1766170 982
1766180 982
1766190 978
1766200 975
1766210 973
1766220 971
1766230 970
1766240 969
1766250 971
1766260 973
1766270 976
1766280 978
1766290 976
1766300 972
1766310 968
1766320 965
1766330 962
1766340 958
1766350 955
1766360 951
1766370 946
1766380 943
1766390 940
1766400 938
1766410 937
1766420 935
1766430 932
1766440 928
1766450 923
1766460 917
1766470 911
1766480 905
1766490 900
1766500 896
1766510 893
1766520 889
1766530 884
1766540 880
1766550 877
1766560 876
1766570 876
1766580 878
1766590 879
1766600 880
1766610 880
1766620 880
1766630 879
1766640 877
1766650 875
1766660 872
1766670 869
1766680 866
1766690 861
1766700 856
1766710 851
1766720 850
1766730 851
1766740 854
1766750 856
1766760 857
1766770 855
1766780 854
1766790 854
1766800 852
1766810 850
1766820 848
1766830 846
1766840 845
1766850 843
1766860 841
1766870 839
1766880 836
1766890 827
1766900 820
1766910 813
1766920 807
1766930 802
1766940 798
1766950 797
1766960 798
1766970 801
1766980 804
1766990 808
1767000 812
1767010 815
1767020 818
1767030 821
1767040 824
1767050 825
1767060 825
1767070 825
1767080 823
1767090 821
1767100 818
1767110 814
1767120 812
1767130 813
1767140 807
1767150 799
1767160 790
1767170 786
1767180 783
1767190 783
1767200 780
1767210 776
1767220 772
1767230 767
1767240 761
1767250 753
1767260 748
1767270 743
1767280 739
1767290 735
1767300 732
1767310 730
1767320 729
1767330 727
1767340 726
1767350 724
1767360 723
1767370 721
1767380 722
1767390 723
1767400 724
1767410 725
1767420 725
1767430 724
1767440 722
1767450 721
1767460 723
1767470 724
1767480 724
1767490 723
1767500 721
1767510 720
1767520 717
1767530 713
1767540 710
1767550 707
1767560 706
1767570 706
1767580 707
1767590 707
1767600 708
1767610 710
1767620 711
1767630 713
1767640 715
1767650 718
1767660 720
1767670 723
1767680 726
1767690 729
1767700 732
1767710 735
1767720 738
1767730 741
1767740 744
1767750 748
1767760 752
1767770 754
1767780 752
1767790 748
1767800 743
1767810 739
1767820 736
1767830 733
1767840 731
1767850 729
1767860 727
1767870 726
1767880 727
1767890 729
1767900 732
1767910 736
1767920 739
1767930 742
1767940 746
1767950 749
1767960 753
1767970 757
1767980 761
1767990 761
1768000 760
1768010 758
1768020 755
1768030 752
1768040 749
1768050 747
1768060 745
1768070 745
1768080 745
1768090 746
1768100 746
1768110 747
1768120 748
1768130 750
1768140 753
1768150 757
1768160 761
1768170 765
1768180 769
1768190 772
1768200 776
1768210 778
1768220 780
1768230 776
1768240 772
1768250 768
1768260 764
1768270 761
1768280 758
1768290 755
1768300 752
1768310 749
1768320 747
1768330 745
1768340 744
1768350 741
1768360 738
1768370 735
1768380 731
1768390 726
1768400 719
1768410 715
1768420 711
1768430 707
1768440 705
1768450 703
1768460 701
1768470 701
1768480 703
1768490 706
1768500 709
1768510 711
1768520 713
1768530 715
1768540 716
1768550 718
1768560 720
1768570 722
1768580 726
1768590 730
1768600 734
1768610 738
1768620 742
1768630 746
1768640 749
1768650 753
1768660 756
1768670 759
1768680 763
1768690 766
1768700 770
1768710 773
1768720 776
1768730 779
1768740 783
1768750 786
1768760 789
1768770 792
1768780 795
1768790 797
1768800 800
1768810 803
1768820 804
1768830 803
1768840 800
1768850 797
1768860 793
1768870 790
1768880 788
1768890 786
1768900 785
1768910 786
1768920 788
1768930 790
1768940 793
1768950 795
1768960 797
1768970 799
1768980 801
1768990 803
1769000 806
1769010 808
1769020 811
1769030 813
1769040 817
1769050 820
1769060 823
1769070 825
1769080 828
1769090 831
1769100 834
1769110 837
1769120 838
1769130 837
1769140 833
1769150 829
1769160 825
1769170 821
1769180 816
1769190 812
1769200 807
1769210 802
1769220 797
1769230 793
1769240 789
1769250 785
1769260 781
1769270 778
1769280 774
1769290 771
1769300 767
1769310 763
1769320 760
1769330 758
1769340 756
1769350 756
1769360 756
1769370 756
1769380 755
1769390 754
1769400 751
1769410 748
1769420 745
1769430 742
1769440 738
1769450 735
1769460 733
1769470 731
1769480 730
1769490 728
1769500 727
1769510 726
1769520 725
1769530 724
1769540 724
1769550 724
1769560 725
1769570 726
1769580 729
1769590 731
1769600 734
1769610 737
1769620 740
1769630 743
1769640 746
1769650 749
1769660 752
1769670 755
1769680 757
1769690 759
1769700 761
1769710 763
1769720 765
1769730 766
1769740 768
1769750 769
1769760 771
1769770 774
1769780 776
1769790 779
1769800 782
1769810 784
1769820 787
1769830 790
1769840 793
1769850 796
1769860 799
1769870 803
1769880 805
1769890 806
1769900 808
1769910 810
1769920 813
1769930 815
1769940 817
1769950 819
1769960 821
1769970 823
1769980 825
1769990 828
1770000 830
1770010 833
1770020 835
1770030 838
1770040 840
1770050 843
1770060 846
1770070 849
1770080 853
1770090 856
1770100 860
1770110 863
1770120 867
1770130 870
1770140 874
1770150 877
1770160 880
1770170 883
1770180 886
1770190 888
1770200 888
1770210 887
1770220 886
1770230 885
1770240 883
1770250 882
1770260 880
1770270 879
1770280 877
1770290 876
1770300 875
1770310 874
1770320 872
1770330 871
1770340 870
1770350 869
1770360 867
1770370 866
1770380 864
1770390 863
1770400 861
1770410 859
1770420 857
1770430 856
1770440 854
1770450 853
1770460 851
1770470 850
1770480 848
1770490 847
1770500 845
1770510 843
1770520 842
1770530 840
1770540 839
1770550 837
1770560 836
1770570 835
1770580 833
1770590 832
1770600 830
1770610 828
1770620 827
1770630 825
1770640 823
1770650 821
1770660 820
1770670 818
1770680 816
1770690 814
1770700 812
1770710 811
1770720 809
1770730 806
1770740 804
1770750 802
1770760 800
1770770 797
1770780 795
1770790 793
1770800 791
1770810 790
1770820 788
1770830 786
1770840 784
1770850 782
1770860 781
1770870 779
1770880 778
1770890 776
1770900 775
1770910 773
1770920 771
1770930 768
1770940 766
1770950 764
1770960 763
1770970 762
1770980 760
1770990 759
1771000 757
1771010 756
1771020 755
1771030 753
1771040 752
1771050 751
1771060 750
1771070 749
1771080 747
1771090 746
1771100 745
1771110 744
1771120 743
1771130 742
1771140 741
1771150 740
1771160 739
1771170 738
1771180 736
1771190 735
1771200 733
1771210 732
1771220 731
1771230 730
1771240 728
1771250 727
1771260 726
1771270 725
1771280 723
1771290 722
1771300 721
1771310 721
1771320 720
1771330 719
1771340 718
1771350 717
1771360 716
1771370 716
1771380 715
1771390 714
1771400 713
1771410 713
1771420 712
1771430 711
1771440 711
1771450 710
1771460 709
1771470 709
1771480 708
1771490 707
1771500 706
1771510 705
1771520 705
1771530 704
1771540 703
1771550 702
1771560 701
1771570 700
1771580 699
1771590 698
1771600 697
1771610 696
1771620 695
1771630 693
1771640 692
1771650 691
1771660 690
1771670 689
1771680 689
1771690 688
1771700 687
1771710 686
1771720 685
1771730 683
1771740 682
1771750 680
1771760 679
1771770 678
1771780 677
1771790 676
1771800 675
1771810 674
1771820 673
1771830 672
1771840 672
1771850 671
1771860 671
1771870 672
1771880 673
1771890 674
1771900 674
1771910 674
1771920 674
1771930 674
1771940 674
1771950 674
1771960 674
1771970 675
1771980 675
1771990 676
1772000 676
1772010 676
1772020 676
1772030 676
1772040 676
1772050 675
1772060 674
1772070 673
1772080 671
1772090 669
1772100 667
1772110 666
1772120 664
1772130 662
1772140 661
1772150 659
1772160 657
1772170 655
1772180 653
1772190 651
1772200 648
1772210 644
1772220 640
1772230 635
1772240 632
1772250 628
1772260 625
1772270 623
1772280 621
1772290 620
1772300 618
1772310 616
1772320 615
1772330 615
1772340 614
1772350 613
1772360 611
1772370 610
1772380 608
1772390 606
1772400 605
1772410 604
1772420 603
1772430 601
1772440 600
1772450 598
1772460 597
1772470 595
1772480 594
1772490 594
1772500 593
1772510 595
1772520 596
1772530 598
1772540 600
1772550 602
1772560 605
1772570 607
1772580 609
1772590 611
1772600 613
1772610 615
1772620 617
1772630 619
1772640 621
1772650 623
1772660 625
1772670 627
1772680 629
1772690 631
1772700 633
1772710 635
1772720 636
1772730 637
1772740 637
1772750 638
1772760 638
1772770 639
1772780 640
1772790 641
1772800 641
1772810 642
1772820 642
1772830 641
1772840 640
1772850 640
1772860 639
1772870 638
1772880 637
1772890 636
1772900 635
1772910 634
1772920 633
1772930 632
1772940 631
1772950 629
1772960 628
1772970 627
1772980 626
1772990 625
1773000 623
1773010 621
1773020 620
1773030 618
1773040 615
1773050 611
1773060 607
1773070 602
1773080 597
1773090 594
1773100 590
1773110 587
1773120 584
1773130 582
1773140 580
1773150 579
1773160 577
1773170 576
1773180 576
1773190 577
1773200 578
1773210 579
1773220 579
1773230 579
1773240 579
1773250 579
1773260 579
1773270 578
1773280 578
1773290 577
1773300 576
1773310 574
1773320 573
1773330 571
1773340 569
1773350 568
1773360 567
1773370 567
1773380 568
1773390 568
1773400 570
1773410 571
1773420 572
1773430 570
1773440 569
1773450 566
1773460 564
1773470 561
1773480 558
1773490 555
1773500 552
1773510 549
1773520 546
1773530 543
1773540 540
1773550 537
1773560 533
1773570 530
1773580 527
1773590 523
1773600 520
1773610 517
1773620 514
1773630 511
1773640 509
1773650 507
1773660 506
1773670 506
1773680 506
1773690 506
1773700 506
1773710 506
1773720 505
1773730 503
1773740 500
1773750 497
1773760 495
1773770 493
1773780 491
1773790 487
1773800 484
1773810 481
1773820 480
1773830 477
1773840 475
1773850 471
1773860 468
1773870 465
1773880 465
1773890 464
1773900 464
1773910 464
1773920 465
1773930 466
1773940 467
1773950 469
1773960 472
1773970 475
1773980 479
1773990 483
1774000 487
1774010 491
1774020 494
1774030 498
1774040 501
1774050 504
1774060 507
1774070 511
1774080 514
1774090 518
1774100 522
1774110 526
1774120 528
1774130 532
1774140 537
1774150 542
1774160 545
1774170 547
1774180 547
1774190 548
1774200 548
1774210 548
1774220 550
1774230 552
1774240 554
1774250 555
1774260 556
1774270 557
1774280 558
1774290 560
1774300 562
1774310 565
1774320 568
1774330 572
1774340 575
1774350 580
1774360 589
1774370 607
1774380 622
1774390 634
1774400 637
1774410 637
1774420 637
1774430 641
1774440 641
1774450 636
1774460 635
1774470 635
1774480 636
1774490 636
1774500 638
1774510 641
1774520 638
1774530 635
1774540 633
1774550 633
1774560 635
1774570 638
1774580 642
1774590 644
1774600 642
1774610 641
1774620 640
1774630 640
1774640 639
1774650 641
1774660 646
1774670 654
1774680 660
1774690 663
1774700 664
1774710 663
1774720 661
1774730 659
1774740 656
1774750 653
1774760 651
1774770 650
1774780 649
1774790 649
1774800 648
1774810 648
1774820 647
1774830 646
1774840 645
1774850 644
1774860 644
1774870 644
1774880 645
1774890 646
1774900 649
1774910 651
1774920 654
1774930 656
1774940 658
1774950 660
1774960 662
1774970 664
1774980 665
1774990 666
1775000 667
1775010 667
1775020 667
1775030 666
1775040 664
1775050 661
1775060 657
1775070 653
1775080 650
1775090 647
1775100 647
1775110 648
1775120 651
1775130 655
1775140 658
1775150 662
1775160 666
1775170 670
1775180 673
1775190 677
1775200 680
1775210 682
1775220 685
1775230 687
1775240 690
1775250 691
1775260 693
1775270 695
1775280 696
1775290 697
1775300 697
1775310 698
1775320 698
1775330 699
1775340 699
1775350 699
1775360 699
1775370 698
1775380 698
1775390 698
1775400 697
1775410 697
1775420 697
1775430 696
1775440 696
1775450 696
1775460 695
1775470 694
1775480 694
1775490 693
1775500 692
1775510 692
1775520 691
1775530 690
1775540 689
1775550 688
1775560 687
1775570 686
1775580 685
1775590 684
1775600 683
1775610 682
1775620 681
1775630 680
1775640 679
1775650 678
1775660 677
1775670 676
1775680 675
1775690 674
1775700 673
1775710 673
1775720 672
1775730 672
1775740 671
1775750 670
1775760 669
1775770 668
1775780 668
1775790 667
1775800 666
1775810 665
1775820 664
1775830 663
1775840 662
1775850 661
1775860 660
1775870 658
1775880 656
1775890 654
1775900 650
1775910 646
1775920 643
1775930 639
1775940 636
1775950 633
1775960 631
1775970 628
1775980 626
1775990 624
1776000 623
1776010 622
1776020 621
1776030 620
1776040 619
1776050 618
1776060 617
1776070 617
1776080 617
1776090 617
1776100 616
1776110 615
1776120 614
1776130 613
1776140 612
1776150 610
1776160 607
1776170 604
1776180 601
1776190 597
1776200 593
1776210 589
1776220 584
1776230 579
1776240 575
1776250 571
1776260 567
1776270 563
1776280 560
1776290 556
1776300 552
1776310 547
1776320 543
1776330 538
1776340 535
1776350 534
1776360 535
1776370 535
1776380 537
1776390 538
1776400 540
1776410 541
1776420 543
1776430 541
1776440 538
1776450 534
1776460 530
1776470 527
1776480 525
1776490 525
1776500 527
1776510 529
1776520 533
1776530 537
1776540 541
1776550 545
1776560 550
1776570 554
1776580 559
1776590 564
1776600 568
1776610 571
1776620 574
1776630 578
1776640 581
1776650 585
1776660 588
1776670 591
1776680 594
1776690 597
1776700 600
1776710 602
1776720 604
1776730 605
1776740 606
1776750 606
1776760 607
1776770 608
1776780 608
1776790 609
1776800 609
1776810 610
1776820 610
1776830 608
1776840 606
1776850 602
1776860 599
1776870 597
1776880 596
1776890 595
1776900 594
1776910 594
1776920 594
1776930 593
1776940 593
1776950 593
1776960 593
1776970 593
1776980 593
1776990 593
1777000 593
1777010 592
1777020 592
1777030 591
1777040 590
1777050 588
1777060 586
1777070 584
1777080 580
1777090 576
1777100 572
1777110 568
1777120 563
1777130 558
1777140 554
1777150 551
1777160 547
1777170 544
1777180 542
1777190 543
1777200 544
1777210 545
1777220 546
1777230 548
1777240 550
1777250 551
1777260 552
1777270 553
1777280 554
1777290 555
1777300 556
1777310 558
1777320 559
1777330 560
1777340 561
1777350 563
1777360 565
1777370 567
1777380 568
1777390 570
1777400 572
1777410 572
1777420 571
1777430 568
1777440 565
1777450 562
1777460 558
1777470 555
1777480 551
1777490 546
1777500 541
1777510 537
1777520 531
1777530 527
1777540 524
1777550 523
1777560 524
1777570 523
1777580 521
1777590 518
1777600 516
1777610 514
1777620 513
1777630 512
1777640 510
1777650 507
1777660 504
1777670 501
1777680 501
1777690 501
1777700 503
1777710 504
1777720 506
1777730 507
1777740 509
1777750 510
1777760 512
1777770 513
1777780 514
1777790 515
1777800 516
1777810 517
1777820 518
1777830 520
1777840 522
1777850 525
1777860 527
1777870 530
1777880 533
1777890 536
1777900 539
1777910 541
1777920 544
1777930 546
1777940 548
1777950 549
1777960 549
1777970 547
1777980 544
1777990 543
1778000 542
1778010 541
1778020 542
1778030 542
1778040 545
1778050 549
1778060 553
1778070 557
1778080 561
1778090 564
1778100 568
1778110 572
1778120 575
1778130 579
1778140 582
1778150 585
1778160 588
1778170 591
1778180 594
1778190 596
1778200 598
1778210 599
1778220 600
1778230 600
1778240 599
1778250 599
1778260 599
1778270 599
1778280 600
1778290 601
1778300 602
1778310 604
1778320 606
1778330 609
1778340 612
1778350 616
1778360 620
1778370 623
1778380 628
1778390 632
1778400 636
1778410 640
1778420 645
1778430 649
1778440 654
1778450 658
1778460 662
1778470 667
1778480 672
1778490 676
1778500 681
1778510 686
1778520 690
1778530 695
1778540 699
1778550 704
1778560 708
1778570 712
1778580 716
1778590 720
1778600 723
1778610 727
1778620 730
1778630 734
1778640 737
1778650 739
1778660 741
1778670 742
1778680 743
1778690 744
1778700 744
1778710 743
1778720 741
1778730 739
1778740 736
1778750 733
1778760 731
1778770 728
1778780 726
1778790 724
1778800 722
1778810 720
1778820 719
1778830 718
1778840 716
1778850 715
1778860 713
1778870 712
1778880 710
1778890 708
1778900 706
1778910 704
1778920 703
1778930 701
1778940 699
1778950 697
1778960 695
1778970 693
1778980 691
1778990 690
1779000 688
1779010 686
1779020 684
1779030 682
1779040 679
1779050 675
1779060 672
1779070 669
1779080 667
1779090 666
1779100 665
1779110 663
1779120 662
1779130 662
1779140 661
1779150 661
1779160 660
1779170 659
1779180 658
1779190 656
1779200 654
1779210 651
1779220 647
1779230 643
1779240 639
1779250 635
1779260 633
1779270 632
1779280 631
1779290 631
1779300 632
1779310 632
1779320 633
1779330 633
1779340 634
1779350 635
1779360 636
1779370 636
1779380 636
1779390 636
1779400 635
1779410 633
1779420 631
1779430 628
1779440 625
1779450 622
1779460 618
1779470 615
1779480 613
1779490 612
1779500 614
1779510 616
1779520 619
1779530 622
1779540 626
1779550 629
1779560 633
1779570 637
1779580 641
1779590 645
1779600 648
1779610 651
1779620 654
1779630 655
1779640 656
1779650 656
1779660 656
1779670 656
1779680 655
1779690 654
1779700 653
1779710 652
1779720 651
1779730 650
1779740 648
1779750 647
1779760 645
1779770 643
1779780 642
1779790 639
1779800 637
1779810 634
1779820 632
1779830 631
1779840 630
1779850 629
1779860 627
1779870 625
1779880 623
1779890 621
1779900 619
1779910 618
1779920 616
1779930 614
1779940 612
1779950 610
1779960 609
1779970 607
1779980 606
1779990 604
