1760000 997
1760010 1001
1760020 1006
1760030 1010
1760040 1015
1760050 1019
1760060 1024
1760070 1028
1760080 1032
1760090 1037
1760100 1041
1760110 1044
1760120 1047
1760130 1051
1760140 1056
1760150 1064
1760160 1071
1760170 1077
1760180 1076
1760190 1076
1760200 1075
1760210 1074
1760220 1073
1760230 1073
1760240 1073
1760250 1073
1760260 1072
1760270 1072
1760280 1072
1760290 1072
1760300 1072
1760310 1072
1760320 1072
1760330 1072
1760340 1072
1760350 1071
1760360 1071
1760370 1071
1760380 1071
1760390 1071
1760400 1071
1760410 1071
1760420 1072
1760430 1072
1760440 1072
1760450 1072
1760460 1072
1760470 1073
1760480 1073
1760490 1073
1760500 1074
1760510 1074
1760520 1074
1760530 1074
1760540 1075
1760550 1075
1760560 1075
1760570 1075
1760580 1075
1760590 1076
1760600 1076
1760610 1076
1760620 1076
1760630 1077
1760640 1077
1760650 1077
1760660 1078
1760670 1078
1760680 1078
1760690 1078
1760700 1079
1760710 1079
1760720 1078
1760730 1078
1760740 1077
1760750 1077
1760760 1076
1760770 1075
1760780 1074
1760790 1074
1760800 1073
1760810 1073
1760820 1072
1760830 1072
1760840 1071
1760850 1070
1760860 1069
1760870 1068
1760880 1066
1760890 1065
1760900 1063
1760910 1061
1760920 1060
1760930 1059
1760940 1058
1760950 1058
1760960 1057
1760970 1058
1760980 1058
1760990 1058
1761000 1057
1761010 1057
1761020 1058
1761030 1058
1761040 1058
1761050 1058
1761060 1058
1761070 1058
1761080 1058
1761090 1058
1761100 1057
1761110 1057
1761120 1057
1761130 1056
1761140 1055
1761150 1055
1761160 1054
1761170 1053
1761180 1052
1761190 1051
1761200 1051
1761210 1049
1761220 1048
1761230 1046
1761240 1046
1761250 1045
1761260 1044
1761270 1043
1761280 1042
1761290 1042
1761300 1041
1761310 1040
1761320 1039
1761330 1038
1761340 1037
1761350 1035
1761360 1034
1761370 1032
1761380 1030
1761390 1028
1761400 1027
1761410 1026
1761420 1025
1761430 1025
1761440 1024
1761450 1023
1761460 1022
1761470 1021
1761480 1020
1761490 1019
1761500 1018
1761510 1016
1761520 1015
1761530 1014
1761540 1013
1761550 1011
1761560 1010
1761570 1009
1761580 1008
1761590 1007
1761600 1005
1761610 1004
1761620 1003
1761630 1001
1761640 1000
1761650 1000
1761660 1000
1761670 999
1761680 999
1761690 998
1761700 997
1761710 995
1761720 994
1761730 992
1761740 991
1761750 991
1761760 991
1761770 991
1761780 991
1761790 990
1761800 990
1761810 990
1761820 989
1761830 989
1761840 988
1761850 988
1761860 987
1761870 987
1761880 986
1761890 984
1761900 981
1761910 975
1761920 972
1761930 970
1761940 969
1761950 969
1761960 968
1761970 968
1761980 969
1761990 971
1762000 974
1762010 976
1762020 977
1762030 977
1762040 977
1762050 977
1762060 976
1762070 976
1762080 976
1762090 978
1762100 978
1762110 977
1762120 976
1762130 975
1762140 974
1762150 972
1762160 971
1762170 969
1762180 969
1762190 969
1762200 969
1762210 967
1762220 965
1762230 963
1762240 962
1762250 961
1762260 960
1762270 958
1762280 956
1762290 954
1762300 952
1762310 949
1762320 947
1762330 946
1762340 944
1762350 942
1762360 939
1762370 937
1762380 935
1762390 932
1762400 930
1762410 927
1762420 924
1762430 921
1762440 918
1762450 915
1762460 912
1762470 909
1762480 908
1762490 908
1762500 908
1762510 907
1762520 906
1762530 905
1762540 903
1762550 902
1762560 899
1762570 897
1762580 895
1762590 894
1762600 892
1762610 891
1762620 890
1762630 890
1762640 889
1762650 890
1762660 890
1762670 893
1762680 895
1762690 897
1762700 896
1762710 895
1762720 895
1762730 895
1762740 895
1762750 894
1762760 894
1762770 893
1762780 893
1762790 891
1762800 890
1762810 889
1762820 889
1762830 888
1762840 888
1762850 888
1762860 887
1762870 887
1762880 886
1762890 886
1762900 886
1762910 886
1762920 887
1762930 887
1762940 888
1762950 888
1762960 888
1762970 888
1762980 888
1762990 888
1763000 887
1763010 887
1763020 887
1763030 887
1763040 886
1763050 886
1763060 886
1763070 886
1763080 886
1763090 887
1763100 888
1763110 889
1763120 890
1763130 890
1763140 889
1763150 888
1763160 885
1763170 883
1763180 881
1763190 880
1763200 879
1763210 879
1763220 878
1763230 878
1763240 878
1763250 877
1763260 877
1763270 877
1763280 877
1763290 877
1763300 877
1763310 878
1763320 879
1763330 879
1763340 879
1763350 880
1763360 880
1763370 880
1763380 880
1763390 880
1763400 881
1763410 881
1763420 882
1763430 882
1763440 882
1763450 881
1763460 881
1763470 880
1763480 880
1763490 878
1763500 876
1763510 875
1763520 874
1763530 873
1763540 873
1763550 873
1763560 873
1763570 874
1763580 876
1763590 879
1763600 882
1763610 885
1763620 888
1763630 890
1763640 892
1763650 894
1763660 896
1763670 897
1763680 898
1763690 900
1763700 900
1763710 901
1763720 902
1763730 902
1763740 902
1763750 902
1763760 902
1763770 902
1763780 902
1763790 902
1763800 902
1763810 902
1763820 903
1763830 903
1763840 903
1763850 904
1763860 904
1763870 904
1763880 905
1763890 905
1763900 905
1763910 905
1763920 906
1763930 906
1763940 907
1763950 907
1763960 908
1763970 909
1763980 909
1763990 909
1764000 909
1764010 908
1764020 907
1764030 907
1764040 906
1764050 906
1764060 906
1764070 906
1764080 905
1764090 904
1764100 904
1764110 904
1764120 903
1764130 903
1764140 902
1764150 901
1764160 899
1764170 897
1764180 895
1764190 898
1764200 901
1764210 906
1764220 910
1764230 914
1764240 916
1764250 919
1764260 921
1764270 924
1764280 926
1764290 928
1764300 930
1764310 932
1764320 934
1764330 936
1764340 939
1764350 941
1764360 944
1764370 946
1764380 948
1764390 950
1764400 953
1764410 956
1764420 958
1764430 960
1764440 962
1764450 963
1764460 965
1764470 968
1764480 970
1764490 971
1764500 970
1764510 968
1764520 967
1764530 965
1764540 964
1764550 961
1764560 958
1764570 954
1764580 951
1764590 949
1764600 947
1764610 946
1764620 944
1764630 943
1764640 943
1764650 945
1764660 947
1764670 949
1764680 949
1764690 950
1764700 951
1764710 952
1764720 953
1764730 953
1764740 953
1764750 954
1764760 955
1764770 955
1764780 956
1764790 957
1764800 958
1764810 959
1764820 961
1764830 963
1764840 966
1764850 968
1764860 971
1764870 974
1764880 977
1764890 980
1764900 983
1764910 986
1764920 989
1764930 992
1764940 995
1764950 998
1764960 1001
1764970 1004
1764980 1007
1764990 1010
1765000 1013
1765010 1015
1765020 1018
1765030 1020
1765040 1022
1765050 1024
1765060 1027
1765070 1029
1765080 1032
1765090 1035
1765100 1039
1765110 1041
1765120 1044
1765130 1047
1765140 1049
1765150 1052
1765160 1054
1765170 1057
1765180 1059
1765190 1060
1765200 1059
1765210 1058
1765220 1055
1765230 1052
1765240 1049
1765250 1046
1765260 1043
1765270 1041
1765280 1040
1765290 1040
1765300 1040
1765310 1039
1765320 1040
1765330 1040
1765340 1040
1765350 1041
1765360 1041
1765370 1041
1765380 1041
1765390 1042
1765400 1042
1765410 1043
1765420 1043
1765430 1044
1765440 1044
1765450 1045
1765460 1046
1765470 1048
1765480 1050
1765490 1051
1765500 1053
1765510 1055
1765520 1057
1765530 1059
1765540 1060
1765550 1062
1765560 1064
1765570 1066
1765580 1068
1765590 1070
1765600 1073
1765610 1076
1765620 1079
1765630 1081
1765640 1083
1765650 1085
1765660 1087
1765670 1089
1765680 1091
1765690 1093
1765700 1095
1765710 1097
1765720 1099
1765730 1100
1765740 1103
1765750 1105
1765760 1107
1765770 1108
1765780 1110
1765790 1111
1765800 1113
1765810 1114
1765820 1115
1765830 1116
1765840 1118
1765850 1119
1765860 1119
1765870 1120
1765880 1120
1765890 1121
1765900 1121
1765910 1120
1765920 1120
1765930 1120
1765940 1119
1765950 1119
1765960 1119
1765970 1119
1765980 1118
1765990 1118
1766000 1118
1766010 1117
1766020 1117
1766030 1117
1766040 1117
1766050 1117
1766060 1117
1766070 1117
1766080 1117
1766090 1118
1766100 1118
1766110 1119
1766120 1120
1766130 1120
1766140 1121
1766150 1122
1766160 1123
1766170 1123
1766180 1124
1766190 1125
1766200 1125
1766210 1126
1766220 1126
1766230 1127
1766240 1127
1766250 1128
1766260 1128
1766270 1129
1766280 1130
1766290 1131
1766300 1132
1766310 1133
1766320 1134
1766330 1135
1766340 1135
1766350 1135
1766360 1135
1766370 1134
1766380 1133
1766390 1133
1766400 1132
1766410 1131
1766420 1130
1766430 1129
1766440 1129
1766450 1128
1766460 1127
1766470 1126
1766480 1125
1766490 1123
1766500 1122
1766510 1122
1766520 1121
1766530 1121
1766540 1120
1766550 1120
1766560 1119
1766570 1119
1766580 1118
1766590 1118
1766600 1117
1766610 1117
1766620 1116
1766630 1115
1766640 1115
1766650 1114
1766660 1113
1766670 1111
1766680 1110
1766690 1109
1766700 1108
1766710 1107
1766720 1107
1766730 1107
1766740 1107
1766750 1107
1766760 1107
1766770 1107
1766780 1106
1766790 1106
1766800 1105
1766810 1105
1766820 1104
1766830 1104
1766840 1103
1766850 1102
1766860 1101
1766870 1100
1766880 1098
1766890 1098
1766900 1097
1766910 1097
1766920 1097
1766930 1098
1766940 1098
1766950 1099
1766960 1100
1766970 1101
1766980 1102
1766990 1103
1767000 1103
1767010 1104
1767020 1105
1767030 1106
1767040 1107
1767050 1108
1767060 1109
1767070 1110
1767080 1110
1767090 1111
1767100 1112
1767110 1112
1767120 1113
1767130 1113
1767140 1114
1767150 1115
1767160 1116
1767170 1118
1767180 1119
1767190 1121
1767200 1122
1767210 1123
1767220 1124
1767230 1125
1767240 1125
1767250 1125
1767260 1124
1767270 1123
1767280 1122
1767290 1120
1767300 1119
1767310 1118
1767320 1116
1767330 1115
1767340 1114
1767350 1112
1767360 1111
1767370 1109
1767380 1108
1767390 1106
1767400 1104
1767410 1103
1767420 1101
1767430 1099
1767440 1097
1767450 1095
1767460 1093
1767470 1091
1767480 1089
1767490 1086
1767500 1084
1767510 1082
1767520 1079
1767530 1077
1767540 1075
1767550 1072
1767560 1070
1767570 1068
1767580 1066
1767590 1063
1767600 1061
1767610 1059
1767620 1057
1767630 1054
1767640 1052
1767650 1049
1767660 1047
1767670 1044
1767680 1041
1767690 1038
1767700 1036
1767710 1033
1767720 1030
1767730 1027
1767740 1025
1767750 1021
1767760 1018
1767770 1015
1767780 1011
1767790 1008
1767800 1004
1767810 1001
1767820 997
1767830 994
1767840 991
1767850 988
1767860 985
1767870 982
1767880 979
1767890 977
1767900 974
1767910 972
1767920 969
1767930 966
1767940 964
1767950 961
1767960 957
1767970 954
1767980 952
1767990 949
1768000 945
1768010 942
1768020 939
1768030 936
1768040 932
1768050 929
1768060 927
1768070 924
1768080 921
1768090 918
1768100 915
1768110 912
1768120 910
1768130 907
1768140 904
1768150 902
1768160 899
1768170 895
1768180 892
1768190 889
1768200 887
1768210 884
1768220 881
1768230 879
1768240 876
1768250 873
1768260 870
1768270 867
1768280 863
1768290 861
1768300 859
1768310 858
1768320 856
1768330 855
1768340 854
1768350 855
1768360 856
1768370 857
1768380 858
1768390 859
1768400 860
1768410 860
1768420 858
1768430 857
1768440 856
1768450 854
1768460 852
1768470 851
1768480 850
1768490 849
1768500 847
1768510 845
1768520 842
1768530 839
1768540 836
1768550 834
1768560 832
1768570 829
1768580 827
1768590 824
1768600 822
1768610 819
1768620 814
1768630 808
1768640 801
1768650 796
1768660 792
1768670 787
1768680 783
1768690 780
1768700 776
1768710 773
1768720 770
1768730 768
1768740 766
1768750 765
1768760 763
1768770 760
1768780 756
1768790 752
1768800 748
1768810 744
1768820 739
1768830 734
1768840 730
1768850 725
1768860 720
1768870 716
1768880 711
1768890 705
1768900 700
1768910 695
1768920 690
1768930 685
1768940 680
1768950 674
1768960 670
1768970 665
1768980 660
1768990 655
1769000 651
1769010 647
1769020 644
1769030 641
1769040 638
1769050 635
1769060 633
1769070 631
1769080 629
1769090 629
1769100 628
1769110 629
1769120 631
1769130 633
1769140 636
1769150 639
1769160 643
1769170 647
1769180 651
1769190 655
1769200 658
1769210 661
1769220 665
1769230 667
1769240 670
1769250 672
1769260 673
1769270 674
1769280 675
1769290 675
1769300 674
1769310 673
1769320 670
1769330 668
1769340 666
1769350 663
1769360 660
1769370 658
1769380 655
1769390 652
1769400 649
1769410 646
1769420 643
1769430 639
1769440 636
1769450 633
1769460 629
1769470 625
1769480 621
1769490 617
1769500 614
1769510 610
1769520 607
1769530 604
1769540 602
1769550 602
1769560 602
1769570 602
1769580 604
1769590 608
1769600 617
1769610 625
1769620 630
1769630 634
1769640 639
1769650 643
1769660 646
1769670 648
1769680 649
1769690 650
1769700 651
1769710 652
1769720 653
1769730 654
1769740 656
1769750 656
1769760 656
1769770 655
1769780 652
1769790 648
1769800 644
1769810 641
1769820 637
1769830 634
1769840 630
1769850 627
1769860 624
1769870 621
1769880 618
1769890 615
1769900 612
1769910 608
1769920 605
1769930 601
1769940 598
1769950 597
1769960 596
1769970 595
1769980 595
1769990 595
1770000 595
1770010 597
1770020 601
1770030 605
1770040 609
1770050 612
1770060 616
1770070 619
1770080 623
1770090 626
1770100 629
1770110 632
1770120 635
1770130 638
1770140 642
1770150 645
1770160 648
1770170 652
1770180 655
1770190 658
1770200 660
1770210 662
1770220 664
1770230 665
1770240 666
1770250 666
1770260 666
1770270 667
1770280 667
1770290 667
1770300 666
1770310 665
1770320 665
1770330 663
1770340 662
1770350 660
1770360 658
1770370 655
1770380 651
1770390 648
1770400 645
1770410 644
1770420 643
1770430 643
1770440 645
1770450 647
1770460 649
1770470 651
1770480 649
1770490 647
1770500 642
1770510 638
1770520 634
1770530 629
1770540 625
1770550 621
1770560 617
1770570 613
1770580 610
1770590 608
1770600 608
1770610 608
1770620 609
1770630 609
1770640 610
1770650 611
1770660 611
1770670 612
1770680 613
1770690 614
1770700 615
1770710 616
1770720 617
1770730 619
1770740 620
1770750 622
1770760 623
1770770 625
1770780 627
1770790 629
1770800 631
1770810 633
1770820 635
1770830 637
1770840 639
1770850 641
1770860 643
1770870 645
1770880 648
1770890 650
1770900 653
1770910 656
1770920 659
1770930 663
1770940 666
1770950 670
1770960 673
1770970 677
1770980 680
1770990 683
1771000 686
1771010 689
1771020 692
1771030 695
1771040 698
1771050 701
1771060 704
1771070 706
1771080 709
1771090 712
1771100 715
1771110 717
1771120 719
1771130 721
1771140 721
1771150 720
1771160 718
1771170 716
1771180 714
1771190 713
1771200 711
1771210 709
1771220 707
1771230 705
1771240 704
1771250 703
1771260 704
1771270 704
1771280 705
1771290 706
1771300 707
1771310 709
1771320 711
1771330 713
1771340 716
1771350 718
1771360 721
1771370 724
1771380 727
1771390 730
1771400 733
1771410 736
1771420 739
1771430 742
1771440 745
1771450 748
1771460 752
1771470 755
1771480 759
1771490 763
1771500 767
1771510 771
1771520 775
1771530 779
1771540 783
1771550 787
1771560 791
1771570 794
1771580 798
1771590 802
1771600 806
1771610 809
1771620 813
1771630 816
1771640 819
1771650 822
1771660 824
1771670 827
1771680 829
1771690 830
1771700 831
1771710 829
1771720 825
1771730 821
1771740 817
1771750 813
1771760 809
1771770 804
1771780 800
1771790 796
1771800 792
1771810 787
1771820 782
1771830 777
1771840 773
1771850 768
1771860 763
1771870 759
1771880 755
1771890 751
1771900 748
1771910 745
1771920 742
1771930 740
1771940 740
1771950 740
1771960 740
1771970 741
1771980 742
1771990 743
1772000 744
1772010 745
1772020 746
1772030 747
1772040 748
1772050 749
1772060 750
1772070 751
1772080 752
1772090 753
1772100 754
1772110 756
1772120 757
1772130 759
1772140 760
1772150 762
1772160 763
1772170 765
1772180 767
1772190 769
1772200 770
1772210 773
1772220 775
1772230 777
1772240 779
1772250 781
1772260 783
1772270 786
1772280 788
1772290 790
1772300 793
1772310 795
1772320 798
1772330 801
1772340 803
1772350 806
1772360 809
1772370 811
1772380 814
1772390 817
1772400 820
1772410 822
1772420 825
1772430 827
1772440 830
1772450 831
1772460 833
1772470 834
1772480 834
1772490 834
1772500 833
1772510 830
1772520 828
1772530 825
1772540 822
1772550 819
1772560 817
1772570 816
1772580 815
1772590 815
1772600 817
1772610 818
1772620 820
1772630 822
1772640 825
1772650 827
1772660 830
1772670 832
1772680 835
1772690 838
1772700 841
1772710 843
1772720 846
1772730 848
1772740 851
1772750 854
1772760 856
1772770 859
1772780 861
1772790 864
1772800 866
1772810 868
1772820 871
1772830 873
1772840 874
1772850 876
1772860 878
1772870 880
1772880 881
1772890 883
1772900 884
1772910 885
1772920 886
1772930 886
1772940 886
1772950 886
1772960 885
1772970 885
1772980 884
1772990 883
1773000 882
1773010 880
1773020 879
1773030 877
1773040 876
1773050 875
1773060 873
1773070 872
1773080 871
1773090 869
1773100 868
1773110 866
1773120 865
1773130 864
1773140 863
1773150 863
1773160 862
1773170 861
1773180 861
1773190 861
1773200 861
1773210 860
1773220 860
1773230 860
1773240 860
1773250 860
1773260 859
1773270 859
1773280 858
1773290 857
1773300 857
1773310 856
1773320 856
1773330 855
1773340 854
1773350 853
1773360 852
1773370 851
1773380 850
1773390 849
1773400 848
1773410 846
1773420 845
1773430 844
1773440 842
1773450 841
1773460 839
1773470 838
1773480 836
1773490 835
1773500 833
1773510 832
1773520 831
1773530 829
1773540 827
1773550 826
1773560 824
1773570 822
1773580 820
1773590 817
1773600 814
1773610 811
1773620 808
1773630 804
1773640 801
1773650 798
1773660 796
1773670 793
1773680 790
1773690 788
1773700 786
1773710 784
1773720 782
1773730 779
1773740 777
1773750 775
1773760 773
1773770 770
1773780 768
1773790 766
1773800 764
1773810 761
1773820 759
1773830 757
1773840 754
1773850 752
1773860 750
1773870 748
1773880 745
1773890 744
1773900 742
1773910 741
1773920 741
1773930 741
1773940 741
1773950 741
1773960 741
1773970 740
1773980 740
1773990 740
1774000 741
1774010 741
1774020 741
1774030 741
1774040 741
1774050 741
1774060 742
1774070 743
1774080 744
1774090 744
1774100 745
1774110 746
1774120 747
1774130 748
1774140 749
1774150 749
1774160 750
1774170 750
1774180 751
1774190 751
1774200 752
1774210 752
1774220 753
1774230 754
1774240 754
1774250 755
1774260 755
1774270 756
1774280 756
1774290 756
1774300 756
1774310 756
1774320 756
1774330 755
1774340 755
1774350 755
1774360 755
1774370 755
1774380 755
1774390 755
1774400 754
1774410 754
1774420 754
1774430 754
1774440 753
1774450 753
1774460 753
1774470 753
1774480 752
1774490 752
1774500 752
1774510 752
1774520 751
1774530 749
1774540 745
1774550 741
1774560 737
1774570 733
1774580 731
1774590 729
1774600 727
1774610 725
1774620 724
1774630 724
1774640 723
1774650 723
1774660 723
1774670 723
1774680 723
1774690 723
1774700 723
1774710 724
1774720 724
1774730 725
1774740 725
1774750 727
1774760 728
1774770 729
1774780 730
1774790 731
1774800 730
1774810 730
1774820 730
1774830 729
1774840 728
1774850 727
1774860 726
1774870 725
1774880 725
1774890 726
1774900 726
1774910 726
1774920 727
1774930 727
1774940 728
1774950 728
1774960 728
1774970 729
1774980 729
1774990 730
1775000 730
1775010 731
1775020 731
1775030 731
1775040 731
1775050 732
1775060 731
1775070 731
1775080 731
1775090 730
1775100 730
1775110 729
1775120 728
1775130 727
1775140 726
1775150 725
1775160 724
1775170 723
1775180 722
1775190 721
1775200 720
1775210 719
1775220 718
1775230 716
1775240 715
1775250 713
1775260 711
1775270 709
1775280 707
1775290 705
1775300 703
1775310 701
1775320 698
1775330 695
1775340 692
1775350 689
1775360 685
1775370 682
1775380 678
1775390 675
1775400 671
1775410 667
1775420 663
1775430 658
1775440 653
1775450 649
1775460 644
1775470 641
1775480 637
1775490 635
1775500 632
1775510 631
1775520 629
1775530 628
1775540 627
1775550 626
1775560 626
1775570 625
1775580 625
1775590 625
1775600 625
1775610 625
1775620 624
1775630 624
1775640 623
1775650 623
1775660 623
1775670 623
1775680 623
1775690 624
1775700 626
1775710 627
1775720 627
1775730 629
1775740 631
1775750 632
1775760 635
1775770 638
1775780 641
1775790 643
1775800 646
1775810 649
1775820 652
1775830 654
1775840 656
1775850 659
1775860 661
1775870 663
1775880 665
1775890 667
1775900 668
1775910 669
1775920 671
1775930 672
1775940 673
1775950 675
1775960 676
1775970 677
1775980 677
1775990 678
1776000 679
1776010 680
1776020 680
1776030 680
1776040 680
1776050 681
1776060 681
1776070 683
1776080 684
1776090 687
1776100 689
1776110 691
1776120 693
1776130 695
1776140 696
1776150 698
1776160 699
1776170 700
1776180 701
1776190 702
1776200 703
1776210 702
1776220 700
1776230 697
1776240 695
1776250 695
1776260 695
1776270 696
1776280 699
1776290 702
1776300 706
1776310 709
1776320 712
1776330 714
1776340 716
1776350 717
1776360 717
1776370 718
1776380 718
1776390 718
1776400 718
1776410 719
1776420 719
1776430 719
1776440 719
1776450 720
1776460 720
1776470 721
1776480 722
1776490 723
1776500 724
1776510 725
1776520 726
1776530 726
1776540 727
1776550 729
1776560 730
1776570 731
1776580 733
1776590 733
1776600 734
1776610 734
1776620 735
1776630 735
1776640 735
1776650 736
1776660 736
1776670 736
1776680 736
1776690 737
1776700 738
1776710 738
1776720 739
1776730 739
1776740 739
1776750 740
1776760 741
1776770 741
1776780 742
1776790 743
1776800 744
1776810 745
1776820 746
1776830 747
1776840 749
1776850 750
1776860 752
1776870 753
1776880 755
1776890 756
1776900 757
1776910 759
1776920 761
1776930 763
1776940 766
1776950 768
1776960 770
1776970 772
1776980 774
1776990 776
1777000 778
1777010 780
1777020 782
1777030 785
1777040 788
1777050 790
1777060 792
1777070 794
1777080 796
1777090 799
1777100 800
1777110 802
1777120 804
1777130 806
1777140 808
1777150 810
1777160 812
1777170 814
1777180 817
1777190 819
1777200 821
1777210 823
1777220 825
1777230 827
1777240 829
1777250 830
1777260 832
1777270 834
1777280 835
1777290 837
1777300 838
1777310 840
1777320 841
1777330 843
1777340 845
1777350 847
1777360 849
1777370 851
1777380 852
1777390 853
1777400 855
1777410 856
1777420 858
1777430 860
1777440 863
1777450 865
1777460 865
1777470 866
1777480 866
1777490 868
1777500 869
1777510 869
1777520 867
1777530 866
1777540 865
1777550 865
1777560 865
1777570 865
1777580 865
1777590 864
1777600 863
1777610 861
1777620 858
1777630 855
1777640 852
1777650 850
1777660 848
1777670 847
1777680 845
1777690 844
1777700 842
1777710 841
1777720 840
1777730 839
1777740 838
1777750 838
1777760 837
1777770 837
1777780 837
1777790 837
1777800 837
1777810 837
1777820 837
1777830 837
1777840 837
1777850 837
1777860 837
1777870 835
1777880 833
1777890 830
1777900 827
1777910 825
1777920 823
1777930 822
1777940 820
1777950 819
1777960 818
1777970 816
1777980 815
1777990 815
1778000 814
1778010 813
1778020 813
1778030 813
1778040 813
1778050 813
1778060 813
1778070 814
1778080 815
1778090 815
1778100 816
1778110 816
1778120 816
1778130 817
1778140 817
1778150 817
1778160 816
1778170 816
1778180 815
1778190 813
1778200 810
1778210 808
1778220 805
1778230 801
1778240 797
1778250 793
1778260 790
1778270 786
1778280 783
1778290 780
1778300 778
1778310 776
1778320 774
1778330 773
1778340 771
1778350 770
1778360 769
1778370 768
1778380 768
1778390 769
1778400 769
1778410 769
1778420 770
1778430 770
1778440 770
1778450 771
1778460 772
1778470 774
1778480 776
1778490 778
1778500 781
1778510 783
1778520 784
1778530 785
1778540 786
1778550 787
1778560 787
1778570 787
1778580 787
1778590 786
1778600 785
1778610 784
1778620 783
1778630 782
1778640 781
1778650 779
1778660 778
1778670 777
1778680 775
1778690 774
1778700 772
1778710 770
1778720 768
1778730 765
1778740 764
1778750 762
1778760 761
1778770 759
1778780 757
1778790 754
1778800 753
1778810 751
1778820 749
1778830 747
1778840 745
1778850 743
1778860 741
1778870 740
1778880 738
1778890 735
1778900 733
1778910 731
1778920 728
1778930 726
1778940 723
1778950 721
1778960 719
1778970 716
1778980 714
1778990 711
1779000 708
1779010 704
1779020 701
1779030 697
1779040 694
1779050 690
1779060 687
1779070 684
1779080 681
1779090 679
1779100 676
1779110 673
1779120 670
1779130 666
1779140 663
1779150 661
1779160 660
1779170 659
1779180 658
1779190 657
1779200 657
1779210 657
1779220 657
1779230 658
1779240 658
1779250 658
1779260 658
1779270 658
1779280 658
1779290 657
1779300 656
1779310 657
1779320 658
1779330 661
1779340 664
1779350 667
1779360 670
1779370 673
1779380 676
1779390 679
1779400 681
1779410 684
1779420 686
1779430 689
1779440 690
1779450 692
1779460 693
1779470 694
1779480 695
1779490 697
1779500 698
1779510 700
1779520 702
1779530 703
1779540 704
1779550 704
1779560 704
1779570 704
1779580 702
1779590 699
1779600 696
1779610 691
1779620 687
1779630 683
1779640 679
1779650 675
1779660 672
1779670 669
1779680 666
1779690 663
1779700 661
1779710 658
1779720 656
1779730 655
1779740 657
1779750 659
1779760 661
1779770 663
1779780 665
1779790 667
1779800 668
1779810 669
1779820 671
1779830 672
1779840 672
1779850 672
1779860 672
1779870 673
1779880 673
1779890 673
1779900 673
1779910 673
1779920 673
1779930 672
1779940 671
1779950 670
1779960 670
1779970 669
1779980 669
1779990 668
