1760000 1097
1760010 1095
1760020 1093
1760030 1091
1760040 1089
1760050 1087
1760060 1085
1760070 1083
1760080 1082
1760090 1080
1760100 1079
1760110 1077
1760120 1076
1760130 1075
1760140 1074
1760150 1073
1760160 1072
1760170 1072
1760180 1071
1760190 1071
1760200 1070
1760210 1069
1760220 1068
1760230 1068
1760240 1068
1760250 1067
1760260 1066
1760270 1065
1760280 1064
1760290 1064
1760300 1066
1760310 1068
1760320 1071
1760330 1074
1760340 1076
1760350 1079
1760360 1082
1760370 1085
1760380 1088
1760390 1091
1760400 1094
1760410 1097
1760420 1099
1760430 1102
1760440 1105
1760450 1108
1760460 1111
1760470 1114
1760480 1117
1760490 1120
1760500 1122
1760510 1127
1760520 1129
1760530 1131
1760540 1132
1760550 1134
1760560 1135
1760570 1137
1760580 1139
1760590 1141
1760600 1143
1760610 1145
1760620 1147
1760630 1148
1760640 1150
1760650 1152
1760660 1154
1760670 1155
1760680 1157
1760690 1159
1760700 1160
1760710 1162
1760720 1164
1760730 1166
1760740 1168
1760750 1170
1760760 1172
1760770 1174
1760780 1175
1760790 1177
1760800 1179
1760810 1181
1760820 1183
1760830 1185
1760840 1187
1760850 1191
1760860 1194
1760870 1197
1760880 1198
1760890 1197
1760900 1196
1760910 1195
1760920 1194
1760930 1192
1760940 1191
1760950 1189
1760960 1187
1760970 1185
1760980 1183
1760990 1180
1761000 1177
1761010 1174
1761020 1171
1761030 1169
1761040 1167
1761050 1165
1761060 1163
1761070 1161
1761080 1159
1761090 1157
1761100 1155
1761110 1153
1761120 1151
1761130 1149
1761140 1147
1761150 1145
1761160 1143
1761170 1141
1761180 1139
1761190 1137
1761200 1136
1761210 1134
1761220 1132
1761230 1130
1761240 1128
1761250 1126
1761260 1125
1761270 1123
1761280 1121
1761290 1120
1761300 1119
1761310 1119
1761320 1118
1761330 1118
1761340 1117
1761350 1116
1761360 1115
1761370 1114
1761380 1114
1761390 1113
1761400 1112
1761410 1111
1761420 1110
1761430 1109
1761440 1107
1761450 1106
1761460 1104
1761470 1102
1761480 1101
1761490 1100
1761500 1099
1761510 1097
1761520 1096
1761530 1095
1761540 1093
1761550 1091
1761560 1089
1761570 1088
1761580 1086
1761590 1085
1761600 1084
1761610 1081
1761620 1079
1761630 1076
1761640 1075
1761650 1073
1761660 1072
1761670 1070
1761680 1068
1761690 1066
1761700 1064
1761710 1062
1761720 1060
1761730 1058
1761740 1056
1761750 1055
1761760 1053
1761770 1052
1761780 1050
1761790 1049
1761800 1047
1761810 1046
1761820 1044
1761830 1043
1761840 1041
1761850 1040
1761860 1038
1761870 1037
1761880 1035
1761890 1034
1761900 1032
1761910 1031
1761920 1030
1761930 1029
1761940 1028
1761950 1027
1761960 1025
1761970 1024
1761980 1022
1761990 1021
1762000 1020
1762010 1018
1762020 1017
1762030 1015
1762040 1014
1762050 1012
1762060 1010
1762070 1008
1762080 1006
1762090 1004
1762100 1003
1762110 1001
1762120 999
1762130 998
1762140 996
1762150 993
1762160 991
1762170 988
1762180 985
1762190 982
1762200 980
1762210 979
1762220 978
1762230 976
1762240 974
1762250 972
1762260 970
1762270 969
1762280 968
1762290 967
1762300 965
1762310 963
1762320 962
1762330 959
1762340 957
1762350 956
1762360 955
1762370 954
1762380 953
1762390 951
1762400 950
1762410 950
1762420 948
1762430 947
1762440 946
1762450 945
1762460 944
1762470 942
1762480 941
1762490 940
1762500 940
1762510 939
1762520 938
1762530 937
1762540 936
1762550 935
1762560 933
1762570 932
1762580 931
1762590 930
1762600 929
1762610 928
1762620 927
1762630 926
1762640 925
1762650 924
1762660 922
1762670 921
1762680 921
1762690 920
1762700 919
1762710 919
1762720 918
1762730 917
1762740 917
1762750 916
1762760 915
1762770 914
1762780 913
1762790 911
1762800 909
1762810 907
1762820 905
1762830 903
1762840 902
1762850 902
1762860 901
1762870 902
1762880 902
1762890 901
1762900 901
1762910 901
1762920 900
1762930 900
1762940 900
1762950 899
1762960 898
1762970 898
1762980 897
1762990 896
1763000 895
1763010 895
1763020 895
1763030 895
1763040 894
1763050 893
1763060 890
1763070 887
1763080 882
1763090 879
1763100 878
1763110 878
1763120 879
1763130 878
1763140 877
1763150 875
1763160 874
1763170 872
1763180 871
1763190 871
1763200 870
1763210 870
1763220 869
1763230 869
1763240 869
1763250 869
1763260 869
1763270 869
1763280 868
1763290 867
1763300 865
1763310 864
1763320 863
1763330 862
1763340 861
1763350 860
1763360 859
1763370 858
1763380 857
1763390 856
1763400 855
1763410 854
1763420 853
1763430 852
1763440 851
1763450 850
1763460 849
1763470 849
1763480 849
1763490 848
1763500 848
1763510 849
1763520 849
1763530 850
1763540 853
1763550 854
1763560 855
1763570 856
1763580 856
1763590 857
1763600 858
1763610 859
1763620 859
1763630 860
1763640 860
1763650 861
1763660 861
1763670 861
1763680 862
1763690 862
1763700 862
1763710 863
1763720 863
1763730 860
1763740 856
1763750 852
1763760 849
1763770 846
1763780 844
1763790 841
1763800 837
1763810 834
1763820 830
1763830 826
1763840 822
1763850 818
1763860 815
1763870 813
1763880 811
1763890 807
1763900 803
1763910 799
1763920 795
1763930 791
1763940 789
1763950 786
1763960 784
1763970 783
1763980 782
1763990 781
1764000 778
1764010 774
1764020 770
1764030 765
1764040 761
1764050 757
1764060 754
1764070 752
1764080 749
1764090 747
1764100 746
1764110 746
1764120 744
1764130 744
1764140 743
1764150 743
1764160 745
1764170 747
1764180 747
1764190 746
1764200 745
1764210 743
1764220 741
1764230 739
1764240 737
1764250 735
1764260 734
1764270 733
1764280 733
1764290 732
1764300 733
1764310 733
1764320 734
1764330 736
1764340 738
1764350 740
1764360 742
1764370 744
1764380 746
1764390 748
1764400 749
1764410 751
1764420 752
1764430 753
1764440 753
1764450 754
1764460 754
1764470 754
1764480 755
1764490 756
1764500 757
1764510 758
1764520 759
1764530 760
1764540 761
1764550 762
1764560 763
1764570 764
1764580 764
1764590 764
1764600 764
1764610 763
1764620 761
1764630 760
1764640 760
1764650 761
1764660 763
1764670 766
1764680 770
1764690 774
1764700 778
1764710 782
1764720 787
1764730 791
1764740 796
1764750 800
1764760 805
1764770 809
1764780 814
1764790 818
1764800 823
1764810 827
1764820 831
1764830 835
1764840 838
1764850 842
1764860 846
1764870 849
1764880 852
1764890 856
1764900 859
1764910 862
1764920 865
1764930 868
1764940 871
1764950 874
1764960 877
1764970 879
1764980 883
1764990 886
1765000 889
1765010 892
1765020 895
1765030 897
1765040 900
1765050 902
1765060 904
1765070 907
1765080 909
1765090 911
1765100 913
1765110 914
1765120 916
1765130 917
1765140 919
1765150 919
1765160 920
1765170 921
1765180 922
1765190 923
1765200 923
1765210 923
1765220 922
1765230 921
1765240 921
1765250 919
1765260 917
1765270 915
1765280 914
1765290 913
1765300 913
1765310 913
1765320 912
1765330 911
1765340 911
1765350 912
1765360 914
1765370 915
1765380 917
1765390 920
1765400 923
1765410 927
1765420 931
1765430 936
1765440 941
1765450 945
1765460 950
1765470 954
1765480 959
1765490 963
1765500 967
1765510 972
1765520 976
1765530 979
1765540 983
1765550 986
1765560 989
1765570 992
1765580 994
1765590 996
1765600 999
1765610 1001
1765620 1003
1765630 1005
1765640 1008
1765650 1010
1765660 1012
1765670 1014
1765680 1016
1765690 1018
1765700 1020
1765710 1022
1765720 1024
1765730 1026
1765740 1027
1765750 1029
1765760 1030
1765770 1031
1765780 1032
1765790 1033
1765800 1033
1765810 1034
1765820 1035
1765830 1035
1765840 1036
1765850 1036
1765860 1035
1765870 1035
1765880 1034
1765890 1034
1765900 1032
1765910 1026
1765920 1020
1765930 1013
1765940 1009
1765950 1005
1765960 1002
1765970 1000
1765980 997
1765990 995
1766000 992
1766010 990
1766020 987
1766030 985
1766040 985
1766050 985
1766060 987
1766070 990
1766080 994
1766090 997
1766100 1001
1766110 1005
1766120 1009
1766130 1013
1766140 1017
1766150 1021
1766160 1025
1766170 1029
1766180 1033
1766190 1035
1766200 1038
1766210 1041
1766220 1043
1766230 1045
1766240 1046
1766250 1047
1766260 1049
1766270 1051
1766280 1050
1766290 1049
1766300 1050
1766310 1051
1766320 1051
1766330 1049
1766340 1049
1766350 1048
1766360 1048
1766370 1047
1766380 1046
1766390 1045
1766400 1044
1766410 1043
1766420 1042
1766430 1041
1766440 1039
1766450 1038
1766460 1036
1766470 1035
1766480 1033
1766490 1031
1766500 1030
1766510 1029
1766520 1028
1766530 1026
1766540 1025
1766550 1024
1766560 1024
1766570 1024
1766580 1023
1766590 1022
1766600 1021
1766610 1020
1766620 1019
1766630 1018
1766640 1018
1766650 1017
1766660 1015
1766670 1013
1766680 1011
1766690 1009
1766700 1007
1766710 1005
1766720 1002
1766730 1000
1766740 996
1766750 992
1766760 989
1766770 986
1766780 983
1766790 982
1766800 981
1766810 980
1766820 980
1766830 980
1766840 981
1766850 981
1766860 981
1766870 981
1766880 981
1766890 980
1766900 980
1766910 979
1766920 979
1766930 980
1766940 981
1766950 982
1766960 983
1766970 984
1766980 985
1766990 986
1767000 987
1767010 988
1767020 989
1767030 989
1767040 989
1767050 988
1767060 987
1767070 986
1767080 985
1767090 984
1767100 982
1767110 981
1767120 979
1767130 977
1767140 976
1767150 975
1767160 973
1767170 972
1767180 972
1767190 971
1767200 970
1767210 970
1767220 969
1767230 968
1767240 966
1767250 964
1767260 962
1767270 960
1767280 958
1767290 956
1767300 954
1767310 952
1767320 950
1767330 947
1767340 945
1767350 942
1767360 939
1767370 937
1767380 934
1767390 932
1767400 929
1767410 926
1767420 923
1767430 920
1767440 916
1767450 912
1767460 907
1767470 903
1767480 900
1767490 897
1767500 894
1767510 892
1767520 888
1767530 885
1767540 882
1767550 879
1767560 875
1767570 872
1767580 869
1767590 865
1767600 862
1767610 859
1767620 855
1767630 852
1767640 849
1767650 845
1767660 842
1767670 839
1767680 837
1767690 834
1767700 832
1767710 829
1767720 826
1767730 823
1767740 820
1767750 818
1767760 817
1767770 816
1767780 815
1767790 813
1767800 812
1767810 811
1767820 809
1767830 808
1767840 806
1767850 804
1767860 803
1767870 801
1767880 799
1767890 797
1767900 795
1767910 793
1767920 791
1767930 789
1767940 787
1767950 785
1767960 783
1767970 781
1767980 779
1767990 777
1768000 774
1768010 772
1768020 771
1768030 769
1768040 766
1768050 764
1768060 761
1768070 758
1768080 756
1768090 753
1768100 751
1768110 748
1768120 746
1768130 744
1768140 741
1768150 739
1768160 736
1768170 734
1768180 731
1768190 728
1768200 726
1768210 724
1768220 722
1768230 720
1768240 718
1768250 715
1768260 713
1768270 711
1768280 709
1768290 707
1768300 705
1768310 703
1768320 701
1768330 699
1768340 696
1768350 695
1768360 693
1768370 691
1768380 689
1768390 687
1768400 685
1768410 683
1768420 681
1768430 679
1768440 676
1768450 673
1768460 670
1768470 667
1768480 665
1768490 663
1768500 661
1768510 660
1768520 658
1768530 656
1768540 653
1768550 650
1768560 648
1768570 647
1768580 646
1768590 645
1768600 645
1768610 644
1768620 643
1768630 642
1768640 641
1768650 640
1768660 639
1768670 638
1768680 637
1768690 635
1768700 634
1768710 633
1768720 631
1768730 630
1768740 628
1768750 627
1768760 625
1768770 623
1768780 622
1768790 621
1768800 619
1768810 617
1768820 616
1768830 616
1768840 617
1768850 619
1768860 622
1768870 626
1768880 629
1768890 632
1768900 635
1768910 639
1768920 642
1768930 646
1768940 650
1768950 653
1768960 657
1768970 660
1768980 662
1768990 665
1769000 667
1769010 670
1769020 672
1769030 675
1769040 678
1769050 681
1769060 684
1769070 687
1769080 690
1769090 693
1769100 695
1769110 698
1769120 701
1769130 703
1769140 706
1769150 709
1769160 712
1769170 714
1769180 717
1769190 720
1769200 722
1769210 725
1769220 727
1769230 730
1769240 733
1769250 736
1769260 739
1769270 742
1769280 745
1769290 748
1769300 752
1769310 758
1769320 759
1769330 759
1769340 760
1769350 760
1769360 761
1769370 762
1769380 763
1769390 764
1769400 766
1769410 766
1769420 767
1769430 766
1769440 766
1769450 765
1769460 764
1769470 763
1769480 761
1769490 759
1769500 757
1769510 754
1769520 752
1769530 750
1769540 747
1769550 745
1769560 742
1769570 740
1769580 738
1769590 736
1769600 734
1769610 731
1769620 729
1769630 726
1769640 723
1769650 719
1769660 716
1769670 712
1769680 709
1769690 706
1769700 704
1769710 701
1769720 699
1769730 697
1769740 695
1769750 692
1769760 689
1769770 686
1769780 682
1769790 679
1769800 675
1769810 672
1769820 668
1769830 664
1769840 660
1769850 656
1769860 652
1769870 648
1769880 644
1769890 639
1769900 635
1769910 631
1769920 626
1769930 622
1769940 618
1769950 613
1769960 609
1769970 606
1769980 604
1769990 605
1770000 606
1770010 609
1770020 614
1770030 619
1770040 625
1770050 630
1770060 635
1770070 640
1770080 644
1770090 647
1770100 650
1770110 654
1770120 657
1770130 661
1770140 664
1770150 668
1770160 671
1770170 674
1770180 678
1770190 683
1770200 687
1770210 691
1770220 696
1770230 700
1770240 704
1770250 709
1770260 713
1770270 716
1770280 720
1770290 722
1770300 723
1770310 723
1770320 721
1770330 718
1770340 715
1770350 712
1770360 709
1770370 706
1770380 702
1770390 698
1770400 695
1770410 691
1770420 687
1770430 683
1770440 679
1770450 675
1770460 672
1770470 669
1770480 666
1770490 663
1770500 661
1770510 660
1770520 659
1770530 658
1770540 657
1770550 656
1770560 655
1770570 654
1770580 653
1770590 651
1770600 650
1770610 648
1770620 646
1770630 644
1770640 643
1770650 642
1770660 641
1770670 640
1770680 640
1770690 639
1770700 639
1770710 639
1770720 640
1770730 641
1770740 644
1770750 647
1770760 649
1770770 651
1770780 652
1770790 652
1770800 651
1770810 652
1770820 653
1770830 654
1770840 655
1770850 656
1770860 657
1770870 659
1770880 660
1770890 663
1770900 666
1770910 668
1770920 672
1770930 675
1770940 678
1770950 682
1770960 685
1770970 689
1770980 691
1770990 693
1771000 694
1771010 696
1771020 697
1771030 698
1771040 700
1771050 701
1771060 703
1771070 706
1771080 708
1771090 711
1771100 714
1771110 717
1771120 720
1771130 723
1771140 725
1771150 728
1771160 731
1771170 734
1771180 737
1771190 739
1771200 741
1771210 743
1771220 744
1771230 746
1771240 747
1771250 747
1771260 748
1771270 749
1771280 752
1771290 755
1771300 758
1771310 760
1771320 763
1771330 767
1771340 770
1771350 773
1771360 777
1771370 781
1771380 784
1771390 788
1771400 792
1771410 796
1771420 800
1771430 805
1771440 809
1771450 813
1771460 818
1771470 822
1771480 826
1771490 830
1771500 835
1771510 839
1771520 843
1771530 847
1771540 852
1771550 857
1771560 861
1771570 865
1771580 870
1771590 875
1771600 879
1771610 884
1771620 888
1771630 893
1771640 897
1771650 902
1771660 906
1771670 910
1771680 914
1771690 918
1771700 921
1771710 924
1771720 926
1771730 926
1771740 925
1771750 924
1771760 922
1771770 920
1771780 918
1771790 915
1771800 912
1771810 909
1771820 906
1771830 902
1771840 899
1771850 897
1771860 894
1771870 891
1771880 889
1771890 886
1771900 884
1771910 882
1771920 879
1771930 877
1771940 875
1771950 874
1771960 872
1771970 870
1771980 869
1771990 867
1772000 866
1772010 865
1772020 864
1772030 863
1772040 863
1772050 863
1772060 863
1772070 863
1772080 864
1772090 865
1772100 865
1772110 867
1772120 869
1772130 872
1772140 875
1772150 878
1772160 881
1772170 884
1772180 886
1772190 889
1772200 892
1772210 895
1772220 898
1772230 901
1772240 904
1772250 907
1772260 909
1772270 912
1772280 915
1772290 918
1772300 921
1772310 925
1772320 928
1772330 931
1772340 934
1772350 937
1772360 940
1772370 943
1772380 947
1772390 950
1772400 953
1772410 957
1772420 960
1772430 963
1772440 966
1772450 970
1772460 973
1772470 976
1772480 979
1772490 981
1772500 984
1772510 987
1772520 990
1772530 993
1772540 995
1772550 998
1772560 1000
1772570 1002
1772580 1003
1772590 1005
1772600 1006
1772610 1007
1772620 1009
1772630 1009
1772640 1010
1772650 1011
1772660 1011
1772670 1012
1772680 1012
1772690 1012
1772700 1013
1772710 1013
1772720 1013
1772730 1013
1772740 1013
1772750 1013
1772760 1013
1772770 1013
1772780 1013
1772790 1013
1772800 1013
1772810 1012
1772820 1011
1772830 1010
1772840 1009
1772850 1008
1772860 1006
1772870 1004
1772880 1003
1772890 1001
1772900 1001
1772910 1000
1772920 999
1772930 998
1772940 997
1772950 995
1772960 994
1772970 992
1772980 991
1772990 989
1773000 987
1773010 985
1773020 983
1773030 981
1773040 979
1773050 977
1773060 976
1773070 975
1773080 973
1773090 971
1773100 970
1773110 968
1773120 966
1773130 964
1773140 963
1773150 961
1773160 959
1773170 958
1773180 956
1773190 955
1773200 953
1773210 952
1773220 950
1773230 948
1773240 947
1773250 945
1773260 943
1773270 941
1773280 939
1773290 938
1773300 936
1773310 935
1773320 933
1773330 931
1773340 929
1773350 927
1773360 926
1773370 924
1773380 923
1773390 921
1773400 919
1773410 918
1773420 916
1773430 915
1773440 913
1773450 912
1773460 910
1773470 908
1773480 906
1773490 904
1773500 903
1773510 901
1773520 899
1773530 898
1773540 896
1773550 894
1773560 893
1773570 891
1773580 889
1773590 888
1773600 886
1773610 884
1773620 883
1773630 881
1773640 880
1773650 878
1773660 876
1773670 874
1773680 873
1773690 871
1773700 869
1773710 868
1773720 866
1773730 863
1773740 861
1773750 859
1773760 857
1773770 855
1773780 852
1773790 850
1773800 847
1773810 845
1773820 842
1773830 840
1773840 837
1773850 835
1773860 832
1773870 830
1773880 827
1773890 825
1773900 822
1773910 819
1773920 817
1773930 814
1773940 811
1773950 808
1773960 804
1773970 801
1773980 797
1773990 793
1774000 789
1774010 786
1774020 783
1774030 780
1774040 778
1774050 775
1774060 772
1774070 769
1774080 767
1774090 764
1774100 762
1774110 760
1774120 758
1774130 755
1774140 753
1774150 751
1774160 749
1774170 748
1774180 746
1774190 744
1774200 741
1774210 739
1774220 737
1774230 735
1774240 733
1774250 731
1774260 730
1774270 728
1774280 727
1774290 725
1774300 723
1774310 721
1774320 719
1774330 717
1774340 715
1774350 713
1774360 711
1774370 709
1774380 707
1774390 705
1774400 703
1774410 701
1774420 699
1774430 697
1774440 695
1774450 692
1774460 690
1774470 688
1774480 685
1774490 683
1774500 680
1774510 678
1774520 677
1774530 676
1774540 676
1774550 676
1774560 676
1774570 677
1774580 677
1774590 678
1774600 678
1774610 679
1774620 679
1774630 680
1774640 681
1774650 683
1774660 685
1774670 686
1774680 687
1774690 688
1774700 690
1774710 691
1774720 693
1774730 694
1774740 696
1774750 698
1774760 700
1774770 702
1774780 705
1774790 706
1774800 707
1774810 709
1774820 710
1774830 712
1774840 713
1774850 714
1774860 715
1774870 716
1774880 715
1774890 714
1774900 713
1774910 712
1774920 711
1774930 711
1774940 710
1774950 710
1774960 710
1774970 709
1774980 707
1774990 707
1775000 705
1775010 704
1775020 702
1775030 700
1775040 698
1775050 695
1775060 692
1775070 689
1775080 687
1775090 683
1775100 679
1775110 675
1775120 669
1775130 662
1775140 655
1775150 648
1775160 641
1775170 634
1775180 626
1775190 619
1775200 613
1775210 608
1775220 604
1775230 601
1775240 598
1775250 596
1775260 594
1775270 592
1775280 588
1775290 585
1775300 582
1775310 581
1775320 580
1775330 580
1775340 578
1775350 577
1775360 575
1775370 573
1775380 571
1775390 570
1775400 569
1775410 568
1775420 568
1775430 568
1775440 568
1775450 566
1775460 565
1775470 562
1775480 559
1775490 555
1775500 551
1775510 551
1775520 553
1775530 555
1775540 557
1775550 558
1775560 559
1775570 559
1775580 558
1775590 558
1775600 558
1775610 559
1775620 560
1775630 561
1775640 561
1775650 560
1775660 558
1775670 557
1775680 555
1775690 552
1775700 550
1775710 548
1775720 546
1775730 545
1775740 544
1775750 543
1775760 543
1775770 543
1775780 542
1775790 542
1775800 542
1775810 542
1775820 542
1775830 541
1775840 541
1775850 542
1775860 542
1775870 543
1775880 544
1775890 544
1775900 544
1775910 544
1775920 544
1775930 544
1775940 544
1775950 544
1775960 543
1775970 543
1775980 544
1775990 544
1776000 545
1776010 545
1776020 546
1776030 548
1776040 549
1776050 551
1776060 553
1776070 556
1776080 558
1776090 560
1776100 562
1776110 564
1776120 565
1776130 567
1776140 569
1776150 570
1776160 572
1776170 574
1776180 575
1776190 577
1776200 579
1776210 581
1776220 582
1776230 584
1776240 586
1776250 587
1776260 589
1776270 590
1776280 592
1776290 593
1776300 594
1776310 595
1776320 596
1776330 597
1776340 597
1776350 597
1776360 597
1776370 597
1776380 597
1776390 596
1776400 596
1776410 595
1776420 595
1776430 595
1776440 596
1776450 597
1776460 598
1776470 599
1776480 600
1776490 600
1776500 600
1776510 599
1776520 598
1776530 597
1776540 596
1776550 596
1776560 596
1776570 595
1776580 595
1776590 596
1776600 597
1776610 600
1776620 602
1776630 605
1776640 608
1776650 611
1776660 614
1776670 617
1776680 620
1776690 623
1776700 626
1776710 628
1776720 631
1776730 634
1776740 637
1776750 640
1776760 643
1776770 646
1776780 649
1776790 653
1776800 656
1776810 659
1776820 661
1776830 664
1776840 665
1776850 667
1776860 668
1776870 669
1776880 670
1776890 671
1776900 672
1776910 673
1776920 673
1776930 674
1776940 675
1776950 676
1776960 677
1776970 678
1776980 679
1776990 680
1777000 681
1777010 683
1777020 686
1777030 688
1777040 690
1777050 692
1777060 695
1777070 697
1777080 699
1777090 700
1777100 702
1777110 704
1777120 706
1777130 708
1777140 711
1777150 712
1777160 714
1777170 716
1777180 717
1777190 718
1777200 719
1777210 720
1777220 721
1777230 722
1777240 722
1777250 723
1777260 723
1777270 724
1777280 724
1777290 725
1777300 725
1777310 725
1777320 724
1777330 723
1777340 722
1777350 720
1777360 719
1777370 718
1777380 718
1777390 718
1777400 718
1777410 719
1777420 719
1777430 719
1777440 719
1777450 719
1777460 720
1777470 720
1777480 720
1777490 720
1777500 720
1777510 720
1777520 720
1777530 720
1777540 720
1777550 721
1777560 721
1777570 721
1777580 722
1777590 722
1777600 722
1777610 722
1777620 723
1777630 723
1777640 723
1777650 724
1777660 724
1777670 724
1777680 724
1777690 723
1777700 723
1777710 722
1777720 722
1777730 721
1777740 720
1777750 719
1777760 717
1777770 716
1777780 716
1777790 716
1777800 717
1777810 718
1777820 720
1777830 721
1777840 723
1777850 724
1777860 725
1777870 726
1777880 727
1777890 728
1777900 729
1777910 730
1777920 731
1777930 732
1777940 734
1777950 735
1777960 736
1777970 737
1777980 739
1777990 740
1778000 741
1778010 742
1778020 743
1778030 744
1778040 745
1778050 746
1778060 747
1778070 748
1778080 749
1778090 750
1778100 751
1778110 752
1778120 752
1778130 753
1778140 754
1778150 755
1778160 756
1778170 757
1778180 758
1778190 760
1778200 761
1778210 763
1778220 765
1778230 767
1778240 768
1778250 770
1778260 771
1778270 772
1778280 773
1778290 774
1778300 774
1778310 773
1778320 772
1778330 771
1778340 770
1778350 769
1778360 767
1778370 765
1778380 763
1778390 763
1778400 766
1778410 769
1778420 771
1778430 773
1778440 776
1778450 777
1778460 779
1778470 780
1778480 782
1778490 784
1778500 786
1778510 788
1778520 790
1778530 793
1778540 794
1778550 796
1778560 796
1778570 797
1778580 798
1778590 798
1778600 799
1778610 799
1778620 800
1778630 801
1778640 801
1778650 802
1778660 803
1778670 804
1778680 804
1778690 805
1778700 806
1778710 806
1778720 807
1778730 807
1778740 808
1778750 808
1778760 808
1778770 809
1778780 809
1778790 809
1778800 809
1778810 809
1778820 810
1778830 810
1778840 810
1778850 810
1778860 809
1778870 809
1778880 809
1778890 809
1778900 809
1778910 809
1778920 809
1778930 810
1778940 810
1778950 810
1778960 810
1778970 811
1778980 811
1778990 810
1779000 810
1779010 809
1779020 808
1779030 807
1779040 806
1779050 804
1779060 803
1779070 801
1779080 800
1779090 799
1779100 798
1779110 798
1779120 798
1779130 799
1779140 800
1779150 801
1779160 803
1779170 804
1779180 804
1779190 805
1779200 805
1779210 804
1779220 803
1779230 802
1779240 802
1779250 801
1779260 800
1779270 799
1779280 798
1779290 797
1779300 797
1779310 796
1779320 796
1779330 795
1779340 795
1779350 795
1779360 794
1779370 793
1779380 793
1779390 792
1779400 790
1779410 789
1779420 788
1779430 788
1779440 787
1779450 786
1779460 785
1779470 784
1779480 783
1779490 783
1779500 782
1779510 782
1779520 781
1779530 781
1779540 780
1779550 779
1779560 779
1779570 778
1779580 777
1779590 776
1779600 775
1779610 774
1779620 773
1779630 772
1779640 771
1779650 769
1779660 768
1779670 766
1779680 765
1779690 764
1779700 762
1779710 761
1779720 760
1779730 759
1779740 757
1779750 756
1779760 755
1779770 754
1779780 753
1779790 752
1779800 751
1779810 750
1779820 749
1779830 748
1779840 747
1779850 746
1779860 745
1779870 745
1779880 744
1779890 743
1779900 743
1779910 742
1779920 742
1779930 741
1779940 740
1779950 740
1779960 739
1779970 738
1779980 737
1779990 737
