1760000 1093
1760010 1091
1760020 1089
1760030 1087
1760040 1085
1760050 1084
1760060 1082
1760070 1080
1760080 1078
1760090 1077
1760100 1076
1760110 1074
1760120 1073
1760130 1072
1760140 1071
1760150 1070
1760160 1069
1760170 1069
1760180 1068
1760190 1068
1760200 1067
1760210 1066
1760220 1065
1760230 1065
1760240 1065
1760250 1064
1760260 1064
1760270 1063
1760280 1062
1760290 1064
1760300 1066
1760310 1069
1760320 1071
1760330 1074
1760340 1077
1760350 1080
1760360 1083
1760370 1086
1760380 1089
1760390 1092
1760400 1095
1760410 1098
1760420 1101
1760430 1104
1760440 1107
1760450 1110
1760460 1113
1760470 1116
1760480 1118
1760490 1121
1760500 1124
1760510 1129
1760520 1131
1760530 1133
1760540 1134
1760550 1136
1760560 1137
1760570 1139
1760580 1141
1760590 1143
1760600 1145
1760610 1147
1760620 1149
1760630 1151
1760640 1153
1760650 1154
1760660 1156
1760670 1157
1760680 1159
1760690 1160
1760700 1162
1760710 1164
1760720 1165
1760730 1167
1760740 1169
1760750 1171
1760760 1172
1760770 1174
1760780 1176
1760790 1178
1760800 1180
1760810 1181
1760820 1184
1760830 1186
1760840 1189
1760850 1192
1760860 1195
1760870 1196
1760880 1196
1760890 1195
1760900 1194
1760910 1193
1760920 1191
1760930 1190
1760940 1189
1760950 1187
1760960 1185
1760970 1183
1760980 1181
1760990 1178
1761000 1175
1761010 1172
1761020 1170
1761030 1167
1761040 1166
1761050 1164
1761060 1162
1761070 1160
1761080 1157
1761090 1155
1761100 1153
1761110 1151
1761120 1149
1761130 1147
1761140 1145
1761150 1143
1761160 1141
1761170 1139
1761180 1137
1761190 1136
1761200 1134
1761210 1132
1761220 1130
1761230 1128
1761240 1126
1761250 1125
1761260 1123
1761270 1121
1761280 1120
1761290 1119
1761300 1118
1761310 1118
1761320 1117
1761330 1117
1761340 1116
1761350 1115
1761360 1114
1761370 1113
1761380 1113
1761390 1112
1761400 1111
1761410 1110
1761420 1109
1761430 1108
1761440 1106
1761450 1105
1761460 1103
1761470 1101
1761480 1100
1761490 1099
1761500 1098
1761510 1097
1761520 1095
1761530 1094
1761540 1093
1761550 1091
1761560 1089
1761570 1087
1761580 1086
1761590 1085
1761600 1083
1761610 1081
1761620 1078
1761630 1076
1761640 1074
1761650 1073
1761660 1071
1761670 1069
1761680 1067
1761690 1065
1761700 1063
1761710 1061
1761720 1059
1761730 1058
1761740 1056
1761750 1055
1761760 1053
1761770 1052
1761780 1050
1761790 1049
1761800 1048
1761810 1046
1761820 1045
1761830 1044
1761840 1042
1761850 1041
1761860 1039
1761870 1038
1761880 1036
1761890 1034
1761900 1033
1761910 1031
1761920 1030
1761930 1029
1761940 1028
1761950 1027
1761960 1025
1761970 1023
1761980 1022
1761990 1020
1762000 1019
1762010 1017
1762020 1016
1762030 1014
1762040 1012
1762050 1010
1762060 1008
1762070 1006
1762080 1004
1762090 1003
1762100 1001
1762110 999
1762120 997
1762130 995
1762140 994
1762150 991
1762160 988
1762170 986
1762180 984
1762190 981
1762200 978
1762210 977
1762220 975
1762230 973
1762240 971
1762250 969
1762260 968
1762270 967
1762280 966
1762290 964
1762300 963
1762310 961
1762320 959
1762330 957
1762340 955
1762350 954
1762360 953
1762370 952
1762380 951
1762390 950
1762400 949
1762410 948
1762420 946
1762430 945
1762440 944
1762450 943
1762460 942
1762470 940
1762480 939
1762490 939
1762500 938
1762510 937
1762520 936
1762530 935
1762540 935
1762550 933
1762560 932
1762570 931
1762580 930
1762590 929
1762600 928
1762610 927
1762620 926
1762630 925
1762640 924
1762650 923
1762660 922
1762670 920
1762680 919
1762690 919
1762700 917
1762710 916
1762720 915
1762730 915
1762740 914
1762750 913
1762760 912
1762770 912
1762780 911
1762790 909
1762800 907
1762810 905
1762820 904
1762830 903
1762840 903
1762850 903
1762860 903
1762870 904
1762880 904
1762890 904
1762900 904
1762910 903
1762920 903
1762930 902
1762940 901
1762950 900
1762960 899
1762970 899
1762980 898
1762990 897
1763000 897
1763010 896
1763020 895
1763030 895
1763040 894
1763050 893
1763060 891
1763070 888
1763080 884
1763090 880
1763100 877
1763110 877
1763120 876
1763130 875
1763140 874
1763150 872
1763160 871
1763170 870
1763180 870
1763190 869
1763200 869
1763210 868
1763220 867
1763230 867
1763240 867
1763250 867
1763260 867
1763270 866
1763280 865
1763290 864
1763300 863
1763310 862
1763320 861
1763330 860
1763340 859
1763350 859
1763360 857
1763370 856
1763380 855
1763390 854
1763400 854
1763410 853
1763420 852
1763430 851
1763440 850
1763450 849
1763460 848
1763470 847
1763480 847
1763490 846
1763500 846
1763510 846
1763520 847
1763530 849
1763540 852
1763550 854
1763560 855
1763570 855
1763580 856
1763590 857
1763600 858
1763610 859
1763620 859
1763630 860
1763640 860
1763650 861
1763660 861
1763670 861
1763680 862
1763690 862
1763700 862
1763710 863
1763720 863
1763730 859
1763740 855
1763750 850
1763760 847
1763770 844
1763780 841
1763790 838
1763800 835
1763810 831
1763820 828
1763830 824
1763840 821
1763850 817
1763860 813
1763870 811
1763880 808
1763890 806
1763900 802
1763910 798
1763920 793
1763930 789
1763940 785
1763950 782
1763960 780
1763970 779
1763980 777
1763990 776
1764000 772
1764010 769
1764020 765
1764030 761
1764040 757
1764050 754
1764060 751
1764070 749
1764080 748
1764090 746
1764100 746
1764110 745
1764120 743
1764130 743
1764140 742
1764150 741
1764160 742
1764170 743
1764180 743
1764190 743
1764200 741
1764210 740
1764220 739
1764230 737
1764240 736
1764250 735
1764260 734
1764270 734
1764280 734
1764290 734
1764300 735
1764310 736
1764320 738
1764330 740
1764340 742
1764350 744
1764360 746
1764370 748
1764380 750
1764390 752
1764400 754
1764410 755
1764420 756
1764430 757
1764440 758
1764450 759
1764460 759
1764470 759
1764480 759
1764490 760
1764500 761
1764510 763
1764520 764
1764530 765
1764540 765
1764550 766
1764560 767
1764570 768
1764580 768
1764590 768
1764600 767
1764610 766
1764620 765
1764630 763
1764640 762
1764650 763
1764660 765
1764670 768
1764680 772
1764690 775
1764700 780
1764710 784
1764720 788
1764730 793
1764740 798
1764750 802
1764760 807
1764770 811
1764780 816
1764790 820
1764800 825
1764810 829
1764820 833
1764830 838
1764840 842
1764850 845
1764860 849
1764870 852
1764880 856
1764890 859
1764900 862
1764910 865
1764920 868
1764930 872
1764940 875
1764950 877
1764960 880
1764970 884
1764980 887
1764990 891
1765000 894
1765010 896
1765020 899
1765030 902
1765040 904
1765050 906
1765060 908
1765070 910
1765080 912
1765090 914
1765100 916
1765110 918
1765120 920
1765130 921
1765140 923
1765150 924
1765160 925
1765170 925
1765180 926
1765190 927
1765200 927
1765210 927
1765220 926
1765230 926
1765240 925
1765250 924
1765260 922
1765270 920
1765280 919
1765290 918
1765300 918
1765310 918
1765320 917
1765330 916
1765340 916
1765350 917
1765360 918
1765370 919
1765380 921
1765390 923
1765400 926
1765410 929
1765420 933
1765430 937
1765440 942
1765450 946
1765460 951
1765470 955
1765480 959
1765490 964
1765500 968
1765510 972
1765520 976
1765530 980
1765540 984
1765550 987
1765560 990
1765570 993
1765580 995
1765590 998
1765600 1000
1765610 1002
1765620 1005
1765630 1007
1765640 1009
1765650 1012
1765660 1014
1765670 1016
1765680 1018
1765690 1020
1765700 1022
1765710 1024
1765720 1026
1765730 1028
1765740 1029
1765750 1031
1765760 1032
1765770 1033
1765780 1034
1765790 1036
1765800 1037
1765810 1038
1765820 1038
1765830 1039
1765840 1039
1765850 1039
1765860 1039
1765870 1039
1765880 1038
1765890 1037
1765900 1036
1765910 1032
1765920 1027
1765930 1022
1765940 1016
1765950 1011
1765960 1006
1765970 1004
1765980 1001
1765990 999
1766000 996
1766010 993
1766020 991
1766030 989
1766040 988
1766050 989
1766060 991
1766070 994
1766080 997
1766090 1000
1766100 1004
1766110 1008
1766120 1012
1766130 1016
1766140 1021
1766150 1025
1766160 1031
1766170 1035
1766180 1040
1766190 1041
1766200 1044
1766210 1048
1766220 1051
1766230 1052
1766240 1053
1766250 1053
1766260 1053
1766270 1054
1766280 1054
1766290 1054
1766300 1056
1766310 1056
1766320 1056
1766330 1054
1766340 1053
1766350 1053
1766360 1052
1766370 1052
1766380 1051
1766390 1050
1766400 1049
1766410 1047
1766420 1046
1766430 1045
1766440 1044
1766450 1042
1766460 1041
1766470 1039
1766480 1037
1766490 1036
1766500 1035
1766510 1034
1766520 1033
1766530 1032
1766540 1030
1766550 1029
1766560 1029
1766570 1028
1766580 1028
1766590 1028
1766600 1027
1766610 1025
1766620 1024
1766630 1023
1766640 1022
1766650 1021
1766660 1019
1766670 1018
1766680 1016
1766690 1014
1766700 1011
1766710 1009
1766720 1007
1766730 1004
1766740 1000
1766750 996
1766760 992
1766770 989
1766780 987
1766790 986
1766800 985
1766810 985
1766820 985
1766830 985
1766840 985
1766850 986
1766860 986
1766870 986
1766880 986
1766890 985
1766900 984
1766910 984
1766920 984
1766930 985
1766940 985
1766950 986
1766960 987
1766970 989
1766980 990
1766990 990
1767000 992
1767010 993
1767020 994
1767030 994
1767040 993
1767050 993
1767060 992
1767070 991
1767080 990
1767090 988
1767100 987
1767110 985
1767120 984
1767130 982
1767140 980
1767150 979
1767160 978
1767170 977
1767180 976
1767190 976
1767200 975
1767210 974
1767220 973
1767230 972
1767240 970
1767250 968
1767260 967
1767270 965
1767280 962
1767290 960
1767300 958
1767310 956
1767320 953
1767330 951
1767340 948
1767350 945
1767360 942
1767370 940
1767380 937
1767390 935
1767400 932
1767410 929
1767420 927
1767430 924
1767440 919
1767450 915
1767460 910
1767470 906
1767480 903
1767490 900
1767500 897
1767510 894
1767520 891
1767530 887
1767540 884
1767550 881
1767560 877
1767570 874
1767580 871
1767590 867
1767600 864
1767610 861
1767620 857
1767630 854
1767640 851
1767650 847
1767660 844
1767670 841
1767680 839
1767690 837
1767700 834
1767710 831
1767720 828
1767730 824
1767740 823
1767750 822
1767760 820
1767770 819
1767780 818
1767790 817
1767800 816
1767810 814
1767820 813
1767830 811
1767840 810
1767850 808
1767860 806
1767870 805
1767880 803
1767890 801
1767900 799
1767910 797
1767920 795
1767930 792
1767940 791
1767950 789
1767960 787
1767970 784
1767980 782
1767990 780
1768000 778
1768010 776
1768020 774
1768030 772
1768040 769
1768050 766
1768060 764
1768070 761
1768080 758
1768090 756
1768100 753
1768110 751
1768120 748
1768130 746
1768140 743
1768150 741
1768160 738
1768170 735
1768180 733
1768190 730
1768200 728
1768210 726
1768220 724
1768230 722
1768240 720
1768250 718
1768260 716
1768270 714
1768280 712
1768290 709
1768300 707
1768310 705
1768320 703
1768330 700
1768340 698
1768350 696
1768360 694
1768370 692
1768380 690
1768390 688
1768400 687
1768410 685
1768420 683
1768430 681
1768440 678
1768450 675
1768460 672
1768470 669
1768480 667
1768490 665
1768500 663
1768510 661
1768520 660
1768530 658
1768540 655
1768550 652
1768560 650
1768570 649
1768580 648
1768590 647
1768600 646
1768610 646
1768620 645
1768630 644
1768640 643
1768650 642
1768660 641
1768670 640
1768680 638
1768690 637
1768700 636
1768710 634
1768720 633
1768730 631
1768740 629
1768750 628
1768760 626
1768770 624
1768780 623
1768790 622
1768800 620
1768810 619
1768820 617
1768830 616
1768840 616
1768850 617
1768860 620
1768870 623
1768880 626
1768890 629
1768900 632
1768910 635
1768920 639
1768930 642
1768940 646
1768950 650
1768960 653
1768970 656
1768980 658
1768990 660
1769000 663
1769010 666
1769020 669
1769030 671
1769040 674
1769050 678
1769060 681
1769070 684
1769080 687
1769090 689
1769100 692
1769110 695
1769120 697
1769130 700
1769140 703
1769150 705
1769160 708
1769170 711
1769180 713
1769190 716
1769200 718
1769210 721
1769220 723
1769230 726
1769240 729
1769250 732
1769260 735
1769270 738
1769280 741
1769290 744
1769300 749
1769310 754
1769320 755
1769330 756
1769340 756
1769350 757
1769360 757
1769370 758
1769380 759
1769390 761
1769400 762
1769410 763
1769420 764
1769430 764
1769440 763
1769450 763
1769460 762
1769470 760
1769480 759
1769490 757
1769500 755
1769510 753
1769520 751
1769530 748
1769540 746
1769550 743
1769560 741
1769570 739
1769580 737
1769590 735
1769600 733
1769610 730
1769620 728
1769630 725
1769640 723
1769650 719
1769660 716
1769670 713
1769680 710
1769690 708
1769700 705
1769710 703
1769720 701
1769730 699
1769740 697
1769750 695
1769760 692
1769770 688
1769780 685
1769790 682
1769800 678
1769810 674
1769820 670
1769830 666
1769840 662
1769850 658
1769860 654
1769870 650
1769880 646
1769890 641
1769900 637
1769910 632
1769920 628
1769930 623
1769940 619
1769950 614
1769960 610
1769970 606
1769980 604
1769990 604
1770000 605
1770010 607
1770020 612
1770030 617
1770040 622
1770050 628
1770060 634
1770070 638
1770080 642
1770090 646
1770100 649
1770110 652
1770120 656
1770130 659
1770140 663
1770150 666
1770160 669
1770170 673
1770180 677
1770190 681
1770200 685
1770210 690
1770220 694
1770230 698
1770240 703
1770250 707
1770260 710
1770270 713
1770280 716
1770290 718
1770300 720
1770310 720
1770320 719
1770330 717
1770340 714
1770350 711
1770360 708
1770370 704
1770380 701
1770390 697
1770400 693
1770410 689
1770420 685
1770430 681
1770440 677
1770450 674
1770460 671
1770470 668
1770480 665
1770490 662
1770500 660
1770510 659
1770520 657
1770530 657
1770540 656
1770550 655
1770560 654
1770570 653
1770580 651
1770590 650
1770600 649
1770610 647
1770620 645
1770630 643
1770640 642
1770650 641
1770660 640
1770670 639
1770680 639
1770690 639
1770700 639
1770710 639
1770720 639
1770730 641
1770740 643
1770750 646
1770760 648
1770770 650
1770780 650
1770790 650
1770800 650
1770810 651
1770820 652
1770830 653
1770840 654
1770850 655
1770860 657
1770870 659
1770880 661
1770890 664
1770900 667
1770910 670
1770920 673
1770930 676
1770940 679
1770950 683
1770960 687
1770970 690
1770980 693
1770990 695
1771000 698
1771010 699
1771020 700
1771030 701
1771040 703
1771050 703
1771060 704
1771070 706
1771080 708
1771090 710
1771100 713
1771110 715
1771120 718
1771130 722
1771140 724
1771150 727
1771160 730
1771170 733
1771180 735
1771190 738
1771200 739
1771210 740
1771220 741
1771230 742
1771240 743
1771250 744
1771260 746
1771270 748
1771280 751
1771290 754
1771300 757
1771310 760
1771320 764
1771330 767
1771340 771
1771350 774
1771360 778
1771370 782
1771380 786
1771390 790
1771400 794
1771410 798
1771420 802
1771430 806
1771440 810
1771450 814
1771460 819
1771470 823
1771480 827
1771490 831
1771500 836
1771510 840
1771520 844
1771530 848
1771540 852
1771550 857
1771560 861
1771570 865
1771580 870
1771590 875
1771600 880
1771610 885
1771620 889
1771630 893
1771640 898
1771650 902
1771660 906
1771670 910
1771680 915
1771690 918
1771700 921
1771710 924
1771720 924
1771730 924
1771740 923
1771750 922
1771760 920
1771770 918
1771780 915
1771790 912
1771800 909
1771810 906
1771820 903
1771830 900
1771840 896
1771850 893
1771860 891
1771870 888
1771880 886
1771890 883
1771900 881
1771910 878
1771920 876
1771930 874
1771940 872
1771950 870
1771960 868
1771970 867
1771980 865
1771990 863
1772000 862
1772010 861
1772020 860
1772030 860
1772040 859
1772050 859
1772060 860
1772070 860
1772080 862
1772090 862
1772100 863
1772110 865
1772120 867
1772130 869
1772140 872
1772150 875
1772160 878
1772170 881
1772180 884
1772190 887
1772200 890
1772210 893
1772220 895
1772230 898
1772240 901
1772250 904
1772260 907
1772270 910
1772280 913
1772290 916
1772300 919
1772310 922
1772320 925
1772330 928
1772340 931
1772350 934
1772360 938
1772370 941
1772380 944
1772390 948
1772400 951
1772410 955
1772420 958
1772430 961
1772440 964
1772450 967
1772460 971
1772470 974
1772480 977
1772490 979
1772500 982
1772510 985
1772520 988
1772530 991
1772540 993
1772550 996
1772560 998
1772570 1000
1772580 1002
1772590 1003
1772600 1004
1772610 1005
1772620 1007
1772630 1007
1772640 1008
1772650 1009
1772660 1009
1772670 1010
1772680 1010
1772690 1010
1772700 1011
1772710 1011
1772720 1011
1772730 1011
1772740 1011
1772750 1011
1772760 1011
1772770 1012
1772780 1012
1772790 1011
1772800 1011
1772810 1011
1772820 1010
1772830 1009
1772840 1008
1772850 1007
1772860 1005
1772870 1004
1772880 1003
1772890 1001
1772900 1000
1772910 1000
1772920 999
1772930 997
1772940 996
1772950 995
1772960 993
1772970 992
1772980 990
1772990 989
1773000 987
1773010 985
1773020 983
1773030 981
1773040 979
1773050 977
1773060 976
1773070 975
1773080 973
1773090 971
1773100 969
1773110 967
1773120 966
1773130 964
1773140 962
1773150 960
1773160 959
1773170 957
1773180 956
1773190 954
1773200 953
1773210 951
1773220 949
1773230 948
1773240 946
1773250 944
1773260 942
1773270 940
1773280 938
1773290 937
1773300 935
1773310 934
1773320 932
1773330 930
1773340 928
1773350 926
1773360 925
1773370 923
1773380 921
1773390 920
1773400 918
1773410 917
1773420 915
1773430 914
1773440 912
1773450 911
1773460 909
1773470 907
1773480 905
1773490 903
1773500 902
1773510 900
1773520 898
1773530 897
1773540 895
1773550 893
1773560 892
1773570 890
1773580 888
1773590 887
1773600 885
1773610 883
1773620 882
1773630 880
1773640 879
1773650 877
1773660 875
1773670 874
1773680 872
1773690 870
1773700 869
1773710 867
1773720 865
1773730 863
1773740 861
1773750 859
1773760 857
1773770 854
1773780 852
1773790 849
1773800 847
1773810 845
1773820 842
1773830 840
1773840 838
1773850 835
1773860 833
1773870 830
1773880 828
1773890 825
1773900 823
1773910 820
1773920 818
1773930 815
1773940 812
1773950 809
1773960 806
1773970 802
1773980 798
1773990 794
1774000 791
1774010 787
1774020 784
1774030 781
1774040 779
1774050 776
1774060 773
1774070 770
1774080 768
1774090 766
1774100 764
1774110 761
1774120 759
1774130 756
1774140 754
1774150 752
1774160 750
1774170 749
1774180 747
1774190 745
1774200 742
1774210 740
1774220 738
1774230 736
1774240 735
1774250 733
1774260 731
1774270 729
1774280 728
1774290 726
1774300 725
1774310 723
1774320 721
1774330 719
1774340 717
1774350 715
1774360 713
1774370 711
1774380 709
1774390 707
1774400 705
1774410 703
1774420 700
1774430 698
1774440 696
1774450 694
1774460 692
1774470 690
1774480 687
1774490 685
1774500 683
1774510 680
1774520 678
1774530 676
1774540 676
1774550 675
1774560 675
1774570 675
1774580 675
1774590 675
1774600 675
1774610 676
1774620 676
1774630 677
1774640 678
1774650 679
1774660 681
1774670 682
1774680 684
1774690 685
1774700 686
1774710 687
1774720 689
1774730 690
1774740 692
1774750 694
1774760 696
1774770 699
1774780 701
1774790 703
1774800 704
1774810 705
1774820 706
1774830 708
1774840 708
1774850 708
1774860 708
1774870 708
1774880 708
1774890 707
1774900 707
1774910 707
1774920 707
1774930 706
1774940 706
1774950 706
1774960 705
1774970 705
1774980 705
1774990 705
1775000 704
1775010 703
1775020 701
1775030 698
1775040 695
1775050 692
1775060 688
1775070 685
1775080 683
1775090 679
1775100 675
1775110 671
1775120 666
1775130 660
1775140 653
1775150 647
1775160 640
1775170 634
1775180 626
1775190 619
1775200 612
1775210 607
1775220 602
1775230 598
1775240 595
1775250 592
1775260 590
1775270 588
1775280 585
1775290 581
1775300 579
1775310 577
1775320 576
1775330 575
1775340 574
1775350 572
1775360 571
1775370 569
1775380 567
1775390 566
1775400 564
1775410 563
1775420 563
1775430 563
1775440 563
1775450 563
1775460 562
1775470 560
1775480 557
1775490 554
1775500 551
1775510 553
1775520 556
1775530 559
1775540 561
1775550 562
1775560 563
1775570 563
1775580 563
1775590 563
1775600 563
1775610 564
1775620 565
1775630 566
1775640 566
1775650 565
1775660 563
1775670 561
1775680 559
1775690 556
1775700 553
1775710 551
1775720 549
1775730 547
1775740 546
1775750 545
1775760 544
1775770 544
1775780 544
1775790 544
1775800 543
1775810 543
1775820 543
1775830 543
1775840 543
1775850 543
1775860 544
1775870 545
1775880 546
1775890 546
1775900 546
1775910 546
1775920 545
1775930 545
1775940 545
1775950 544
1775960 544
1775970 544
1775980 545
1775990 545
1776000 546
1776010 546
1776020 547
1776030 549
1776040 550
1776050 552
1776060 554
1776070 557
1776080 559
1776090 561
1776100 563
1776110 564
1776120 566
1776130 568
1776140 570
1776150 572
1776160 573
1776170 575
1776180 577
1776190 578
1776200 580
1776210 582
1776220 584
1776230 585
1776240 587
1776250 589
1776260 590
1776270 592
1776280 593
1776290 594
1776300 595
1776310 597
1776320 598
1776330 599
1776340 599
1776350 599
1776360 599
1776370 598
1776380 598
1776390 597
1776400 597
1776410 597
1776420 597
1776430 597
1776440 598
1776450 599
1776460 601
1776470 602
1776480 603
1776490 603
1776500 603
1776510 602
1776520 601
1776530 600
1776540 600
1776550 599
1776560 599
1776570 598
1776580 598
1776590 598
1776600 599
1776610 601
1776620 604
1776630 607
1776640 609
1776650 612
1776660 616
1776670 619
1776680 622
1776690 625
1776700 627
1776710 630
1776720 632
1776730 635
1776740 638
1776750 641
1776760 644
1776770 647
1776780 650
1776790 654
1776800 657
1776810 660
1776820 663
1776830 665
1776840 667
1776850 668
1776860 669
1776870 670
1776880 671
1776890 672
1776900 672
1776910 673
1776920 674
1776930 675
1776940 675
1776950 676
1776960 677
1776970 678
1776980 679
1776990 680
1777000 682
1777010 684
1777020 686
1777030 689
1777040 691
1777050 693
1777060 696
1777070 698
1777080 700
1777090 702
1777100 703
1777110 705
1777120 707
1777130 710
1777140 712
1777150 714
1777160 716
1777170 718
1777180 719
1777190 720
1777200 720
1777210 721
1777220 722
1777230 723
1777240 723
1777250 724
1777260 724
1777270 725
1777280 725
1777290 726
1777300 726
1777310 726
1777320 726
1777330 726
1777340 724
1777350 722
1777360 721
1777370 720
1777380 719
1777390 719
1777400 719
1777410 719
1777420 720
1777430 720
1777440 720
1777450 720
1777460 720
1777470 721
1777480 721
1777490 721
1777500 721
1777510 722
1777520 722
1777530 722
1777540 722
1777550 722
1777560 722
1777570 723
1777580 723
1777590 723
1777600 724
1777610 724
1777620 724
1777630 725
1777640 725
1777650 726
1777660 726
1777670 726
1777680 726
1777690 726
1777700 725
1777710 724
1777720 724
1777730 723
1777740 722
1777750 720
1777760 719
1777770 718
1777780 718
1777790 718
1777800 719
1777810 720
1777820 722
1777830 723
1777840 725
1777850 726
1777860 727
1777870 729
1777880 729
1777890 730
1777900 731
1777910 732
1777920 733
1777930 735
1777940 736
1777950 737
1777960 739
1777970 740
1777980 741
1777990 742
1778000 743
1778010 744
1778020 745
1778030 746
1778040 747
1778050 749
1778060 750
1778070 751
1778080 752
1778090 753
1778100 753
1778110 754
1778120 755
1778130 756
1778140 756
1778150 757
1778160 758
1778170 759
1778180 760
1778190 762
1778200 763
1778210 765
1778220 766
1778230 768
1778240 770
1778250 771
1778260 772
1778270 774
1778280 775
1778290 776
1778300 776
1778310 775
1778320 774
1778330 773
1778340 772
1778350 771
1778360 770
1778370 767
1778380 766
1778390 765
1778400 767
1778410 770
1778420 772
1778430 774
1778440 776
1778450 778
1778460 779
1778470 780
1778480 782
1778490 783
1778500 785
1778510 787
1778520 790
1778530 792
1778540 793
1778550 795
1778560 796
1778570 796
1778580 797
1778590 798
1778600 798
1778610 799
1778620 799
1778630 800
1778640 801
1778650 801
1778660 802
1778670 803
1778680 804
1778690 804
1778700 805
1778710 806
1778720 806
1778730 807
1778740 807
1778750 807
1778760 808
1778770 808
1778780 808
1778790 808
1778800 809
1778810 809
1778820 809
1778830 809
1778840 809
1778850 809
1778860 809
1778870 809
1778880 808
1778890 808
1778900 808
1778910 808
1778920 808
1778930 808
1778940 809
1778950 809
1778960 809
1778970 809
1778980 809
1778990 809
1779000 808
1779010 807
1779020 806
1779030 805
1779040 804
1779050 803
1779060 801
1779070 799
1779080 798
1779090 796
1779100 795
1779110 794
1779120 795
1779130 796
1779140 798
1779150 799
1779160 800
1779170 801
1779180 802
1779190 803
1779200 803
1779210 802
1779220 801
1779230 801
1779240 800
1779250 799
1779260 798
1779270 797
1779280 797
1779290 796
1779300 795
1779310 795
1779320 794
1779330 793
1779340 793
1779350 793
1779360 792
1779370 792
1779380 791
1779390 790
1779400 789
1779410 788
1779420 787
1779430 787
1779440 786
1779450 785
1779460 784
1779470 783
1779480 782
1779490 782
1779500 781
1779510 781
1779520 780
1779530 779
1779540 779
1779550 778
1779560 777
1779570 776
1779580 776
1779590 775
1779600 774
1779610 773
1779620 771
1779630 770
1779640 769
1779650 768
1779660 766
1779670 765
1779680 763
1779690 762
1779700 761
1779710 760
1779720 758
1779730 757
1779740 756
1779750 755
1779760 754
1779770 753
1779780 752
1779790 751
1779800 750
1779810 749
1779820 747
1779830 746
1779840 745
1779850 744
1779860 744
1779870 743
1779880 743
1779890 742
1779900 742
1779910 741
1779920 741
1779930 740
1779940 739
1779950 739
1779960 738
1779970 737
1779980 737
1779990 736
