1760000 1128
1760010 1131
1760020 1135
1760030 1138
1760040 1142
1760050 1146
1760060 1150
1760070 1154
1760080 1158
1760090 1162
1760100 1165
1760110 1168
1760120 1170
1760130 1169
1760140 1168
1760150 1166
1760160 1164
1760170 1162
1760180 1159
1760190 1157
1760200 1154
1760210 1152
1760220 1149
1760230 1147
1760240 1145
1760250 1142
1760260 1139
1760270 1136
1760280 1133
1760290 1128
1760300 1124
1760310 1120
1760320 1119
1760330 1119
1760340 1120
1760350 1119
1760360 1118
1760370 1116
1760380 1118
1760390 1122
1760400 1125
1760410 1129
1760420 1132
1760430 1135
1760440 1138
1760450 1140
1760460 1142
1760470 1143
1760480 1143
1760490 1143
1760500 1143
1760510 1143
1760520 1143
1760530 1142
1760540 1142
1760550 1141
1760560 1140
1760570 1140
1760580 1141
1760590 1145
1760600 1149
1760610 1152
1760620 1156
1760630 1160
1760640 1164
1760650 1167
1760660 1170
1760670 1172
1760680 1175
1760690 1178
1760700 1181
1760710 1186
1760720 1192
1760730 1197
1760740 1202
1760750 1207
1760760 1212
1760770 1217
1760780 1222
1760790 1227
1760800 1232
1760810 1237
1760820 1242
1760830 1247
1760840 1251
1760850 1256
1760860 1262
1760870 1267
1760880 1272
1760890 1276
1760900 1281
1760910 1286
1760920 1292
1760930 1297
1760940 1303
1760950 1306
1760960 1309
1760970 1311
1760980 1312
1760990 1313
1761000 1314
1761010 1316
1761020 1317
1761030 1319
1761040 1322
1761050 1324
1761060 1325
1761070 1326
1761080 1326
1761090 1326
1761100 1325
1761110 1323
1761120 1322
1761130 1320
1761140 1318
1761150 1316
1761160 1315
1761170 1313
1761180 1312
1761190 1310
1761200 1308
1761210 1307
1761220 1305
1761230 1303
1761240 1302
1761250 1300
1761260 1299
1761270 1297
1761280 1295
1761290 1293
1761300 1291
1761310 1289
1761320 1287
1761330 1284
1761340 1282
1761350 1279
1761360 1277
1761370 1274
1761380 1271
1761390 1269
1761400 1266
1761410 1264
1761420 1261
1761430 1258
1761440 1255
1761450 1252
1761460 1249
1761470 1246
1761480 1242
1761490 1239
1761500 1236
1761510 1233
1761520 1229
1761530 1226
1761540 1222
1761550 1218
1761560 1214
1761570 1211
1761580 1207
1761590 1203
1761600 1200
1761610 1197
1761620 1195
1761630 1192
1761640 1190
1761650 1188
1761660 1186
1761670 1184
1761680 1182
1761690 1180
1761700 1178
1761710 1177
1761720 1175
1761730 1173
1761740 1171
1761750 1169
1761760 1168
1761770 1167
1761780 1166
1761790 1165
1761800 1164
1761810 1163
1761820 1162
1761830 1160
1761840 1159
1761850 1158
1761860 1156
1761870 1155
1761880 1153
1761890 1152
1761900 1150
1761910 1148
1761920 1147
1761930 1146
1761940 1144
1761950 1143
1761960 1141
1761970 1140
1761980 1139
1761990 1138
1762000 1137
1762010 1136
1762020 1135
1762030 1134
1762040 1133
1762050 1132
1762060 1130
1762070 1129
1762080 1127
1762090 1126
1762100 1124
1762110 1123
1762120 1121
1762130 1120
1762140 1119
1762150 1117
1762160 1116
1762170 1114
1762180 1113
1762190 1112
1762200 1111
1762210 1109
1762220 1108
1762230 1106
1762240 1105
1762250 1104
1762260 1102
1762270 1101
1762280 1099
1762290 1098
1762300 1096
1762310 1094
1762320 1093
1762330 1091
1762340 1090
1762350 1088
1762360 1087
1762370 1086
1762380 1085
1762390 1084
1762400 1082
1762410 1081
1762420 1080
1762430 1079
1762440 1078
1762450 1077
1762460 1076
1762470 1074
1762480 1073
1762490 1071
1762500 1070
1762510 1069
1762520 1068
1762530 1066
1762540 1065
1762550 1064
1762560 1063
1762570 1061
1762580 1059
1762590 1058
1762600 1057
1762610 1056
1762620 1053
1762630 1051
1762640 1048
1762650 1048
1762660 1047
1762670 1045
1762680 1043
1762690 1041
1762700 1039
1762710 1038
1762720 1037
1762730 1035
1762740 1034
1762750 1033
1762760 1031
1762770 1028
1762780 1026
1762790 1024
1762800 1021
1762810 1019
1762820 1017
1762830 1015
1762840 1014
1762850 1013
1762860 1012
1762870 1011
1762880 1010
1762890 1009
1762900 1007
1762910 1006
1762920 1005
1762930 1004
1762940 1003
1762950 1002
1762960 1001
1762970 1000
1762980 998
1762990 997
1763000 996
1763010 994
1763020 993
1763030 991
1763040 990
1763050 988
1763060 987
1763070 985
1763080 983
1763090 981
1763100 978
1763110 976
1763120 973
1763130 970
1763140 967
1763150 963
1763160 959
1763170 956
1763180 952
1763190 949
1763200 945
1763210 941
1763220 938
1763230 934
1763240 930
1763250 926
1763260 923
1763270 920
1763280 917
1763290 913
1763300 910
1763310 907
1763320 905
1763330 902
1763340 899
1763350 896
1763360 893
1763370 890
1763380 888
1763390 885
1763400 883
1763410 882
1763420 880
1763430 878
1763440 876
1763450 874
1763460 873
1763470 871
1763480 869
1763490 868
1763500 866
1763510 864
1763520 862
1763530 860
1763540 858
1763550 856
1763560 854
1763570 853
1763580 851
1763590 849
1763600 846
1763610 843
1763620 839
1763630 837
1763640 836
1763650 835
1763660 833
1763670 830
1763680 827
1763690 824
1763700 822
1763710 819
1763720 815
1763730 812
1763740 808
1763750 805
1763760 802
1763770 801
1763780 799
1763790 798
1763800 796
1763810 794
1763820 791
1763830 788
1763840 784
1763850 781
1763860 778
1763870 775
1763880 772
1763890 769
1763900 767
1763910 765
1763920 764
1763930 762
1763940 760
1763950 758
1763960 757
1763970 755
1763980 754
1763990 753
1764000 752
1764010 751
1764020 751
1764030 750
1764040 749
1764050 748
1764060 747
1764070 747
1764080 745
1764090 744
1764100 743
1764110 742
1764120 741
1764130 740
1764140 739
1764150 738
1764160 737
1764170 736
1764180 736
1764190 735
1764200 735
1764210 735
1764220 735
1764230 736
1764240 736
1764250 737
1764260 737
1764270 738
1764280 739
1764290 739
1764300 740
1764310 741
1764320 742
1764330 742
1764340 743
1764350 744
1764360 744
1764370 745
1764380 745
1764390 745
1764400 746
1764410 746
1764420 746
1764430 746
1764440 747
1764450 747
1764460 747
1764470 747
1764480 747
1764490 747
1764500 747
1764510 747
1764520 747
1764530 747
1764540 747
1764550 747
1764560 747
1764570 747
1764580 747
1764590 747
1764600 747
1764610 747
1764620 747
1764630 747
1764640 747
1764650 747
1764660 747
1764670 747
1764680 747
1764690 747
1764700 747
1764710 747
1764720 746
1764730 746
1764740 745
1764750 744
1764760 744
1764770 743
1764780 742
1764790 740
1764800 739
1764810 737
1764820 735
1764830 733
1764840 731
1764850 728
1764860 724
1764870 720
1764880 716
1764890 711
1764900 707
1764910 702
1764920 699
1764930 697
1764940 697
1764950 698
1764960 701
1764970 703
1764980 707
1764990 710
1765000 714
1765010 717
1765020 721
1765030 725
1765040 728
1765050 732
1765060 736
1765070 740
1765080 743
1765090 747
1765100 751
1765110 753
1765120 756
1765130 759
1765140 761
1765150 764
1765160 766
1765170 768
1765180 770
1765190 772
1765200 773
1765210 775
1765220 777
1765230 779
1765240 781
1765250 783
1765260 785
1765270 786
1765280 787
1765290 788
1765300 788
1765310 789
1765320 789
1765330 790
1765340 789
1765350 789
1765360 788
1765370 787
1765380 786
1765390 784
1765400 782
1765410 780
1765420 778
1765430 775
1765440 771
1765450 766
1765460 761
1765470 756
1765480 752
1765490 748
1765500 745
1765510 742
1765520 740
1765530 740
1765540 740
1765550 741
1765560 742
1765570 743
1765580 744
1765590 745
1765600 745
1765610 746
1765620 745
1765630 745
1765640 743
1765650 742
1765660 740
1765670 738
1765680 736
1765690 734
1765700 732
1765710 730
1765720 728
1765730 726
1765740 724
1765750 721
1765760 719
1765770 716
1765780 714
1765790 711
1765800 709
1765810 706
1765820 704
1765830 701
1765840 700
1765850 699
1765860 697
1765870 696
1765880 695
1765890 694
1765900 692
1765910 690
1765920 689
1765930 687
1765940 686
1765950 685
1765960 682
1765970 681
1765980 679
1765990 678
1766000 678
1766010 677
1766020 677
1766030 676
1766040 676
1766050 676
1766060 675
1766070 675
1766080 675
1766090 674
1766100 674
1766110 673
1766120 673
1766130 672
1766140 671
1766150 670
1766160 669
1766170 669
1766180 669
1766190 669
1766200 669
1766210 669
1766220 670
1766230 669
1766240 668
1766250 666
1766260 664
1766270 663
1766280 663
1766290 663
1766300 662
1766310 662
1766320 661
1766330 660
1766340 660
1766350 659
1766360 659
1766370 659
1766380 659
1766390 659
1766400 659
1766410 658
1766420 657
1766430 656
1766440 656
1766450 655
1766460 654
1766470 653
1766480 653
1766490 653
1766500 654
1766510 653
1766520 653
1766530 653
1766540 652
1766550 652
1766560 652
1766570 651
1766580 651
1766590 651
1766600 651
1766610 651
1766620 651
1766630 650
1766640 650
1766650 650
1766660 649
1766670 649
1766680 648
1766690 648
1766700 648
1766710 648
1766720 648
1766730 648
1766740 647
1766750 647
1766760 647
1766770 647
1766780 647
1766790 647
1766800 647
1766810 646
1766820 646
1766830 647
1766840 647
1766850 647
1766860 647
1766870 646
1766880 645
1766890 645
1766900 645
1766910 644
1766920 644
1766930 644
1766940 644
1766950 644
1766960 644
1766970 644
1766980 644
1766990 644
1767000 644
1767010 644
1767020 643
1767030 644
1767040 644
1767050 643
1767060 643
1767070 643
1767080 643
1767090 643
1767100 643
1767110 643
1767120 644
1767130 644
1767140 645
1767150 645
1767160 647
1767170 648
1767180 651
1767190 653
1767200 655
1767210 657
1767220 658
1767230 659
1767240 660
1767250 661
1767260 662
1767270 663
1767280 665
1767290 666
1767300 667
1767310 668
1767320 669
1767330 670
1767340 669
1767350 668
1767360 666
1767370 663
1767380 660
1767390 658
1767400 656
1767410 654
1767420 655
1767430 656
1767440 659
1767450 662
1767460 666
1767470 670
1767480 674
1767490 678
1767500 682
1767510 685
1767520 688
1767530 690
1767540 692
1767550 694
1767560 696
1767570 698
1767580 700
1767590 701
1767600 702
1767610 703
1767620 704
1767630 705
1767640 706
1767650 706
1767660 707
1767670 707
1767680 707
1767690 707
1767700 706
1767710 704
1767720 700
1767730 696
1767740 692
1767750 688
1767760 684
1767770 680
1767780 676
1767790 672
1767800 669
1767810 667
1767820 666
1767830 666
1767840 666
1767850 665
1767860 665
1767870 666
1767880 668
1767890 671
1767900 674
1767910 678
1767920 681
1767930 685
1767940 689
1767950 693
1767960 697
1767970 701
1767980 705
1767990 709
1768000 713
1768010 717
1768020 721
1768030 725
1768040 729
1768050 733
1768060 737
1768070 741
1768080 745
1768090 749
1768100 753
1768110 757
1768120 761
1768130 765
1768140 769
1768150 773
1768160 777
1768170 781
1768180 785
1768190 789
1768200 793
1768210 797
1768220 801
1768230 806
1768240 810
1768250 814
1768260 818
1768270 822
1768280 826
1768290 830
1768300 834
1768310 838
1768320 841
1768330 845
1768340 847
1768350 849
1768360 850
1768370 850
1768380 850
1768390 850
1768400 850
1768410 850
1768420 850
1768430 849
1768440 848
1768450 846
1768460 843
1768470 840
1768480 837
1768490 834
1768500 831
1768510 828
1768520 825
1768530 821
1768540 818
1768550 815
1768560 812
1768570 808
1768580 805
1768590 801
1768600 797
1768610 793
1768620 790
1768630 786
1768640 783
1768650 779
1768660 776
1768670 773
1768680 769
1768690 766
1768700 763
1768710 760
1768720 757
1768730 753
1768740 750
1768750 745
1768760 741
1768770 737
1768780 733
1768790 730
1768800 727
1768810 725
1768820 723
1768830 721
1768840 720
1768850 719
1768860 718
1768870 717
1768880 715
1768890 714
1768900 713
1768910 711
1768920 708
1768930 706
1768940 704
1768950 702
1768960 700
1768970 698
1768980 697
1768990 695
1769000 693
1769010 691
1769020 689
1769030 687
1769040 686
1769050 683
1769060 681
1769070 679
1769080 677
1769090 675
1769100 673
1769110 671
1769120 669
1769130 667
1769140 665
1769150 664
1769160 663
1769170 662
1769180 659
1769190 656
1769200 653
1769210 649
1769220 645
1769230 641
1769240 636
1769250 632
1769260 629
1769270 628
1769280 628
1769290 628
1769300 631
1769310 634
1769320 637
1769330 641
1769340 644
1769350 648
1769360 651
1769370 654
1769380 657
1769390 660
1769400 663
1769410 667
1769420 671
1769430 674
1769440 678
1769450 682
1769460 686
1769470 690
1769480 694
1769490 697
1769500 701
1769510 705
1769520 709
1769530 713
1769540 717
1769550 721
1769560 725
1769570 729
1769580 732
1769590 736
1769600 740
1769610 744
1769620 748
1769630 752
1769640 755
1769650 758
1769660 760
1769670 760
1769680 758
1769690 755
1769700 752
1769710 749
1769720 746
1769730 742
1769740 738
1769750 733
1769760 729
1769770 724
1769780 720
1769790 715
1769800 711
1769810 707
1769820 702
1769830 698
1769840 694
1769850 690
1769860 686
1769870 682
1769880 677
1769890 673
1769900 669
1769910 665
1769920 660
1769930 656
1769940 652
1769950 648
1769960 644
1769970 640
1769980 636
1769990 632
1770000 629
1770010 627
1770020 626
1770030 626
1770040 626
1770050 627
1770060 630
1770070 633
1770080 636
1770090 639
1770100 640
1770110 641
1770120 639
1770130 638
1770140 636
1770150 635
1770160 634
1770170 633
1770180 633
1770190 633
1770200 633
1770210 633
1770220 633
1770230 634
1770240 634
1770250 634
1770260 634
1770270 633
1770280 633
1770290 632
1770300 632
1770310 631
1770320 631
1770330 632
1770340 631
1770350 631
1770360 631
1770370 631
1770380 631
1770390 631
1770400 631
1770410 632
1770420 632
1770430 632
1770440 632
1770450 633
1770460 633
1770470 633
1770480 633
1770490 634
1770500 634
1770510 634
1770520 635
1770530 636
1770540 638
1770550 639
1770560 640
1770570 640
1770580 640
1770590 639
1770600 638
1770610 638
1770620 638
1770630 638
1770640 639
1770650 640
1770660 641
1770670 643
1770680 644
1770690 645
1770700 646
1770710 647
1770720 647
1770730 648
1770740 650
1770750 651
1770760 651
1770770 650
1770780 649
1770790 648
1770800 647
1770810 646
1770820 645
1770830 645
1770840 646
1770850 646
1770860 647
1770870 647
1770880 649
1770890 650
1770900 651
1770910 652
1770920 654
1770930 655
1770940 657
1770950 659
1770960 661
1770970 663
1770980 665
1770990 668
1771000 670
1771010 673
1771020 677
1771030 680
1771040 684
1771050 687
1771060 690
1771070 693
1771080 696
1771090 699
1771100 701
1771110 704
1771120 706
1771130 708
1771140 710
1771150 712
1771160 713
1771170 714
1771180 716
1771190 718
1771200 721
1771210 724
1771220 728
1771230 731
1771240 735
1771250 737
1771260 737
1771270 734
1771280 730
1771290 727
1771300 725
1771310 724
1771320 725
1771330 726
1771340 727
1771350 728
1771360 731
1771370 733
1771380 734
1771390 736
1771400 737
1771410 739
1771420 742
1771430 744
1771440 747
1771450 750
1771460 753
1771470 756
1771480 758
1771490 761
1771500 764
1771510 767
1771520 770
1771530 773
1771540 777
1771550 780
1771560 784
1771570 788
1771580 792
1771590 795
1771600 799
1771610 803
1771620 807
1771630 810
1771640 814
1771650 817
1771660 821
1771670 824
1771680 827
1771690 831
1771700 834
1771710 837
1771720 840
1771730 842
1771740 844
1771750 845
1771760 845
1771770 846
1771780 847
1771790 849
1771800 852
1771810 854
1771820 858
1771830 862
1771840 866
1771850 870
1771860 874
1771870 878
1771880 881
1771890 885
1771900 889
1771910 892
1771920 896
1771930 899
1771940 902
1771950 905
1771960 907
1771970 909
1771980 910
1771990 911
1772000 912
1772010 912
1772020 912
1772030 911
1772040 910
1772050 909
1772060 908
1772070 908
1772080 909
1772090 912
1772100 915
1772110 919
1772120 922
1772130 925
1772140 928
1772150 931
1772160 933
1772170 935
1772180 937
1772190 939
1772200 940
1772210 942
1772220 944
1772230 946
1772240 947
1772250 949
1772260 951
1772270 953
1772280 954
1772290 956
1772300 957
1772310 958
1772320 958
1772330 959
1772340 959
1772350 958
1772360 958
1772370 957
1772380 956
1772390 955
1772400 954
1772410 954
1772420 955
1772430 956
1772440 957
1772450 959
1772460 961
1772470 962
1772480 964
1772490 966
1772500 968
1772510 969
1772520 971
1772530 972
1772540 973
1772550 974
1772560 975
1772570 976
1772580 977
1772590 977
1772600 978
1772610 978
1772620 977
1772630 977
1772640 976
1772650 975
1772660 975
1772670 974
1772680 973
1772690 972
1772700 972
1772710 972
1772720 971
1772730 971
1772740 970
1772750 969
1772760 969
1772770 969
1772780 969
1772790 968
1772800 968
1772810 968
1772820 967
1772830 967
1772840 967
1772850 966
1772860 966
1772870 965
1772880 964
1772890 964
1772900 963
1772910 962
1772920 961
1772930 960
1772940 959
1772950 958
1772960 956
1772970 955
1772980 953
1772990 952
1773000 951
1773010 949
1773020 948
1773030 946
1773040 945
1773050 944
1773060 942
1773070 941
1773080 939
1773090 938
1773100 937
1773110 935
1773120 934
1773130 932
1773140 931
1773150 930
1773160 929
1773170 928
1773180 926
1773190 925
1773200 924
1773210 923
1773220 922
1773230 920
1773240 919
1773250 918
1773260 916
1773270 915
1773280 913
1773290 912
1773300 911
1773310 910
1773320 909
1773330 908
1773340 907
1773350 907
1773360 906
1773370 906
1773380 905
1773390 905
1773400 904
1773410 904
1773420 903
1773430 902
1773440 900
1773450 898
1773460 897
1773470 896
1773480 895
1773490 894
1773500 894
1773510 893
1773520 893
1773530 893
1773540 894
1773550 893
1773560 892
1773570 892
1773580 891
1773590 890
1773600 887
1773610 885
1773620 883
1773630 882
1773640 880
1773650 878
1773660 877
1773670 875
1773680 872
1773690 869
1773700 866
1773710 864
1773720 862
1773730 858
1773740 854
1773750 850
1773760 846
1773770 841
1773780 836
1773790 831
1773800 826
1773810 822
1773820 817
1773830 813
1773840 810
1773850 808
1773860 809
1773870 811
1773880 814
1773890 819
1773900 823
1773910 825
1773920 827
1773930 828
1773940 830
1773950 832
1773960 834
1773970 836
1773980 839
1773990 842
1774000 846
1774010 848
1774020 849
1774030 851
1774040 853
1774050 855
1774060 858
1774070 860
1774080 863
1774090 864
1774100 865
1774110 866
1774120 866
1774130 866
1774140 866
1774150 865
1774160 864
1774170 862
1774180 859
1774190 854
1774200 850
1774210 845
1774220 841
1774230 837
1774240 833
1774250 829
1774260 826
1774270 823
1774280 820
1774290 817
1774300 815
1774310 812
1774320 810
1774330 808
1774340 807
1774350 806
1774360 806
1774370 806
1774380 807
1774390 807
1774400 809
1774410 811
1774420 813
1774430 815
1774440 816
1774450 817
1774460 819
1774470 820
1774480 821
1774490 821
1774500 821
1774510 822
1774520 823
1774530 823
1774540 823
1774550 825
1774560 827
1774570 829
1774580 830
1774590 832
1774600 833
1774610 836
1774620 838
1774630 840
1774640 841
1774650 843
1774660 845
1774670 847
1774680 848
1774690 850
1774700 852
1774710 853
1774720 854
1774730 855
1774740 856
1774750 857
1774760 856
1774770 855
1774780 854
1774790 852
1774800 850
1774810 847
1774820 844
1774830 841
1774840 837
1774850 834
1774860 831
1774870 828
1774880 825
1774890 822
1774900 820
1774910 818
1774920 817
1774930 815
1774940 814
1774950 814
1774960 813
1774970 812
1774980 812
1774990 811
1775000 810
1775010 809
1775020 808
1775030 807
1775040 807
1775050 806
1775060 805
1775070 804
1775080 804
1775090 803
1775100 803
1775110 803
1775120 802
1775130 802
1775140 801
1775150 801
1775160 800
1775170 799
1775180 798
1775190 797
1775200 796
1775210 795
1775220 793
1775230 792
1775240 790
1775250 789
1775260 787
1775270 785
1775280 782
1775290 780
1775300 778
1775310 776
1775320 774
1775330 772
1775340 770
1775350 768
1775360 767
1775370 766
1775380 764
1775390 763
1775400 761
1775410 760
1775420 758
1775430 756
1775440 754
1775450 752
1775460 749
1775470 747
1775480 744
1775490 740
1775500 737
1775510 734
1775520 730
1775530 727
1775540 724
1775550 721
1775560 718
1775570 717
1775580 716
1775590 717
1775600 717
1775610 717
1775620 717
1775630 716
1775640 716
1775650 716
1775660 716
1775670 717
1775680 717
1775690 717
1775700 716
1775710 715
1775720 714
1775730 714
1775740 713
1775750 712
1775760 711
1775770 710
1775780 708
1775790 707
1775800 705
1775810 702
1775820 700
1775830 696
1775840 692
1775850 687
1775860 682
1775870 678
1775880 674
1775890 669
1775900 665
1775910 660
1775920 656
1775930 651
1775940 648
1775950 644
1775960 642
1775970 640
1775980 637
1775990 635
1776000 633
1776010 631
1776020 628
1776030 624
1776040 620
1776050 617
1776060 615
1776070 613
1776080 611
1776090 610
1776100 609
1776110 608
1776120 607
1776130 605
1776140 603
1776150 602
1776160 601
1776170 599
1776180 598
1776190 597
1776200 595
1776210 594
1776220 592
1776230 590
1776240 588
1776250 586
1776260 584
1776270 582
1776280 581
1776290 579
1776300 577
1776310 576
1776320 574
1776330 573
1776340 572
1776350 571
1776360 570
1776370 568
1776380 567
1776390 565
1776400 564
1776410 563
1776420 562
1776430 562
1776440 561
1776450 559
1776460 558
1776470 557
1776480 556
1776490 554
1776500 553
1776510 552
1776520 550
1776530 549
1776540 547
1776550 546
1776560 544
1776570 543
1776580 542
1776590 540
1776600 539
1776610 538
1776620 537
1776630 535
1776640 534
1776650 533
1776660 532
1776670 532
1776680 530
1776690 529
1776700 528
1776710 528
1776720 527
1776730 526
1776740 525
1776750 525
1776760 524
1776770 523
1776780 521
1776790 517
1776800 513
1776810 511
1776820 510
1776830 510
1776840 510
1776850 512
1776860 514
1776870 515
1776880 515
1776890 513
1776900 510
1776910 508
1776920 505
1776930 503
1776940 501
1776950 501
1776960 500
1776970 500
1776980 500
1776990 500
1777000 499
1777010 499
1777020 499
1777030 499
1777040 499
1777050 499
1777060 498
1777070 498
1777080 499
1777090 499
1777100 500
1777110 502
1777120 503
1777130 505
1777140 507
1777150 509
1777160 510
1777170 512
1777180 513
1777190 515
1777200 516
1777210 517
1777220 519
1777230 520
1777240 522
1777250 523
1777260 525
1777270 526
1777280 527
1777290 527
1777300 527
1777310 528
1777320 527
1777330 527
1777340 526
1777350 525
1777360 524
1777370 523
1777380 523
1777390 522
1777400 521
1777410 521
1777420 521
1777430 521
1777440 521
1777450 521
1777460 521
1777470 521
1777480 521
1777490 521
1777500 522
1777510 522
1777520 523
1777530 523
1777540 524
1777550 525
1777560 526
1777570 527
1777580 528
1777590 528
1777600 528
1777610 528
1777620 529
1777630 530
1777640 531
1777650 533
1777660 534
1777670 536
1777680 537
1777690 539
1777700 540
1777710 542
1777720 543
1777730 545
1777740 546
1777750 548
1777760 549
1777770 551
1777780 552
1777790 554
1777800 555
1777810 557
1777820 560
1777830 561
1777840 563
1777850 565
1777860 567
1777870 570
1777880 573
1777890 576
1777900 579
1777910 582
1777920 584
1777930 587
1777940 589
1777950 592
1777960 594
1777970 596
1777980 598
1777990 600
1778000 602
1778010 605
1778020 607
1778030 609
1778040 611
1778050 614
1778060 617
1778070 619
1778080 622
1778090 625
1778100 628
1778110 631
1778120 633
1778130 638
1778140 641
1778150 645
1778160 648
1778170 652
1778180 655
1778190 659
1778200 662
1778210 666
1778220 669
1778230 673
1778240 676
1778250 679
1778260 683
1778270 686
1778280 689
1778290 692
1778300 695
1778310 699
1778320 702
1778330 706
1778340 709
1778350 712
1778360 716
1778370 719
1778380 722
1778390 725
1778400 729
1778410 732
1778420 735
1778430 739
1778440 742
1778450 745
1778460 748
1778470 750
1778480 753
1778490 756
1778500 759
1778510 762
1778520 765
1778530 768
1778540 771
1778550 774
1778560 777
1778570 781
1778580 784
1778590 787
1778600 790
1778610 792
1778620 795
1778630 797
1778640 799
1778650 802
1778660 804
1778670 805
1778680 807
1778690 808
1778700 809
1778710 811
1778720 812
1778730 813
1778740 814
1778750 815
1778760 816
1778770 817
1778780 818
1778790 819
1778800 820
1778810 821
1778820 823
1778830 824
1778840 825
1778850 827
1778860 828
1778870 830
1778880 831
1778890 833
1778900 834
1778910 836
1778920 837
1778930 838
1778940 839
1778950 840
1778960 841
1778970 842
1778980 843
1778990 843
1779000 844
1779010 844
1779020 845
1779030 846
1779040 847
1779050 847
1779060 848
1779070 849
1779080 850
1779090 851
1779100 851
1779110 852
1779120 853
1779130 854
1779140 854
1779150 855
1779160 856
1779170 857
1779180 858
1779190 859
1779200 859
1779210 860
1779220 860
1779230 860
1779240 861
1779250 861
1779260 861
1779270 862
1779280 862
1779290 863
1779300 863
1779310 864
1779320 864
1779330 865
1779340 865
1779350 866
1779360 866
1779370 866
1779380 866
1779390 866
1779400 865
1779410 864
1779420 863
1779430 862
1779440 859
1779450 856
1779460 853
1779470 849
1779480 845
1779490 841
1779500 837
1779510 834
1779520 831
1779530 827
1779540 824
1779550 821
1779560 818
1779570 815
1779580 812
1779590 810
1779600 808
1779610 805
1779620 803
1779630 800
1779640 798
1779650 796
1779660 794
1779670 792
1779680 790
1779690 788
1779700 787
1779710 785
1779720 783
1779730 781
1779740 780
1779750 779
1779760 778
1779770 777
1779780 776
1779790 774
1779800 773
1779810 772
1779820 772
1779830 771
1779840 769
1779850 768
1779860 767
1779870 767
1779880 766
1779890 765
1779900 764
1779910 763
1779920 763
1779930 762
1779940 761
1779950 759
1779960 758
1779970 757
1779980 756
1779990 755
