1760000 898
1760010 896
1760020 894
1760030 894
1760040 894
1760050 893
1760060 892
1760070 891
1760080 889
1760090 889
1760100 888
1760110 887
1760120 886
1760130 884
1760140 884
1760150 886
1760160 893
1760170 901
1760180 908
1760190 914
1760200 919
1760210 924
1760220 929
1760230 934
1760240 940
1760250 945
1760260 950
1760270 955
1760280 960
1760290 965
1760300 970
1760310 976
1760320 981
1760330 986
1760340 990
1760350 995
1760360 999
1760370 1004
1760380 1009
1760390 1014
1760400 1019
1760410 1025
1760420 1030
1760430 1035
1760440 1041
1760450 1048
1760460 1052
1760470 1057
1760480 1062
1760490 1067
1760500 1072
1760510 1077
1760520 1083
1760530 1088
1760540 1092
1760550 1091
1760560 1090
1760570 1088
1760580 1086
1760590 1084
1760600 1081
1760610 1079
1760620 1076
1760630 1074
1760640 1071
1760650 1069
1760660 1066
1760670 1063
1760680 1061
1760690 1059
1760700 1057
1760710 1054
1760720 1051
1760730 1049
1760740 1046
1760750 1045
1760760 1043
1760770 1040
1760780 1038
1760790 1035
1760800 1033
1760810 1031
1760820 1030
1760830 1031
1760840 1033
1760850 1033
1760860 1035
1760870 1038
1760880 1042
1760890 1045
1760900 1049
1760910 1055
1760920 1061
1760930 1066
1760940 1071
1760950 1076
1760960 1081
1760970 1086
1760980 1091
1760990 1096
1761000 1100
1761010 1105
1761020 1110
1761030 1115
1761040 1119
1761050 1123
1761060 1127
1761070 1130
1761080 1133
1761090 1135
1761100 1137
1761110 1138
1761120 1140
1761130 1141
1761140 1142
1761150 1143
1761160 1145
1761170 1146
1761180 1148
1761190 1149
1761200 1151
1761210 1153
1761220 1155
1761230 1157
1761240 1160
1761250 1163
1761260 1166
1761270 1169
1761280 1174
1761290 1178
1761300 1183
1761310 1187
1761320 1192
1761330 1197
1761340 1201
1761350 1206
1761360 1210
1761370 1214
1761380 1219
1761390 1223
1761400 1227
1761410 1232
1761420 1236
1761430 1240
1761440 1244
1761450 1247
1761460 1251
1761470 1254
1761480 1256
1761490 1257
1761500 1257
1761510 1256
1761520 1254
1761530 1253
1761540 1251
1761550 1249
1761560 1247
1761570 1245
1761580 1243
1761590 1241
1761600 1238
1761610 1236
1761620 1234
1761630 1233
1761640 1231
1761650 1230
1761660 1229
1761670 1227
1761680 1226
1761690 1224
1761700 1222
1761710 1221
1761720 1219
1761730 1218
1761740 1217
1761750 1216
1761760 1215
1761770 1214
1761780 1213
1761790 1211
1761800 1210
1761810 1208
1761820 1207
1761830 1206
1761840 1204
1761850 1202
1761860 1201
1761870 1199
1761880 1198
1761890 1197
1761900 1195
1761910 1193
1761920 1192
1761930 1190
1761940 1188
1761950 1186
1761960 1185
1761970 1183
1761980 1181
1761990 1180
1762000 1179
1762010 1177
1762020 1175
1762030 1173
1762040 1172
1762050 1170
1762060 1168
1762070 1167
1762080 1165
1762090 1164
1762100 1163
1762110 1161
1762120 1160
1762130 1159
1762140 1157
1762150 1156
1762160 1155
1762170 1153
1762180 1152
1762190 1150
1762200 1148
1762210 1147
1762220 1145
1762230 1144
1762240 1143
1762250 1141
1762260 1140
1762270 1139
1762280 1138
1762290 1136
1762300 1135
1762310 1134
1762320 1132
1762330 1131
1762340 1130
1762350 1129
1762360 1128
1762370 1128
1762380 1127
1762390 1126
1762400 1125
1762410 1124
1762420 1122
1762430 1121
1762440 1120
1762450 1119
1762460 1118
1762470 1117
1762480 1116
1762490 1115
1762500 1114
1762510 1113
1762520 1112
1762530 1111
1762540 1110
1762550 1108
1762560 1107
1762570 1106
1762580 1105
1762590 1103
1762600 1102
1762610 1100
1762620 1099
1762630 1097
1762640 1096
1762650 1095
1762660 1093
1762670 1092
1762680 1090
1762690 1088
1762700 1086
1762710 1083
1762720 1081
1762730 1078
1762740 1075
1762750 1073
1762760 1071
1762770 1069
1762780 1067
1762790 1065
1762800 1062
1762810 1060
1762820 1057
1762830 1054
1762840 1052
1762850 1050
1762860 1047
1762870 1045
1762880 1042
1762890 1039
1762900 1036
1762910 1033
1762920 1029
1762930 1025
1762940 1021
1762950 1017
1762960 1013
1762970 1010
1762980 1006
1762990 1003
1763000 999
1763010 996
1763020 992
1763030 988
1763040 984
1763050 980
1763060 976
1763070 972
1763080 967
1763090 963
1763100 959
1763110 955
1763120 951
1763130 948
1763140 944
1763150 940
1763160 936
1763170 932
1763180 928
1763190 925
1763200 923
1763210 922
1763220 921
1763230 920
1763240 919
1763250 917
1763260 916
1763270 914
1763280 912
1763290 910
1763300 908
1763310 905
1763320 903
1763330 900
1763340 897
1763350 895
1763360 892
1763370 889
1763380 888
1763390 886
1763400 884
1763410 882
1763420 878
1763430 875
1763440 874
1763450 874
1763460 874
1763470 874
1763480 875
1763490 875
1763500 874
1763510 874
1763520 874
1763530 874
1763540 874
1763550 874
1763560 874
1763570 873
1763580 873
1763590 873
1763600 873
1763610 873
1763620 872
1763630 871
1763640 868
1763650 866
1763660 863
1763670 860
1763680 857
1763690 854
1763700 850
1763710 847
1763720 843
1763730 839
1763740 835
1763750 831
1763760 828
1763770 825
1763780 823
1763790 821
1763800 820
1763810 819
1763820 819
1763830 819
1763840 818
1763850 818
1763860 816
1763870 815
1763880 814
1763890 813
1763900 814
1763910 814
1763920 814
1763930 814
1763940 814
1763950 816
1763960 818
1763970 821
1763980 823
1763990 825
1764000 827
1764010 829
1764020 829
1764030 829
1764040 829
1764050 828
1764060 828
1764070 828
1764080 828
1764090 828
1764100 829
1764110 831
1764120 833
1764130 835
1764140 837
1764150 838
1764160 839
1764170 840
1764180 841
1764190 841
1764200 841
1764210 842
1764220 842
1764230 842
1764240 842
1764250 842
1764260 841
1764270 840
1764280 839
1764290 838
1764300 839
1764310 838
1764320 839
1764330 840
1764340 843
1764350 847
1764360 850
1764370 853
1764380 855
1764390 858
1764400 861
1764410 864
1764420 867
1764430 870
1764440 872
1764450 875
1764460 877
1764470 879
1764480 880
1764490 882
1764500 882
1764510 883
1764520 883
1764530 883
1764540 883
1764550 882
1764560 882
1764570 882
1764580 882
1764590 881
1764600 880
1764610 879
1764620 879
1764630 878
1764640 877
1764650 875
1764660 874
1764670 873
1764680 871
1764690 870
1764700 868
1764710 867
1764720 866
1764730 864
1764740 862
1764750 861
1764760 859
1764770 857
1764780 856
1764790 854
1764800 852
1764810 850
1764820 848
1764830 847
1764840 845
1764850 844
1764860 843
1764870 841
1764880 840
1764890 839
1764900 838
1764910 837
1764920 835
1764930 834
1764940 833
1764950 831
1764960 830
1764970 829
1764980 827
1764990 825
1765000 822
1765010 818
1765020 815
1765030 811
1765040 807
1765050 804
1765060 800
1765070 797
1765080 795
1765090 793
1765100 790
1765110 788
1765120 787
1765130 787
1765140 789
1765150 791
1765160 793
1765170 795
1765180 797
1765190 798
1765200 799
1765210 800
1765220 800
1765230 801
1765240 803
1765250 806
1765260 810
1765270 813
1765280 817
1765290 821
1765300 825
1765310 829
1765320 833
1765330 837
1765340 841
1765350 845
1765360 850
1765370 854
1765380 858
1765390 862
1765400 867
1765410 871
1765420 875
1765430 879
1765440 883
1765450 887
1765460 891
1765470 894
1765480 898
1765490 902
1765500 906
1765510 909
1765520 913
1765530 916
1765540 919
1765550 922
1765560 924
1765570 926
1765580 928
1765590 931
1765600 934
1765610 937
1765620 939
1765630 941
1765640 943
1765650 945
1765660 946
1765670 946
1765680 945
1765690 945
1765700 944
1765710 943
1765720 941
1765730 940
1765740 939
1765750 937
1765760 935
1765770 934
1765780 932
1765790 930
1765800 929
1765810 927
1765820 925
1765830 922
1765840 920
1765850 918
1765860 916
1765870 914
1765880 913
1765890 911
1765900 909
1765910 907
1765920 905
1765930 903
1765940 902
1765950 899
1765960 897
1765970 894
1765980 890
1765990 886
1766000 882
1766010 878
1766020 874
1766030 871
1766040 867
1766050 862
1766060 858
1766070 854
1766080 850
1766090 846
1766100 841
1766110 838
1766120 834
1766130 830
1766140 826
1766150 821
1766160 818
1766170 813
1766180 809
1766190 804
1766200 800
1766210 795
1766220 791
1766230 786
1766240 781
1766250 776
1766260 771
1766270 767
1766280 763
1766290 759
1766300 755
1766310 751
1766320 747
1766330 743
1766340 739
1766350 736
1766360 733
1766370 729
1766380 725
1766390 722
1766400 718
1766410 715
1766420 711
1766430 707
1766440 704
1766450 701
1766460 697
1766470 694
1766480 691
1766490 688
1766500 685
1766510 683
1766520 683
1766530 684
1766540 686
1766550 688
1766560 689
1766570 690
1766580 691
1766590 692
1766600 694
1766610 695
1766620 697
1766630 699
1766640 701
1766650 704
1766660 707
1766670 710
1766680 714
1766690 717
1766700 720
1766710 724
1766720 727
1766730 731
1766740 734
1766750 737
1766760 739
1766770 741
1766780 744
1766790 747
1766800 750
1766810 752
1766820 755
1766830 758
1766840 760
1766850 762
1766860 763
1766870 765
1766880 766
1766890 767
1766900 769
1766910 772
1766920 776
1766930 780
1766940 784
1766950 788
1766960 791
1766970 795
1766980 798
1766990 802
1767000 805
1767010 809
1767020 812
1767030 815
1767040 818
1767050 821
1767060 824
1767070 826
1767080 828
1767090 830
1767100 832
1767110 833
1767120 835
1767130 836
1767140 836
1767150 837
1767160 836
1767170 835
1767180 833
1767190 831
1767200 827
1767210 824
1767220 821
1767230 817
1767240 814
1767250 811
1767260 809
1767270 807
1767280 804
1767290 803
1767300 801
1767310 801
1767320 802
1767330 802
1767340 802
1767350 801
1767360 800
1767370 798
1767380 794
1767390 791
1767400 786
1767410 782
1767420 779
1767430 776
1767440 776
1767450 777
1767460 780
1767470 782
1767480 783
1767490 784
1767500 786
1767510 787
1767520 790
1767530 793
1767540 796
1767550 799
1767560 802
1767570 805
1767580 808
1767590 812
1767600 815
1767610 819
1767620 823
1767630 827
1767640 831
1767650 836
1767660 840
1767670 843
1767680 846
1767690 849
1767700 850
1767710 851
1767720 852
1767730 853
1767740 853
1767750 852
1767760 851
1767770 850
1767780 849
1767790 849
1767800 848
1767810 848
1767820 848
1767830 848
1767840 849
1767850 850
1767860 850
1767870 851
1767880 852
1767890 854
1767900 855
1767910 857
1767920 859
1767930 860
1767940 862
1767950 863
1767960 864
1767970 865
1767980 867
1767990 868
1768000 868
1768010 869
1768020 870
1768030 871
1768040 871
1768050 871
1768060 871
1768070 870
1768080 870
1768090 869
1768100 868
1768110 868
1768120 868
1768130 867
1768140 867
1768150 867
1768160 867
1768170 866
1768180 866
1768190 866
1768200 864
1768210 862
1768220 860
1768230 857
1768240 855
1768250 852
1768260 848
1768270 845
1768280 842
1768290 839
1768300 835
1768310 832
1768320 828
1768330 823
1768340 818
1768350 813
1768360 808
1768370 803
1768380 799
1768390 795
1768400 792
1768410 790
1768420 789
1768430 787
1768440 786
1768450 785
1768460 784
1768470 783
1768480 782
1768490 781
1768500 780
1768510 779
1768520 778
1768530 776
1768540 775
1768550 773
1768560 772
1768570 771
1768580 769
1768590 768
1768600 766
1768610 765
1768620 764
1768630 763
1768640 761
1768650 761
1768660 760
1768670 760
1768680 759
1768690 758
1768700 757
1768710 756
1768720 755
1768730 753
1768740 751
1768750 750
1768760 748
1768770 747
1768780 745
1768790 743
1768800 741
1768810 739
1768820 737
1768830 736
1768840 733
1768850 731
1768860 728
1768870 726
1768880 724
1768890 721
1768900 719
1768910 716
1768920 714
1768930 711
1768940 709
1768950 706
1768960 704
1768970 701
1768980 699
1768990 696
1769000 694
1769010 691
1769020 688
1769030 685
1769040 683
1769050 680
1769060 678
1769070 675
1769080 673
1769090 671
1769100 669
1769110 667
1769120 665
1769130 662
1769140 659
1769150 655
1769160 651
1769170 647
1769180 644
1769190 641
1769200 640
1769210 639
1769220 639
1769230 639
1769240 640
1769250 641
1769260 644
1769270 649
1769280 653
1769290 658
1769300 661
1769310 665
1769320 667
1769330 669
1769340 671
1769350 674
1769360 677
1769370 680
1769380 684
1769390 687
1769400 691
1769410 695
1769420 699
1769430 702
1769440 706
1769450 710
1769460 714
1769470 718
1769480 723
1769490 727
1769500 731
1769510 735
1769520 739
1769530 744
1769540 749
1769550 754
1769560 756
1769570 759
1769580 762
1769590 762
1769600 759
1769610 756
1769620 753
1769630 749
1769640 746
1769650 743
1769660 739
1769670 736
1769680 732
1769690 728
1769700 724
1769710 720
1769720 716
1769730 712
1769740 708
1769750 704
1769760 700
1769770 695
1769780 691
1769790 687
1769800 683
1769810 679
1769820 675
1769830 672
1769840 668
1769850 664
1769860 661
1769870 658
1769880 655
1769890 654
1769900 654
1769910 655
1769920 656
1769930 658
1769940 660
1769950 662
1769960 664
1769970 666
1769980 668
1769990 671
1770000 672
1770010 673
1770020 671
1770030 669
1770040 665
1770050 661
1770060 656
1770070 652
1770080 648
1770090 645
1770100 644
1770110 644
1770120 646
1770130 648
1770140 651
1770150 654
1770160 657
1770170 660
1770180 663
1770190 666
1770200 669
1770210 673
1770220 676
1770230 679
1770240 683
1770250 687
1770260 691
1770270 694
1770280 698
1770290 702
1770300 705
1770310 709
1770320 713
1770330 716
1770340 719
1770350 723
1770360 726
1770370 729
1770380 732
1770390 736
1770400 739
1770410 743
1770420 746
1770430 748
1770440 751
1770450 754
1770460 757
1770470 759
1770480 761
1770490 762
1770500 763
1770510 764
1770520 764
1770530 764
1770540 763
1770550 763
1770560 763
1770570 763
1770580 763
1770590 763
1770600 763
1770610 764
1770620 764
1770630 763
1770640 762
1770650 761
1770660 760
1770670 759
1770680 758
1770690 757
1770700 756
1770710 755
1770720 754
1770730 753
1770740 751
1770750 749
1770760 747
1770770 745
1770780 743
1770790 742
1770800 740
1770810 739
1770820 738
1770830 736
1770840 735
1770850 733
1770860 731
1770870 729
1770880 728
1770890 726
1770900 724
1770910 721
1770920 718
1770930 716
1770940 714
1770950 712
1770960 710
1770970 708
1770980 706
1770990 704
1771000 702
1771010 700
1771020 698
1771030 695
1771040 693
1771050 691
1771060 688
1771070 686
1771080 683
1771090 681
1771100 678
1771110 677
1771120 675
1771130 673
1771140 671
1771150 670
1771160 670
1771170 669
1771180 668
1771190 666
1771200 666
1771210 665
1771220 665
1771230 665
1771240 665
1771250 665
1771260 666
1771270 666
1771280 666
1771290 667
1771300 669
1771310 671
1771320 673
1771330 675
1771340 677
1771350 678
1771360 680
1771370 680
1771380 681
1771390 683
1771400 686
1771410 688
1771420 690
1771430 693
1771440 696
1771450 698
1771460 701
1771470 704
1771480 707
1771490 709
1771500 712
1771510 714
1771520 715
1771530 717
1771540 718
1771550 718
1771560 718
1771570 717
1771580 717
1771590 717
1771600 717
1771610 717
1771620 718
1771630 719
1771640 720
1771650 722
1771660 723
1771670 724
1771680 724
1771690 724
1771700 722
1771710 720
1771720 716
1771730 712
1771740 710
1771750 710
1771760 710
1771770 710
1771780 711
1771790 712
1771800 713
1771810 714
1771820 715
1771830 716
1771840 717
1771850 719
1771860 721
1771870 723
1771880 724
1771890 726
1771900 727
1771910 729
1771920 731
1771930 733
1771940 735
1771950 737
1771960 738
1771970 740
1771980 742
1771990 743
1772000 745
1772010 747
1772020 749
1772030 751
1772040 753
1772050 755
1772060 757
1772070 759
1772080 762
1772090 764
1772100 767
1772110 769
1772120 772
1772130 774
1772140 777
1772150 779
1772160 782
1772170 785
1772180 787
1772190 789
1772200 792
1772210 794
1772220 796
1772230 799
1772240 801
1772250 804
1772260 807
1772270 811
1772280 814
1772290 818
1772300 821
1772310 825
1772320 829
1772330 833
1772340 837
1772350 841
1772360 844
1772370 848
1772380 852
1772390 856
1772400 860
1772410 864
1772420 867
1772430 871
1772440 875
1772450 878
1772460 882
1772470 886
1772480 890
1772490 894
1772500 898
1772510 902
1772520 908
1772530 916
1772540 930
1772550 942
1772560 952
1772570 958
1772580 962
1772590 966
1772600 970
1772610 975
1772620 981
1772630 987
1772640 992
1772650 995
1772660 996
1772670 997
1772680 997
1772690 996
1772700 994
1772710 992
1772720 991
1772730 990
1772740 989
1772750 988
1772760 988
1772770 987
1772780 986
1772790 986
1772800 986
1772810 985
1772820 985
1772830 985
1772840 985
1772850 984
1772860 984
1772870 983
1772880 982
1772890 981
1772900 981
1772910 980
1772920 980
1772930 979
1772940 979
1772950 979
1772960 979
1772970 979
1772980 979
1772990 979
1773000 978
1773010 978
1773020 977
1773030 976
1773040 975
1773050 974
1773060 973
1773070 971
1773080 970
1773090 969
1773100 967
1773110 967
1773120 966
1773130 965
1773140 964
1773150 963
1773160 962
1773170 961
1773180 959
1773190 958
1773200 957
1773210 956
1773220 956
1773230 955
1773240 954
1773250 954
1773260 953
1773270 953
1773280 952
1773290 951
1773300 951
1773310 950
1773320 950
1773330 950
1773340 949
1773350 948
1773360 947
1773370 946
1773380 945
1773390 943
1773400 942
1773410 940
1773420 939
1773430 937
1773440 936
1773450 935
1773460 934
1773470 933
1773480 932
1773490 931
1773500 929
1773510 927
1773520 926
1773530 925
1773540 924
1773550 923
1773560 922
1773570 922
1773580 921
1773590 920
1773600 919
1773610 918
1773620 917
1773630 917
1773640 916
1773650 915
1773660 915
1773670 915
1773680 914
1773690 914
1773700 913
1773710 912
1773720 911
1773730 911
1773740 911
1773750 912
1773760 913
1773770 914
1773780 916
1773790 917
1773800 918
1773810 918
1773820 919
1773830 920
1773840 920
1773850 921
1773860 922
1773870 922
1773880 923
1773890 923
1773900 923
1773910 923
1773920 922
1773930 922
1773940 921
1773950 919
1773960 918
1773970 916
1773980 915
1773990 915
1774000 914
1774010 914
1774020 914
1774030 913
1774040 913
1774050 913
1774060 913
1774070 913
1774080 913
1774090 914
1774100 913
1774110 912
1774120 911
1774130 909
1774140 908
1774150 906
1774160 903
1774170 901
1774180 899
1774190 897
1774200 896
1774210 895
1774220 895
1774230 896
1774240 896
1774250 897
1774260 898
1774270 900
1774280 901
1774290 903
1774300 905
1774310 907
1774320 910
1774330 912
1774340 915
1774350 918
1774360 920
1774370 922
1774380 925
1774390 927
1774400 929
1774410 931
1774420 934
1774430 936
1774440 939
1774450 942
1774460 945
1774470 947
1774480 947
1774490 946
1774500 944
1774510 942
1774520 940
1774530 938
1774540 937
1774550 935
1774560 933
1774570 931
1774580 929
1774590 927
1774600 924
1774610 922
1774620 919
1774630 916
1774640 912
1774650 909
1774660 905
1774670 901
1774680 897
1774690 894
1774700 892
1774710 890
1774720 888
1774730 886
1774740 884
1774750 883
1774760 881
1774770 879
1774780 877
1774790 876
1774800 874
1774810 873
1774820 871
1774830 870
1774840 869
1774850 867
1774860 866
1774870 865
1774880 864
1774890 863
1774900 863
1774910 862
1774920 861
1774930 861
1774940 860
1774950 860
1774960 860
1774970 859
1774980 859
1774990 858
1775000 858
1775010 858
1775020 858
1775030 858
1775040 858
1775050 858
1775060 859
1775070 860
1775080 860
1775090 861
1775100 860
1775110 859
1775120 859
1775130 858
1775140 858
1775150 857
1775160 857
1775170 856
1775180 856
1775190 855
1775200 855
1775210 853
1775220 852
1775230 851
1775240 849
1775250 848
1775260 846
1775270 844
1775280 842
1775290 841
1775300 840
1775310 839
1775320 838
1775330 837
1775340 835
1775350 834
1775360 832
1775370 830
1775380 828
1775390 826
1775400 825
1775410 824
1775420 823
1775430 821
1775440 819
1775450 818
1775460 816
1775470 814
1775480 812
1775490 811
1775500 809
1775510 807
1775520 806
1775530 803
1775540 801
1775550 799
1775560 797
1775570 794
1775580 792
1775590 790
1775600 788
1775610 786
1775620 783
1775630 781
1775640 778
1775650 776
1775660 773
1775670 770
1775680 768
1775690 765
1775700 762
1775710 759
1775720 756
1775730 752
1775740 749
1775750 745
1775760 742
1775770 739
1775780 736
1775790 733
1775800 731
1775810 729
1775820 727
1775830 725
1775840 723
1775850 721
1775860 719
1775870 717
1775880 715
1775890 713
1775900 710
1775910 708
1775920 706
1775930 703
1775940 701
1775950 699
1775960 697
1775970 695
1775980 693
1775990 691
1776000 688
1776010 686
1776020 684
1776030 681
1776040 679
1776050 677
1776060 675
1776070 674
1776080 672
1776090 669
1776100 667
1776110 664
1776120 662
1776130 659
1776140 656
1776150 653
1776160 650
1776170 648
1776180 644
1776190 640
1776200 635
1776210 631
1776220 627
1776230 623
1776240 620
1776250 617
1776260 615
1776270 612
1776280 609
1776290 606
1776300 603
1776310 601
1776320 600
1776330 599
1776340 597
1776350 596
1776360 594
1776370 592
1776380 590
1776390 588
1776400 587
1776410 585
1776420 584
1776430 583
1776440 582
1776450 580
1776460 579
1776470 577
1776480 575
1776490 574
1776500 572
1776510 571
1776520 569
1776530 568
1776540 567
1776550 566
1776560 564
1776570 563
1776580 562
1776590 561
1776600 560
1776610 558
1776620 557
1776630 556
1776640 555
1776650 554
1776660 552
1776670 551
1776680 550
1776690 549
1776700 548
1776710 547
1776720 546
1776730 545
1776740 544
1776750 544
1776760 543
1776770 542
1776780 540
1776790 539
1776800 539
1776810 538
1776820 537
1776830 537
1776840 536
1776850 535
1776860 535
1776870 534
1776880 533
1776890 532
1776900 531
1776910 530
1776920 530
1776930 529
1776940 529
1776950 528
1776960 528
1776970 527
1776980 526
1776990 525
1777000 524
1777010 523
1777020 523
1777030 522
1777040 521
1777050 521
1777060 520
1777070 519
1777080 519
1777090 519
1777100 518
1777110 518
1777120 517
1777130 517
1777140 517
1777150 517
1777160 517
1777170 517
1777180 517
1777190 517
1777200 517
1777210 517
1777220 518
1777230 518
1777240 518
1777250 519
1777260 520
1777270 521
1777280 523
1777290 526
1777300 529
1777310 533
1777320 536
1777330 540
1777340 542
1777350 543
1777360 543
1777370 541
1777380 539
1777390 538
1777400 536
1777410 534
1777420 532
1777430 530
1777440 529
1777450 528
1777460 526
1777470 524
1777480 522
1777490 519
1777500 517
1777510 514
1777520 511
1777530 508
1777540 505
1777550 502
1777560 499
1777570 496
1777580 493
1777590 490
1777600 487
1777610 485
1777620 483
1777630 483
1777640 483
1777650 483
1777660 483
1777670 483
1777680 483
1777690 484
1777700 486
1777710 488
1777720 490
1777730 493
1777740 495
1777750 498
1777760 501
1777770 504
1777780 506
1777790 509
1777800 512
1777810 515
1777820 518
1777830 521
1777840 524
1777850 527
1777860 530
1777870 533
1777880 535
1777890 538
1777900 540
1777910 542
1777920 544
1777930 545
1777940 546
1777950 548
1777960 549
1777970 549
1777980 550
1777990 550
1778000 550
1778010 550
1778020 550
1778030 551
1778040 552
1778050 552
1778060 553
1778070 554
1778080 555
1778090 557
1778100 558
1778110 559
1778120 560
1778130 561
1778140 562
1778150 564
1778160 565
1778170 566
1778180 567
1778190 569
1778200 571
1778210 572
1778220 573
1778230 574
1778240 575
1778250 576
1778260 577
1778270 579
1778280 581
1778290 582
1778300 584
1778310 587
1778320 589
1778330 591
1778340 594
1778350 597
1778360 600
1778370 604
1778380 607
1778390 610
1778400 613
1778410 616
1778420 620
1778430 623
1778440 626
1778450 629
1778460 632
1778470 634
1778480 637
1778490 639
1778500 641
1778510 644
1778520 646
1778530 649
1778540 651
1778550 654
1778560 657
1778570 659
1778580 663
1778590 668
1778600 672
1778610 677
1778620 681
1778630 685
1778640 688
1778650 692
1778660 695
1778670 699
1778680 702
1778690 706
1778700 709
1778710 713
1778720 718
1778730 722
1778740 726
1778750 730
1778760 734
1778770 738
1778780 742
1778790 745
1778800 749
1778810 753
1778820 757
1778830 761
1778840 765
1778850 769
1778860 773
1778870 778
1778880 782
1778890 786
1778900 791
1778910 796
1778920 800
1778930 804
1778940 808
1778950 812
1778960 816
1778970 821
1778980 823
1778990 824
1779000 824
1779010 824
1779020 823
1779030 823
1779040 822
1779050 821
1779060 821
1779070 821
1779080 820
1779090 820
1779100 819
1779110 819
1779120 819
1779130 818
1779140 818
1779150 818
1779160 817
1779170 817
1779180 816
1779190 816
1779200 815
1779210 815
1779220 815
1779230 814
1779240 814
1779250 813
1779260 813
1779270 812
1779280 812
1779290 811
1779300 810
1779310 810
1779320 809
1779330 808
1779340 807
1779350 806
1779360 805
1779370 805
1779380 804
1779390 803
1779400 802
1779410 801
1779420 800
1779430 800
1779440 799
1779450 798
1779460 797
1779470 797
1779480 796
1779490 795
1779500 794
1779510 793
1779520 792
1779530 791
1779540 790
1779550 790
1779560 790
1779570 789
1779580 789
1779590 789
1779600 789
1779610 789
1779620 789
1779630 790
1779640 790
1779650 790
1779660 790
1779670 790
1779680 790
1779690 790
1779700 790
1779710 790
1779720 789
1779730 789
1779740 789
1779750 789
1779760 789
1779770 789
1779780 789
1779790 790
1779800 790
1779810 791
1779820 792
1779830 792
1779840 793
1779850 794
1779860 794
1779870 795
1779880 795
1779890 796
1779900 796
1779910 796
1779920 797
1779930 797
1779940 798
1779950 798
1779960 798
1779970 799
1779980 799
1779990 799
