1760000 701
1760010 700
1760020 699
1760030 698
1760040 697
1760050 697
1760060 697
1760070 696
1760080 696
1760090 695
1760100 695
1760110 695
1760120 694
1760130 694
1760140 694
1760150 693
1760160 693
1760170 692
1760180 692
1760190 691
1760200 691
1760210 690
1760220 690
1760230 689
1760240 689
1760250 688
1760260 687
1760270 686
1760280 685
1760290 683
1760300 682
1760310 680
1760320 678
1760330 676
1760340 675
1760350 673
1760360 672
1760370 671
1760380 671
1760390 670
1760400 669
1760410 667
1760420 665
1760430 662
1760440 660
1760450 658
1760460 655
1760470 652
1760480 649
1760490 646
1760500 644
1760510 642
1760520 639
1760530 637
1760540 635
1760550 633
1760560 632
1760570 629
1760580 626
1760590 623
1760600 619
1760610 614
1760620 610
1760630 607
1760640 603
1760650 601
1760660 598
1760670 596
1760680 594
1760690 592
1760700 590
1760710 588
1760720 586
1760730 585
1760740 583
1760750 581
1760760 579
1760770 577
1760780 575
1760790 573
1760800 571
1760810 569
1760820 567
1760830 564
1760840 561
1760850 558
1760860 554
1760870 551
1760880 548
1760890 545
1760900 542
1760910 538
1760920 533
1760930 531
1760940 530
1760950 532
1760960 534
1760970 537
1760980 540
1760990 542
1761000 544
1761010 547
1761020 550
1761030 552
1761040 555
1761050 558
1761060 561
1761070 564
1761080 568
1761090 571
1761100 574
1761110 577
1761120 581
1761130 585
1761140 591
1761150 598
1761160 611
1761170 616
1761180 619
1761190 622
1761200 624
1761210 625
1761220 625
1761230 626
1761240 626
1761250 626
1761260 626
1761270 626
1761280 626
1761290 626
1761300 625
1761310 625
1761320 624
1761330 624
1761340 623
1761350 622
1761360 621
1761370 620
1761380 618
1761390 617
1761400 616
1761410 616
1761420 615
1761430 614
1761440 613
1761450 612
1761460 612
1761470 611
1761480 610
1761490 609
1761500 608
1761510 607
1761520 606
1761530 606
1761540 605
1761550 603
1761560 603
1761570 602
1761580 600
1761590 598
1761600 595
1761610 591
1761620 590
1761630 590
1761640 591
1761650 592
1761660 591
1761670 590
1761680 588
1761690 587
1761700 585
1761710 582
1761720 581
1761730 580
1761740 579
1761750 579
1761760 579
1761770 579
1761780 580
1761790 580
1761800 580
1761810 581
1761820 581
1761830 581
1761840 582
1761850 582
1761860 583
1761870 584
1761880 584
1761890 584
1761900 585
1761910 586
1761920 587
1761930 589
1761940 592
1761950 594
1761960 597
1761970 600
1761980 602
1761990 603
1762000 605
1762010 605
1762020 606
1762030 607
1762040 609
1762050 610
1762060 612
1762070 614
1762080 616
1762090 619
1762100 621
1762110 625
1762120 628
1762130 631
1762140 634
1762150 637
1762160 640
1762170 643
1762180 646
1762190 649
1762200 652
1762210 655
1762220 658
1762230 661
1762240 664
1762250 667
1762260 670
1762270 673
1762280 676
1762290 679
1762300 682
1762310 685
1762320 688
1762330 691
1762340 694
1762350 697
1762360 700
1762370 703
1762380 705
1762390 707
1762400 709
1762410 711
1762420 712
1762430 711
1762440 710
1762450 708
1762460 706
1762470 703
1762480 701
1762490 698
1762500 695
1762510 692
1762520 690
1762530 686
1762540 683
1762550 680
1762560 677
1762570 673
1762580 669
1762590 665
1762600 661
1762610 657
1762620 653
1762630 650
1762640 646
1762650 642
1762660 639
1762670 636
1762680 633
1762690 629
1762700 626
1762710 623
1762720 620
1762730 617
1762740 613
1762750 610
1762760 607
1762770 604
1762780 601
1762790 598
1762800 596
1762810 593
1762820 590
1762830 587
1762840 584
1762850 581
1762860 578
1762870 576
1762880 574
1762890 572
1762900 572
1762910 573
1762920 574
1762930 576
1762940 577
1762950 579
1762960 581
1762970 583
1762980 585
1762990 587
1763000 589
1763010 592
1763020 594
1763030 596
1763040 598
1763050 600
1763060 602
1763070 603
1763080 604
1763090 605
1763100 605
1763110 607
1763120 609
1763130 611
1763140 613
1763150 616
1763160 619
1763170 621
1763180 624
1763190 626
1763200 628
1763210 630
1763220 632
1763230 634
1763240 635
1763250 637
1763260 637
1763270 638
1763280 638
1763290 637
1763300 637
1763310 636
1763320 635
1763330 634
1763340 634
1763350 632
1763360 631
1763370 631
1763380 629
1763390 627
1763400 625
1763410 622
1763420 620
1763430 618
1763440 616
1763450 614
1763460 611
1763470 608
1763480 605
1763490 602
1763500 600
1763510 598
1763520 596
1763530 594
1763540 591
1763550 587
1763560 582
1763570 579
1763580 576
1763590 573
1763600 569
1763610 566
1763620 563
1763630 560
1763640 558
1763650 555
1763660 552
1763670 549
1763680 547
1763690 545
1763700 543
1763710 542
1763720 541
1763730 540
1763740 540
1763750 539
1763760 539
1763770 539
1763780 540
1763790 541
1763800 542
1763810 545
1763820 548
1763830 550
1763840 551
1763850 552
1763860 553
1763870 553
1763880 553
1763890 553
1763900 553
1763910 553
1763920 552
1763930 552
1763940 551
1763950 551
1763960 550
1763970 550
1763980 549
1763990 549
1764000 549
1764010 548
1764020 547
1764030 545
1764040 543
1764050 542
1764060 540
1764070 538
1764080 538
1764090 538
1764100 538
1764110 538
1764120 539
1764130 539
1764140 539
1764150 540
1764160 541
1764170 542
1764180 544
1764190 546
1764200 549
1764210 553
1764220 556
1764230 558
1764240 560
1764250 563
1764260 566
1764270 568
1764280 571
1764290 574
1764300 577
1764310 580
1764320 583
1764330 586
1764340 589
1764350 592
1764360 595
1764370 598
1764380 600
1764390 601
1764400 602
1764410 602
1764420 603
1764430 605
1764440 607
1764450 610
1764460 613
1764470 616
1764480 620
1764490 623
1764500 625
1764510 628
1764520 630
1764530 632
1764540 630
1764550 628
1764560 625
1764570 622
1764580 618
1764590 614
1764600 611
1764610 609
1764620 608
1764630 607
1764640 606
1764650 606
1764660 606
1764670 607
1764680 608
1764690 610
1764700 611
1764710 613
1764720 615
1764730 618
1764740 621
1764750 624
1764760 627
1764770 630
1764780 633
1764790 636
1764800 640
1764810 643
1764820 646
1764830 650
1764840 653
1764850 656
1764860 660
1764870 663
1764880 667
1764890 670
1764900 673
1764910 677
1764920 680
1764930 683
1764940 686
1764950 689
1764960 693
1764970 696
1764980 699
1764990 702
1765000 705
1765010 707
1765020 706
1765030 705
1765040 703
1765050 700
1765060 697
1765070 696
1765080 695
1765090 693
1765100 691
1765110 687
1765120 683
1765130 680
1765140 678
1765150 676
1765160 674
1765170 670
1765180 667
1765190 663
1765200 661
1765210 659
1765220 658
1765230 659
1765240 662
1765250 667
1765260 670
1765270 674
1765280 677
1765290 680
1765300 684
1765310 687
1765320 692
1765330 695
1765340 699
1765350 703
1765360 708
1765370 712
1765380 716
1765390 721
1765400 725
1765410 730
1765420 735
1765430 739
1765440 744
1765450 749
1765460 754
1765470 759
1765480 764
1765490 770
1765500 775
1765510 780
1765520 785
1765530 787
1765540 789
1765550 791
1765560 793
1765570 795
1765580 797
1765590 799
1765600 801
1765610 803
1765620 806
1765630 809
1765640 811
1765650 814
1765660 817
1765670 820
1765680 823
1765690 826
1765700 829
1765710 832
1765720 836
1765730 839
1765740 843
1765750 847
1765760 851
1765770 854
1765780 859
1765790 863
1765800 867
1765810 871
1765820 876
1765830 880
1765840 885
1765850 889
1765860 894
1765870 898
1765880 903
1765890 907
1765900 912
1765910 917
1765920 921
1765930 926
1765940 931
1765950 935
1765960 940
1765970 944
1765980 949
1765990 954
1766000 958
1766010 963
1766020 968
1766030 973
1766040 977
1766050 982
1766060 987
1766070 991
1766080 995
1766090 999
1766100 1004
1766110 1008
1766120 1012
1766130 1017
1766140 1021
1766150 1026
1766160 1030
1766170 1034
1766180 1038
1766190 1042
1766200 1046
1766210 1049
1766220 1053
1766230 1056
1766240 1058
1766250 1059
1766260 1057
1766270 1055
1766280 1053
1766290 1049
1766300 1046
1766310 1042
1766320 1038
1766330 1033
1766340 1029
1766350 1025
1766360 1021
1766370 1017
1766380 1012
1766390 1007
1766400 1003
1766410 998
1766420 993
1766430 988
1766440 981
1766450 976
1766460 970
1766470 965
1766480 960
1766490 955
1766500 949
1766510 944
1766520 939
1766530 934
1766540 928
1766550 923
1766560 918
1766570 912
1766580 907
1766590 902
1766600 897
1766610 892
1766620 887
1766630 882
1766640 877
1766650 873
1766660 868
1766670 864
1766680 860
1766690 856
1766700 851
1766710 847
1766720 843
1766730 839
1766740 835
1766750 831
1766760 826
1766770 821
1766780 819
1766790 816
1766800 814
1766810 810
1766820 806
1766830 802
1766840 799
1766850 795
1766860 792
1766870 789
1766880 785
1766890 782
1766900 779
1766910 776
1766920 773
1766930 770
1766940 768
1766950 766
1766960 766
1766970 766
1766980 766
1766990 765
1767000 762
1767010 759
1767020 757
1767030 755
1767040 753
1767050 751
1767060 750
1767070 748
1767080 747
1767090 746
1767100 744
1767110 743
1767120 743
1767130 742
1767140 742
1767150 742
1767160 741
1767170 739
1767180 737
1767190 735
1767200 733
1767210 731
1767220 730
1767230 727
1767240 724
1767250 720
1767260 717
1767270 715
1767280 713
1767290 711
1767300 709
1767310 707
1767320 705
1767330 703
1767340 701
1767350 700
1767360 698
1767370 696
1767380 693
1767390 691
1767400 689
1767410 687
1767420 684
1767430 680
1767440 678
1767450 675
1767460 672
1767470 669
1767480 665
1767490 662
1767500 659
1767510 656
1767520 653
1767530 650
1767540 647
1767550 644
1767560 641
1767570 637
1767580 634
1767590 631
1767600 629
1767610 627
1767620 626
1767630 626
1767640 625
1767650 625
1767660 626
1767670 627
1767680 628
1767690 630
1767700 632
1767710 634
1767720 635
1767730 634
1767740 633
1767750 631
1767760 631
1767770 630
1767780 630
1767790 629
1767800 629
1767810 629
1767820 629
1767830 629
1767840 629
1767850 629
1767860 627
1767870 625
1767880 622
1767890 617
1767900 613
1767910 610
1767920 607
1767930 606
1767940 605
1767950 604
1767960 603
1767970 602
1767980 601
1767990 599
1768000 598
1768010 597
1768020 597
1768030 596
1768040 596
1768050 596
1768060 597
1768070 598
1768080 598
1768090 598
1768100 600
1768110 602
1768120 605
1768130 607
1768140 610
1768150 611
1768160 612
1768170 613
1768180 615
1768190 616
1768200 618
1768210 620
1768220 622
1768230 624
1768240 626
1768250 627
1768260 629
1768270 630
1768280 631
1768290 632
1768300 632
1768310 632
1768320 631
1768330 630
1768340 629
1768350 627
1768360 626
1768370 625
1768380 625
1768390 623
1768400 621
1768410 619
1768420 618
1768430 618
1768440 620
1768450 622
1768460 624
1768470 625
1768480 627
1768490 628
1768500 630
1768510 631
1768520 633
1768530 634
1768540 635
1768550 636
1768560 636
1768570 636
1768580 635
1768590 634
1768600 633
1768610 630
1768620 628
1768630 625
1768640 622
1768650 619
1768660 615
1768670 611
1768680 607
1768690 603
1768700 601
1768710 601
1768720 602
1768730 602
1768740 602
1768750 602
1768760 602
1768770 602
1768780 602
1768790 602
1768800 602
1768810 602
1768820 600
1768830 598
1768840 595
1768850 592
1768860 589
1768870 586
1768880 583
1768890 579
1768900 576
1768910 573
1768920 569
1768930 567
1768940 566
1768950 566
1768960 567
1768970 570
1768980 577
1768990 581
1769000 585
1769010 588
1769020 591
1769030 593
1769040 593
1769050 594
1769060 595
1769070 596
1769080 597
1769090 599
1769100 601
1769110 605
1769120 609
1769130 613
1769140 615
1769150 617
1769160 618
1769170 621
1769180 623
1769190 625
1769200 628
1769210 631
1769220 635
1769230 638
1769240 641
1769250 644
1769260 648
1769270 650
1769280 651
1769290 649
1769300 646
1769310 643
1769320 639
1769330 635
1769340 629
1769350 625
1769360 620
1769370 614
1769380 609
1769390 604
1769400 599
1769410 595
1769420 592
1769430 590
1769440 590
1769450 591
1769460 592
1769470 593
1769480 594
1769490 595
1769500 597
1769510 599
1769520 600
1769530 603
1769540 606
1769550 608
1769560 611
1769570 613
1769580 617
1769590 620
1769600 623
1769610 627
1769620 630
1769630 633
1769640 636
1769650 639
1769660 642
1769670 644
1769680 645
1769690 645
1769700 643
1769710 639
1769720 636
1769730 632
1769740 627
1769750 625
1769760 624
1769770 624
1769780 625
1769790 626
1769800 627
1769810 628
1769820 630
1769830 633
1769840 636
1769850 639
1769860 642
1769870 645
1769880 648
1769890 652
1769900 656
1769910 659
1769920 663
1769930 667
1769940 670
1769950 674
1769960 677
1769970 681
1769980 684
1769990 686
1770000 688
1770010 689
1770020 687
1770030 684
1770040 681
1770050 678
1770060 676
1770070 673
1770080 672
1770090 671
1770100 671
1770110 672
1770120 672
1770130 672
1770140 673
1770150 675
1770160 676
1770170 678
1770180 680
1770190 683
1770200 685
1770210 688
1770220 692
1770230 695
1770240 699
1770250 702
1770260 707
1770270 711
1770280 714
1770290 718
1770300 722
1770310 725
1770320 728
1770330 730
1770340 732
1770350 733
1770360 734
1770370 734
1770380 735
1770390 735
1770400 736
1770410 735
1770420 734
1770430 733
1770440 734
1770450 735
1770460 736
1770470 738
1770480 739
1770490 740
1770500 742
1770510 745
1770520 747
1770530 749
1770540 752
1770550 754
1770560 757
1770570 760
1770580 763
1770590 766
1770600 769
1770610 772
1770620 775
1770630 779
1770640 782
1770650 785
1770660 788
1770670 791
1770680 794
1770690 797
1770700 800
1770710 803
1770720 806
1770730 808
1770740 811
1770750 814
1770760 817
1770770 819
1770780 820
1770790 820
1770800 819
1770810 817
1770820 815
1770830 813
1770840 811
1770850 809
1770860 807
1770870 805
1770880 804
1770890 803
1770900 802
1770910 801
1770920 800
1770930 799
1770940 798
1770950 797
1770960 796
1770970 794
1770980 792
1770990 790
1771000 787
1771010 784
1771020 782
1771030 779
1771040 776
1771050 774
1771060 772
1771070 770
1771080 768
1771090 766
1771100 764
1771110 762
1771120 760
1771130 758
1771140 756
1771150 755
1771160 753
1771170 752
1771180 750
1771190 748
1771200 747
1771210 745
1771220 743
1771230 742
1771240 740
1771250 738
1771260 737
1771270 735
1771280 733
1771290 732
1771300 731
1771310 729
1771320 727
1771330 726
1771340 726
1771350 724
1771360 723
1771370 722
1771380 721
1771390 720
1771400 720
1771410 719
1771420 719
1771430 718
1771440 718
1771450 717
1771460 717
1771470 716
1771480 716
1771490 716
1771500 716
1771510 716
1771520 715
1771530 715
1771540 715
1771550 714
1771560 713
1771570 712
1771580 712
1771590 711
1771600 711
1771610 710
1771620 709
1771630 708
1771640 707
1771650 706
1771660 705
1771670 704
1771680 703
1771690 701
1771700 699
1771710 697
1771720 695
1771730 693
1771740 691
1771750 690
1771760 688
1771770 686
1771780 683
1771790 680
1771800 678
1771810 675
1771820 671
1771830 668
1771840 666
1771850 663
1771860 660
1771870 658
1771880 655
1771890 652
1771900 649
1771910 646
1771920 643
1771930 640
1771940 636
1771950 633
1771960 629
1771970 626
1771980 622
1771990 618
1772000 614
1772010 609
1772020 605
1772030 601
1772040 596
1772050 592
1772060 587
1772070 583
1772080 580
1772090 578
1772100 577
1772110 577
1772120 576
1772130 576
1772140 576
1772150 576
1772160 576
1772170 575
1772180 574
1772190 572
1772200 571
1772210 570
1772220 570
1772230 571
1772240 570
1772250 569
1772260 567
1772270 566
1772280 564
1772290 562
1772300 560
1772310 557
1772320 554
1772330 551
1772340 547
1772350 544
1772360 542
1772370 540
1772380 540
1772390 540
1772400 541
1772410 541
1772420 541
1772430 541
1772440 540
1772450 539
1772460 537
1772470 535
1772480 532
1772490 528
1772500 525
1772510 521
1772520 518
1772530 514
1772540 510
1772550 507
1772560 503
1772570 499
1772580 495
1772590 491
1772600 487
1772610 484
1772620 482
1772630 481
1772640 481
1772650 481
1772660 481
1772670 481
1772680 481
1772690 480
1772700 480
1772710 480
1772720 480
1772730 480
1772740 480
1772750 480
1772760 479
1772770 479
1772780 479
1772790 479
1772800 479
1772810 478
1772820 478
1772830 478
1772840 478
1772850 478
1772860 477
1772870 477
1772880 477
1772890 477
1772900 477
1772910 477
1772920 476
1772930 476
1772940 476
1772950 476
1772960 476
1772970 476
1772980 476
1772990 476
1773000 476
1773010 476
1773020 475
1773030 475
1773040 475
1773050 475
1773060 475
1773070 474
1773080 474
1773090 474
1773100 474
1773110 474
1773120 474
1773130 474
1773140 473
1773150 473
1773160 473
1773170 473
1773180 474
1773190 474
1773200 474
1773210 475
1773220 476
1773230 478
1773240 479
1773250 481
1773260 482
1773270 484
1773280 485
1773290 487
1773300 487
1773310 486
1773320 484
1773330 482
1773340 479
1773350 478
1773360 478
1773370 478
1773380 479
1773390 481
1773400 484
1773410 487
1773420 491
1773430 495
1773440 498
1773450 502
1773460 506
1773470 510
1773480 515
1773490 519
1773500 524
1773510 528
1773520 532
1773530 536
1773540 540
1773550 545
1773560 549
1773570 553
1773580 557
1773590 561
1773600 565
1773610 569
1773620 572
1773630 576
1773640 579
1773650 583
1773660 586
1773670 589
1773680 592
1773690 594
1773700 596
1773710 598
1773720 599
1773730 600
1773740 601
1773750 602
1773760 602
1773770 603
1773780 603
1773790 603
1773800 603
1773810 603
1773820 604
1773830 603
1773840 603
1773850 602
1773860 601
1773870 598
1773880 596
1773890 594
1773900 592
1773910 590
1773920 588
1773930 586
1773940 584
1773950 581
1773960 579
1773970 576
1773980 573
1773990 570
1774000 567
1774010 565
1774020 563
1774030 561
1774040 560
1774050 560
1774060 559
1774070 559
1774080 559
1774090 560
1774100 560
1774110 561
1774120 561
1774130 562
1774140 562
1774150 562
1774160 563
1774170 563
1774180 563
1774190 564
1774200 564
1774210 564
1774220 564
1774230 564
1774240 563
1774250 563
1774260 562
1774270 561
1774280 560
1774290 559
1774300 558
1774310 557
1774320 555
1774330 554
1774340 553
1774350 551
1774360 549
1774370 547
1774380 545
1774390 543
1774400 540
1774410 535
1774420 531
1774430 526
1774440 522
1774450 520
1774460 518
1774470 517
1774480 518
1774490 519
1774500 522
1774510 526
1774520 529
1774530 532
1774540 535
1774550 539
1774560 542
1774570 545
1774580 548
1774590 551
1774600 553
1774610 555
1774620 557
1774630 558
1774640 558
1774650 557
1774660 555
1774670 554
1774680 552
1774690 550
1774700 548
1774710 546
1774720 543
1774730 540
1774740 537
1774750 534
1774760 531
1774770 528
1774780 524
1774790 520
1774800 515
1774810 511
1774820 507
1774830 503
1774840 500
1774850 497
1774860 495
1774870 492
1774880 490
1774890 489
1774900 488
1774910 488
1774920 487
1774930 486
1774940 486
1774950 486
1774960 488
1774970 491
1774980 494
1774990 498
1775000 502
1775010 506
1775020 509
1775030 511
1775040 513
1775050 516
1775060 519
1775070 522
1775080 525
1775090 528
1775100 532
1775110 534
1775120 536
1775130 538
1775140 538
1775150 539
1775160 539
1775170 540
1775180 539
1775190 539
1775200 538
1775210 537
1775220 535
1775230 532
1775240 530
1775250 528
1775260 526
1775270 525
1775280 523
1775290 522
1775300 521
1775310 520
1775320 519
1775330 518
1775340 517
1775350 516
1775360 516
1775370 518
1775380 521
1775390 525
1775400 530
1775410 534
1775420 538
1775430 541
1775440 545
1775450 549
1775460 553
1775470 557
1775480 561
1775490 565
1775500 569
1775510 573
1775520 576
1775530 580
1775540 583
1775550 586
1775560 589
1775570 591
1775580 593
1775590 594
1775600 592
1775610 589
1775620 586
1775630 583
1775640 581
1775650 579
1775660 577
1775670 575
1775680 573
1775690 571
1775700 569
1775710 567
1775720 565
1775730 563
1775740 561
1775750 560
1775760 559
1775770 558
1775780 557
1775790 558
1775800 558
1775810 561
1775820 565
1775830 568
1775840 572
1775850 576
1775860 580
1775870 584
1775880 588
1775890 591
1775900 595
1775910 599
1775920 602
1775930 606
1775940 610
1775950 613
1775960 618
1775970 623
1775980 627
1775990 631
1776000 631
1776010 630
1776020 627
1776030 623
1776040 620
1776050 617
1776060 615
1776070 612
1776080 611
1776090 609
1776100 607
1776110 606
1776120 604
1776130 602
1776140 601
1776150 599
1776160 598
1776170 596
1776180 594
1776190 592
1776200 589
1776210 587
1776220 584
1776230 581
1776240 579
1776250 575
1776260 572
1776270 569
1776280 565
1776290 561
1776300 557
1776310 554
1776320 549
1776330 545
1776340 542
1776350 540
1776360 539
1776370 538
1776380 538
1776390 539
1776400 540
1776410 542
1776420 543
1776430 545
1776440 548
1776450 551
1776460 554
1776470 557
1776480 560
1776490 563
1776500 566
1776510 569
1776520 572
1776530 576
1776540 580
1776550 584
1776560 586
1776570 589
1776580 592
1776590 594
1776600 595
1776610 596
1776620 597
1776630 595
1776640 593
1776650 591
1776660 589
1776670 587
1776680 584
1776690 582
1776700 580
1776710 579
1776720 579
1776730 580
1776740 581
1776750 581
1776760 580
1776770 580
1776780 582
1776790 583
1776800 585
1776810 586
1776820 588
1776830 588
1776840 588
1776850 587
1776860 586
1776870 584
1776880 582
1776890 579
1776900 577
1776910 574
1776920 572
1776930 568
1776940 564
1776950 560
1776960 556
1776970 552
1776980 549
1776990 546
1777000 543
1777010 540
1777020 538
1777030 535
1777040 532
1777050 528
1777060 524
1777070 519
1777080 515
1777090 511
1777100 508
1777110 505
1777120 501
1777130 498
1777140 494
1777150 489
1777160 485
1777170 481
1777180 477
1777190 473
1777200 470
1777210 467
1777220 463
1777230 461
1777240 458
1777250 456
1777260 454
1777270 452
1777280 450
1777290 449
1777300 448
1777310 448
1777320 449
1777330 450
1777340 452
1777350 453
1777360 454
1777370 455
1777380 455
1777390 456
1777400 456
1777410 457
1777420 458
1777430 459
1777440 461
1777450 463
1777460 464
1777470 465
1777480 465
1777490 463
1777500 459
1777510 453
1777520 448
1777530 443
1777540 440
1777550 438
1777560 437
1777570 439
1777580 441
1777590 443
1777600 445
1777610 446
1777620 445
1777630 445
1777640 445
1777650 444
1777660 444
1777670 444
1777680 443
1777690 444
1777700 444
1777710 444
1777720 441
1777730 437
1777740 433
1777750 429
1777760 427
1777770 426
1777780 426
1777790 425
1777800 424
1777810 424
1777820 424
1777830 423
1777840 423
1777850 423
1777860 423
1777870 423
1777880 423
1777890 423
1777900 423
1777910 423
1777920 422
1777930 422
1777940 422
1777950 422
1777960 422
1777970 422
1777980 422
1777990 422
1778000 422
1778010 422
1778020 421
1778030 421
1778040 421
1778050 421
1778060 421
1778070 421
1778080 421
1778090 421
1778100 420
1778110 420
1778120 420
1778130 421
1778140 421
1778150 421
1778160 420
1778170 420
1778180 420
1778190 420
1778200 420
1778210 420
1778220 419
1778230 419
1778240 419
1778250 419
1778260 419
1778270 419
1778280 419
1778290 419
1778300 419
1778310 419
1778320 419
1778330 419
1778340 418
1778350 418
1778360 418
1778370 418
1778380 418
1778390 418
1778400 418
1778410 418
1778420 418
1778430 418
1778440 418
1778450 418
1778460 418
1778470 418
1778480 418
1778490 418
1778500 418
1778510 418
1778520 418
1778530 418
1778540 418
1778550 418
1778560 418
1778570 418
1778580 418
1778590 418
1778600 418
1778610 418
1778620 417
1778630 417
1778640 417
1778650 417
1778660 417
1778670 417
1778680 417
1778690 417
1778700 418
1778710 418
1778720 418
1778730 419
1778740 420
1778750 421
1778760 423
1778770 425
1778780 428
1778790 431
1778800 434
1778810 437
1778820 440
1778830 442
1778840 445
1778850 448
1778860 450
1778870 454
1778880 459
1778890 464
1778900 469
1778910 475
1778920 481
1778930 487
1778940 494
1778950 501
1778960 507
1778970 513
1778980 518
1778990 523
1779000 527
1779010 530
1779020 533
1779030 536
1779040 539
1779050 543
1779060 546
1779070 550
1779080 553
1779090 557
1779100 560
1779110 563
1779120 566
1779130 569
1779140 570
1779150 570
1779160 569
1779170 568
1779180 567
1779190 566
1779200 565
1779210 563
1779220 562
1779230 560
1779240 559
1779250 557
1779260 556
1779270 554
1779280 552
1779290 550
1779300 548
1779310 546
1779320 544
1779330 543
1779340 542
1779350 541
1779360 540
1779370 540
1779380 540
1779390 540
1779400 540
1779410 541
1779420 541
1779430 541
1779440 540
1779450 539
1779460 539
1779470 538
1779480 538
1779490 537
1779500 536
1779510 536
1779520 534
1779530 533
1779540 530
1779550 528
1779560 525
1779570 522
1779580 520
1779590 517
1779600 514
1779610 512
1779620 510
1779630 508
1779640 507
1779650 506
1779660 505
1779670 505
1779680 505
1779690 505
1779700 504
1779710 504
1779720 504
1779730 504
1779740 504
1779750 504
1779760 505
1779770 505
1779780 505
1779790 505
1779800 506
1779810 506
1779820 507
1779830 507
1779840 507
1779850 507
1779860 507
1779870 507
1779880 507
1779890 507
1779900 507
1779910 506
1779920 505
1779930 504
1779940 503
1779950 502
1779960 502
1779970 501
1779980 500
1779990 499
