1760000 699
1760010 698
1760020 698
1760030 698
1760040 698
1760050 698
1760060 698
1760070 698
1760080 698
1760090 698
1760100 697
1760110 696
1760120 695
1760130 693
1760140 691
1760150 689
1760160 687
1760170 686
1760180 684
1760190 683
1760200 682
1760210 681
1760220 680
1760230 679
1760240 678
1760250 677
1760260 677
1760270 676
1760280 676
1760290 676
1760300 676
1760310 677
1760320 677
1760330 677
1760340 677
1760350 675
1760360 673
1760370 670
1760380 669
1760390 667
1760400 665
1760410 663
1760420 660
1760430 658
1760440 655
1760450 653
1760460 651
1760470 648
1760480 646
1760490 643
1760500 642
1760510 641
1760520 639
1760530 638
1760540 636
1760550 634
1760560 632
1760570 630
1760580 629
1760590 627
1760600 625
1760610 624
1760620 621
1760630 619
1760640 617
1760650 615
1760660 613
1760670 611
1760680 609
1760690 607
1760700 605
1760710 604
1760720 603
1760730 602
1760740 601
1760750 600
1760760 599
1760770 597
1760780 596
1760790 594
1760800 592
1760810 590
1760820 588
1760830 586
1760840 584
1760850 582
1760860 579
1760870 576
1760880 573
1760890 571
1760900 568
1760910 565
1760920 562
1760930 558
1760940 555
1760950 552
1760960 549
1760970 547
1760980 544
1760990 542
1761000 540
1761010 537
1761020 535
1761030 533
1761040 532
1761050 530
1761060 529
1761070 528
1761080 527
1761090 525
1761100 523
1761110 520
1761120 516
1761130 512
1761140 509
1761150 506
1761160 503
1761170 501
1761180 500
1761190 498
1761200 497
1761210 496
1761220 495
1761230 494
1761240 493
1761250 493
1761260 493
1761270 492
1761280 492
1761290 492
1761300 492
1761310 492
1761320 492
1761330 492
1761340 492
1761350 492
1761360 492
1761370 493
1761380 493
1761390 493
1761400 492
1761410 492
1761420 492
1761430 492
1761440 494
1761450 498
1761460 502
1761470 505
1761480 508
1761490 511
1761500 514
1761510 516
1761520 519
1761530 521
1761540 523
1761550 526
1761560 528
1761570 530
1761580 532
1761590 534
1761600 536
1761610 538
1761620 541
1761630 543
1761640 544
1761650 546
1761660 548
1761670 551
1761680 554
1761690 558
1761700 561
1761710 565
1761720 569
1761730 573
1761740 576
1761750 580
1761760 585
1761770 589
1761780 593
1761790 597
1761800 600
1761810 605
1761820 609
1761830 613
1761840 618
1761850 622
1761860 626
1761870 631
1761880 635
1761890 639
1761900 644
1761910 648
1761920 652
1761930 657
1761940 661
1761950 665
1761960 669
1761970 673
1761980 677
1761990 681
1762000 685
1762010 689
1762020 692
1762030 696
1762040 699
1762050 702
1762060 706
1762070 709
1762080 712
1762090 716
1762100 719
1762110 723
1762120 726
1762130 730
1762140 732
1762150 733
1762160 733
1762170 731
1762180 730
1762190 728
1762200 726
1762210 723
1762220 720
1762230 715
1762240 712
1762250 708
1762260 704
1762270 701
1762280 699
1762290 697
1762300 695
1762310 693
1762320 691
1762330 689
1762340 688
1762350 686
1762360 686
1762370 685
1762380 685
1762390 684
1762400 684
1762410 684
1762420 684
1762430 685
1762440 685
1762450 685
1762460 685
1762470 685
1762480 686
1762490 686
1762500 686
1762510 686
1762520 685
1762530 684
1762540 683
1762550 682
1762560 681
1762570 680
1762580 679
1762590 679
1762600 679
1762610 679
1762620 679
1762630 680
1762640 681
1762650 682
1762660 683
1762670 683
1762680 683
1762690 683
1762700 683
1762710 684
1762720 684
1762730 685
1762740 684
1762750 683
1762760 682
1762770 683
1762780 684
1762790 685
1762800 686
1762810 685
1762820 683
1762830 681
1762840 678
1762850 675
1762860 672
1762870 669
1762880 666
1762890 663
1762900 661
1762910 658
1762920 655
1762930 652
1762940 650
1762950 647
1762960 644
1762970 641
1762980 638
1762990 635
1763000 632
1763010 628
1763020 625
1763030 622
1763040 619
1763050 615
1763060 610
1763070 606
1763080 602
1763090 599
1763100 595
1763110 593
1763120 590
1763130 588
1763140 584
1763150 580
1763160 576
1763170 573
1763180 570
1763190 567
1763200 564
1763210 561
1763220 558
1763230 555
1763240 552
1763250 549
1763260 547
1763270 545
1763280 543
1763290 543
1763300 543
1763310 544
1763320 546
1763330 548
1763340 551
1763350 554
1763360 558
1763370 561
1763380 565
1763390 569
1763400 574
1763410 577
1763420 581
1763430 584
1763440 587
1763450 591
1763460 595
1763470 597
1763480 597
1763490 597
1763500 595
1763510 594
1763520 592
1763530 591
1763540 590
1763550 589
1763560 588
1763570 587
1763580 586
1763590 584
1763600 583
1763610 581
1763620 579
1763630 577
1763640 575
1763650 573
1763660 570
1763670 567
1763680 563
1763690 559
1763700 556
1763710 554
1763720 551
1763730 548
1763740 545
1763750 544
1763760 543
1763770 543
1763780 543
1763790 544
1763800 546
1763810 547
1763820 549
1763830 551
1763840 554
1763850 557
1763860 559
1763870 562
1763880 564
1763890 567
1763900 569
1763910 570
1763920 572
1763930 573
1763940 574
1763950 574
1763960 574
1763970 574
1763980 573
1763990 572
1764000 570
1764010 569
1764020 568
1764030 567
1764040 566
1764050 565
1764060 564
1764070 562
1764080 561
1764090 560
1764100 560
1764110 560
1764120 560
1764130 560
1764140 559
1764150 557
1764160 555
1764170 552
1764180 550
1764190 551
1764200 553
1764210 554
1764220 555
1764230 555
1764240 555
1764250 554
1764260 554
1764270 553
1764280 552
1764290 551
1764300 550
1764310 550
1764320 549
1764330 548
1764340 546
1764350 545
1764360 543
1764370 541
1764380 538
1764390 536
1764400 534
1764410 533
1764420 532
1764430 532
1764440 532
1764450 532
1764460 532
1764470 532
1764480 532
1764490 532
1764500 531
1764510 531
1764520 531
1764530 532
1764540 532
1764550 532
1764560 532
1764570 532
1764580 532
1764590 532
1764600 532
1764610 532
1764620 533
1764630 533
1764640 533
1764650 533
1764660 534
1764670 534
1764680 535
1764690 535
1764700 536
1764710 536
1764720 537
1764730 538
1764740 540
1764750 542
1764760 544
1764770 546
1764780 549
1764790 551
1764800 553
1764810 555
1764820 557
1764830 560
1764840 562
1764850 565
1764860 568
1764870 570
1764880 573
1764890 576
1764900 579
1764910 581
1764920 583
1764930 585
1764940 587
1764950 589
1764960 591
1764970 594
1764980 596
1764990 598
1765000 599
1765010 600
1765020 601
1765030 602
1765040 603
1765050 603
1765060 604
1765070 604
1765080 605
1765090 605
1765100 606
1765110 606
1765120 607
1765130 607
1765140 607
1765150 607
1765160 608
1765170 608
1765180 608
1765190 608
1765200 608
1765210 608
1765220 607
1765230 607
1765240 607
1765250 607
1765260 607
1765270 607
1765280 606
1765290 606
1765300 605
1765310 605
1765320 604
1765330 603
1765340 600
1765350 596
1765360 593
1765370 592
1765380 592
1765390 593
1765400 595
1765410 597
1765420 598
1765430 599
1765440 599
1765450 598
1765460 597
1765470 596
1765480 593
1765490 591
1765500 589
1765510 588
1765520 586
1765530 584
1765540 583
1765550 583
1765560 585
1765570 585
1765580 584
1765590 581
1765600 580
1765610 580
1765620 582
1765630 584
1765640 586
1765650 586
1765660 583
1765670 579
1765680 576
1765690 573
1765700 571
1765710 571
1765720 573
1765730 575
1765740 579
1765750 583
1765760 587
1765770 591
1765780 595
1765790 599
1765800 603
1765810 608
1765820 611
1765830 615
1765840 618
1765850 622
1765860 625
1765870 628
1765880 631
1765890 634
1765900 637
1765910 640
1765920 644
1765930 647
1765940 651
1765950 655
1765960 658
1765970 662
1765980 665
1765990 669
1766000 672
1766010 676
1766020 679
1766030 683
1766040 687
1766050 691
1766060 695
1766070 699
1766080 702
1766090 705
1766100 709
1766110 712
1766120 715
1766130 718
1766140 721
1766150 723
1766160 725
1766170 727
1766180 730
1766190 732
1766200 731
1766210 730
1766220 728
1766230 727
1766240 726
1766250 726
1766260 725
1766270 725
1766280 724
1766290 724
1766300 723
1766310 722
1766320 721
1766330 720
1766340 719
1766350 718
1766360 716
1766370 715
1766380 714
1766390 712
1766400 710
1766410 709
1766420 707
1766430 706
1766440 705
1766450 704
1766460 702
1766470 701
1766480 700
1766490 699
1766500 697
1766510 696
1766520 694
1766530 693
1766540 691
1766550 690
1766560 688
1766570 687
1766580 686
1766590 686
1766600 686
1766610 685
1766620 684
1766630 682
1766640 679
1766650 677
1766660 676
1766670 674
1766680 673
1766690 672
1766700 671
1766710 670
1766720 670
1766730 669
1766740 669
1766750 668
1766760 668
1766770 668
1766780 667
1766790 667
1766800 667
1766810 668
1766820 668
1766830 670
1766840 669
1766850 668
1766860 666
1766870 664
1766880 662
1766890 660
1766900 658
1766910 656
1766920 654
1766930 652
1766940 650
1766950 648
1766960 646
1766970 645
1766980 643
1766990 642
1767000 641
1767010 640
1767020 639
1767030 637
1767040 636
1767050 634
1767060 633
1767070 631
1767080 629
1767090 627
1767100 625
1767110 624
1767120 622
1767130 621
1767140 619
1767150 618
1767160 617
1767170 615
1767180 614
1767190 614
1767200 613
1767210 612
1767220 611
1767230 611
1767240 610
1767250 610
1767260 609
1767270 609
1767280 609
1767290 608
1767300 608
1767310 607
1767320 607
1767330 606
1767340 605
1767350 604
1767360 605
1767370 605
1767380 606
1767390 607
1767400 607
1767410 607
1767420 607
1767430 606
1767440 606
1767450 606
1767460 605
1767470 604
1767480 603
1767490 601
1767500 597
1767510 592
1767520 586
1767530 580
1767540 576
1767550 575
1767560 579
1767570 582
1767580 586
1767590 589
1767600 591
1767610 594
1767620 596
1767630 598
1767640 601
1767650 603
1767660 606
1767670 609
1767680 612
1767690 613
1767700 613
1767710 612
1767720 612
1767730 613
1767740 615
1767750 617
1767760 620
1767770 623
1767780 627
1767790 630
1767800 633
1767810 636
1767820 639
1767830 641
1767840 643
1767850 646
1767860 648
1767870 650
1767880 653
1767890 655
1767900 657
1767910 658
1767920 660
1767930 660
1767940 660
1767950 660
1767960 660
1767970 659
1767980 659
1767990 660
1768000 661
1768010 662
1768020 663
1768030 665
1768040 667
1768050 667
1768060 667
1768070 667
1768080 666
1768090 666
1768100 666
1768110 665
1768120 664
1768130 663
1768140 662
1768150 660
1768160 658
1768170 655
1768180 652
1768190 647
1768200 643
1768210 641
1768220 639
1768230 639
1768240 639
1768250 639
1768260 637
1768270 635
1768280 633
1768290 629
1768300 626
1768310 623
1768320 621
1768330 619
1768340 619
1768350 618
1768360 618
1768370 617
1768380 616
1768390 614
1768400 613
1768410 611
1768420 610
1768430 608
1768440 608
1768450 607
1768460 608
1768470 608
1768480 607
1768490 607
1768500 607
1768510 606
1768520 605
1768530 604
1768540 604
1768550 603
1768560 602
1768570 601
1768580 600
1768590 599
1768600 597
1768610 596
1768620 595
1768630 593
1768640 592
1768650 591
1768660 589
1768670 588
1768680 588
1768690 589
1768700 589
1768710 590
1768720 590
1768730 591
1768740 591
1768750 590
1768760 588
1768770 585
1768780 582
1768790 579
1768800 575
1768810 572
1768820 569
1768830 566
1768840 563
1768850 561
1768860 559
1768870 556
1768880 553
1768890 550
1768900 547
1768910 544
1768920 541
1768930 539
1768940 537
1768950 535
1768960 533
1768970 531
1768980 530
1768990 530
1769000 530
1769010 530
1769020 530
1769030 530
1769040 531
1769050 532
1769060 533
1769070 534
1769080 537
1769090 541
1769100 543
1769110 546
1769120 549
1769130 551
1769140 554
1769150 557
1769160 560
1769170 564
1769180 568
1769190 572
1769200 576
1769210 580
1769220 584
1769230 588
1769240 591
1769250 595
1769260 599
1769270 603
1769280 607
1769290 611
1769300 615
1769310 618
1769320 622
1769330 625
1769340 628
1769350 631
1769360 634
1769370 637
1769380 640
1769390 644
1769400 648
1769410 652
1769420 654
1769430 655
1769440 654
1769450 653
1769460 651
1769470 649
1769480 647
1769490 645
1769500 643
1769510 640
1769520 638
1769530 635
1769540 633
1769550 631
1769560 628
1769570 625
1769580 622
1769590 619
1769600 617
1769610 614
1769620 611
1769630 608
1769640 604
1769650 601
1769660 597
1769670 593
1769680 588
1769690 584
1769700 580
1769710 576
1769720 571
1769730 567
1769740 562
1769750 558
1769760 554
1769770 550
1769780 546
1769790 542
1769800 538
1769810 537
1769820 537
1769830 538
1769840 540
1769850 543
1769860 546
1769870 548
1769880 551
1769890 554
1769900 556
1769910 559
1769920 561
1769930 564
1769940 567
1769950 570
1769960 573
1769970 576
1769980 579
1769990 582
1770000 585
1770010 588
1770020 591
1770030 594
1770040 597
1770050 600
1770060 603
1770070 607
1770080 610
1770090 613
1770100 616
1770110 620
1770120 623
1770130 627
1770140 631
1770150 634
1770160 638
1770170 642
1770180 645
1770190 649
1770200 653
1770210 657
1770220 660
1770230 664
1770240 668
1770250 672
1770260 676
1770270 680
1770280 684
1770290 687
1770300 689
1770310 692
1770320 690
1770330 688
1770340 684
1770350 681
1770360 678
1770370 674
1770380 671
1770390 667
1770400 664
1770410 661
1770420 657
1770430 654
1770440 649
1770450 645
1770460 641
1770470 637
1770480 633
1770490 629
1770500 625
1770510 622
1770520 618
1770530 615
1770540 612
1770550 608
1770560 605
1770570 602
1770580 601
1770590 602
1770600 603
1770610 605
1770620 606
1770630 608
1770640 610
1770650 612
1770660 615
1770670 618
1770680 621
1770690 624
1770700 628
1770710 631
1770720 635
1770730 639
1770740 643
1770750 647
1770760 651
1770770 655
1770780 659
1770790 662
1770800 666
1770810 670
1770820 674
1770830 678
1770840 682
1770850 686
1770860 690
1770870 694
1770880 698
1770890 702
1770900 706
1770910 710
1770920 714
1770930 719
1770940 723
1770950 728
1770960 732
1770970 736
1770980 740
1770990 744
1771000 747
1771010 750
1771020 752
1771030 753
1771040 754
1771050 755
1771060 756
1771070 756
1771080 757
1771090 757
1771100 757
1771110 757
1771120 758
1771130 758
1771140 759
1771150 759
1771160 759
1771170 759
1771180 759
1771190 759
1771200 758
1771210 757
1771220 755
1771230 752
1771240 749
1771250 745
1771260 741
1771270 738
1771280 735
1771290 731
1771300 728
1771310 725
1771320 721
1771330 718
1771340 715
1771350 712
1771360 709
1771370 706
1771380 703
1771390 700
1771400 698
1771410 695
1771420 693
1771430 691
1771440 689
1771450 688
1771460 687
1771470 686
1771480 687
1771490 688
1771500 690
1771510 693
1771520 697
1771530 701
1771540 706
1771550 711
1771560 716
1771570 719
1771580 721
1771590 723
1771600 724
1771610 725
1771620 726
1771630 728
1771640 729
1771650 730
1771660 732
1771670 733
1771680 735
1771690 736
1771700 738
1771710 739
1771720 740
1771730 741
1771740 743
1771750 744
1771760 745
1771770 746
1771780 746
1771790 747
1771800 747
1771810 748
1771820 750
1771830 752
1771840 754
1771850 757
1771860 760
1771870 763
1771880 767
1771890 770
1771900 774
1771910 777
1771920 781
1771930 785
1771940 789
1771950 793
1771960 797
1771970 801
1771980 805
1771990 809
1772000 812
1772010 816
1772020 819
1772030 822
1772040 825
1772050 827
1772060 829
1772070 830
1772080 830
1772090 831
1772100 831
1772110 831
1772120 831
1772130 830
1772140 829
1772150 828
1772160 825
1772170 823
1772180 820
1772190 816
1772200 813
1772210 810
1772220 806
1772230 803
1772240 799
1772250 796
1772260 792
1772270 789
1772280 785
1772290 782
1772300 778
1772310 774
1772320 771
1772330 767
1772340 763
1772350 760
1772360 756
1772370 751
1772380 748
1772390 744
1772400 741
1772410 737
1772420 734
1772430 730
1772440 727
1772450 723
1772460 720
1772470 718
1772480 715
1772490 711
1772500 708
1772510 705
1772520 702
1772530 699
1772540 696
1772550 693
1772560 691
1772570 688
1772580 686
1772590 683
1772600 681
1772610 678
1772620 676
1772630 674
1772640 672
1772650 670
1772660 668
1772670 666
1772680 664
1772690 661
1772700 659
1772710 657
1772720 654
1772730 653
1772740 651
1772750 650
1772760 650
1772770 649
1772780 650
1772790 650
1772800 650
1772810 650
1772820 651
1772830 651
1772840 652
1772850 653
1772860 654
1772870 654
1772880 654
1772890 653
1772900 652
1772910 649
1772920 647
1772930 644
1772940 641
1772950 639
1772960 636
1772970 634
1772980 632
1772990 633
1773000 635
1773010 638
1773020 640
1773030 643
1773040 646
1773050 650
1773060 653
1773070 656
1773080 659
1773090 662
1773100 666
1773110 669
1773120 672
1773130 675
1773140 678
1773150 681
1773160 684
1773170 687
1773180 690
1773190 692
1773200 694
1773210 696
1773220 697
1773230 697
1773240 696
1773250 694
1773260 691
1773270 689
1773280 685
1773290 682
1773300 679
1773310 676
1773320 673
1773330 670
1773340 667
1773350 663
1773360 661
1773370 658
1773380 655
1773390 651
1773400 648
1773410 647
1773420 646
1773430 647
1773440 648
1773450 649
1773460 651
1773470 654
1773480 657
1773490 659
1773500 661
1773510 662
1773520 663
1773530 664
1773540 665
1773550 666
1773560 667
1773570 668
1773580 670
1773590 671
1773600 672
1773610 673
1773620 676
1773630 678
1773640 680
1773650 682
1773660 684
1773670 686
1773680 688
1773690 690
1773700 692
1773710 693
1773720 694
1773730 695
1773740 698
1773750 701
1773760 704
1773770 707
1773780 709
1773790 712
1773800 715
1773810 718
1773820 721
1773830 723
1773840 726
1773850 729
1773860 733
1773870 737
1773880 740
1773890 745
1773900 749
1773910 753
1773920 758
1773930 762
1773940 766
1773950 770
1773960 774
1773970 778
1773980 782
1773990 786
1774000 791
1774010 795
1774020 799
1774030 803
1774040 807
1774050 812
1774060 816
1774070 820
1774080 824
1774090 828
1774100 832
1774110 836
1774120 840
1774130 844
1774140 848
1774150 851
1774160 855
1774170 858
1774180 861
1774190 864
1774200 866
1774210 868
1774220 868
1774230 865
1774240 862
1774250 858
1774260 855
1774270 852
1774280 850
1774290 847
1774300 844
1774310 842
1774320 839
1774330 837
1774340 834
1774350 832
1774360 830
1774370 828
1774380 825
1774390 823
1774400 820
1774410 816
1774420 812
1774430 809
1774440 805
1774450 802
1774460 798
1774470 794
1774480 790
1774490 786
1774500 783
1774510 779
1774520 775
1774530 772
1774540 769
1774550 766
1774560 764
1774570 762
1774580 760
1774590 758
1774600 755
1774610 753
1774620 750
1774630 747
1774640 744
1774650 741
1774660 739
1774670 736
1774680 733
1774690 730
1774700 727
1774710 724
1774720 721
1774730 718
1774740 716
1774750 713
1774760 710
1774770 708
1774780 705
1774790 703
1774800 700
1774810 698
1774820 696
1774830 695
1774840 694
1774850 694
1774860 691
1774870 686
1774880 681
1774890 677
1774900 674
1774910 671
1774920 668
1774930 664
1774940 660
1774950 656
1774960 652
1774970 648
1774980 643
1774990 639
1775000 635
1775010 631
1775020 627
1775030 623
1775040 619
1775050 617
1775060 616
1775070 617
1775080 619
1775090 621
1775100 623
1775110 624
1775120 625
1775130 626
1775140 627
1775150 628
1775160 630
1775170 633
1775180 636
1775190 639
1775200 641
1775210 644
1775220 646
1775230 648
1775240 651
1775250 653
1775260 656
1775270 658
1775280 659
1775290 661
1775300 662
1775310 663
1775320 664
1775330 666
1775340 667
1775350 670
1775360 672
1775370 675
1775380 678
1775390 681
1775400 684
1775410 687
1775420 691
1775430 695
1775440 699
1775450 702
1775460 706
1775470 710
1775480 713
1775490 717
1775500 720
1775510 722
1775520 725
1775530 728
1775540 730
1775550 733
1775560 736
1775570 738
1775580 741
1775590 744
1775600 747
1775610 750
1775620 753
1775630 757
1775640 760
1775650 764
1775660 767
1775670 771
1775680 774
1775690 777
1775700 780
1775710 783
1775720 785
1775730 788
1775740 790
1775750 791
1775760 793
1775770 794
1775780 796
1775790 797
1775800 798
1775810 799
1775820 800
1775830 801
1775840 802
1775850 803
1775860 804
1775870 807
1775880 810
1775890 814
1775900 818
1775910 822
1775920 826
1775930 831
1775940 836
1775950 841
1775960 846
1775970 850
1775980 854
1775990 859
1776000 863
1776010 867
1776020 871
1776030 874
1776040 876
1776050 878
1776060 879
1776070 881
1776080 882
1776090 882
1776100 883
1776110 884
1776120 884
1776130 884
1776140 883
1776150 882
1776160 881
1776170 880
1776180 879
1776190 878
1776200 877
1776210 876
1776220 874
1776230 873
1776240 871
1776250 869
1776260 868
1776270 867
1776280 865
1776290 864
1776300 863
1776310 861
1776320 860
1776330 859
1776340 858
1776350 857
1776360 857
1776370 856
1776380 855
1776390 854
1776400 854
1776410 852
1776420 850
1776430 848
1776440 845
1776450 843
1776460 841
1776470 839
1776480 837
1776490 835
1776500 833
1776510 831
1776520 828
1776530 826
1776540 824
1776550 821
1776560 819
1776570 817
1776580 814
1776590 812
1776600 809
1776610 807
1776620 804
1776630 801
1776640 798
1776650 795
1776660 792
1776670 789
1776680 786
1776690 784
1776700 781
1776710 777
1776720 774
1776730 771
1776740 768
1776750 764
1776760 761
1776770 758
1776780 756
1776790 753
1776800 750
1776810 748
1776820 745
1776830 743
1776840 741
1776850 739
1776860 737
1776870 734
1776880 731
1776890 727
1776900 724
1776910 720
1776920 716
1776930 713
1776940 709
1776950 706
1776960 703
1776970 700
1776980 697
1776990 693
1777000 690
1777010 687
1777020 684
1777030 681
1777040 677
1777050 674
1777060 671
1777070 668
1777080 665
1777090 662
1777100 660
1777110 657
1777120 654
1777130 652
1777140 649
1777150 647
1777160 644
1777170 642
1777180 639
1777190 636
1777200 633
1777210 630
1777220 628
1777230 625
1777240 623
1777250 621
1777260 619
1777270 616
1777280 614
1777290 613
1777300 611
1777310 609
1777320 608
1777330 606
1777340 605
1777350 603
1777360 601
1777370 600
1777380 598
1777390 596
1777400 594
1777410 592
1777420 590
1777430 588
1777440 586
1777450 584
1777460 583
1777470 582
1777480 581
1777490 580
1777500 579
1777510 579
1777520 579
1777530 580
1777540 580
1777550 580
1777560 582
1777570 584
1777580 586
1777590 588
1777600 590
1777610 592
1777620 594
1777630 597
1777640 599
1777650 601
1777660 604
1777670 608
1777680 611
1777690 615
1777700 618
1777710 623
1777720 626
1777730 630
1777740 634
1777750 637
1777760 640
1777770 642
1777780 645
1777790 647
1777800 649
1777810 652
1777820 655
1777830 659
1777840 662
1777850 666
1777860 669
1777870 672
1777880 675
1777890 676
1777900 677
1777910 679
1777920 682
1777930 684
1777940 687
1777950 689
1777960 692
1777970 695
1777980 698
1777990 701
1778000 703
1778010 703
1778020 704
1778030 705
1778040 707
1778050 710
1778060 713
1778070 717
1778080 718
1778090 720
1778100 721
1778110 723
1778120 724
1778130 726
1778140 728
1778150 731
1778160 734
1778170 738
1778180 741
1778190 744
1778200 746
1778210 748
1778220 749
1778230 752
1778240 755
1778250 759
1778260 763
1778270 767
1778280 769
1778290 771
1778300 772
1778310 773
1778320 774
1778330 774
1778340 775
1778350 775
1778360 774
1778370 774
1778380 773
1778390 772
1778400 770
1778410 768
1778420 766
1778430 764
1778440 761
1778450 759
1778460 757
1778470 755
1778480 753
1778490 750
1778500 748
1778510 746
1778520 743
1778530 741
1778540 738
1778550 736
1778560 733
1778570 731
1778580 729
1778590 726
1778600 724
1778610 722
1778620 719
1778630 717
1778640 714
1778650 712
1778660 710
1778670 707
1778680 705
1778690 703
1778700 701
1778710 699
1778720 697
1778730 695
1778740 693
1778750 691
1778760 689
1778770 686
1778780 684
1778790 682
1778800 680
1778810 678
1778820 675
1778830 673
1778840 671
1778850 668
1778860 666
1778870 664
1778880 661
1778890 658
1778900 656
1778910 653
1778920 650
1778930 648
1778940 645
1778950 643
1778960 641
1778970 639
1778980 637
1778990 635
1779000 633
1779010 632
1779020 632
1779030 632
1779040 632
1779050 631
1779060 631
1779070 632
1779080 632
1779090 632
1779100 631
1779110 630
1779120 628
1779130 626
1779140 624
1779150 623
1779160 621
1779170 619
1779180 617
1779190 615
1779200 613
1779210 610
1779220 608
1779230 606
1779240 604
1779250 601
1779260 599
1779270 597
1779280 595
1779290 593
1779300 591
1779310 589
1779320 587
1779330 585
1779340 582
1779350 579
1779360 576
1779370 572
1779380 570
1779390 568
1779400 567
1779410 565
1779420 563
1779430 561
1779440 559
1779450 557
1779460 556
1779470 554
1779480 552
1779490 550
1779500 548
1779510 546
1779520 544
1779530 542
1779540 539
1779550 537
1779560 533
1779570 530
1779580 527
1779590 526
1779600 525
1779610 524
1779620 523
1779630 523
1779640 522
1779650 521
1779660 520
1779670 520
1779680 520
1779690 521
1779700 523
1779710 525
1779720 528
1779730 530
1779740 533
1779750 535
1779760 538
1779770 541
1779780 543
1779790 546
1779800 548
1779810 551
1779820 553
1779830 556
1779840 557
1779850 558
1779860 558
1779870 558
1779880 558
1779890 558
1779900 558
1779910 558
1779920 558
1779930 558
1779940 558
1779950 559
1779960 560
1779970 560
1779980 561
1779990 562
