1760000 622
1760010 624
1760020 626
1760030 627
1760040 629
1760050 631
1760060 632
1760070 634
1760080 636
1760090 638
1760100 640
1760110 642
1760120 644
1760130 645
1760140 647
1760150 648
1760160 649
1760170 650
1760180 651
1760190 653
1760200 654
1760210 656
1760220 657
1760230 659
1760240 660
1760250 661
1760260 662
1760270 664
1760280 665
1760290 666
1760300 667
1760310 668
1760320 670
1760330 671
1760340 672
1760350 673
1760360 673
1760370 673
1760380 673
1760390 673
1760400 673
1760410 673
1760420 673
1760430 673
1760440 673
1760450 673
1760460 672
1760470 672
1760480 672
1760490 672
1760500 673
1760510 673
1760520 673
1760530 673
1760540 674
1760550 674
1760560 674
1760570 674
1760580 674
1760590 674
1760600 674
1760610 674
1760620 674
1760630 674
1760640 675
1760650 675
1760660 675
1760670 676
1760680 676
1760690 677
1760700 677
1760710 678
1760720 678
1760730 678
1760740 678
1760750 678
1760760 677
1760770 677
1760780 676
1760790 675
1760800 674
1760810 673
1760820 670
1760830 666
1760840 663
1760850 662
1760860 662
1760870 663
1760880 663
1760890 661
1760900 659
1760910 656
1760920 652
1760930 649
1760940 645
1760950 642
1760960 638
1760970 635
1760980 633
1760990 631
1761000 629
1761010 628
1761020 627
1761030 627
1761040 626
1761050 626
1761060 626
1761070 626
1761080 625
1761090 625
1761100 625
1761110 625
1761120 625
1761130 626
1761140 627
1761150 627
1761160 628
1761170 628
1761180 628
1761190 629
1761200 629
1761210 628
1761220 627
1761230 626
1761240 625
1761250 623
1761260 622
1761270 620
1761280 619
1761290 618
1761300 617
1761310 616
1761320 616
1761330 616
1761340 615
1761350 615
1761360 615
1761370 614
1761380 614
1761390 614
1761400 614
1761410 614
1761420 613
1761430 613
1761440 613
1761450 613
1761460 613
1761470 613
1761480 612
1761490 612
1761500 610
1761510 609
1761520 607
1761530 606
1761540 604
1761550 601
1761560 599
1761570 595
1761580 591
1761590 587
1761600 583
1761610 580
1761620 576
1761630 574
1761640 571
1761650 569
1761660 568
1761670 566
1761680 565
1761690 563
1761700 562
1761710 560
1761720 559
1761730 558
1761740 557
1761750 556
1761760 555
1761770 554
1761780 552
1761790 551
1761800 549
1761810 547
1761820 545
1761830 543
1761840 541
1761850 540
1761860 542
1761870 543
1761880 544
1761890 545
1761900 547
1761910 548
1761920 550
1761930 552
1761940 553
1761950 555
1761960 557
1761970 559
1761980 561
1761990 563
1762000 565
1762010 567
1762020 569
1762030 572
1762040 575
1762050 577
1762060 580
1762070 583
1762080 585
1762090 588
1762100 591
1762110 594
1762120 598
1762130 601
1762140 605
1762150 609
1762160 612
1762170 616
1762180 620
1762190 624
1762200 627
1762210 630
1762220 633
1762230 636
1762240 639
1762250 642
1762260 645
1762270 649
1762280 653
1762290 658
1762300 664
1762310 672
1762320 675
1762330 677
1762340 678
1762350 678
1762360 678
1762370 678
1762380 678
1762390 678
1762400 679
1762410 680
1762420 681
1762430 681
1762440 682
1762450 683
1762460 683
1762470 683
1762480 683
1762490 682
1762500 681
1762510 680
1762520 678
1762530 676
1762540 673
1762550 670
1762560 667
1762570 664
1762580 660
1762590 656
1762600 652
1762610 648
1762620 643
1762630 639
1762640 634
1762650 630
1762660 625
1762670 621
1762680 619
1762690 617
1762700 614
1762710 609
1762720 606
1762730 602
1762740 600
1762750 597
1762760 595
1762770 594
1762780 594
1762790 595
1762800 597
1762810 600
1762820 602
1762830 605
1762840 608
1762850 611
1762860 613
1762870 616
1762880 618
1762890 620
1762900 621
1762910 621
1762920 619
1762930 617
1762940 614
1762950 612
1762960 610
1762970 609
1762980 608
1762990 606
1763000 605
1763010 603
1763020 601
1763030 599
1763040 598
1763050 595
1763060 593
1763070 591
1763080 588
1763090 585
1763100 584
1763110 581
1763120 578
1763130 574
1763140 571
1763150 568
1763160 565
1763170 562
1763180 561
1763190 559
1763200 557
1763210 555
1763220 552
1763230 553
1763240 555
1763250 559
1763260 561
1763270 563
1763280 565
1763290 567
1763300 569
1763310 571
1763320 573
1763330 574
1763340 576
1763350 577
1763360 578
1763370 578
1763380 579
1763390 579
1763400 579
1763410 579
1763420 579
1763430 578
1763440 578
1763450 578
1763460 578
1763470 577
1763480 577
1763490 576
1763500 576
1763510 576
1763520 576
1763530 575
1763540 575
1763550 574
1763560 574
1763570 573
1763580 573
1763590 573
1763600 572
1763610 571
1763620 570
1763630 569
1763640 567
1763650 564
1763660 561
1763670 559
1763680 556
1763690 552
1763700 549
1763710 547
1763720 547
1763730 548
1763740 549
1763750 549
1763760 550
1763770 550
1763780 551
1763790 551
1763800 552
1763810 554
1763820 556
1763830 557
1763840 559
1763850 561
1763860 563
1763870 565
1763880 567
1763890 569
1763900 570
1763910 572
1763920 573
1763930 575
1763940 576
1763950 577
1763960 579
1763970 580
1763980 581
1763990 582
1764000 584
1764010 585
1764020 585
1764030 586
1764040 587
1764050 589
1764060 590
1764070 591
1764080 592
1764090 593
1764100 593
1764110 595
1764120 596
1764130 598
1764140 599
1764150 601
1764160 602
1764170 604
1764180 605
1764190 607
1764200 608
1764210 609
1764220 611
1764230 612
1764240 613
1764250 614
1764260 615
1764270 616
1764280 617
1764290 618
1764300 619
1764310 620
1764320 620
1764330 621
1764340 622
1764350 623
1764360 623
1764370 624
1764380 624
1764390 624
1764400 624
1764410 623
1764420 622
1764430 620
1764440 619
1764450 616
1764460 614
1764470 611
1764480 609
1764490 607
1764500 606
1764510 605
1764520 604
1764530 603
1764540 603
1764550 602
1764560 602
1764570 602
1764580 602
1764590 602
1764600 602
1764610 603
1764620 603
1764630 603
1764640 603
1764650 604
1764660 604
1764670 605
1764680 606
1764690 607
1764700 608
1764710 609
1764720 609
1764730 610
1764740 611
1764750 612
1764760 612
1764770 613
1764780 614
1764790 615
1764800 616
1764810 616
1764820 616
1764830 616
1764840 616
1764850 617
1764860 618
1764870 619
1764880 621
1764890 622
1764900 623
1764910 624
1764920 625
1764930 626
1764940 627
1764950 629
1764960 630
1764970 632
1764980 633
1764990 635
1765000 636
1765010 637
1765020 638
1765030 639
1765040 640
1765050 641
1765060 642
1765070 642
1765080 643
1765090 644
1765100 646
1765110 647
1765120 648
1765130 649
1765140 650
1765150 651
1765160 652
1765170 653
1765180 654
1765190 656
1765200 658
1765210 661
1765220 662
1765230 664
1765240 665
1765250 667
1765260 668
1765270 670
1765280 672
1765290 674
1765300 676
1765310 678
1765320 680
1765330 682
1765340 684
1765350 686
1765360 688
1765370 690
1765380 692
1765390 694
1765400 696
1765410 698
1765420 701
1765430 703
1765440 706
1765450 708
1765460 711
1765470 713
1765480 716
1765490 719
1765500 721
1765510 724
1765520 726
1765530 729
1765540 731
1765550 734
1765560 738
1765570 742
1765580 745
1765590 748
1765600 752
1765610 755
1765620 758
1765630 762
1765640 765
1765650 769
1765660 772
1765670 774
1765680 777
1765690 781
1765700 784
1765710 788
1765720 790
1765730 791
1765740 791
1765750 790
1765760 789
1765770 788
1765780 787
1765790 786
1765800 784
1765810 783
1765820 781
1765830 779
1765840 777
1765850 775
1765860 773
1765870 771
1765880 769
1765890 768
1765900 766
1765910 765
1765920 763
1765930 761
1765940 759
1765950 758
1765960 756
1765970 754
1765980 751
1765990 749
1766000 748
1766010 745
1766020 743
1766030 741
1766040 738
1766050 735
1766060 732
1766070 729
1766080 726
1766090 723
1766100 720
1766110 717
1766120 714
1766130 711
1766140 708
1766150 704
1766160 700
1766170 697
1766180 693
1766190 691
1766200 688
1766210 686
1766220 685
1766230 683
1766240 682
1766250 681
1766260 680
1766270 680
1766280 680
1766290 680
1766300 680
1766310 680
1766320 680
1766330 679
1766340 679
1766350 678
1766360 677
1766370 676
1766380 675
1766390 673
1766400 671
1766410 670
1766420 668
1766430 667
1766440 665
1766450 664
1766460 663
1766470 662
1766480 661
1766490 660
1766500 659
1766510 659
1766520 658
1766530 657
1766540 656
1766550 655
1766560 654
1766570 653
1766580 652
1766590 652
1766600 651
1766610 651
1766620 650
1766630 650
1766640 650
1766650 649
1766660 649
1766670 648
1766680 647
1766690 647
1766700 646
1766710 646
1766720 645
1766730 644
1766740 643
1766750 642
1766760 641
1766770 641
1766780 641
1766790 641
1766800 640
1766810 640
1766820 640
1766830 639
1766840 639
1766850 638
1766860 638
1766870 638
1766880 637
1766890 636
1766900 636
1766910 635
1766920 634
1766930 633
1766940 632
1766950 631
1766960 630
1766970 629
1766980 627
1766990 626
1767000 624
1767010 623
1767020 622
1767030 620
1767040 619
1767050 617
1767060 616
1767070 616
1767080 615
1767090 614
1767100 613
1767110 612
1767120 610
1767130 610
1767140 609
1767150 608
1767160 608
1767170 607
1767180 607
1767190 607
1767200 605
1767210 604
1767220 603
1767230 601
1767240 600
1767250 599
1767260 597
1767270 595
1767280 593
1767290 591
1767300 588
1767310 586
1767320 583
1767330 581
1767340 579
1767350 577
1767360 575
1767370 573
1767380 571
1767390 569
1767400 566
1767410 563
1767420 560
1767430 558
1767440 557
1767450 556
1767460 556
1767470 555
1767480 554
1767490 554
1767500 553
1767510 552
1767520 552
1767530 553
1767540 554
1767550 555
1767560 556
1767570 556
1767580 557
1767590 558
1767600 558
1767610 559
1767620 559
1767630 560
1767640 560
1767650 560
1767660 561
1767670 561
1767680 562
1767690 562
1767700 562
1767710 563
1767720 563
1767730 563
1767740 563
1767750 563
1767760 563
1767770 563
1767780 563
1767790 563
1767800 562
1767810 562
1767820 562
1767830 562
1767840 561
1767850 561
1767860 560
1767870 560
1767880 559
1767890 559
1767900 559
1767910 559
1767920 559
1767930 559
1767940 559
1767950 559
1767960 559
1767970 559
1767980 559
1767990 559
1768000 559
1768010 559
1768020 559
1768030 559
1768040 559
1768050 559
1768060 559
1768070 559
1768080 558
1768090 558
1768100 558
1768110 558
1768120 558
1768130 557
1768140 557
1768150 557
1768160 556
1768170 555
1768180 554
1768190 552
1768200 550
1768210 549
1768220 548
1768230 546
1768240 545
1768250 544
1768260 543
1768270 543
1768280 542
1768290 542
1768300 542
1768310 542
1768320 541
1768330 541
1768340 541
1768350 541
1768360 541
1768370 540
1768380 540
1768390 540
1768400 540
1768410 540
1768420 540
1768430 540
1768440 540
1768450 539
1768460 539
1768470 539
1768480 539
1768490 539
1768500 538
1768510 537
1768520 537
1768530 537
1768540 536
1768550 535
1768560 536
1768570 537
1768580 539
1768590 540
1768600 541
1768610 542
1768620 544
1768630 545
1768640 546
1768650 547
1768660 549
1768670 550
1768680 551
1768690 553
1768700 554
1768710 555
1768720 556
1768730 557
1768740 558
1768750 559
1768760 560
1768770 561
1768780 562
1768790 563
1768800 564
1768810 565
1768820 566
1768830 566
1768840 567
1768850 568
1768860 570
1768870 571
1768880 572
1768890 573
1768900 574
1768910 575
1768920 576
1768930 577
1768940 578
1768950 579
1768960 580
1768970 581
1768980 580
1768990 580
1769000 579
1769010 578
1769020 577
1769030 576
1769040 576
1769050 575
1769060 575
1769070 575
1769080 575
1769090 575
1769100 575
1769110 575
1769120 576
1769130 576
1769140 577
1769150 579
1769160 580
1769170 582
1769180 584
1769190 586
1769200 587
1769210 589
1769220 591
1769230 594
1769240 596
1769250 598
1769260 600
1769270 602
1769280 604
1769290 606
1769300 608
1769310 610
1769320 612
1769330 613
1769340 615
1769350 617
1769360 619
1769370 620
1769380 622
1769390 623
1769400 624
1769410 625
1769420 625
1769430 626
1769440 627
1769450 628
1769460 630
1769470 631
1769480 632
1769490 633
1769500 635
1769510 636
1769520 637
1769530 637
1769540 638
1769550 639
1769560 640
1769570 641
1769580 642
1769590 643
1769600 644
1769610 646
1769620 646
1769630 647
1769640 648
1769650 649
1769660 650
1769670 650
1769680 651
1769690 652
1769700 652
1769710 653
1769720 653
1769730 653
1769740 653
1769750 653
1769760 653
1769770 653
1769780 653
1769790 653
1769800 652
1769810 652
1769820 651
1769830 651
1769840 650
1769850 650
1769860 649
1769870 648
1769880 648
1769890 647
1769900 646
1769910 645
1769920 644
1769930 643
1769940 642
1769950 641
1769960 640
1769970 639
1769980 638
1769990 637
1770000 636
1770010 635
1770020 633
1770030 631
1770040 630
1770050 628
1770060 627
1770070 625
1770080 623
1770090 622
1770100 620
1770110 618
1770120 617
1770130 615
1770140 613
1770150 611
1770160 609
1770170 606
1770180 604
1770190 600
1770200 598
1770210 595
1770220 592
1770230 590
1770240 588
1770250 586
1770260 585
1770270 583
1770280 582
1770290 580
1770300 579
1770310 577
1770320 576
1770330 574
1770340 572
1770350 571
1770360 569
1770370 568
1770380 566
1770390 565
1770400 564
1770410 564
1770420 563
1770430 563
1770440 562
1770450 562
1770460 562
1770470 561
1770480 561
1770490 561
1770500 560
1770510 560
1770520 559
1770530 559
1770540 558
1770550 558
1770560 557
1770570 556
1770580 555
1770590 555
1770600 554
1770610 553
1770620 553
1770630 553
1770640 552
1770650 552
1770660 551
1770670 551
1770680 551
1770690 550
1770700 550
1770710 549
1770720 549
1770730 549
1770740 548
1770750 548
1770760 548
1770770 548
1770780 548
1770790 548
1770800 548
1770810 547
1770820 547
1770830 547
1770840 547
1770850 547
1770860 547
1770870 547
1770880 546
1770890 546
1770900 546
1770910 545
1770920 545
1770930 545
1770940 544
1770950 544
1770960 544
1770970 543
1770980 543
1770990 542
1771000 541
1771010 541
1771020 540
1771030 539
1771040 538
1771050 537
1771060 537
1771070 536
1771080 535
1771090 534
1771100 533
1771110 532
1771120 531
1771130 530
1771140 529
1771150 528
1771160 527
1771170 525
1771180 524
1771190 523
1771200 521
1771210 520
1771220 519
1771230 518
1771240 517
1771250 516
1771260 514
1771270 513
1771280 512
1771290 511
1771300 509
1771310 509
1771320 508
1771330 508
1771340 507
1771350 507
1771360 507
1771370 506
1771380 506
1771390 506
1771400 506
1771410 505
1771420 505
1771430 504
1771440 504
1771450 504
1771460 503
1771470 503
1771480 503
1771490 503
1771500 503
1771510 503
1771520 504
1771530 506
1771540 508
1771550 510
1771560 511
1771570 512
1771580 514
1771590 515
1771600 516
1771610 517
1771620 518
1771630 519
1771640 520
1771650 521
1771660 522
1771670 523
1771680 524
1771690 525
1771700 526
1771710 527
1771720 527
1771730 528
1771740 529
1771750 529
1771760 530
1771770 530
1771780 530
1771790 530
1771800 530
1771810 530
1771820 530
1771830 529
1771840 529
1771850 528
1771860 527
1771870 525
1771880 524
1771890 523
1771900 522
1771910 521
1771920 521
1771930 521
1771940 521
1771950 521
1771960 522
1771970 523
1771980 524
1771990 525
1772000 525
1772010 526
1772020 527
1772030 528
1772040 528
1772050 529
1772060 530
1772070 531
1772080 532
1772090 533
1772100 533
1772110 534
1772120 535
1772130 536
1772140 537
1772150 538
1772160 539
1772170 539
1772180 540
1772190 540
1772200 541
1772210 542
1772220 543
1772230 544
1772240 546
1772250 548
1772260 549
1772270 551
1772280 552
1772290 553
1772300 555
1772310 556
1772320 557
1772330 558
1772340 559
1772350 560
1772360 561
1772370 562
1772380 563
1772390 564
1772400 565
1772410 567
1772420 568
1772430 570
1772440 571
1772450 572
1772460 573
1772470 574
1772480 575
1772490 576
1772500 576
1772510 577
1772520 577
1772530 577
1772540 578
1772550 578
1772560 579
1772570 579
1772580 580
1772590 580
1772600 580
1772610 581
1772620 581
1772630 581
1772640 582
1772650 582
1772660 582
1772670 583
1772680 583
1772690 583
1772700 583
1772710 583
1772720 583
1772730 582
1772740 582
1772750 582
1772760 581
1772770 580
1772780 580
1772790 579
1772800 579
1772810 578
1772820 578
1772830 578
1772840 577
1772850 577
1772860 577
1772870 576
1772880 576
1772890 575
1772900 575
1772910 574
1772920 573
1772930 572
1772940 572
1772950 571
1772960 569
1772970 568
1772980 567
1772990 566
1773000 564
1773010 563
1773020 561
1773030 560
1773040 558
1773050 557
1773060 556
1773070 554
1773080 553
1773090 552
1773100 551
1773110 549
1773120 548
1773130 547
1773140 546
1773150 545
1773160 544
1773170 543
1773180 541
1773190 540
1773200 539
1773210 538
1773220 538
1773230 537
1773240 536
1773250 536
1773260 535
1773270 534
1773280 533
1773290 532
1773300 532
1773310 531
1773320 530
1773330 529
1773340 528
1773350 527
1773360 526
1773370 526
1773380 525
1773390 524
1773400 523
1773410 522
1773420 521
1773430 521
1773440 520
1773450 519
1773460 518
1773470 517
1773480 516
1773490 514
1773500 512
1773510 510
1773520 508
1773530 505
1773540 503
1773550 501
1773560 499
1773570 497
1773580 496
1773590 495
1773600 494
1773610 492
1773620 492
1773630 492
1773640 492
1773650 492
1773660 492
1773670 492
1773680 492
1773690 493
1773700 494
1773710 495
1773720 496
1773730 497
1773740 498
1773750 500
1773760 501
1773770 503
1773780 505
1773790 506
1773800 508
1773810 510
1773820 512
1773830 513
1773840 513
1773850 514
1773860 514
1773870 513
1773880 513
1773890 513
1773900 514
1773910 514
1773920 514
1773930 515
1773940 515
1773950 516
1773960 516
1773970 516
1773980 516
1773990 517
1774000 517
1774010 518
1774020 518
1774030 519
1774040 519
1774050 520
1774060 520
1774070 521
1774080 521
1774090 522
1774100 522
1774110 523
1774120 523
1774130 523
1774140 524
1774150 524
1774160 524
1774170 524
1774180 525
1774190 525
1774200 525
1774210 526
1774220 526
1774230 526
1774240 527
1774250 527
1774260 528
1774270 529
1774280 529
1774290 530
1774300 530
1774310 531
1774320 531
1774330 532
1774340 532
1774350 533
1774360 533
1774370 534
1774380 534
1774390 535
1774400 535
1774410 536
1774420 536
1774430 536
1774440 537
1774450 537
1774460 537
1774470 538
1774480 538
1774490 538
1774500 539
1774510 539
1774520 539
1774530 540
1774540 540
1774550 540
1774560 541
1774570 541
1774580 541
1774590 541
1774600 541
1774610 541
1774620 541
1774630 541
1774640 542
1774650 542
1774660 543
1774670 543
1774680 544
1774690 545
1774700 545
1774710 546
1774720 546
1774730 546
1774740 547
1774750 548
1774760 549
1774770 551
1774780 552
1774790 552
1774800 551
1774810 551
1774820 550
1774830 550
1774840 550
1774850 550
1774860 549
1774870 548
1774880 547
1774890 546
1774900 545
1774910 544
1774920 543
1774930 542
1774940 541
1774950 540
1774960 539
1774970 538
1774980 537
1774990 536
1775000 536
1775010 536
1775020 536
1775030 535
1775040 535
1775050 535
1775060 535
1775070 535
1775080 536
1775090 536
1775100 536
1775110 536
1775120 536
1775130 537
1775140 537
1775150 537
1775160 537
1775170 537
1775180 537
1775190 537
1775200 538
1775210 537
1775220 537
1775230 537
1775240 537
1775250 537
1775260 537
1775270 537
1775280 537
1775290 536
1775300 536
1775310 536
1775320 535
1775330 534
1775340 533
1775350 531
1775360 531
1775370 530
1775380 530
1775390 530
1775400 530
1775410 530
1775420 530
1775430 530
1775440 530
1775450 530
1775460 529
1775470 529
1775480 529
1775490 528
1775500 528
1775510 527
1775520 527
1775530 527
1775540 527
1775550 527
1775560 526
1775570 526
1775580 526
1775590 526
1775600 525
1775610 525
1775620 525
1775630 526
1775640 526
1775650 526
1775660 527
1775670 527
1775680 528
1775690 528
1775700 529
1775710 529
1775720 530
1775730 531
1775740 532
1775750 532
1775760 533
1775770 534
1775780 535
1775790 535
1775800 536
1775810 536
1775820 536
1775830 537
1775840 537
1775850 537
1775860 537
1775870 537
1775880 536
1775890 536
1775900 536
1775910 536
1775920 536
1775930 535
1775940 535
1775950 535
1775960 536
1775970 536
1775980 536
1775990 535
1776000 535
1776010 535
1776020 534
1776030 534
1776040 534
1776050 534
1776060 533
1776070 533
1776080 533
1776090 533
1776100 533
1776110 533
1776120 533
1776130 532
1776140 532
1776150 531
1776160 531
1776170 531
1776180 530
1776190 530
1776200 529
1776210 528
1776220 526
1776230 525
1776240 524
1776250 524
1776260 523
1776270 522
1776280 521
1776290 520
1776300 519
1776310 518
1776320 517
1776330 516
1776340 514
1776350 513
1776360 510
1776370 508
1776380 504
1776390 501
1776400 497
1776410 493
1776420 489
1776430 486
1776440 484
1776450 484
1776460 483
1776470 483
1776480 483
1776490 483
1776500 484
1776510 484
1776520 485
1776530 485
1776540 485
1776550 485
1776560 485
1776570 485
1776580 485
1776590 485
1776600 485
1776610 485
1776620 485
1776630 486
1776640 486
1776650 486
1776660 486
1776670 486
1776680 486
1776690 486
1776700 486
1776710 486
1776720 486
1776730 486
1776740 486
1776750 486
1776760 486
1776770 486
1776780 486
1776790 486
1776800 486
1776810 486
1776820 486
1776830 486
1776840 486
1776850 486
1776860 487
1776870 489
1776880 490
1776890 491
1776900 492
1776910 493
1776920 494
1776930 495
1776940 495
1776950 495
1776960 494
1776970 494
1776980 494
1776990 494
1777000 494
1777010 494
1777020 495
1777030 495
1777040 496
1777050 497
1777060 499
1777070 500
1777080 501
1777090 502
1777100 502
1777110 503
1777120 503
1777130 503
1777140 503
1777150 504
1777160 504
1777170 505
1777180 506
1777190 507
1777200 508
1777210 509
1777220 509
1777230 509
1777240 509
1777250 508
1777260 508
1777270 508
1777280 507
1777290 507
1777300 507
1777310 508
1777320 508
1777330 508
1777340 508
1777350 508
1777360 508
1777370 508
1777380 507
1777390 507
1777400 506
1777410 505
1777420 504
1777430 503
1777440 503
1777450 503
1777460 503
1777470 504
1777480 504
1777490 505
1777500 505
1777510 505
1777520 506
1777530 507
1777540 508
1777550 508
1777560 508
1777570 508
1777580 509
1777590 510
1777600 510
1777610 511
1777620 511
1777630 511
1777640 512
1777650 512
1777660 513
1777670 515
1777680 516
1777690 518
1777700 519
1777710 519
1777720 520
1777730 520
1777740 520
1777750 520
1777760 520
1777770 520
1777780 520
1777790 520
1777800 520
1777810 520
1777820 520
1777830 519
1777840 519
1777850 519
1777860 519
1777870 519
1777880 519
1777890 519
1777900 519
1777910 519
1777920 519
1777930 519
1777940 519
1777950 518
1777960 518
1777970 518
1777980 519
1777990 519
1778000 519
1778010 519
1778020 520
1778030 520
1778040 520
1778050 520
1778060 520
1778070 520
1778080 520
1778090 520
1778100 521
1778110 521
1778120 521
1778130 521
1778140 520
1778150 520
1778160 520
1778170 520
1778180 520
1778190 520
1778200 520
1778210 519
1778220 519
1778230 519
1778240 518
1778250 518
1778260 518
1778270 518
1778280 518
1778290 518
1778300 517
1778310 518
1778320 518
1778330 518
1778340 519
1778350 519
1778360 519
1778370 520
1778380 520
1778390 520
1778400 520
1778410 520
1778420 520
1778430 520
1778440 519
1778450 519
1778460 518
1778470 518
1778480 517
1778490 517
1778500 516
1778510 516
1778520 516
1778530 515
1778540 515
1778550 515
1778560 514
1778570 514
1778580 513
1778590 513
1778600 512
1778610 511
1778620 510
1778630 509
1778640 507
1778650 505
1778660 503
1778670 500
1778680 497
1778690 494
1778700 495
1778710 496
1778720 497
1778730 497
1778740 498
1778750 499
1778760 500
1778770 501
1778780 501
1778790 502
1778800 503
1778810 504
1778820 505
1778830 506
1778840 507
1778850 507
1778860 507
1778870 507
1778880 507
1778890 507
1778900 508
1778910 508
1778920 509
1778930 509
1778940 510
1778950 511
1778960 512
1778970 513
1778980 514
1778990 515
1779000 517
1779010 518
1779020 519
1779030 519
1779040 520
1779050 521
1779060 522
1779070 522
1779080 523
1779090 523
1779100 523
1779110 523
1779120 523
1779130 522
1779140 522
1779150 522
1779160 522
1779170 522
1779180 522
1779190 522
1779200 522
1779210 522
1779220 521
1779230 521
1779240 521
1779250 521
1779260 520
1779270 520
1779280 520
1779290 519
1779300 519
1779310 518
1779320 518
1779330 518
1779340 519
1779350 519
1779360 518
1779370 516
1779380 514
1779390 513
1779400 511
1779410 510
1779420 509
1779430 506
1779440 504
1779450 503
1779460 501
1779470 500
1779480 499
1779490 500
1779500 500
1779510 501
1779520 503
1779530 505
1779540 508
1779550 510
1779560 512
1779570 515
1779580 517
1779590 520
1779600 523
1779610 527
1779620 530
1779630 534
1779640 538
1779650 542
1779660 546
1779670 550
1779680 554
1779690 558
1779700 562
1779710 566
1779720 569
1779730 573
1779740 577
1779750 580
1779760 583
1779770 585
1779780 587
1779790 589
1779800 590
1779810 591
1779820 592
1779830 592
1779840 592
1779850 591
1779860 591
1779870 590
1779880 590
1779890 590
1779900 589
1779910 589
1779920 590
1779930 590
1779940 591
1779950 592
1779960 592
1779970 591
1779980 591
1779990 590
