1760000 557
1760010 557
1760020 557
1760030 556
1760040 556
1760050 556
1760060 555
1760070 554
1760080 554
1760090 553
1760100 552
1760110 551
1760120 550
1760130 549
1760140 549
1760150 549
1760160 548
1760170 548
1760180 547
1760190 547
1760200 546
1760210 545
1760220 545
1760230 545
1760240 545
1760250 545
1760260 545
1760270 545
1760280 545
1760290 545
1760300 546
1760310 546
1760320 545
1760330 545
1760340 546
1760350 547
1760360 549
1760370 550
1760380 551
1760390 552
1760400 552
1760410 553
1760420 554
1760430 555
1760440 556
1760450 557
1760460 558
1760470 559
1760480 561
1760490 562
1760500 563
1760510 564
1760520 565
1760530 566
1760540 566
1760550 565
1760560 565
1760570 565
1760580 564
1760590 564
1760600 564
1760610 563
1760620 563
1760630 563
1760640 562
1760650 562
1760660 561
1760670 561
1760680 560
1760690 559
1760700 559
1760710 558
1760720 557
1760730 556
1760740 556
1760750 555
1760760 554
1760770 554
1760780 553
1760790 552
1760800 552
1760810 551
1760820 550
1760830 549
1760840 549
1760850 548
1760860 547
1760870 545
1760880 544
1760890 542
1760900 541
1760910 542
1760920 543
1760930 544
1760940 545
1760950 545
1760960 546
1760970 547
1760980 548
1760990 549
1761000 551
1761010 552
1761020 553
1761030 553
1761040 554
1761050 554
1761060 555
1761070 555
1761080 555
1761090 556
1761100 556
1761110 557
1761120 557
1761130 558
1761140 558
1761150 559
1761160 559
1761170 559
1761180 560
1761190 560
1761200 560
1761210 560
1761220 560
1761230 560
1761240 560
1761250 559
1761260 559
1761270 559
1761280 559
1761290 558
1761300 558
1761310 558
1761320 557
1761330 557
1761340 556
1761350 556
1761360 555
1761370 555
1761380 555
1761390 554
1761400 553
1761410 552
1761420 552
1761430 551
1761440 551
1761450 550
1761460 550
1761470 549
1761480 549
1761490 548
1761500 548
1761510 547
1761520 547
1761530 546
1761540 546
1761550 545
1761560 545
1761570 544
1761580 544
1761590 543
1761600 542
1761610 542
1761620 541
1761630 540
1761640 540
1761650 539
1761660 538
1761670 538
1761680 537
1761690 536
1761700 535
1761710 535
1761720 534
1761730 533
1761740 532
1761750 531
1761760 531
1761770 530
1761780 529
1761790 529
1761800 528
1761810 527
1761820 525
1761830 524
1761840 522
1761850 520
1761860 518
1761870 516
1761880 515
1761890 514
1761900 514
1761910 514
1761920 514
1761930 513
1761940 513
1761950 512
1761960 512
1761970 513
1761980 513
1761990 513
1762000 514
1762010 514
1762020 515
1762030 518
1762040 520
1762050 522
1762060 524
1762070 527
1762080 529
1762090 530
1762100 530
1762110 530
1762120 529
1762130 529
1762140 528
1762150 528
1762160 528
1762170 528
1762180 528
1762190 528
1762200 528
1762210 528
1762220 528
1762230 528
1762240 528
1762250 528
1762260 528
1762270 529
1762280 529
1762290 529
1762300 530
1762310 530
1762320 530
1762330 531
1762340 531
1762350 531
1762360 531
1762370 532
1762380 532
1762390 532
1762400 532
1762410 532
1762420 533
1762430 533
1762440 533
1762450 534
1762460 534
1762470 535
1762480 535
1762490 536
1762500 536
1762510 536
1762520 536
1762530 537
1762540 537
1762550 537
1762560 538
1762570 539
1762580 539
1762590 540
1762600 541
1762610 541
1762620 542
1762630 543
1762640 543
1762650 543
1762660 544
1762670 544
1762680 545
1762690 546
1762700 547
1762710 547
1762720 548
1762730 549
1762740 550
1762750 550
1762760 551
1762770 551
1762780 552
1762790 552
1762800 552
1762810 553
1762820 554
1762830 554
1762840 554
1762850 555
1762860 556
1762870 556
1762880 557
1762890 558
1762900 559
1762910 559
1762920 560
1762930 560
1762940 561
1762950 561
1762960 562
1762970 563
1762980 563
1762990 563
1763000 563
1763010 562
1763020 562
1763030 562
1763040 562
1763050 562
1763060 564
1763070 565
1763080 568
1763090 569
1763100 571
1763110 572
1763120 572
1763130 572
1763140 571
1763150 572
1763160 574
1763170 575
1763180 575
1763190 575
1763200 575
1763210 576
1763220 577
1763230 578
1763240 579
1763250 581
1763260 583
1763270 584
1763280 585
1763290 586
1763300 586
1763310 587
1763320 587
1763330 588
1763340 589
1763350 590
1763360 590
1763370 591
1763380 592
1763390 592
1763400 593
1763410 593
1763420 594
1763430 595
1763440 595
1763450 596
1763460 596
1763470 597
1763480 597
1763490 597
1763500 598
1763510 598
1763520 598
1763530 598
1763540 598
1763550 598
1763560 598
1763570 598
1763580 598
1763590 598
1763600 598
1763610 598
1763620 597
1763630 597
1763640 597
1763650 597
1763660 596
1763670 596
1763680 595
1763690 595
1763700 594
1763710 593
1763720 592
1763730 592
1763740 591
1763750 591
1763760 590
1763770 589
1763780 588
1763790 586
1763800 585
1763810 584
1763820 582
1763830 580
1763840 578
1763850 576
1763860 574
1763870 572
1763880 571
1763890 570
1763900 569
1763910 568
1763920 567
1763930 566
1763940 566
1763950 565
1763960 565
1763970 564
1763980 563
1763990 562
1764000 562
1764010 561
1764020 561
1764030 560
1764040 560
1764050 560
1764060 560
1764070 560
1764080 560
1764090 560
1764100 559
1764110 559
1764120 558
1764130 558
1764140 558
1764150 558
1764160 557
1764170 557
1764180 557
1764190 557
1764200 557
1764210 556
1764220 556
1764230 556
1764240 556
1764250 557
1764260 558
1764270 559
1764280 560
1764290 560
1764300 560
1764310 561
1764320 561
1764330 561
1764340 562
1764350 562
1764360 562
1764370 562
1764380 562
1764390 562
1764400 562
1764410 562
1764420 562
1764430 562
1764440 562
1764450 562
1764460 562
1764470 562
1764480 562
1764490 562
1764500 562
1764510 561
1764520 561
1764530 561
1764540 560
1764550 560
1764560 560
1764570 559
1764580 559
1764590 560
1764600 560
1764610 559
1764620 559
1764630 559
1764640 559
1764650 560
1764660 561
1764670 562
1764680 562
1764690 563
1764700 564
1764710 564
1764720 566
1764730 568
1764740 570
1764750 571
1764760 572
1764770 573
1764780 574
1764790 575
1764800 576
1764810 577
1764820 577
1764830 578
1764840 579
1764850 580
1764860 581
1764870 581
1764880 582
1764890 583
1764900 584
1764910 584
1764920 585
1764930 584
1764940 585
1764950 586
1764960 588
1764970 589
1764980 591
1764990 592
1765000 593
1765010 594
1765020 595
1765030 596
1765040 596
1765050 597
1765060 598
1765070 599
1765080 600
1765090 601
1765100 603
1765110 604
1765120 605
1765130 606
1765140 607
1765150 608
1765160 609
1765170 610
1765180 610
1765190 611
1765200 611
1765210 611
1765220 612
1765230 612
1765240 613
1765250 613
1765260 613
1765270 614
1765280 614
1765290 614
1765300 615
1765310 615
1765320 615
1765330 616
1765340 616
1765350 616
1765360 616
1765370 616
1765380 616
1765390 616
1765400 616
1765410 616
1765420 616
1765430 616
1765440 616
1765450 616
1765460 615
1765470 615
1765480 615
1765490 615
1765500 614
1765510 614
1765520 613
1765530 612
1765540 612
1765550 611
1765560 610
1765570 609
1765580 609
1765590 608
1765600 607
1765610 606
1765620 605
1765630 604
1765640 603
1765650 602
1765660 601
1765670 600
1765680 599
1765690 598
1765700 597
1765710 596
1765720 595
1765730 594
1765740 594
1765750 593
1765760 592
1765770 590
1765780 589
1765790 587
1765800 586
1765810 584
1765820 582
1765830 580
1765840 578
1765850 576
1765860 575
1765870 573
1765880 571
1765890 569
1765900 567
1765910 567
1765920 567
1765930 568
1765940 568
1765950 568
1765960 567
1765970 566
1765980 566
1765990 565
1766000 563
1766010 561
1766020 562
1766030 562
1766040 562
1766050 562
1766060 563
1766070 564
1766080 565
1766090 565
1766100 565
1766110 565
1766120 566
1766130 566
1766140 567
1766150 568
1766160 569
1766170 570
1766180 571
1766190 572
1766200 573
1766210 574
1766220 575
1766230 575
1766240 576
1766250 577
1766260 577
1766270 577
1766280 578
1766290 578
1766300 578
1766310 578
1766320 578
1766330 578
1766340 578
1766350 578
1766360 578
1766370 578
1766380 578
1766390 578
1766400 578
1766410 578
1766420 578
1766430 579
1766440 579
1766450 580
1766460 580
1766470 581
1766480 581
1766490 582
1766500 582
1766510 583
1766520 583
1766530 583
1766540 583
1766550 584
1766560 584
1766570 584
1766580 584
1766590 584
1766600 584
1766610 584
1766620 585
1766630 585
1766640 585
1766650 585
1766660 585
1766670 585
1766680 586
1766690 586
1766700 586
1766710 587
1766720 587
1766730 587
1766740 587
1766750 587
1766760 587
1766770 587
1766780 587
1766790 587
1766800 587
1766810 587
1766820 587
1766830 587
1766840 587
1766850 586
1766860 586
1766870 586
1766880 585
1766890 585
1766900 584
1766910 584
1766920 583
1766930 583
1766940 582
1766950 581
1766960 581
1766970 580
1766980 579
1766990 579
1767000 578
1767010 577
1767020 577
1767030 576
1767040 576
1767050 576
1767060 576
1767070 576
1767080 575
1767090 575
1767100 575
1767110 574
1767120 573
1767130 573
1767140 572
1767150 571
1767160 571
1767170 570
1767180 570
1767190 569
1767200 569
1767210 569
1767220 568
1767230 568
1767240 567
1767250 567
1767260 566
1767270 566
1767280 566
1767290 566
1767300 565
1767310 565
1767320 565
1767330 565
1767340 565
1767350 565
1767360 565
1767370 565
1767380 564
1767390 564
1767400 563
1767410 563
1767420 563
1767430 562
1767440 563
1767450 563
1767460 563
1767470 563
1767480 562
1767490 562
1767500 561
1767510 561
1767520 560
1767530 560
1767540 560
1767550 560
1767560 560
1767570 559
1767580 559
1767590 559
1767600 559
1767610 558
1767620 558
1767630 558
1767640 558
1767650 558
1767660 558
1767670 558
1767680 557
1767690 557
1767700 556
1767710 556
1767720 556
1767730 556
1767740 556
1767750 556
1767760 555
1767770 556
1767780 555
1767790 555
1767800 555
1767810 555
1767820 555
1767830 555
1767840 555
1767850 556
1767860 556
1767870 557
1767880 558
1767890 558
1767900 559
1767910 560
1767920 560
1767930 561
1767940 561
1767950 561
1767960 562
1767970 562
1767980 562
1767990 563
1768000 563
1768010 563
1768020 563
1768030 563
1768040 563
1768050 563
1768060 563
1768070 563
1768080 562
1768090 562
1768100 562
1768110 561
1768120 561
1768130 561
1768140 560
1768150 560
1768160 560
1768170 559
1768180 559
1768190 559
1768200 559
1768210 558
1768220 558
1768230 558
1768240 557
1768250 557
1768260 556
1768270 556
1768280 555
1768290 555
1768300 554
1768310 554
1768320 553
1768330 553
1768340 553
1768350 552
1768360 552
1768370 551
1768380 551
1768390 551
1768400 550
1768410 550
1768420 550
1768430 549
1768440 549
1768450 549
1768460 548
1768470 548
1768480 548
1768490 547
1768500 547
1768510 546
1768520 546
1768530 545
1768540 545
1768550 544
1768560 543
1768570 542
1768580 542
1768590 541
1768600 540
1768610 539
1768620 538
1768630 538
1768640 537
1768650 537
1768660 536
1768670 536
1768680 535
1768690 535
1768700 534
1768710 534
1768720 533
1768730 533
1768740 532
1768750 532
1768760 531
1768770 530
1768780 530
1768790 529
1768800 528
1768810 527
1768820 526
1768830 525
1768840 524
1768850 523
1768860 523
1768870 522
1768880 522
1768890 521
1768900 520
1768910 520
1768920 519
1768930 519
1768940 518
1768950 517
1768960 517
1768970 516
1768980 516
1768990 516
1769000 515
1769010 514
1769020 514
1769030 513
1769040 513
1769050 512
1769060 512
1769070 512
1769080 511
1769090 511
1769100 510
1769110 510
1769120 509
1769130 509
1769140 508
1769150 508
1769160 507
1769170 507
1769180 506
1769190 506
1769200 505
1769210 504
1769220 504
1769230 503
1769240 502
1769250 501
1769260 501
1769270 500
1769280 499
1769290 498
1769300 497
1769310 496
1769320 496
1769330 495
1769340 494
1769350 493
1769360 492
1769370 491
1769380 491
1769390 490
1769400 490
1769410 489
1769420 488
1769430 487
1769440 486
1769450 486
1769460 485
1769470 485
1769480 484
1769490 484
1769500 483
1769510 483
1769520 482
1769530 481
1769540 481
1769550 480
1769560 480
1769570 479
1769580 479
1769590 479
1769600 479
1769610 479
1769620 479
1769630 479
1769640 478
1769650 478
1769660 478
1769670 478
1769680 478
1769690 478
1769700 478
1769710 477
1769720 477
1769730 477
1769740 477
1769750 477
1769760 477
1769770 477
1769780 477
1769790 476
1769800 476
1769810 476
1769820 476
1769830 476
1769840 476
1769850 475
1769860 475
1769870 475
1769880 474
1769890 474
1769900 474
1769910 474
1769920 473
1769930 473
1769940 472
1769950 472
1769960 471
1769970 471
1769980 472
1769990 471
1770000 471
1770010 471
1770020 471
1770030 471
1770040 471
1770050 471
1770060 470
1770070 470
1770080 470
1770090 470
1770100 470
1770110 469
1770120 468
1770130 468
1770140 468
1770150 468
1770160 469
1770170 469
1770180 470
1770190 471
1770200 471
1770210 471
1770220 471
1770230 471
1770240 471
1770250 471
1770260 471
1770270 471
1770280 471
1770290 471
1770300 471
1770310 471
1770320 470
1770330 470
1770340 470
1770350 470
1770360 470
1770370 470
1770380 469
1770390 469
1770400 469
1770410 469
1770420 470
1770430 470
1770440 469
1770450 469
1770460 469
1770470 469
1770480 469
1770490 470
1770500 470
1770510 470
1770520 471
1770530 471
1770540 472
1770550 474
1770560 476
1770570 478
1770580 480
1770590 481
1770600 482
1770610 484
1770620 485
1770630 486
1770640 488
1770650 490
1770660 491
1770670 493
1770680 494
1770690 495
1770700 497
1770710 498
1770720 500
1770730 501
1770740 503
1770750 504
1770760 506
1770770 507
1770780 508
1770790 508
1770800 508
1770810 507
1770820 506
1770830 506
1770840 505
1770850 505
1770860 504
1770870 504
1770880 504
1770890 503
1770900 503
1770910 503
1770920 503
1770930 503
1770940 502
1770950 501
1770960 501
1770970 500
1770980 499
1770990 499
1771000 499
1771010 499
1771020 498
1771030 498
1771040 498
1771050 498
1771060 497
1771070 497
1771080 496
1771090 496
1771100 496
1771110 496
1771120 495
1771130 495
1771140 495
1771150 495
1771160 494
1771170 494
1771180 494
1771190 494
1771200 493
1771210 493
1771220 493
1771230 493
1771240 492
1771250 492
1771260 492
1771270 492
1771280 492
1771290 492
1771300 492
1771310 492
1771320 492
1771330 491
1771340 491
1771350 491
1771360 491
1771370 491
1771380 491
1771390 491
1771400 491
1771410 490
1771420 490
1771430 490
1771440 490
1771450 490
1771460 490
1771470 490
1771480 490
1771490 490
1771500 490
1771510 490
1771520 490
1771530 489
1771540 489
1771550 489
1771560 489
1771570 489
1771580 489
1771590 489
1771600 489
1771610 489
1771620 489
1771630 489
1771640 489
1771650 489
1771660 489
1771670 490
1771680 490
1771690 490
1771700 490
1771710 490
1771720 490
1771730 490
1771740 490
1771750 489
1771760 490
1771770 490
1771780 490
1771790 490
1771800 490
1771810 489
1771820 489
1771830 489
1771840 489
1771850 489
1771860 489
1771870 489
1771880 489
1771890 489
1771900 489
1771910 489
1771920 489
1771930 489
1771940 489
1771950 489
1771960 488
1771970 488
1771980 487
1771990 487
1772000 487
1772010 487
1772020 486
1772030 486
1772040 486
1772050 486
1772060 486
1772070 486
1772080 486
1772090 486
1772100 486
1772110 485
1772120 485
1772130 485
1772140 484
1772150 484
1772160 484
1772170 484
1772180 483
1772190 483
1772200 482
1772210 482
1772220 482
1772230 482
1772240 482
1772250 482
1772260 482
1772270 483
1772280 483
1772290 483
1772300 483
1772310 483
1772320 483
1772330 484
1772340 484
1772350 484
1772360 484
1772370 484
1772380 484
1772390 485
1772400 485
1772410 485
1772420 485
1772430 485
1772440 485
1772450 485
1772460 485
1772470 485
1772480 485
1772490 485
1772500 486
1772510 487
1772520 487
1772530 488
1772540 488
1772550 488
1772560 488
1772570 488
1772580 488
1772590 488
1772600 488
1772610 488
1772620 488
1772630 487
1772640 487
1772650 487
1772660 486
1772670 486
1772680 486
1772690 486
1772700 485
1772710 485
1772720 485
1772730 485
1772740 485
1772750 485
1772760 485
1772770 484
1772780 484
1772790 484
1772800 484
1772810 484
1772820 484
1772830 483
1772840 483
1772850 483
1772860 483
1772870 483
1772880 482
1772890 482
1772900 482
1772910 481
1772920 481
1772930 481
1772940 480
1772950 480
1772960 480
1772970 480
1772980 479
1772990 479
1773000 479
1773010 478
1773020 478
1773030 478
1773040 477
1773050 476
1773060 476
1773070 475
1773080 474
1773090 473
1773100 471
1773110 470
1773120 469
1773130 468
1773140 467
1773150 467
1773160 467
1773170 466
1773180 466
1773190 466
1773200 466
1773210 466
1773220 465
1773230 465
1773240 464
1773250 463
1773260 462
1773270 460
1773280 459
1773290 458
1773300 457
1773310 456
1773320 455
1773330 455
1773340 454
1773350 453
1773360 452
1773370 451
1773380 451
1773390 450
1773400 449
1773410 449
1773420 448
1773430 447
1773440 447
1773450 447
1773460 446
1773470 446
1773480 446
1773490 446
1773500 446
1773510 446
1773520 445
1773530 445
1773540 445
1773550 445
1773560 445
1773570 445
1773580 444
1773590 444
1773600 444
1773610 444
1773620 443
1773630 443
1773640 443
1773650 443
1773660 443
1773670 443
1773680 443
1773690 443
1773700 443
1773710 443
1773720 443
1773730 443
1773740 443
1773750 443
1773760 442
1773770 442
1773780 442
1773790 442
1773800 442
1773810 443
1773820 443
1773830 443
1773840 443
1773850 444
1773860 446
1773870 448
1773880 450
1773890 451
1773900 452
1773910 453
1773920 454
1773930 455
1773940 455
1773950 456
1773960 456
1773970 456
1773980 456
1773990 456
1774000 456
1774010 456
1774020 456
1774030 456
1774040 455
1774050 455
1774060 455
1774070 454
1774080 454
1774090 454
1774100 453
1774110 453
1774120 452
1774130 452
1774140 451
1774150 451
1774160 451
1774170 450
1774180 450
1774190 449
1774200 449
1774210 448
1774220 448
1774230 447
1774240 447
1774250 446
1774260 445
1774270 444
1774280 443
1774290 441
1774300 440
1774310 438
1774320 437
1774330 435
1774340 434
1774350 433
1774360 432
1774370 432
1774380 431
1774390 431
1774400 431
1774410 431
1774420 431
1774430 431
1774440 431
1774450 431
1774460 431
1774470 431
1774480 431
1774490 431
1774500 431
1774510 431
1774520 431
1774530 431
1774540 431
1774550 431
1774560 430
1774570 429
1774580 428
1774590 429
1774600 430
1774610 431
1774620 431
1774630 431
1774640 430
1774650 430
1774660 430
1774670 430
1774680 430
1774690 430
1774700 430
1774710 430
1774720 430
1774730 430
1774740 430
1774750 430
1774760 430
1774770 430
1774780 430
1774790 430
1774800 429
1774810 429
1774820 429
1774830 429
1774840 429
1774850 429
1774860 429
1774870 429
1774880 429
1774890 429
1774900 429
1774910 428
1774920 428
1774930 428
1774940 428
1774950 428
1774960 428
1774970 428
1774980 428
1774990 428
1775000 428
1775010 428
1775020 428
1775030 428
1775040 428
1775050 428
1775060 428
1775070 428
1775080 428
1775090 427
1775100 427
1775110 427
1775120 427
1775130 427
1775140 426
1775150 426
1775160 426
1775170 426
1775180 426
1775190 426
1775200 426
1775210 426
1775220 426
1775230 426
1775240 426
1775250 426
1775260 426
1775270 426
1775280 426
1775290 426
1775300 426
1775310 426
1775320 426
1775330 426
1775340 426
1775350 426
1775360 426
1775370 426
1775380 426
1775390 426
1775400 426
1775410 426
1775420 426
1775430 426
1775440 426
1775450 426
1775460 426
1775470 426
1775480 426
1775490 426
1775500 426
1775510 426
1775520 426
1775530 426
1775540 426
1775550 426
1775560 425
1775570 425
1775580 425
1775590 425
1775600 425
1775610 424
1775620 423
1775630 422
1775640 422
1775650 422
1775660 422
1775670 422
1775680 422
1775690 422
1775700 422
1775710 422
1775720 422
1775730 422
1775740 422
1775750 421
1775760 421
1775770 422
1775780 423
1775790 424
1775800 425
1775810 425
1775820 425
1775830 425
1775840 424
1775850 424
1775860 424
1775870 424
1775880 424
1775890 424
1775900 424
1775910 424
1775920 424
1775930 424
1775940 424
1775950 425
1775960 425
1775970 425
1775980 425
1775990 424
1776000 424
1776010 424
1776020 423
1776030 423
1776040 423
1776050 423
1776060 423
1776070 423
1776080 423
1776090 423
1776100 423
1776110 423
1776120 424
1776130 425
1776140 426
1776150 428
1776160 431
1776170 434
1776180 437
1776190 440
1776200 443
1776210 445
1776220 448
1776230 450
1776240 452
1776250 454
1776260 456
1776270 458
1776280 461
1776290 462
1776300 464
1776310 466
1776320 467
1776330 469
1776340 471
1776350 473
1776360 475
1776370 479
1776380 482
1776390 486
1776400 489
1776410 493
1776420 497
1776430 500
1776440 503
1776450 507
1776460 510
1776470 512
1776480 515
1776490 517
1776500 518
1776510 519
1776520 520
1776530 520
1776540 520
1776550 521
1776560 521
1776570 521
1776580 521
1776590 521
1776600 521
1776610 521
1776620 521
1776630 521
1776640 521
1776650 521
1776660 521
1776670 521
1776680 521
1776690 521
1776700 521
1776710 521
1776720 521
1776730 520
1776740 520
1776750 520
1776760 520
1776770 520
1776780 521
1776790 521
1776800 521
1776810 522
1776820 523
1776830 523
1776840 525
1776850 526
1776860 527
1776870 529
1776880 531
1776890 532
1776900 534
1776910 536
1776920 539
1776930 540
1776940 542
1776950 543
1776960 545
1776970 546
1776980 548
1776990 550
1777000 551
1777010 553
1777020 554
1777030 555
1777040 557
1777050 558
1777060 560
1777070 561
1777080 562
1777090 563
1777100 564
1777110 565
1777120 566
1777130 567
1777140 568
1777150 569
1777160 570
1777170 571
1777180 571
1777190 572
1777200 572
1777210 572
1777220 572
1777230 573
1777240 573
1777250 573
1777260 573
1777270 573
1777280 573
1777290 573
1777300 574
1777310 574
1777320 574
1777330 575
1777340 575
1777350 576
1777360 576
1777370 576
1777380 577
1777390 577
1777400 577
1777410 578
1777420 578
1777430 578
1777440 578
1777450 578
1777460 579
1777470 579
1777480 579
1777490 579
1777500 580
1777510 580
1777520 580
1777530 580
1777540 581
1777550 581
1777560 581
1777570 582
1777580 582
1777590 582
1777600 583
1777610 583
1777620 583
1777630 584
1777640 584
1777650 584
1777660 584
1777670 584
1777680 585
1777690 585
1777700 585
1777710 585
1777720 585
1777730 585
1777740 584
1777750 584
1777760 584
1777770 584
1777780 583
1777790 583
1777800 583
1777810 582
1777820 582
1777830 582
1777840 581
1777850 581
1777860 580
1777870 580
1777880 579
1777890 578
1777900 578
1777910 577
1777920 576
1777930 575
1777940 574
1777950 573
1777960 572
1777970 571
1777980 569
1777990 568
1778000 567
1778010 565
1778020 564
1778030 562
1778040 561
1778050 559
1778060 558
1778070 556
1778080 554
1778090 553
1778100 551
1778110 549
1778120 547
1778130 545
1778140 543
1778150 541
1778160 538
1778170 536
1778180 534
1778190 532
1778200 530
1778210 527
1778220 524
1778230 522
1778240 519
1778250 516
1778260 513
1778270 510
1778280 507
1778290 504
1778300 501
1778310 498
1778320 496
1778330 494
1778340 491
1778350 489
1778360 487
1778370 485
1778380 483
1778390 481
1778400 479
1778410 476
1778420 473
1778430 470
1778440 467
1778450 464
1778460 462
1778470 459
1778480 456
1778490 454
1778500 452
1778510 450
1778520 448
1778530 446
1778540 444
1778550 442
1778560 441
1778570 439
1778580 437
1778590 435
1778600 433
1778610 432
1778620 431
1778630 429
1778640 428
1778650 426
1778660 425
1778670 423
1778680 422
1778690 421
1778700 419
1778710 418
1778720 417
1778730 416
1778740 415
1778750 414
1778760 414
1778770 414
1778780 413
1778790 413
1778800 413
1778810 413
1778820 412
1778830 411
1778840 410
1778850 408
1778860 407
1778870 408
1778880 409
1778890 409
1778900 410
1778910 410
1778920 410
1778930 411
1778940 412
1778950 413
1778960 414
1778970 418
1778980 422
1778990 426
1779000 430
1779010 434
1779020 437
1779030 440
1779040 443
1779050 446
1779060 450
1779070 453
1779080 456
1779090 459
1779100 462
1779110 465
1779120 467
1779130 470
1779140 472
1779150 474
1779160 476
1779170 478
1779180 480
1779190 482
1779200 484
1779210 487
1779220 489
1779230 492
1779240 494
1779250 497
1779260 499
1779270 501
1779280 502
1779290 503
1779300 503
1779310 503
1779320 503
1779330 504
1779340 504
1779350 504
1779360 504
1779370 505
1779380 505
1779390 504
1779400 504
1779410 504
1779420 503
1779430 503
1779440 502
1779450 502
1779460 501
1779470 501
1779480 501
1779490 502
1779500 502
1779510 503
1779520 503
1779530 504
1779540 505
1779550 507
1779560 508
1779570 510
1779580 511
1779590 512
1779600 513
1779610 513
1779620 514
1779630 515
1779640 515
1779650 516
1779660 517
1779670 517
1779680 518
1779690 520
1779700 521
1779710 522
1779720 524
1779730 525
1779740 526
1779750 528
1779760 529
1779770 530
1779780 531
1779790 532
1779800 533
1779810 534
1779820 535
1779830 535
1779840 536
1779850 537
1779860 537
1779870 538
1779880 538
1779890 538
1779900 538
1779910 538
1779920 538
1779930 537
1779940 537
1779950 537
1779960 536
1779970 536
1779980 535
1779990 535
