1760000 566
1760010 565
1760020 564
1760030 564
1760040 564
1760050 563
1760060 563
1760070 562
1760080 561
1760090 560
1760100 559
1760110 558
1760120 557
1760130 556
1760140 555
1760150 554
1760160 554
1760170 553
1760180 553
1760190 553
1760200 553
1760210 552
1760220 552
1760230 552
1760240 552
1760250 551
1760260 551
1760270 551
1760280 551
1760290 551
1760300 551
1760310 551
1760320 552
1760330 552
1760340 552
1760350 552
1760360 551
1760370 552
1760380 553
1760390 554
1760400 555
1760410 556
1760420 556
1760430 557
1760440 558
1760450 559
1760460 560
1760470 561
1760480 562
1760490 563
1760500 564
1760510 566
1760520 567
1760530 567
1760540 568
1760550 567
1760560 567
1760570 566
1760580 566
1760590 566
1760600 566
1760610 565
1760620 565
1760630 564
1760640 564
1760650 564
1760660 563
1760670 563
1760680 562
1760690 562
1760700 561
1760710 560
1760720 560
1760730 559
1760740 559
1760750 558
1760760 557
1760770 557
1760780 556
1760790 556
1760800 555
1760810 554
1760820 554
1760830 553
1760840 552
1760850 551
1760860 551
1760870 550
1760880 548
1760890 547
1760900 546
1760910 545
1760920 545
1760930 545
1760940 546
1760950 547
1760960 549
1760970 550
1760980 551
1760990 552
1761000 553
1761010 554
1761020 555
1761030 555
1761040 556
1761050 556
1761060 556
1761070 557
1761080 557
1761090 558
1761100 558
1761110 559
1761120 559
1761130 560
1761140 560
1761150 560
1761160 561
1761170 561
1761180 561
1761190 561
1761200 561
1761210 561
1761220 561
1761230 561
1761240 560
1761250 560
1761260 560
1761270 559
1761280 559
1761290 558
1761300 558
1761310 557
1761320 557
1761330 556
1761340 556
1761350 555
1761360 555
1761370 554
1761380 553
1761390 552
1761400 552
1761410 551
1761420 550
1761430 550
1761440 549
1761450 549
1761460 548
1761470 548
1761480 547
1761490 546
1761500 546
1761510 545
1761520 545
1761530 544
1761540 544
1761550 543
1761560 543
1761570 542
1761580 541
1761590 540
1761600 539
1761610 539
1761620 538
1761630 537
1761640 537
1761650 536
1761660 535
1761670 535
1761680 534
1761690 533
1761700 532
1761710 531
1761720 530
1761730 529
1761740 528
1761750 527
1761760 527
1761770 525
1761780 524
1761790 522
1761800 520
1761810 518
1761820 517
1761830 517
1761840 516
1761850 516
1761860 516
1761870 517
1761880 517
1761890 517
1761900 517
1761910 517
1761920 516
1761930 516
1761940 515
1761950 514
1761960 514
1761970 514
1761980 514
1761990 514
1762000 514
1762010 515
1762020 515
1762030 515
1762040 515
1762050 515
1762060 516
1762070 516
1762080 517
1762090 518
1762100 518
1762110 519
1762120 521
1762130 522
1762140 524
1762150 525
1762160 527
1762170 528
1762180 529
1762190 530
1762200 530
1762210 531
1762220 531
1762230 532
1762240 532
1762250 532
1762260 532
1762270 533
1762280 533
1762290 534
1762300 534
1762310 535
1762320 535
1762330 536
1762340 536
1762350 536
1762360 536
1762370 537
1762380 537
1762390 537
1762400 537
1762410 537
1762420 537
1762430 538
1762440 538
1762450 539
1762460 539
1762470 539
1762480 540
1762490 540
1762500 541
1762510 541
1762520 541
1762530 541
1762540 541
1762550 541
1762560 542
1762570 542
1762580 542
1762590 542
1762600 543
1762610 544
1762620 544
1762630 545
1762640 546
1762650 546
1762660 547
1762670 547
1762680 548
1762690 548
1762700 549
1762710 550
1762720 550
1762730 551
1762740 552
1762750 553
1762760 553
1762770 554
1762780 555
1762790 555
1762800 556
1762810 557
1762820 558
1762830 559
1762840 560
1762850 560
1762860 560
1762870 561
1762880 561
1762890 561
1762900 562
1762910 563
1762920 564
1762930 565
1762940 565
1762950 566
1762960 566
1762970 566
1762980 566
1762990 567
1763000 567
1763010 568
1763020 569
1763030 569
1763040 570
1763050 570
1763060 571
1763070 571
1763080 571
1763090 571
1763100 572
1763110 572
1763120 573
1763130 573
1763140 575
1763150 577
1763160 579
1763170 580
1763180 581
1763190 581
1763200 582
1763210 583
1763220 583
1763230 584
1763240 584
1763250 583
1763260 582
1763270 583
1763280 584
1763290 585
1763300 586
1763310 587
1763320 587
1763330 588
1763340 588
1763350 589
1763360 589
1763370 589
1763380 590
1763390 591
1763400 592
1763410 592
1763420 593
1763430 593
1763440 594
1763450 594
1763460 595
1763470 595
1763480 596
1763490 596
1763500 596
1763510 597
1763520 597
1763530 597
1763540 598
1763550 598
1763560 598
1763570 598
1763580 598
1763590 598
1763600 598
1763610 597
1763620 597
1763630 597
1763640 596
1763650 596
1763660 595
1763670 595
1763680 594
1763690 593
1763700 592
1763710 591
1763720 590
1763730 589
1763740 587
1763750 586
1763760 585
1763770 584
1763780 583
1763790 582
1763800 581
1763810 580
1763820 578
1763830 577
1763840 576
1763850 576
1763860 576
1763870 576
1763880 575
1763890 574
1763900 573
1763910 573
1763920 572
1763930 572
1763940 571
1763950 571
1763960 570
1763970 569
1763980 569
1763990 568
1764000 568
1764010 567
1764020 567
1764030 566
1764040 566
1764050 565
1764060 565
1764070 564
1764080 563
1764090 562
1764100 561
1764110 561
1764120 560
1764130 560
1764140 559
1764150 559
1764160 559
1764170 558
1764180 559
1764190 561
1764200 563
1764210 563
1764220 564
1764230 564
1764240 565
1764250 565
1764260 565
1764270 565
1764280 566
1764290 565
1764300 565
1764310 565
1764320 565
1764330 565
1764340 565
1764350 565
1764360 565
1764370 564
1764380 564
1764390 564
1764400 564
1764410 564
1764420 564
1764430 564
1764440 564
1764450 564
1764460 564
1764470 564
1764480 564
1764490 564
1764500 564
1764510 564
1764520 565
1764530 565
1764540 565
1764550 564
1764560 564
1764570 563
1764580 562
1764590 562
1764600 561
1764610 561
1764620 561
1764630 560
1764640 561
1764650 562
1764660 563
1764670 564
1764680 565
1764690 566
1764700 566
1764710 566
1764720 566
1764730 566
1764740 567
1764750 569
1764760 570
1764770 571
1764780 572
1764790 572
1764800 573
1764810 573
1764820 574
1764830 575
1764840 577
1764850 578
1764860 579
1764870 579
1764880 580
1764890 580
1764900 581
1764910 581
1764920 581
1764930 582
1764940 582
1764950 583
1764960 582
1764970 582
1764980 583
1764990 584
1765000 585
1765010 586
1765020 587
1765030 588
1765040 589
1765050 591
1765060 592
1765070 594
1765080 595
1765090 596
1765100 597
1765110 599
1765120 600
1765130 601
1765140 602
1765150 603
1765160 604
1765170 605
1765180 606
1765190 607
1765200 607
1765210 608
1765220 608
1765230 609
1765240 609
1765250 610
1765260 610
1765270 610
1765280 611
1765290 611
1765300 612
1765310 612
1765320 612
1765330 613
1765340 613
1765350 613
1765360 614
1765370 614
1765380 614
1765390 615
1765400 615
1765410 615
1765420 615
1765430 615
1765440 615
1765450 615
1765460 615
1765470 615
1765480 614
1765490 614
1765500 614
1765510 614
1765520 613
1765530 613
1765540 612
1765550 611
1765560 610
1765570 610
1765580 609
1765590 608
1765600 607
1765610 606
1765620 605
1765630 604
1765640 603
1765650 601
1765660 600
1765670 599
1765680 598
1765690 597
1765700 595
1765710 593
1765720 592
1765730 590
1765740 587
1765750 586
1765760 585
1765770 583
1765780 582
1765790 581
1765800 579
1765810 577
1765820 578
1765830 579
1765840 579
1765850 579
1765860 578
1765870 578
1765880 578
1765890 577
1765900 576
1765910 576
1765920 575
1765930 574
1765940 574
1765950 573
1765960 572
1765970 571
1765980 570
1765990 569
1766000 569
1766010 569
1766020 567
1766030 568
1766040 569
1766050 568
1766060 568
1766070 569
1766080 570
1766090 571
1766100 572
1766110 572
1766120 573
1766130 574
1766140 575
1766150 576
1766160 577
1766170 579
1766180 580
1766190 581
1766200 582
1766210 584
1766220 585
1766230 585
1766240 586
1766250 587
1766260 587
1766270 587
1766280 587
1766290 588
1766300 587
1766310 587
1766320 587
1766330 587
1766340 586
1766350 586
1766360 586
1766370 586
1766380 586
1766390 586
1766400 586
1766410 586
1766420 585
1766430 585
1766440 586
1766450 586
1766460 586
1766470 587
1766480 587
1766490 588
1766500 589
1766510 589
1766520 590
1766530 590
1766540 591
1766550 591
1766560 591
1766570 592
1766580 592
1766590 592
1766600 592
1766610 592
1766620 593
1766630 593
1766640 593
1766650 593
1766660 593
1766670 593
1766680 593
1766690 593
1766700 593
1766710 594
1766720 594
1766730 594
1766740 594
1766750 594
1766760 594
1766770 595
1766780 595
1766790 595
1766800 594
1766810 594
1766820 594
1766830 594
1766840 593
1766850 593
1766860 592
1766870 592
1766880 592
1766890 591
1766900 591
1766910 591
1766920 590
1766930 590
1766940 590
1766950 589
1766960 589
1766970 588
1766980 588
1766990 587
1767000 587
1767010 586
1767020 586
1767030 585
1767040 584
1767050 584
1767060 584
1767070 583
1767080 583
1767090 583
1767100 582
1767110 582
1767120 581
1767130 580
1767140 579
1767150 579
1767160 578
1767170 577
1767180 577
1767190 577
1767200 576
1767210 576
1767220 576
1767230 575
1767240 575
1767250 575
1767260 574
1767270 574
1767280 573
1767290 573
1767300 572
1767310 572
1767320 571
1767330 571
1767340 571
1767350 570
1767360 570
1767370 570
1767380 570
1767390 570
1767400 570
1767410 570
1767420 571
1767430 571
1767440 571
1767450 571
1767460 571
1767470 571
1767480 571
1767490 571
1767500 571
1767510 571
1767520 571
1767530 571
1767540 570
1767550 570
1767560 570
1767570 569
1767580 569
1767590 568
1767600 568
1767610 568
1767620 567
1767630 567
1767640 566
1767650 566
1767660 565
1767670 565
1767680 564
1767690 564
1767700 563
1767710 563
1767720 562
1767730 562
1767740 562
1767750 562
1767760 562
1767770 562
1767780 562
1767790 561
1767800 561
1767810 561
1767820 560
1767830 560
1767840 560
1767850 561
1767860 561
1767870 561
1767880 561
1767890 562
1767900 562
1767910 563
1767920 563
1767930 564
1767940 564
1767950 564
1767960 564
1767970 564
1767980 564
1767990 564
1768000 564
1768010 564
1768020 564
1768030 564
1768040 564
1768050 564
1768060 564
1768070 563
1768080 563
1768090 563
1768100 563
1768110 563
1768120 563
1768130 562
1768140 562
1768150 561
1768160 560
1768170 560
1768180 560
1768190 559
1768200 559
1768210 558
1768220 558
1768230 558
1768240 557
1768250 557
1768260 557
1768270 556
1768280 556
1768290 556
1768300 556
1768310 555
1768320 555
1768330 555
1768340 554
1768350 554
1768360 554
1768370 553
1768380 553
1768390 553
1768400 552
1768410 552
1768420 552
1768430 552
1768440 551
1768450 551
1768460 551
1768470 550
1768480 550
1768490 549
1768500 549
1768510 549
1768520 548
1768530 548
1768540 547
1768550 547
1768560 546
1768570 546
1768580 545
1768590 545
1768600 545
1768610 544
1768620 544
1768630 543
1768640 543
1768650 543
1768660 542
1768670 541
1768680 541
1768690 540
1768700 540
1768710 539
1768720 539
1768730 538
1768740 537
1768750 537
1768760 536
1768770 535
1768780 535
1768790 534
1768800 533
1768810 533
1768820 532
1768830 531
1768840 531
1768850 530
1768860 529
1768870 528
1768880 528
1768890 527
1768900 526
1768910 526
1768920 525
1768930 524
1768940 524
1768950 523
1768960 522
1768970 521
1768980 521
1768990 520
1769000 519
1769010 518
1769020 518
1769030 517
1769040 516
1769050 515
1769060 515
1769070 514
1769080 513
1769090 513
1769100 512
1769110 511
1769120 511
1769130 510
1769140 510
1769150 509
1769160 508
1769170 508
1769180 507
1769190 507
1769200 506
1769210 505
1769220 504
1769230 504
1769240 503
1769250 502
1769260 501
1769270 500
1769280 499
1769290 498
1769300 497
1769310 496
1769320 496
1769330 495
1769340 494
1769350 493
1769360 493
1769370 492
1769380 492
1769390 491
1769400 491
1769410 490
1769420 489
1769430 488
1769440 487
1769450 486
1769460 486
1769470 486
1769480 486
1769490 485
1769500 485
1769510 484
1769520 484
1769530 483
1769540 482
1769550 481
1769560 481
1769570 480
1769580 480
1769590 480
1769600 480
1769610 480
1769620 479
1769630 479
1769640 479
1769650 479
1769660 478
1769670 478
1769680 478
1769690 478
1769700 478
1769710 478
1769720 478
1769730 478
1769740 478
1769750 477
1769760 477
1769770 477
1769780 477
1769790 477
1769800 476
1769810 476
1769820 476
1769830 476
1769840 475
1769850 475
1769860 475
1769870 475
1769880 475
1769890 474
1769900 474
1769910 474
1769920 474
1769930 474
1769940 473
1769950 474
1769960 474
1769970 474
1769980 473
1769990 473
1770000 473
1770010 473
1770020 473
1770030 473
1770040 473
1770050 473
1770060 473
1770070 472
1770080 472
1770090 472
1770100 472
1770110 472
1770120 472
1770130 472
1770140 471
1770150 471
1770160 471
1770170 471
1770180 471
1770190 471
1770200 471
1770210 471
1770220 471
1770230 471
1770240 471
1770250 471
1770260 471
1770270 471
1770280 471
1770290 471
1770300 472
1770310 472
1770320 472
1770330 473
1770340 473
1770350 474
1770360 475
1770370 476
1770380 477
1770390 478
1770400 479
1770410 480
1770420 480
1770430 480
1770440 481
1770450 481
1770460 481
1770470 482
1770480 483
1770490 483
1770500 483
1770510 483
1770520 483
1770530 484
1770540 485
1770550 486
1770560 487
1770570 488
1770580 489
1770590 491
1770600 492
1770610 493
1770620 494
1770630 496
1770640 497
1770650 499
1770660 501
1770670 503
1770680 505
1770690 506
1770700 508
1770710 510
1770720 511
1770730 513
1770740 514
1770750 515
1770760 517
1770770 518
1770780 519
1770790 520
1770800 520
1770810 518
1770820 517
1770830 516
1770840 516
1770850 515
1770860 515
1770870 515
1770880 515
1770890 515
1770900 515
1770910 515
1770920 515
1770930 514
1770940 514
1770950 513
1770960 512
1770970 510
1770980 509
1770990 508
1771000 507
1771010 506
1771020 505
1771030 504
1771040 504
1771050 503
1771060 503
1771070 502
1771080 501
1771090 500
1771100 500
1771110 500
1771120 499
1771130 499
1771140 499
1771150 498
1771160 498
1771170 498
1771180 498
1771190 498
1771200 498
1771210 497
1771220 497
1771230 497
1771240 496
1771250 496
1771260 496
1771270 496
1771280 496
1771290 496
1771300 496
1771310 496
1771320 496
1771330 495
1771340 495
1771350 495
1771360 495
1771370 495
1771380 495
1771390 495
1771400 495
1771410 495
1771420 495
1771430 495
1771440 495
1771450 495
1771460 496
1771470 496
1771480 497
1771490 497
1771500 497
1771510 498
1771520 498
1771530 497
1771540 497
1771550 497
1771560 496
1771570 496
1771580 496
1771590 496
1771600 496
1771610 495
1771620 495
1771630 495
1771640 495
1771650 495
1771660 494
1771670 494
1771680 494
1771690 494
1771700 495
1771710 495
1771720 495
1771730 495
1771740 494
1771750 495
1771760 495
1771770 495
1771780 495
1771790 495
1771800 496
1771810 496
1771820 496
1771830 496
1771840 496
1771850 496
1771860 495
1771870 496
1771880 496
1771890 496
1771900 496
1771910 496
1771920 496
1771930 496
1771940 496
1771950 496
1771960 496
1771970 496
1771980 495
1771990 495
1772000 494
1772010 493
1772020 493
1772030 493
1772040 493
1772050 493
1772060 493
1772070 493
1772080 494
1772090 494
1772100 494
1772110 494
1772120 494
1772130 494
1772140 493
1772150 493
1772160 493
1772170 492
1772180 491
1772190 490
1772200 490
1772210 489
1772220 488
1772230 488
1772240 488
1772250 488
1772260 488
1772270 488
1772280 488
1772290 488
1772300 489
1772310 489
1772320 489
1772330 490
1772340 490
1772350 490
1772360 491
1772370 491
1772380 491
1772390 490
1772400 490
1772410 490
1772420 490
1772430 489
1772440 489
1772450 489
1772460 489
1772470 490
1772480 490
1772490 490
1772500 490
1772510 491
1772520 491
1772530 492
1772540 492
1772550 492
1772560 492
1772570 492
1772580 492
1772590 492
1772600 492
1772610 492
1772620 492
1772630 491
1772640 491
1772650 491
1772660 490
1772670 490
1772680 489
1772690 489
1772700 489
1772710 489
1772720 489
1772730 489
1772740 489
1772750 489
1772760 489
1772770 489
1772780 489
1772790 488
1772800 488
1772810 488
1772820 487
1772830 487
1772840 487
1772850 486
1772860 486
1772870 486
1772880 485
1772890 485
1772900 485
1772910 484
1772920 484
1772930 483
1772940 482
1772950 482
1772960 481
1772970 480
1772980 479
1772990 478
1773000 477
1773010 476
1773020 475
1773030 475
1773040 474
1773050 473
1773060 472
1773070 471
1773080 470
1773090 468
1773100 466
1773110 465
1773120 464
1773130 462
1773140 461
1773150 460
1773160 459
1773170 458
1773180 458
1773190 457
1773200 457
1773210 456
1773220 456
1773230 455
1773240 454
1773250 454
1773260 453
1773270 452
1773280 452
1773290 451
1773300 450
1773310 450
1773320 449
1773330 449
1773340 448
1773350 448
1773360 448
1773370 448
1773380 447
1773390 447
1773400 447
1773410 447
1773420 447
1773430 447
1773440 446
1773450 446
1773460 446
1773470 446
1773480 446
1773490 446
1773500 445
1773510 445
1773520 445
1773530 445
1773540 445
1773550 445
1773560 445
1773570 445
1773580 445
1773590 445
1773600 445
1773610 445
1773620 445
1773630 445
1773640 445
1773650 445
1773660 445
1773670 445
1773680 445
1773690 445
1773700 445
1773710 445
1773720 445
1773730 445
1773740 446
1773750 446
1773760 446
1773770 446
1773780 447
1773790 447
1773800 448
1773810 449
1773820 449
1773830 450
1773840 450
1773850 451
1773860 452
1773870 452
1773880 453
1773890 454
1773900 455
1773910 456
1773920 456
1773930 457
1773940 457
1773950 458
1773960 458
1773970 458
1773980 458
1773990 458
1774000 458
1774010 458
1774020 458
1774030 458
1774040 458
1774050 458
1774060 458
1774070 458
1774080 457
1774090 457
1774100 457
1774110 456
1774120 456
1774130 456
1774140 455
1774150 455
1774160 455
1774170 454
1774180 454
1774190 454
1774200 453
1774210 453
1774220 452
1774230 452
1774240 451
1774250 451
1774260 450
1774270 450
1774280 449
1774290 449
1774300 449
1774310 449
1774320 448
1774330 448
1774340 447
1774350 447
1774360 446
1774370 445
1774380 444
1774390 442
1774400 441
1774410 440
1774420 440
1774430 439
1774440 439
1774450 439
1774460 438
1774470 436
1774480 435
1774490 434
1774500 433
1774510 433
1774520 432
1774530 432
1774540 432
1774550 432
1774560 432
1774570 431
1774580 431
1774590 430
1774600 429
1774610 428
1774620 427
1774630 428
1774640 428
1774650 428
1774660 428
1774670 428
1774680 429
1774690 429
1774700 429
1774710 428
1774720 428
1774730 428
1774740 428
1774750 428
1774760 428
1774770 428
1774780 428
1774790 428
1774800 428
1774810 428
1774820 428
1774830 428
1774840 428
1774850 428
1774860 428
1774870 428
1774880 429
1774890 428
1774900 428
1774910 427
1774920 427
1774930 426
1774940 426
1774950 426
1774960 426
1774970 426
1774980 426
1774990 427
1775000 427
1775010 427
1775020 427
1775030 427
1775040 427
1775050 427
1775060 426
1775070 426
1775080 426
1775090 426
1775100 426
1775110 426
1775120 426
1775130 425
1775140 425
1775150 424
1775160 425
1775170 425
1775180 425
1775190 426
1775200 426
1775210 426
1775220 426
1775230 426
1775240 426
1775250 426
1775260 426
1775270 426
1775280 425
1775290 425
1775300 425
1775310 425
1775320 425
1775330 425
1775340 425
1775350 425
1775360 426
1775370 426
1775380 426
1775390 425
1775400 425
1775410 425
1775420 425
1775430 425
1775440 426
1775450 426
1775460 425
1775470 425
1775480 425
1775490 425
1775500 425
1775510 424
1775520 424
1775530 424
1775540 423
1775550 423
1775560 422
1775570 422
1775580 422
1775590 423
1775600 423
1775610 424
1775620 424
1775630 424
1775640 424
1775650 424
1775660 424
1775670 423
1775680 424
1775690 424
1775700 423
1775710 423
1775720 423
1775730 423
1775740 423
1775750 423
1775760 423
1775770 423
1775780 422
1775790 421
1775800 421
1775810 421
1775820 424
1775830 424
1775840 424
1775850 424
1775860 424
1775870 424
1775880 424
1775890 424
1775900 424
1775910 424
1775920 424
1775930 424
1775940 424
1775950 423
1775960 423
1775970 423
1775980 423
1775990 423
1776000 423
1776010 423
1776020 423
1776030 423
1776040 424
1776050 424
1776060 424
1776070 424
1776080 424
1776090 423
1776100 423
1776110 423
1776120 423
1776130 423
1776140 423
1776150 423
1776160 423
1776170 424
1776180 425
1776190 427
1776200 429
1776210 432
1776220 435
1776230 438
1776240 441
1776250 443
1776260 445
1776270 446
1776280 447
1776290 450
1776300 452
1776310 456
1776320 459
1776330 463
1776340 467
1776350 471
1776360 475
1776370 479
1776380 482
1776390 486
1776400 489
1776410 493
1776420 496
1776430 500
1776440 503
1776450 506
1776460 509
1776470 512
1776480 514
1776490 514
1776500 514
1776510 514
1776520 514
1776530 514
1776540 514
1776550 514
1776560 514
1776570 514
1776580 514
1776590 515
1776600 515
1776610 515
1776620 515
1776630 515
1776640 515
1776650 515
1776660 514
1776670 514
1776680 514
1776690 514
1776700 514
1776710 514
1776720 514
1776730 514
1776740 513
1776750 513
1776760 513
1776770 513
1776780 513
1776790 513
1776800 514
1776810 515
1776820 516
1776830 517
1776840 518
1776850 519
1776860 521
1776870 522
1776880 524
1776890 525
1776900 527
1776910 529
1776920 530
1776930 532
1776940 534
1776950 535
1776960 536
1776970 537
1776980 539
1776990 540
1777000 541
1777010 543
1777020 544
1777030 545
1777040 546
1777050 547
1777060 549
1777070 550
1777080 551
1777090 552
1777100 554
1777110 555
1777120 556
1777130 557
1777140 558
1777150 559
1777160 559
1777170 560
1777180 560
1777190 560
1777200 560
1777210 561
1777220 561
1777230 561
1777240 561
1777250 561
1777260 561
1777270 562
1777280 562
1777290 562
1777300 562
1777310 563
1777320 564
1777330 564
1777340 565
1777350 565
1777360 566
1777370 566
1777380 566
1777390 567
1777400 567
1777410 567
1777420 567
1777430 568
1777440 568
1777450 568
1777460 568
1777470 569
1777480 569
1777490 570
1777500 570
1777510 570
1777520 571
1777530 571
1777540 572
1777550 572
1777560 573
1777570 573
1777580 574
1777590 574
1777600 575
1777610 575
1777620 575
1777630 576
1777640 576
1777650 576
1777660 577
1777670 577
1777680 577
1777690 577
1777700 578
1777710 578
1777720 578
1777730 578
1777740 578
1777750 578
1777760 578
1777770 578
1777780 578
1777790 577
1777800 577
1777810 577
1777820 577
1777830 577
1777840 576
1777850 576
1777860 576
1777870 575
1777880 575
1777890 574
1777900 574
1777910 573
1777920 573
1777930 572
1777940 572
1777950 571
1777960 570
1777970 570
1777980 569
1777990 568
1778000 567
1778010 566
1778020 565
1778030 564
1778040 563
1778050 562
1778060 561
1778070 560
1778080 559
1778090 557
1778100 556
1778110 554
1778120 552
1778130 550
1778140 548
1778150 546
1778160 544
1778170 542
1778180 540
1778190 539
1778200 536
1778210 534
1778220 532
1778230 530
1778240 528
1778250 525
1778260 523
1778270 520
1778280 518
1778290 515
1778300 511
1778310 508
1778320 505
1778330 502
1778340 499
1778350 496
1778360 493
1778370 490
1778380 488
1778390 486
1778400 484
1778410 482
1778420 480
1778430 477
1778440 474
1778450 472
1778460 469
1778470 466
1778480 463
1778490 460
1778500 458
1778510 455
1778520 454
1778530 452
1778540 450
1778550 448
1778560 445
1778570 443
1778580 441
1778590 439
1778600 438
1778610 436
1778620 434
1778630 432
1778640 430
1778650 429
1778660 427
1778670 425
1778680 424
1778690 423
1778700 421
1778710 419
1778720 417
1778730 416
1778740 415
1778750 414
1778760 414
1778770 413
1778780 413
1778790 413
1778800 413
1778810 413
1778820 412
1778830 412
1778840 412
1778850 411
1778860 411
1778870 409
1778880 407
1778890 407
1778900 407
1778910 408
1778920 409
1778930 409
1778940 409
1778950 409
1778960 409
1778970 410
1778980 412
1778990 415
1779000 419
1779010 423
1779020 428
1779030 432
1779040 435
1779050 439
1779060 442
1779070 445
1779080 448
1779090 450
1779100 453
1779110 455
1779120 457
1779130 459
1779140 461
1779150 463
1779160 465
1779170 467
1779180 469
1779190 471
1779200 473
1779210 476
1779220 479
1779230 481
1779240 484
1779250 486
1779260 487
1779270 487
1779280 487
1779290 487
1779300 487
1779310 488
1779320 488
1779330 489
1779340 489
1779350 490
1779360 490
1779370 491
1779380 491
1779390 491
1779400 491
1779410 491
1779420 491
1779430 491
1779440 491
1779450 491
1779460 491
1779470 491
1779480 491
1779490 491
1779500 492
1779510 492
1779520 493
1779530 495
1779540 496
1779550 498
1779560 500
1779570 501
1779580 504
1779590 506
1779600 507
1779610 509
1779620 510
1779630 511
1779640 512
1779650 513
1779660 515
1779670 516
1779680 518
1779690 519
1779700 521
1779710 523
1779720 525
1779730 527
1779740 529
1779750 530
1779760 532
1779770 533
1779780 534
1779790 535
1779800 536
1779810 537
1779820 538
1779830 539
1779840 540
1779850 541
1779860 542
1779870 543
1779880 543
1779890 543
1779900 544
1779910 544
1779920 543
1779930 543
1779940 543
1779950 542
1779960 542
1779970 541
1779980 541
1779990 540
