1760000 480
1760010 481
1760020 481
1760030 482
1760040 482
1760050 482
1760060 482
1760070 481
1760080 480
1760090 480
1760100 482
1760110 484
1760120 485
1760130 485
1760140 486
1760150 487
1760160 487
1760170 487
1760180 488
1760190 488
1760200 489
1760210 489
1760220 490
1760230 490
1760240 491
1760250 492
1760260 492
1760270 493
1760280 494
1760290 494
1760300 495
1760310 496
1760320 496
1760330 497
1760340 498
1760350 498
1760360 499
1760370 499
1760380 500
1760390 500
1760400 501
1760410 501
1760420 501
1760430 502
1760440 502
1760450 502
1760460 502
1760470 502
1760480 503
1760490 503
1760500 503
1760510 503
1760520 504
1760530 504
1760540 504
1760550 504
1760560 504
1760570 504
1760580 504
1760590 503
1760600 503
1760610 503
1760620 503
1760630 503
1760640 503
1760650 502
1760660 502
1760670 502
1760680 502
1760690 501
1760700 501
1760710 501
1760720 501
1760730 500
1760740 500
1760750 500
1760760 500
1760770 500
1760780 499
1760790 497
1760800 497
1760810 498
1760820 499
1760830 500
1760840 500
1760850 500
1760860 501
1760870 501
1760880 501
1760890 501
1760900 502
1760910 502
1760920 503
1760930 504
1760940 504
1760950 505
1760960 506
1760970 506
1760980 507
1760990 507
1761000 508
1761010 508
1761020 509
1761030 510
1761040 511
1761050 511
1761060 512
1761070 513
1761080 513
1761090 514
1761100 515
1761110 516
1761120 517
1761130 517
1761140 518
1761150 518
1761160 518
1761170 518
1761180 518
1761190 518
1761200 518
1761210 518
1761220 518
1761230 518
1761240 517
1761250 517
1761260 517
1761270 517
1761280 517
1761290 517
1761300 517
1761310 517
1761320 517
1761330 516
1761340 516
1761350 515
1761360 514
1761370 513
1761380 512
1761390 512
1761400 511
1761410 510
1761420 510
1761430 509
1761440 508
1761450 507
1761460 506
1761470 504
1761480 503
1761490 502
1761500 501
1761510 499
1761520 497
1761530 496
1761540 494
1761550 493
1761560 492
1761570 491
1761580 490
1761590 489
1761600 489
1761610 488
1761620 488
1761630 489
1761640 489
1761650 490
1761660 491
1761670 492
1761680 492
1761690 493
1761700 494
1761710 496
1761720 498
1761730 500
1761740 502
1761750 504
1761760 506
1761770 508
1761780 510
1761790 511
1761800 513
1761810 514
1761820 515
1761830 516
1761840 517
1761850 517
1761860 518
1761870 519
1761880 520
1761890 521
1761900 522
1761910 523
1761920 524
1761930 525
1761940 526
1761950 528
1761960 529
1761970 531
1761980 532
1761990 534
1762000 535
1762010 537
1762020 538
1762030 540
1762040 540
1762050 541
1762060 542
1762070 543
1762080 544
1762090 545
1762100 546
1762110 546
1762120 547
1762130 548
1762140 549
1762150 550
1762160 551
1762170 552
1762180 553
1762190 553
1762200 554
1762210 554
1762220 555
1762230 556
1762240 556
1762250 557
1762260 558
1762270 559
1762280 560
1762290 561
1762300 562
1762310 563
1762320 564
1762330 565
1762340 566
1762350 566
1762360 567
1762370 568
1762380 568
1762390 569
1762400 570
1762410 570
1762420 571
1762430 571
1762440 572
1762450 572
1762460 572
1762470 573
1762480 573
1762490 573
1762500 572
1762510 572
1762520 572
1762530 571
1762540 571
1762550 570
1762560 569
1762570 569
1762580 568
1762590 568
1762600 567
1762610 567
1762620 566
1762630 566
1762640 565
1762650 565
1762660 565
1762670 564
1762680 564
1762690 565
1762700 565
1762710 565
1762720 565
1762730 565
1762740 565
1762750 565
1762760 564
1762770 564
1762780 563
1762790 563
1762800 562
1762810 561
1762820 560
1762830 560
1762840 559
1762850 558
1762860 558
1762870 557
1762880 556
1762890 555
1762900 554
1762910 553
1762920 552
1762930 551
1762940 549
1762950 548
1762960 547
1762970 545
1762980 544
1762990 543
1763000 542
1763010 541
1763020 540
1763030 539
1763040 538
1763050 538
1763060 537
1763070 536
1763080 535
1763090 534
1763100 533
1763110 532
1763120 531
1763130 530
1763140 529
1763150 528
1763160 527
1763170 525
1763180 524
1763190 522
1763200 521
1763210 520
1763220 520
1763230 519
1763240 518
1763250 517
1763260 517
1763270 517
1763280 517
1763290 517
1763300 517
1763310 517
1763320 516
1763330 516
1763340 517
1763350 518
1763360 518
1763370 519
1763380 520
1763390 520
1763400 520
1763410 521
1763420 521
1763430 521
1763440 522
1763450 522
1763460 523
1763470 523
1763480 524
1763490 524
1763500 524
1763510 524
1763520 525
1763530 525
1763540 525
1763550 525
1763560 525
1763570 525
1763580 525
1763590 524
1763600 524
1763610 524
1763620 524
1763630 524
1763640 524
1763650 524
1763660 524
1763670 524
1763680 524
1763690 524
1763700 525
1763710 525
1763720 525
1763730 525
1763740 525
1763750 525
1763760 526
1763770 526
1763780 526
1763790 526
1763800 526
1763810 527
1763820 527
1763830 527
1763840 527
1763850 527
1763860 527
1763870 527
1763880 527
1763890 528
1763900 528
1763910 529
1763920 530
1763930 530
1763940 530
1763950 530
1763960 530
1763970 530
1763980 530
1763990 530
1764000 531
1764010 532
1764020 533
1764030 535
1764040 536
1764050 537
1764060 538
1764070 538
1764080 538
1764090 539
1764100 539
1764110 540
1764120 540
1764130 541
1764140 541
1764150 542
1764160 542
1764170 543
1764180 543
1764190 543
1764200 544
1764210 544
1764220 544
1764230 543
1764240 544
1764250 545
1764260 545
1764270 545
1764280 545
1764290 546
1764300 548
1764310 549
1764320 550
1764330 551
1764340 552
1764350 553
1764360 553
1764370 554
1764380 555
1764390 555
1764400 556
1764410 556
1764420 556
1764430 557
1764440 557
1764450 557
1764460 557
1764470 558
1764480 558
1764490 559
1764500 559
1764510 559
1764520 559
1764530 559
1764540 559
1764550 559
1764560 559
1764570 560
1764580 560
1764590 560
1764600 560
1764610 560
1764620 560
1764630 560
1764640 560
1764650 560
1764660 561
1764670 561
1764680 561
1764690 561
1764700 561
1764710 561
1764720 561
1764730 561
1764740 561
1764750 561
1764760 561
1764770 561
1764780 561
1764790 561
1764800 562
1764810 561
1764820 561
1764830 561
1764840 562
1764850 562
1764860 562
1764870 561
1764880 561
1764890 561
1764900 561
1764910 561
1764920 560
1764930 560
1764940 559
1764950 559
1764960 559
1764970 559
1764980 559
1764990 560
1765000 560
1765010 560
1765020 561
1765030 561
1765040 562
1765050 563
1765060 564
1765070 565
1765080 567
1765090 567
1765100 568
1765110 569
1765120 570
1765130 571
1765140 572
1765150 573
1765160 574
1765170 575
1765180 576
1765190 577
1765200 578
1765210 579
1765220 580
1765230 580
1765240 581
1765250 582
1765260 582
1765270 583
1765280 584
1765290 585
1765300 585
1765310 586
1765320 586
1765330 587
1765340 587
1765350 587
1765360 587
1765370 587
1765380 587
1765390 587
1765400 587
1765410 587
1765420 587
1765430 587
1765440 587
1765450 587
1765460 586
1765470 586
1765480 585
1765490 585
1765500 584
1765510 583
1765520 583
1765530 582
1765540 582
1765550 581
1765560 580
1765570 579
1765580 578
1765590 577
1765600 577
1765610 576
1765620 576
1765630 575
1765640 574
1765650 573
1765660 572
1765670 571
1765680 570
1765690 569
1765700 568
1765710 567
1765720 566
1765730 566
1765740 565
1765750 564
1765760 563
1765770 563
1765780 562
1765790 561
1765800 560
1765810 559
1765820 559
1765830 558
1765840 558
1765850 558
1765860 557
1765870 557
1765880 557
1765890 557
1765900 557
1765910 557
1765920 558
1765930 558
1765940 558
1765950 558
1765960 558
1765970 559
1765980 560
1765990 560
1766000 560
1766010 560
1766020 560
1766030 560
1766040 559
1766050 559
1766060 559
1766070 559
1766080 559
1766090 559
1766100 558
1766110 558
1766120 557
1766130 556
1766140 557
1766150 556
1766160 556
1766170 554
1766180 555
1766190 555
1766200 555
1766210 555
1766220 555
1766230 555
1766240 555
1766250 555
1766260 554
1766270 554
1766280 555
1766290 555
1766300 555
1766310 555
1766320 555
1766330 554
1766340 554
1766350 554
1766360 553
1766370 553
1766380 553
1766390 554
1766400 554
1766410 555
1766420 556
1766430 557
1766440 558
1766450 558
1766460 559
1766470 559
1766480 560
1766490 560
1766500 560
1766510 560
1766520 560
1766530 560
1766540 560
1766550 560
1766560 559
1766570 559
1766580 559
1766590 558
1766600 558
1766610 558
1766620 558
1766630 558
1766640 558
1766650 558
1766660 558
1766670 558
1766680 558
1766690 559
1766700 559
1766710 559
1766720 559
1766730 559
1766740 560
1766750 560
1766760 560
1766770 560
1766780 561
1766790 561
1766800 562
1766810 562
1766820 563
1766830 564
1766840 564
1766850 565
1766860 565
1766870 566
1766880 566
1766890 566
1766900 566
1766910 565
1766920 565
1766930 565
1766940 565
1766950 565
1766960 564
1766970 564
1766980 564
1766990 564
1767000 563
1767010 563
1767020 562
1767030 562
1767040 561
1767050 561
1767060 560
1767070 559
1767080 558
1767090 556
1767100 555
1767110 553
1767120 552
1767130 551
1767140 550
1767150 549
1767160 547
1767170 545
1767180 543
1767190 542
1767200 541
1767210 540
1767220 539
1767230 539
1767240 539
1767250 539
1767260 538
1767270 538
1767280 537
1767290 537
1767300 536
1767310 536
1767320 535
1767330 534
1767340 533
1767350 533
1767360 535
1767370 536
1767380 538
1767390 539
1767400 540
1767410 541
1767420 542
1767430 543
1767440 544
1767450 545
1767460 546
1767470 547
1767480 547
1767490 548
1767500 548
1767510 549
1767520 549
1767530 550
1767540 550
1767550 550
1767560 550
1767570 550
1767580 550
1767590 550
1767600 550
1767610 549
1767620 549
1767630 549
1767640 548
1767650 548
1767660 548
1767670 547
1767680 547
1767690 546
1767700 545
1767710 545
1767720 544
1767730 543
1767740 542
1767750 541
1767760 539
1767770 537
1767780 536
1767790 533
1767800 531
1767810 529
1767820 528
1767830 528
1767840 528
1767850 528
1767860 529
1767870 529
1767880 530
1767890 530
1767900 531
1767910 532
1767920 534
1767930 535
1767940 536
1767950 537
1767960 537
1767970 537
1767980 537
1767990 538
1768000 537
1768010 537
1768020 537
1768030 537
1768040 536
1768050 533
1768060 532
1768070 533
1768080 534
1768090 533
1768100 532
1768110 532
1768120 533
1768130 536
1768140 538
1768150 539
1768160 541
1768170 542
1768180 543
1768190 545
1768200 546
1768210 547
1768220 548
1768230 549
1768240 549
1768250 550
1768260 550
1768270 550
1768280 550
1768290 550
1768300 549
1768310 549
1768320 548
1768330 547
1768340 546
1768350 545
1768360 544
1768370 543
1768380 541
1768390 540
1768400 539
1768410 538
1768420 537
1768430 536
1768440 535
1768450 534
1768460 534
1768470 534
1768480 533
1768490 533
1768500 531
1768510 529
1768520 526
1768530 523
1768540 521
1768550 520
1768560 519
1768570 518
1768580 517
1768590 516
1768600 515
1768610 515
1768620 516
1768630 520
1768640 523
1768650 526
1768660 528
1768670 531
1768680 533
1768690 534
1768700 536
1768710 538
1768720 539
1768730 541
1768740 542
1768750 543
1768760 543
1768770 543
1768780 542
1768790 541
1768800 540
1768810 539
1768820 538
1768830 538
1768840 538
1768850 537
1768860 537
1768870 537
1768880 537
1768890 537
1768900 538
1768910 539
1768920 539
1768930 540
1768940 541
1768950 542
1768960 543
1768970 544
1768980 545
1768990 546
1769000 547
1769010 548
1769020 549
1769030 551
1769040 552
1769050 553
1769060 554
1769070 555
1769080 556
1769090 557
1769100 558
1769110 559
1769120 559
1769130 560
1769140 560
1769150 560
1769160 560
1769170 559
1769180 559
1769190 558
1769200 558
1769210 557
1769220 556
1769230 556
1769240 555
1769250 554
1769260 554
1769270 553
1769280 552
1769290 551
1769300 550
1769310 549
1769320 548
1769330 547
1769340 546
1769350 545
1769360 544
1769370 543
1769380 541
1769390 540
1769400 539
1769410 537
1769420 535
1769430 533
1769440 531
1769450 529
1769460 527
1769470 524
1769480 521
1769490 518
1769500 515
1769510 513
1769520 511
1769530 509
1769540 508
1769550 507
1769560 506
1769570 506
1769580 505
1769590 506
1769600 506
1769610 506
1769620 507
1769630 508
1769640 510
1769650 511
1769660 513
1769670 515
1769680 517
1769690 518
1769700 520
1769710 522
1769720 523
1769730 525
1769740 527
1769750 528
1769760 530
1769770 531
1769780 532
1769790 533
1769800 535
1769810 536
1769820 537
1769830 538
1769840 539
1769850 540
1769860 541
1769870 542
1769880 543
1769890 543
1769900 544
1769910 544
1769920 544
1769930 544
1769940 544
1769950 544
1769960 545
1769970 545
1769980 545
1769990 544
1770000 544
1770010 544
1770020 544
1770030 543
1770040 543
1770050 542
1770060 541
1770070 541
1770080 540
1770090 538
1770100 537
1770110 536
1770120 535
1770130 533
1770140 532
1770150 530
1770160 529
1770170 527
1770180 525
1770190 523
1770200 521
1770210 519
1770220 517
1770230 514
1770240 512
1770250 509
1770260 506
1770270 504
1770280 502
1770290 501
1770300 499
1770310 498
1770320 496
1770330 495
1770340 493
1770350 491
1770360 490
1770370 489
1770380 488
1770390 487
1770400 486
1770410 485
1770420 484
1770430 484
1770440 484
1770450 487
1770460 490
1770470 494
1770480 497
1770490 500
1770500 502
1770510 504
1770520 506
1770530 508
1770540 510
1770550 512
1770560 514
1770570 517
1770580 519
1770590 521
1770600 523
1770610 525
1770620 527
1770630 528
1770640 530
1770650 531
1770660 532
1770670 533
1770680 533
1770690 533
1770700 534
1770710 534
1770720 533
1770730 533
1770740 532
1770750 532
1770760 531
1770770 530
1770780 529
1770790 529
1770800 528
1770810 528
1770820 527
1770830 527
1770840 526
1770850 526
1770860 525
1770870 525
1770880 525
1770890 525
1770900 525
1770910 525
1770920 525
1770930 524
1770940 524
1770950 524
1770960 524
1770970 524
1770980 524
1770990 523
1771000 523
1771010 523
1771020 522
1771030 522
1771040 522
1771050 522
1771060 521
1771070 521
1771080 520
1771090 519
1771100 519
1771110 518
1771120 518
1771130 518
1771140 517
1771150 517
1771160 516
1771170 516
1771180 516
1771190 515
1771200 515
1771210 515
1771220 514
1771230 514
1771240 514
1771250 513
1771260 513
1771270 512
1771280 512
1771290 511
1771300 510
1771310 509
1771320 508
1771330 507
1771340 506
1771350 505
1771360 504
1771370 503
1771380 501
1771390 500
1771400 499
1771410 497
1771420 495
1771430 493
1771440 491
1771450 489
1771460 486
1771470 484
1771480 481
1771490 479
1771500 477
1771510 475
1771520 474
1771530 473
1771540 472
1771550 471
1771560 470
1771570 470
1771580 469
1771590 469
1771600 470
1771610 472
1771620 475
1771630 478
1771640 480
1771650 482
1771660 484
1771670 487
1771680 489
1771690 491
1771700 494
1771710 496
1771720 498
1771730 500
1771740 502
1771750 504
1771760 505
1771770 507
1771780 509
1771790 510
1771800 512
1771810 513
1771820 514
1771830 515
1771840 516
1771850 517
1771860 518
1771870 519
1771880 520
1771890 520
1771900 520
1771910 520
1771920 520
1771930 520
1771940 520
1771950 520
1771960 519
1771970 519
1771980 518
1771990 517
1772000 516
1772010 515
1772020 515
1772030 514
1772040 513
1772050 512
1772060 511
1772070 510
1772080 509
1772090 508
1772100 507
1772110 506
1772120 504
1772130 503
1772140 502
1772150 501
1772160 500
1772170 499
1772180 498
1772190 496
1772200 495
1772210 494
1772220 493
1772230 491
1772240 490
1772250 488
1772260 487
1772270 486
1772280 484
1772290 483
1772300 482
1772310 482
1772320 481
1772330 480
1772340 479
1772350 478
1772360 476
1772370 475
1772380 474
1772390 473
1772400 472
1772410 470
1772420 469
1772430 467
1772440 466
1772450 464
1772460 463
1772470 462
1772480 461
1772490 459
1772500 457
1772510 456
1772520 454
1772530 453
1772540 451
1772550 450
1772560 449
1772570 448
1772580 448
1772590 448
1772600 448
1772610 447
1772620 447
1772630 447
1772640 447
1772650 447
1772660 447
1772670 447
1772680 446
1772690 446
1772700 446
1772710 446
1772720 445
1772730 443
1772740 442
1772750 442
1772760 443
1772770 443
1772780 443
1772790 444
1772800 444
1772810 444
1772820 444
1772830 444
1772840 444
1772850 444
1772860 444
1772870 444
1772880 444
1772890 444
1772900 444
1772910 444
1772920 444
1772930 444
1772940 444
1772950 444
1772960 444
1772970 445
1772980 446
1772990 448
1773000 450
1773010 451
1773020 452
1773030 452
1773040 453
1773050 453
1773060 454
1773070 455
1773080 456
1773090 457
1773100 458
1773110 458
1773120 459
1773130 460
1773140 460
1773150 461
1773160 462
1773170 462
1773180 463
1773190 463
1773200 463
1773210 463
1773220 464
1773230 463
1773240 463
1773250 463
1773260 461
1773270 460
1773280 460
1773290 462
1773300 464
1773310 465
1773320 466
1773330 467
1773340 468
1773350 469
1773360 470
1773370 471
1773380 471
1773390 472
1773400 473
1773410 474
1773420 475
1773430 475
1773440 475
1773450 475
1773460 475
1773470 475
1773480 474
1773490 474
1773500 473
1773510 473
1773520 472
1773530 472
1773540 472
1773550 472
1773560 472
1773570 472
1773580 472
1773590 473
1773600 473
1773610 473
1773620 473
1773630 473
1773640 473
1773650 473
1773660 473
1773670 472
1773680 472
1773690 471
1773700 470
1773710 469
1773720 467
1773730 465
1773740 462
1773750 460
1773760 458
1773770 456
1773780 454
1773790 452
1773800 451
1773810 448
1773820 447
1773830 447
1773840 447
1773850 448
1773860 448
1773870 449
1773880 450
1773890 453
1773900 455
1773910 458
1773920 460
1773930 463
1773940 465
1773950 469
1773960 471
1773970 474
1773980 477
1773990 479
1774000 482
1774010 484
1774020 486
1774030 488
1774040 490
1774050 492
1774060 493
1774070 495
1774080 496
1774090 497
1774100 498
1774110 498
1774120 499
1774130 499
1774140 500
1774150 500
1774160 501
1774170 501
1774180 501
1774190 501
1774200 502
1774210 502
1774220 502
1774230 502
1774240 503
1774250 503
1774260 503
1774270 503
1774280 503
1774290 504
1774300 504
1774310 504
1774320 504
1774330 504
1774340 504
1774350 505
1774360 505
1774370 505
1774380 505
1774390 505
1774400 504
1774410 504
1774420 504
1774430 503
1774440 503
1774450 502
1774460 501
1774470 500
1774480 500
1774490 499
1774500 498
1774510 498
1774520 497
1774530 496
1774540 495
1774550 494
1774560 494
1774570 493
1774580 492
1774590 491
1774600 491
1774610 490
1774620 489
1774630 489
1774640 488
1774650 487
1774660 486
1774670 485
1774680 484
1774690 483
1774700 482
1774710 480
1774720 479
1774730 477
1774740 475
1774750 473
1774760 471
1774770 468
1774780 465
1774790 463
1774800 461
1774810 459
1774820 458
1774830 457
1774840 455
1774850 453
1774860 450
1774870 450
1774880 450
1774890 450
1774900 452
1774910 453
1774920 454
1774930 456
1774940 458
1774950 460
1774960 463
1774970 465
1774980 468
1774990 470
1775000 472
1775010 474
1775020 475
1775030 477
1775040 479
1775050 482
1775060 484
1775070 487
1775080 490
1775090 493
1775100 496
1775110 498
1775120 499
1775130 501
1775140 502
1775150 503
1775160 504
1775170 505
1775180 506
1775190 507
1775200 508
1775210 508
1775220 509
1775230 509
1775240 510
1775250 512
1775260 513
1775270 515
1775280 516
1775290 517
1775300 518
1775310 518
1775320 519
1775330 519
1775340 519
1775350 519
1775360 519
1775370 519
1775380 518
1775390 517
1775400 516
1775410 515
1775420 514
1775430 514
1775440 514
1775450 514
1775460 514
1775470 514
1775480 515
1775490 515
1775500 515
1775510 516
1775520 516
1775530 516
1775540 517
1775550 517
1775560 518
1775570 518
1775580 518
1775590 518
1775600 518
1775610 518
1775620 518
1775630 518
1775640 518
1775650 518
1775660 518
1775670 518
1775680 518
1775690 517
1775700 517
1775710 517
1775720 516
1775730 516
1775740 515
1775750 515
1775760 515
1775770 515
1775780 515
1775790 514
1775800 514
1775810 514
1775820 514
1775830 513
1775840 513
1775850 512
1775860 511
1775870 511
1775880 510
1775890 510
1775900 509
1775910 508
1775920 508
1775930 507
1775940 506
1775950 505
1775960 504
1775970 503
1775980 502
1775990 502
1776000 501
1776010 500
1776020 499
1776030 498
1776040 497
1776050 497
1776060 496
1776070 495
1776080 494
1776090 494
1776100 493
1776110 493
1776120 493
1776130 492
1776140 492
1776150 491
1776160 491
1776170 490
1776180 490
1776190 490
1776200 489
1776210 489
1776220 488
1776230 487
1776240 486
1776250 484
1776260 483
1776270 482
1776280 480
1776290 478
1776300 478
1776310 479
1776320 479
1776330 478
1776340 478
1776350 478
1776360 478
1776370 478
1776380 478
1776390 477
1776400 477
1776410 476
1776420 476
1776430 476
1776440 475
1776450 475
1776460 475
1776470 474
1776480 474
1776490 473
1776500 472
1776510 471
1776520 470
1776530 471
1776540 471
1776550 470
1776560 469
1776570 468
1776580 467
1776590 466
1776600 465
1776610 464
1776620 463
1776630 462
1776640 461
1776650 461
1776660 460
1776670 459
1776680 458
1776690 457
1776700 456
1776710 456
1776720 455
1776730 455
1776740 454
1776750 454
1776760 453
1776770 452
1776780 451
1776790 451
1776800 451
1776810 451
1776820 450
1776830 449
1776840 449
1776850 450
1776860 449
1776870 449
1776880 449
1776890 449
1776900 449
1776910 449
1776920 448
1776930 448
1776940 448
1776950 447
1776960 447
1776970 447
1776980 447
1776990 447
1777000 446
1777010 446
1777020 446
1777030 446
1777040 446
1777050 445
1777060 445
1777070 445
1777080 445
1777090 444
1777100 444
1777110 444
1777120 443
1777130 443
1777140 443
1777150 443
1777160 443
1777170 443
1777180 443
1777190 443
1777200 443
1777210 443
1777220 442
1777230 442
1777240 442
1777250 442
1777260 442
1777270 443
1777280 443
1777290 443
1777300 443
1777310 443
1777320 443
1777330 443
1777340 443
1777350 443
1777360 444
1777370 444
1777380 444
1777390 444
1777400 444
1777410 445
1777420 445
1777430 445
1777440 445
1777450 446
1777460 446
1777470 446
1777480 446
1777490 446
1777500 446
1777510 446
1777520 446
1777530 446
1777540 446
1777550 446
1777560 447
1777570 447
1777580 447
1777590 447
1777600 447
1777610 447
1777620 447
1777630 447
1777640 447
1777650 447
1777660 447
1777670 447
1777680 447
1777690 447
1777700 447
1777710 447
1777720 447
1777730 447
1777740 447
1777750 447
1777760 447
1777770 447
1777780 447
1777790 447
1777800 446
1777810 446
1777820 446
1777830 445
1777840 445
1777850 445
1777860 444
1777870 444
1777880 444
1777890 444
1777900 443
1777910 443
1777920 443
1777930 443
1777940 443
1777950 443
1777960 443
1777970 442
1777980 442
1777990 442
1778000 442
1778010 442
1778020 442
1778030 442
1778040 441
1778050 441
1778060 441
1778070 441
1778080 441
1778090 441
1778100 441
1778110 441
1778120 440
1778130 440
1778140 440
1778150 439
1778160 439
1778170 439
1778180 438
1778190 438
1778200 437
1778210 437
1778220 437
1778230 436
1778240 436
1778250 435
1778260 434
1778270 433
1778280 433
1778290 432
1778300 431
1778310 430
1778320 429
1778330 427
1778340 426
1778350 424
1778360 423
1778370 421
1778380 419
1778390 417
1778400 416
1778410 416
1778420 417
1778430 417
1778440 417
1778450 417
1778460 417
1778470 418
1778480 418
1778490 418
1778500 418
1778510 419
1778520 420
1778530 422
1778540 425
1778550 428
1778560 431
1778570 434
1778580 438
1778590 442
1778600 445
1778610 448
1778620 451
1778630 454
1778640 455
1778650 457
1778660 458
1778670 459
1778680 460
1778690 462
1778700 464
1778710 465
1778720 467
1778730 469
1778740 470
1778750 472
1778760 474
1778770 476
1778780 478
1778790 479
1778800 480
1778810 481
1778820 481
1778830 481
1778840 481
1778850 481
1778860 481
1778870 480
1778880 480
1778890 480
1778900 480
1778910 480
1778920 480
1778930 480
1778940 480
1778950 480
1778960 480
1778970 481
1778980 481
1778990 482
1779000 484
1779010 484
1779020 485
1779030 485
1779040 485
1779050 486
1779060 486
1779070 487
1779080 488
1779090 488
1779100 488
1779110 488
1779120 488
1779130 489
1779140 490
1779150 490
1779160 491
1779170 491
1779180 491
1779190 492
1779200 492
1779210 492
1779220 493
1779230 494
1779240 494
1779250 496
1779260 497
1779270 499
1779280 500
1779290 501
1779300 502
1779310 503
1779320 503
1779330 504
1779340 505
1779350 506
1779360 506
1779370 507
1779380 508
1779390 509
1779400 510
1779410 511
1779420 511
1779430 510
1779440 510
1779450 510
1779460 510
1779470 511
1779480 512
1779490 515
1779500 517
1779510 521
1779520 523
1779530 525
1779540 527
1779550 529
1779560 530
1779570 532
1779580 534
1779590 537
1779600 539
1779610 541
1779620 543
1779630 546
1779640 548
1779650 550
1779660 552
1779670 554
1779680 556
1779690 558
1779700 560
1779710 561
1779720 563
1779730 565
1779740 567
1779750 569
1779760 571
1779770 573
1779780 574
1779790 576
1779800 577
1779810 578
1779820 579
1779830 581
1779840 582
1779850 583
1779860 583
1779870 584
1779880 584
1779890 585
1779900 585
1779910 586
1779920 586
1779930 586
1779940 587
1779950 588
1779960 589
1779970 590
1779980 590
1779990 590
