1760000 508
1760010 510
1760020 511
1760030 512
1760040 514
1760050 515
1760060 516
1760070 517
1760080 518
1760090 519
1760100 520
1760110 521
1760120 522
1760130 523
1760140 523
1760150 524
1760160 525
1760170 526
1760180 527
1760190 528
1760200 529
1760210 530
1760220 531
1760230 533
1760240 534
1760250 535
1760260 536
1760270 537
1760280 539
1760290 540
1760300 542
1760310 544
1760320 546
1760330 548
1760340 550
1760350 553
1760360 555
1760370 556
1760380 558
1760390 560
1760400 562
1760410 564
1760420 565
1760430 567
1760440 568
1760450 569
1760460 570
1760470 571
1760480 572
1760490 573
1760500 573
1760510 574
1760520 574
1760530 575
1760540 575
1760550 575
1760560 575
1760570 575
1760580 574
1760590 574
1760600 574
1760610 574
1760620 573
1760630 573
1760640 572
1760650 571
1760660 571
1760670 571
1760680 570
1760690 570
1760700 570
1760710 569
1760720 569
1760730 568
1760740 568
1760750 568
1760760 567
1760770 567
1760780 567
1760790 567
1760800 567
1760810 567
1760820 567
1760830 567
1760840 567
1760850 566
1760860 566
1760870 565
1760880 565
1760890 564
1760900 564
1760910 563
1760920 561
1760930 559
1760940 559
1760950 559
1760960 559
1760970 560
1760980 562
1760990 565
1761000 568
1761010 570
1761020 573
1761030 575
1761040 577
1761050 579
1761060 581
1761070 584
1761080 586
1761090 588
1761100 590
1761110 593
1761120 595
1761130 597
1761140 599
1761150 602
1761160 604
1761170 606
1761180 608
1761190 610
1761200 611
1761210 613
1761220 614
1761230 616
1761240 617
1761250 618
1761260 619
1761270 620
1761280 621
1761290 621
1761300 622
1761310 623
1761320 623
1761330 624
1761340 624
1761350 624
1761360 624
1761370 624
1761380 624
1761390 623
1761400 623
1761410 623
1761420 622
1761430 622
1761440 622
1761450 622
1761460 622
1761470 622
1761480 622
1761490 622
1761500 621
1761510 621
1761520 621
1761530 620
1761540 620
1761550 620
1761560 620
1761570 619
1761580 619
1761590 619
1761600 619
1761610 618
1761620 618
1761630 618
1761640 618
1761650 617
1761660 617
1761670 617
1761680 616
1761690 616
1761700 616
1761710 615
1761720 615
1761730 615
1761740 615
1761750 614
1761760 614
1761770 613
1761780 613
1761790 612
1761800 612
1761810 611
1761820 611
1761830 610
1761840 610
1761850 609
1761860 609
1761870 608
1761880 607
1761890 607
1761900 606
1761910 605
1761920 604
1761930 603
1761940 602
1761950 601
1761960 599
1761970 598
1761980 596
1761990 595
1762000 593
1762010 591
1762020 590
1762030 588
1762040 586
1762050 584
1762060 582
1762070 581
1762080 579
1762090 577
1762100 576
1762110 574
1762120 573
1762130 572
1762140 571
1762150 570
1762160 569
1762170 568
1762180 566
1762190 565
1762200 564
1762210 563
1762220 561
1762230 560
1762240 559
1762250 557
1762260 555
1762270 553
1762280 551
1762290 549
1762300 547
1762310 546
1762320 544
1762330 542
1762340 540
1762350 538
1762360 536
1762370 534
1762380 533
1762390 534
1762400 535
1762410 538
1762420 541
1762430 544
1762440 547
1762450 549
1762460 552
1762470 554
1762480 556
1762490 559
1762500 561
1762510 563
1762520 565
1762530 567
1762540 569
1762550 570
1762560 572
1762570 574
1762580 576
1762590 578
1762600 580
1762610 582
1762620 584
1762630 585
1762640 587
1762650 589
1762660 591
1762670 593
1762680 594
1762690 596
1762700 598
1762710 600
1762720 601
1762730 603
1762740 604
1762750 606
1762760 608
1762770 609
1762780 611
1762790 612
1762800 614
1762810 616
1762820 617
1762830 619
1762840 621
1762850 622
1762860 624
1762870 626
1762880 627
1762890 629
1762900 631
1762910 633
1762920 635
1762930 636
1762940 638
1762950 640
1762960 642
1762970 643
1762980 645
1762990 647
1763000 648
1763010 650
1763020 652
1763030 654
1763040 656
1763050 658
1763060 660
1763070 662
1763080 663
1763090 665
1763100 666
1763110 668
1763120 669
1763130 670
1763140 671
1763150 671
1763160 672
1763170 672
1763180 673
1763190 674
1763200 674
1763210 675
1763220 675
1763230 676
1763240 676
1763250 677
1763260 677
1763270 678
1763280 678
1763290 678
1763300 679
1763310 679
1763320 679
1763330 680
1763340 680
1763350 680
1763360 682
1763370 683
1763380 685
1763390 687
1763400 689
1763410 690
1763420 692
1763430 694
1763440 696
1763450 698
1763460 700
1763470 702
1763480 704
1763490 706
1763500 708
1763510 710
1763520 712
1763530 714
1763540 716
1763550 717
1763560 719
1763570 720
1763580 721
1763590 722
1763600 724
1763610 725
1763620 725
1763630 726
1763640 726
1763650 727
1763660 727
1763670 727
1763680 727
1763690 727
1763700 727
1763710 726
1763720 725
1763730 725
1763740 724
1763750 723
1763760 722
1763770 721
1763780 720
1763790 719
1763800 717
1763810 716
1763820 715
1763830 714
1763840 713
1763850 712
1763860 711
1763870 710
1763880 709
1763890 708
1763900 707
1763910 706
1763920 705
1763930 705
1763940 704
1763950 703
1763960 702
1763970 701
1763980 700
1763990 700
1764000 699
1764010 699
1764020 698
1764030 698
1764040 697
1764050 697
1764060 696
1764070 696
1764080 695
1764090 695
1764100 694
1764110 694
1764120 694
1764130 693
1764140 693
1764150 693
1764160 692
1764170 692
1764180 692
1764190 692
1764200 692
1764210 692
1764220 692
1764230 692
1764240 692
1764250 691
1764260 691
1764270 691
1764280 691
1764290 690
1764300 690
1764310 690
1764320 690
1764330 690
1764340 690
1764350 690
1764360 690
1764370 690
1764380 690
1764390 691
1764400 692
1764410 693
1764420 693
1764430 694
1764440 695
1764450 696
1764460 696
1764470 697
1764480 697
1764490 697
1764500 697
1764510 696
1764520 696
1764530 696
1764540 695
1764550 695
1764560 694
1764570 693
1764580 693
1764590 692
1764600 692
1764610 691
1764620 690
1764630 689
1764640 689
1764650 688
1764660 687
1764670 687
1764680 686
1764690 686
1764700 686
1764710 685
1764720 685
1764730 685
1764740 685
1764750 685
1764760 686
1764770 686
1764780 686
1764790 686
1764800 687
1764810 687
1764820 687
1764830 687
1764840 688
1764850 688
1764860 688
1764870 689
1764880 689
1764890 690
1764900 690
1764910 691
1764920 691
1764930 691
1764940 692
1764950 692
1764960 692
1764970 693
1764980 693
1764990 694
1765000 695
1765010 695
1765020 695
1765030 696
1765040 696
1765050 696
1765060 697
1765070 697
1765080 697
1765090 697
1765100 697
1765110 696
1765120 696
1765130 696
1765140 696
1765150 696
1765160 696
1765170 696
1765180 696
1765190 695
1765200 695
1765210 694
1765220 694
1765230 693
1765240 693
1765250 692
1765260 691
1765270 691
1765280 690
1765290 689
1765300 688
1765310 687
1765320 686
1765330 685
1765340 684
1765350 683
1765360 682
1765370 681
1765380 679
1765390 678
1765400 676
1765410 675
1765420 673
1765430 671
1765440 668
1765450 665
1765460 662
1765470 659
1765480 656
1765490 653
1765500 650
1765510 647
1765520 645
1765530 643
1765540 641
1765550 640
1765560 638
1765570 636
1765580 634
1765590 633
1765600 631
1765610 629
1765620 627
1765630 625
1765640 623
1765650 622
1765660 620
1765670 618
1765680 617
1765690 615
1765700 613
1765710 610
1765720 608
1765730 606
1765740 605
1765750 604
1765760 602
1765770 600
1765780 598
1765790 596
1765800 593
1765810 591
1765820 591
1765830 594
1765840 595
1765850 596
1765860 596
1765870 596
1765880 596
1765890 596
1765900 596
1765910 596
1765920 597
1765930 597
1765940 597
1765950 597
1765960 597
1765970 597
1765980 597
1765990 596
1766000 596
1766010 595
1766020 594
1766030 593
1766040 592
1766050 591
1766060 590
1766070 589
1766080 588
1766090 587
1766100 586
1766110 585
1766120 584
1766130 583
1766140 582
1766150 581
1766160 580
1766170 579
1766180 578
1766190 577
1766200 576
1766210 575
1766220 573
1766230 570
1766240 567
1766250 565
1766260 564
1766270 562
1766280 561
1766290 560
1766300 559
1766310 559
1766320 560
1766330 562
1766340 564
1766350 567
1766360 569
1766370 571
1766380 573
1766390 575
1766400 577
1766410 579
1766420 580
1766430 582
1766440 584
1766450 585
1766460 587
1766470 589
1766480 592
1766490 594
1766500 596
1766510 598
1766520 600
1766530 602
1766540 604
1766550 605
1766560 606
1766570 607
1766580 608
1766590 609
1766600 609
1766610 610
1766620 611
1766630 613
1766640 614
1766650 616
1766660 618
1766670 619
1766680 621
1766690 623
1766700 624
1766710 626
1766720 627
1766730 628
1766740 629
1766750 631
1766760 632
1766770 633
1766780 634
1766790 635
1766800 636
1766810 636
1766820 637
1766830 638
1766840 639
1766850 640
1766860 640
1766870 641
1766880 641
1766890 642
1766900 642
1766910 643
1766920 644
1766930 644
1766940 644
1766950 645
1766960 645
1766970 645
1766980 645
1766990 644
1767000 644
1767010 644
1767020 644
1767030 644
1767040 643
1767050 643
1767060 642
1767070 641
1767080 641
1767090 640
1767100 640
1767110 640
1767120 640
1767130 640
1767140 640
1767150 640
1767160 640
1767170 640
1767180 640
1767190 641
1767200 641
1767210 641
1767220 641
1767230 641
1767240 640
1767250 640
1767260 639
1767270 639
1767280 638
1767290 638
1767300 637
1767310 636
1767320 636
1767330 635
1767340 634
1767350 634
1767360 633
1767370 633
1767380 632
1767390 632
1767400 632
1767410 631
1767420 631
1767430 630
1767440 629
1767450 628
1767460 627
1767470 626
1767480 625
1767490 624
1767500 623
1767510 622
1767520 620
1767530 619
1767540 617
1767550 615
1767560 614
1767570 612
1767580 610
1767590 608
1767600 605
1767610 603
1767620 601
1767630 599
1767640 597
1767650 594
1767660 592
1767670 590
1767680 587
1767690 584
1767700 581
1767710 577
1767720 574
1767730 572
1767740 570
1767750 569
1767760 568
1767770 570
1767780 572
1767790 575
1767800 578
1767810 582
1767820 585
1767830 588
1767840 591
1767850 593
1767860 596
1767870 598
1767880 599
1767890 601
1767900 602
1767910 603
1767920 604
1767930 604
1767940 605
1767950 605
1767960 605
1767970 606
1767980 606
1767990 605
1768000 605
1768010 605
1768020 604
1768030 604
1768040 603
1768050 603
1768060 602
1768070 602
1768080 601
1768090 600
1768100 599
1768110 598
1768120 597
1768130 596
1768140 595
1768150 594
1768160 592
1768170 590
1768180 588
1768190 587
1768200 586
1768210 584
1768220 582
1768230 581
1768240 579
1768250 577
1768260 575
1768270 573
1768280 571
1768290 569
1768300 567
1768310 565
1768320 563
1768330 560
1768340 558
1768350 555
1768360 552
1768370 549
1768380 547
1768390 547
1768400 548
1768410 549
1768420 550
1768430 551
1768440 554
1768450 556
1768460 558
1768470 561
1768480 563
1768490 565
1768500 567
1768510 569
1768520 571
1768530 572
1768540 573
1768550 574
1768560 575
1768570 575
1768580 575
1768590 574
1768600 573
1768610 573
1768620 572
1768630 571
1768640 570
1768650 570
1768660 569
1768670 568
1768680 568
1768690 567
1768700 566
1768710 566
1768720 565
1768730 564
1768740 564
1768750 563
1768760 562
1768770 561
1768780 561
1768790 560
1768800 559
1768810 558
1768820 557
1768830 556
1768840 555
1768850 553
1768860 552
1768870 551
1768880 550
1768890 549
1768900 548
1768910 546
1768920 545
1768930 544
1768940 543
1768950 542
1768960 541
1768970 539
1768980 538
1768990 537
1769000 535
1769010 534
1769020 534
1769030 533
1769040 532
1769050 531
1769060 530
1769070 529
1769080 528
1769090 526
1769100 525
1769110 524
1769120 524
1769130 524
1769140 524
1769150 525
1769160 524
1769170 524
1769180 524
1769190 523
1769200 523
1769210 523
1769220 523
1769230 523
1769240 522
1769250 522
1769260 521
1769270 521
1769280 520
1769290 520
1769300 519
1769310 519
1769320 518
1769330 517
1769340 517
1769350 516
1769360 515
1769370 513
1769380 510
1769390 508
1769400 507
1769410 507
1769420 507
1769430 508
1769440 509
1769450 510
1769460 511
1769470 512
1769480 513
1769490 513
1769500 513
1769510 513
1769520 513
1769530 513
1769540 513
1769550 513
1769560 513
1769570 512
1769580 512
1769590 512
1769600 512
1769610 512
1769620 512
1769630 512
1769640 512
1769650 511
1769660 510
1769670 509
1769680 508
1769690 507
1769700 506
1769710 505
1769720 505
1769730 504
1769740 503
1769750 503
1769760 502
1769770 500
1769780 498
1769790 497
1769800 496
1769810 495
1769820 495
1769830 494
1769840 492
1769850 490
1769860 490
1769870 489
1769880 488
1769890 488
1769900 487
1769910 487
1769920 487
1769930 486
1769940 486
1769950 486
1769960 486
1769970 486
1769980 486
1769990 486
1770000 486
1770010 486
1770020 485
1770030 485
1770040 484
1770050 484
1770060 485
1770070 485
1770080 485
1770090 485
1770100 486
1770110 486
1770120 487
1770130 487
1770140 488
1770150 488
1770160 488
1770170 488
1770180 488
1770190 488
1770200 488
1770210 488
1770220 487
1770230 487
1770240 486
1770250 485
1770260 484
1770270 484
1770280 484
1770290 484
1770300 484
1770310 484
1770320 483
1770330 484
1770340 484
1770350 484
1770360 484
1770370 485
1770380 485
1770390 485
1770400 485
1770410 485
1770420 485
1770430 485
1770440 485
1770450 485
1770460 484
1770470 484
1770480 484
1770490 484
1770500 484
1770510 484
1770520 484
1770530 483
1770540 483
1770550 483
1770560 483
1770570 483
1770580 482
1770590 482
1770600 482
1770610 482
1770620 481
1770630 480
1770640 480
1770650 480
1770660 479
1770670 478
1770680 478
1770690 478
1770700 478
1770710 479
1770720 479
1770730 479
1770740 479
1770750 479
1770760 480
1770770 480
1770780 480
1770790 480
1770800 480
1770810 480
1770820 480
1770830 479
1770840 479
1770850 478
1770860 478
1770870 477
1770880 477
1770890 477
1770900 477
1770910 477
1770920 476
1770930 476
1770940 476
1770950 476
1770960 476
1770970 476
1770980 476
1770990 476
1771000 476
1771010 475
1771020 475
1771030 475
1771040 475
1771050 476
1771060 476
1771070 475
1771080 475
1771090 475
1771100 475
1771110 475
1771120 475
1771130 475
1771140 475
1771150 475
1771160 475
1771170 475
1771180 475
1771190 475
1771200 475
1771210 474
1771220 474
1771230 474
1771240 474
1771250 474
1771260 474
1771270 474
1771280 474
1771290 474
1771300 474
1771310 475
1771320 476
1771330 477
1771340 479
1771350 481
1771360 483
1771370 484
1771380 485
1771390 487
1771400 487
1771410 487
1771420 487
1771430 486
1771440 485
1771450 484
1771460 486
1771470 488
1771480 489
1771490 489
1771500 489
1771510 488
1771520 488
1771530 487
1771540 486
1771550 485
1771560 484
1771570 483
1771580 483
1771590 482
1771600 482
1771610 482
1771620 482
1771630 483
1771640 483
1771650 483
1771660 483
1771670 484
1771680 485
1771690 485
1771700 486
1771710 487
1771720 488
1771730 489
1771740 489
1771750 490
1771760 491
1771770 492
1771780 494
1771790 495
1771800 496
1771810 497
1771820 498
1771830 500
1771840 501
1771850 503
1771860 504
1771870 506
1771880 507
1771890 509
1771900 510
1771910 511
1771920 512
1771930 512
1771940 513
1771950 513
1771960 513
1771970 514
1771980 515
1771990 516
1772000 517
1772010 518
1772020 519
1772030 519
1772040 520
1772050 520
1772060 521
1772070 521
1772080 522
1772090 523
1772100 523
1772110 524
1772120 524
1772130 525
1772140 525
1772150 526
1772160 527
1772170 528
1772180 528
1772190 529
1772200 529
1772210 530
1772220 530
1772230 530
1772240 530
1772250 529
1772260 529
1772270 529
1772280 528
1772290 528
1772300 528
1772310 528
1772320 528
1772330 527
1772340 527
1772350 526
1772360 525
1772370 524
1772380 523
1772390 522
1772400 520
1772410 519
1772420 517
1772430 514
1772440 512
1772450 509
1772460 506
1772470 503
1772480 501
1772490 499
1772500 498
1772510 498
1772520 500
1772530 501
1772540 503
1772550 503
1772560 504
1772570 504
1772580 505
1772590 505
1772600 506
1772610 506
1772620 507
1772630 508
1772640 508
1772650 509
1772660 509
1772670 510
1772680 511
1772690 511
1772700 512
1772710 512
1772720 513
1772730 514
1772740 514
1772750 515
1772760 516
1772770 516
1772780 517
1772790 517
1772800 518
1772810 518
1772820 519
1772830 521
1772840 522
1772850 523
1772860 524
1772870 525
1772880 526
1772890 527
1772900 528
1772910 528
1772920 529
1772930 530
1772940 531
1772950 531
1772960 532
1772970 532
1772980 533
1772990 533
1773000 533
1773010 534
1773020 534
1773030 534
1773040 534
1773050 534
1773060 533
1773070 533
1773080 532
1773090 532
1773100 532
1773110 531
1773120 531
1773130 530
1773140 529
1773150 528
1773160 528
1773170 528
1773180 527
1773190 527
1773200 527
1773210 527
1773220 526
1773230 523
1773240 519
1773250 518
1773260 519
1773270 524
1773280 527
1773290 530
1773300 531
1773310 533
1773320 534
1773330 536
1773340 538
1773350 540
1773360 542
1773370 545
1773380 547
1773390 548
1773400 550
1773410 551
1773420 552
1773430 553
1773440 554
1773450 555
1773460 557
1773470 558
1773480 560
1773490 562
1773500 564
1773510 566
1773520 569
1773530 571
1773540 573
1773550 574
1773560 576
1773570 577
1773580 578
1773590 579
1773600 580
1773610 580
1773620 581
1773630 581
1773640 581
1773650 581
1773660 581
1773670 581
1773680 580
1773690 580
1773700 579
1773710 579
1773720 579
1773730 578
1773740 578
1773750 578
1773760 578
1773770 578
1773780 578
1773790 579
1773800 579
1773810 579
1773820 579
1773830 579
1773840 579
1773850 578
1773860 578
1773870 578
1773880 578
1773890 578
1773900 577
1773910 577
1773920 576
1773930 575
1773940 575
1773950 574
1773960 573
1773970 572
1773980 571
1773990 570
1774000 569
1774010 568
1774020 567
1774030 566
1774040 564
1774050 563
1774060 562
1774070 561
1774080 560
1774090 559
1774100 558
1774110 556
1774120 556
1774130 555
1774140 555
1774150 555
1774160 554
1774170 554
1774180 554
1774190 553
1774200 553
1774210 553
1774220 552
1774230 551
1774240 551
1774250 550
1774260 549
1774270 548
1774280 548
1774290 547
1774300 546
1774310 545
1774320 544
1774330 543
1774340 543
1774350 542
1774360 541
1774370 541
1774380 540
1774390 539
1774400 538
1774410 537
1774420 537
1774430 536
1774440 536
1774450 535
1774460 535
1774470 535
1774480 535
1774490 535
1774500 534
1774510 534
1774520 534
1774530 533
1774540 533
1774550 532
1774560 532
1774570 531
1774580 531
1774590 530
1774600 530
1774610 529
1774620 528
1774630 528
1774640 527
1774650 527
1774660 526
1774670 526
1774680 525
1774690 525
1774700 524
1774710 524
1774720 523
1774730 523
1774740 522
1774750 521
1774760 520
1774770 520
1774780 519
1774790 519
1774800 518
1774810 518
1774820 517
1774830 517
1774840 516
1774850 516
1774860 515
1774870 515
1774880 514
1774890 514
1774900 513
1774910 513
1774920 512
1774930 511
1774940 510
1774950 509
1774960 509
1774970 507
1774980 506
1774990 505
1775000 504
1775010 503
1775020 502
1775030 501
1775040 500
1775050 499
1775060 498
1775070 497
1775080 496
1775090 495
1775100 494
1775110 493
1775120 493
1775130 492
1775140 491
1775150 490
1775160 489
1775170 488
1775180 488
1775190 487
1775200 486
1775210 485
1775220 484
1775230 483
1775240 482
1775250 482
1775260 481
1775270 480
1775280 479
1775290 478
1775300 478
1775310 477
1775320 476
1775330 476
1775340 475
1775350 475
1775360 473
1775370 471
1775380 468
1775390 468
1775400 469
1775410 469
1775420 470
1775430 470
1775440 470
1775450 470
1775460 470
1775470 470
1775480 470
1775490 470
1775500 470
1775510 470
1775520 470
1775530 470
1775540 471
1775550 472
1775560 475
1775570 477
1775580 480
1775590 482
1775600 483
1775610 484
1775620 485
1775630 486
1775640 487
1775650 488
1775660 489
1775670 489
1775680 490
1775690 491
1775700 491
1775710 492
1775720 493
1775730 493
1775740 494
1775750 494
1775760 495
1775770 495
1775780 496
1775790 497
1775800 497
1775810 498
1775820 498
1775830 499
1775840 499
1775850 500
1775860 500
1775870 501
1775880 501
1775890 502
1775900 503
1775910 504
1775920 504
1775930 505
1775940 505
1775950 506
1775960 507
1775970 507
1775980 508
1775990 508
1776000 509
1776010 509
1776020 510
1776030 510
1776040 510
1776050 511
1776060 511
1776070 510
1776080 510
1776090 510
1776100 510
1776110 509
1776120 509
1776130 508
1776140 508
1776150 507
1776160 506
1776170 506
1776180 505
1776190 504
1776200 503
1776210 503
1776220 502
1776230 501
1776240 501
1776250 500
1776260 499
1776270 499
1776280 498
1776290 497
1776300 496
1776310 495
1776320 495
1776330 494
1776340 493
1776350 493
1776360 493
1776370 492
1776380 492
1776390 491
1776400 490
1776410 490
1776420 490
1776430 489
1776440 489
1776450 489
1776460 488
1776470 488
1776480 487
1776490 487
1776500 487
1776510 486
1776520 486
1776530 486
1776540 485
1776550 485
1776560 484
1776570 484
1776580 484
1776590 483
1776600 483
1776610 483
1776620 483
1776630 483
1776640 483
1776650 482
1776660 482
1776670 482
1776680 482
1776690 482
1776700 482
1776710 482
1776720 482
1776730 482
1776740 482
1776750 481
1776760 481
1776770 481
1776780 481
1776790 481
1776800 481
1776810 481
1776820 481
1776830 482
1776840 482
1776850 482
1776860 482
1776870 483
1776880 483
1776890 483
1776900 483
1776910 483
1776920 482
1776930 482
1776940 482
1776950 482
1776960 482
1776970 481
1776980 481
1776990 481
1777000 481
1777010 480
1777020 480
1777030 479
1777040 479
1777050 478
1777060 477
1777070 476
1777080 475
1777090 475
1777100 475
1777110 477
1777120 479
1777130 480
1777140 482
1777150 483
1777160 484
1777170 485
1777180 486
1777190 487
1777200 487
1777210 488
1777220 488
1777230 489
1777240 490
1777250 490
1777260 490
1777270 491
1777280 491
1777290 490
1777300 490
1777310 490
1777320 490
1777330 490
1777340 490
1777350 490
1777360 489
1777370 489
1777380 488
1777390 488
1777400 488
1777410 487
1777420 487
1777430 487
1777440 487
1777450 486
1777460 486
1777470 486
1777480 486
1777490 486
1777500 485
1777510 485
1777520 485
1777530 485
1777540 484
1777550 484
1777560 484
1777570 484
1777580 484
1777590 483
1777600 483
1777610 483
1777620 482
1777630 482
1777640 482
1777650 481
1777660 481
1777670 481
1777680 481
1777690 480
1777700 480
1777710 480
1777720 480
1777730 480
1777740 479
1777750 479
1777760 479
1777770 479
1777780 478
1777790 478
1777800 478
1777810 478
1777820 477
1777830 477
1777840 477
1777850 476
1777860 476
1777870 476
1777880 476
1777890 475
1777900 475
1777910 474
1777920 473
1777930 472
1777940 470
1777950 469
1777960 468
1777970 466
1777980 464
1777990 460
1778000 457
1778010 454
1778020 452
1778030 452
1778040 451
1778050 451
1778060 450
1778070 450
1778080 450
1778090 450
1778100 449
1778110 449
1778120 449
1778130 449
1778140 448
1778150 448
1778160 448
1778170 448
1778180 448
1778190 449
1778200 452
1778210 454
1778220 456
1778230 457
1778240 459
1778250 461
1778260 463
1778270 466
1778280 468
1778290 470
1778300 472
1778310 474
1778320 475
1778330 476
1778340 477
1778350 479
1778360 481
1778370 482
1778380 484
1778390 485
1778400 485
1778410 487
1778420 490
1778430 493
1778440 496
1778450 498
1778460 501
1778470 503
1778480 505
1778490 508
1778500 510
1778510 512
1778520 515
1778530 517
1778540 519
1778550 520
1778560 522
1778570 524
1778580 526
1778590 527
1778600 529
1778610 530
1778620 531
1778630 532
1778640 533
1778650 533
1778660 534
1778670 536
1778680 537
1778690 538
1778700 540
1778710 542
1778720 544
1778730 546
1778740 547
1778750 548
1778760 550
1778770 551
1778780 553
1778790 554
1778800 555
1778810 556
1778820 557
1778830 558
1778840 558
1778850 559
1778860 559
1778870 560
1778880 560
1778890 561
1778900 561
1778910 561
1778920 561
1778930 561
1778940 560
1778950 559
1778960 558
1778970 556
1778980 554
1778990 552
1779000 550
1779010 548
1779020 545
1779030 543
1779040 541
1779050 539
1779060 536
1779070 534
1779080 533
1779090 531
1779100 529
1779110 527
1779120 525
1779130 523
1779140 524
1779150 525
1779160 527
1779170 530
1779180 532
1779190 535
1779200 537
1779210 539
1779220 542
1779230 544
1779240 546
1779250 548
1779260 549
1779270 550
1779280 550
1779290 551
1779300 551
1779310 551
1779320 551
1779330 550
1779340 549
1779350 549
1779360 548
1779370 547
1779380 547
1779390 546
1779400 546
1779410 547
1779420 548
1779430 548
1779440 549
1779450 550
1779460 552
1779470 553
1779480 554
1779490 556
1779500 557
1779510 559
1779520 560
1779530 561
1779540 563
1779550 564
1779560 565
1779570 566
1779580 568
1779590 570
1779600 572
1779610 574
1779620 576
1779630 578
1779640 579
1779650 580
1779660 582
1779670 584
1779680 586
1779690 588
1779700 591
1779710 593
1779720 595
1779730 598
1779740 600
1779750 602
1779760 604
1779770 605
1779780 607
1779790 608
1779800 609
1779810 611
1779820 612
1779830 613
1779840 614
1779850 615
1779860 616
1779870 616
1779880 617
1779890 617
1779900 617
1779910 617
1779920 617
1779930 617
1779940 616
1779950 616
1779960 616
1779970 615
1779980 614
1779990 613
