1760000 612
1760010 613
1760020 614
1760030 615
1760040 616
1760050 618
1760060 619
1760070 620
1760080 622
1760090 624
1760100 626
1760110 629
1760120 631
1760130 633
1760140 635
1760150 637
1760160 639
1760170 642
1760180 644
1760190 646
1760200 648
1760210 650
1760220 653
1760230 655
1760240 657
1760250 659
1760260 661
1760270 663
1760280 664
1760290 666
1760300 667
1760310 668
1760320 669
1760330 670
1760340 670
1760350 671
1760360 672
1760370 673
1760380 673
1760390 674
1760400 674
1760410 675
1760420 675
1760430 676
1760440 677
1760450 677
1760460 678
1760470 679
1760480 681
1760490 682
1760500 683
1760510 684
1760520 684
1760530 685
1760540 686
1760550 687
1760560 688
1760570 689
1760580 690
1760590 692
1760600 693
1760610 694
1760620 696
1760630 697
1760640 698
1760650 700
1760660 701
1760670 702
1760680 703
1760690 705
1760700 706
1760710 707
1760720 709
1760730 710
1760740 711
1760750 713
1760760 715
1760770 717
1760780 719
1760790 721
1760800 723
1760810 725
1760820 728
1760830 730
1760840 732
1760850 735
1760860 737
1760870 739
1760880 742
1760890 744
1760900 746
1760910 748
1760920 750
1760930 752
1760940 753
1760950 754
1760960 754
1760970 753
1760980 752
1760990 752
1761000 751
1761010 750
1761020 749
1761030 748
1761040 747
1761050 747
1761060 746
1761070 747
1761080 747
1761090 747
1761100 747
1761110 747
1761120 747
1761130 748
1761140 749
1761150 750
1761160 750
1761170 751
1761180 752
1761190 753
1761200 753
1761210 753
1761220 753
1761230 753
1761240 753
1761250 753
1761260 752
1761270 751
1761280 749
1761290 747
1761300 745
1761310 743
1761320 741
1761330 740
1761340 738
1761350 737
1761360 736
1761370 737
1761380 740
1761390 742
1761400 745
1761410 747
1761420 748
1761430 749
1761440 749
1761450 750
1761460 751
1761470 752
1761480 753
1761490 754
1761500 755
1761510 757
1761520 758
1761530 759
1761540 760
1761550 761
1761560 762
1761570 763
1761580 764
1761590 766
1761600 767
1761610 768
1761620 769
1761630 770
1761640 771
1761650 772
1761660 774
1761670 777
1761680 778
1761690 780
1761700 781
1761710 783
1761720 784
1761730 785
1761740 787
1761750 789
1761760 791
1761770 794
1761780 796
1761790 798
1761800 800
1761810 802
1761820 805
1761830 807
1761840 809
1761850 811
1761860 813
1761870 815
1761880 817
1761890 818
1761900 820
1761910 821
1761920 823
1761930 824
1761940 826
1761950 827
1761960 829
1761970 831
1761980 833
1766650 665
1766660 666
1766670 665
1766680 665
1766690 666
1766700 665
1766710 665
1766720 665
1766730 665
1766740 665
1766750 666
1766760 666
1766770 666
1766780 666
1766790 666
1766800 667
1766810 667
1766820 667
1766830 668
1766840 668
1766850 668
1766860 668
1766870 668
1766880 667
1766890 667
1766900 667
1766910 667
1766920 666
1766930 665
1766940 665
1766950 664
1766960 663
1766970 662
1766980 661
1766990 661
1767000 660
1767010 660
1767020 659
1767030 659
1767040 659
1767050 659
1767060 659
1767070 659
1767080 659
1767090 658
1767100 658
1767110 658
1767120 657
1767130 657
1767140 656
1767150 656
1767160 656
1767170 655
1767180 654
1767190 654
1767200 653
1767210 653
1767220 652
1767230 652
1767240 652
1767250 651
1767260 651
1767270 651
1767280 650
1767290 650
1767300 650
1767310 649
1767320 649
1767330 649
1767340 648
1767350 648
1767360 648
1767370 647
1767380 647
1767390 647
1767400 646
1767410 646
1767420 646
1767430 646
1767440 645
1767450 645
1767460 645
1767470 645
1767480 645
1767490 644
1767500 644
1767510 644
1767520 644
1767530 645
1767540 644
1767550 644
1767560 643
1767570 642
1767580 640
1767590 637
1767600 634
1767610 630
1767620 627
1767630 623
1767640 620
1767650 617
1767660 614
1767670 612
1767680 611
1767690 610
1767700 609
1767710 608
1767720 609
1767730 612
1767740 615
1767750 617
1767760 619
1767770 622
1767780 624
1767790 627
1767800 630
1767810 632
1767820 635
1767830 637
1767840 639
1767850 642
1767860 644
1767870 646
1767880 648
1767890 650
1767900 652
1767910 654
1767920 656
1767930 658
1767940 660
1767950 662
1767960 664
1767970 666
1767980 667
1767990 669
1768000 671
1768010 673
1768020 675
1768030 677
1768040 679
1768050 681
1768060 682
1768070 684
1768080 686
1768090 688
1768100 689
1768110 691
1768120 693
1768130 695
1768140 697
1768150 699
1768160 701
1768170 703
1768180 705
1768190 707
1768200 709
1768210 711
1768220 713
1768230 715
1768240 716
1768250 718
1768260 719
1768270 721
1768280 722
1768290 724
1768300 725
1768310 726
1768320 728
1768330 729
1768340 730
1768350 731
1768360 732
1768370 732
1768380 733
1768390 733
1768400 733
1768410 733
1768420 732
1768430 732
1768440 731
1768450 731
1768460 730
1768470 730
1768480 729
1768490 728
1768500 727
1768510 726
1768520 725
1768530 723
1768540 722
1768550 720
1768560 719
1768570 718
1768580 716
1768590 715
1768600 714
1768610 712
1768620 711
1768630 710
1768640 708
1768650 707
1768660 706
1768670 704
1768680 703
1768690 702
1768700 700
1768710 698
1768720 697
1768730 695
1768740 694
1768750 692
1768760 690
1768770 687
1768780 684
1768790 681
1768800 678
1768810 674
1768820 671
1768830 668
1768840 665
1768850 662
1768860 659
1768870 656
1768880 652
1768890 649
1768900 646
1768910 644
1768920 641
1768930 638
1768940 635
1768950 633
1768960 633
1768970 633
1768980 632
1768990 632
1769000 633
1769010 634
1769020 634
1769030 634
1769040 635
1769050 636
1769060 636
1769070 636
1769080 637
1769090 637
1769100 637
1769110 638
1769120 638
1769130 638
1769140 638
1769150 639
1769160 639
1769170 639
1769180 639
1769190 639
1769200 639
1769210 637
1769220 635
1769230 631
1769240 627
1769250 623
1769260 619
1769270 615
1769280 612
1769290 610
1769300 608
1769310 606
1769320 606
1769330 606
1769340 607
1769350 607
1769360 609
1769370 612
1769380 614
1769390 616
1769400 618
1769410 621
1769420 623
1769430 626
1769440 629
1769450 632
1769460 634
1769470 637
1769480 639
1769490 642
1769500 644
1769510 647
1769520 649
1769530 652
1769540 654
1769550 657
1769560 659
1769570 661
1769580 664
1769590 666
1769600 668
1769610 671
1769620 673
1769630 675
1769640 677
1769650 678
1769660 680
1769670 682
1769680 683
1769690 685
1769700 687
1769710 689
1769720 690
1769730 692
1769740 694
1769750 695
1769760 697
1769770 698
1769780 700
1769790 701
1769800 702
1769810 703
1769820 704
1769830 705
1769840 706
1769850 707
1769860 708
1769870 709
1769880 709
1769890 710
1769900 710
1769910 711
1769920 711
1769930 712
1769940 712
1769950 712
1769960 712
1769970 712
1769980 712
1769990 712
1770000 713
1770010 713
1770020 714
1770030 714
1770040 715
1770050 716
1770060 716
1770070 717
1770080 718
1770090 718
1770100 719
1770110 719
1770120 720
1770130 721
1770140 721
1770150 722
1770160 723
1770170 724
1770180 725
1770190 726
1770200 726
1770210 727
1770220 727
1770230 728
1770240 729
1770250 730
1770260 730
1770270 731
1770280 732
1770290 733
1770300 734
1770310 735
1770320 736
1770330 737
1770340 738
1770350 740
1770360 741
1770370 742
1770380 744
1770390 745
1770400 746
1770410 747
1770420 748
1770430 750
1770440 751
1770450 753
1770460 754
1770470 755
1770480 756
1770490 757
1770500 759
1770510 760
1770520 761
1770530 762
1770540 763
1770550 764
1770560 764
1770570 765
1770580 765
1770590 765
1770600 765
1770610 765
1770620 765
1770630 765
1770640 764
1770650 764
1770660 764
1770670 763
1770680 763
1770690 762
1770700 762
1770710 761
1770720 760
1770730 759
1770740 758
1770750 757
1770760 756
1770770 754
1770780 753
1770790 752
1770800 751
1770810 750
1770820 749
1770830 747
1770840 746
1770850 745
1770860 743
1770870 742
1770880 740
1770890 739
1770900 737
1770910 736
1770920 735
1770930 733
1770940 732
1770950 730
1770960 729
1770970 727
1770980 726
1770990 724
1771000 723
1771010 722
1771020 720
1771030 719
1771040 718
1771050 716
1771060 715
1771070 713
1771080 712
1771090 711
1771100 709
1771110 708
1771120 707
1771130 706
1771140 704
1771150 703
1771160 702
1771170 701
1771180 700
1771190 699
1771200 697
1771210 696
1771220 695
1771230 693
1771240 692
1771250 691
1771260 690
1771270 688
1771280 687
1771290 685
1771300 684
1771310 683
1771320 681
1771330 680
1771340 678
1771350 677
1771360 675
1771370 673
1771380 671
1771390 669
1771400 667
1771410 664
1771420 661
1771430 657
1771440 653
1771450 648
1771460 644
1771470 641
1771480 637
1771490 634
1771500 632
1771510 630
1771520 628
1771530 626
1771540 624
1771550 622
1771560 620
1771570 617
1771580 614
1771590 611
1771600 609
1771610 607
1771620 605
1771630 603
1771640 601
1771650 600
1771660 598
1771670 597
1771680 596
1771690 595
1771700 594
1771710 593
1771720 592
1771730 591
1771740 590
1771750 589
1771760 589
1771770 589
1771780 589
1771790 589
1771800 588
1771810 587
1771820 586
1771830 585
1771840 584
1771850 584
1771860 584
1771870 584
1771880 584
1771890 586
1771900 587
1771910 590
1771920 592
1771930 594
1771940 597
1771950 600
1771960 602
1771970 603
1771980 605
1771990 606
1772000 607
1772010 609
1772020 610
1772030 611
1772040 613
1772050 614
1772060 614
1772070 615
1772080 616
1772090 617
1772100 618
1772110 619
1772120 620
1772130 621
1772140 622
1772150 624
1772160 625
1772170 627
1772180 629
1772190 631
1772200 633
1772210 634
1772220 635
1772230 636
1772240 637
1772250 638
1772260 639
1772270 639
1772280 639
1772290 640
1772300 640
1772310 640
1772320 640
1772330 640
1772340 639
1772350 639
1772360 639
1772370 638
1772380 638
1772390 637
1772400 637
1772410 636
1772420 635
1772430 635
1772440 634
1772450 634
1772460 632
1772470 631
1772480 630
1772490 629
1772500 629
1772510 628
1772520 627
1772530 626
1772540 626
1772550 625
1772560 624
1772570 623
1772580 622
1772590 621
1772600 620
1772610 619
1772620 618
1772630 617
1772640 616
1772650 614
1772660 613
1772670 611
1772680 610
1772690 608
1772700 607
1772710 605
1772720 603
1772730 600
1772740 599
1772750 597
1772760 595
1772770 594
1772780 593
1772790 592
1772800 593
1772810 595
1772820 598
1772830 601
1772840 603
1772850 605
1772860 607
1772870 608
1772880 609
1772890 611
1772900 613
1772910 615
1772920 617
1772930 618
1772940 620
1772950 621
1772960 622
1772970 623
1772980 623
1772990 623
1773000 623
1773010 622
1773020 621
1773030 619
1773040 616
1773050 613
1773060 610
1773070 606
1773080 603
1773090 599
1773100 597
1773110 595
1773120 594
1773130 594
1773140 594
1773150 595
1773160 596
1773170 597
1773180 597
1773190 598
1773200 598
1773210 599
1773220 601
1773230 603
1773240 605
1773250 607
1773260 609
1773270 611
1773280 613
1773290 615
1773300 616
1773310 618
1773320 620
1773330 621
1773340 623
1773350 625
1773360 626
1773370 628
1773380 630
1773390 632
1773400 634
1773410 635
1773420 637
1773430 638
1773440 640
1773450 641
1773460 643
1773470 644
1773480 646
1773490 647
1773500 648
1773510 649
1773520 650
1773530 651
1773540 651
1773550 651
1773560 651
1773570 652
1773580 652
1773590 652
1773600 652
1773610 651
1773620 651
1773630 651
1773640 650
1773650 649
1773660 648
1773670 647
1773680 646
1773690 645
1773700 644
1773710 643
1773720 642
1773730 641
1773740 640
1773750 639
1773760 639
1773770 638
1773780 638
1773790 638
1773800 637
1773810 637
1773820 637
1773830 637
1773840 637
1773850 636
1773860 636
1773870 636
1773880 636
1773890 636
1773900 636
1773910 636
1773920 636
1773930 635
1773940 635
1773950 635
1773960 635
1773970 635
1773980 635
1773990 634
1774000 634
1774010 634
1774020 634
1774030 634
1774040 633
1774050 633
1774060 633
1774070 632
1774080 632
1774090 632
1774100 631
1774110 631
1774120 630
1774130 630
1774140 629
1774150 629
1774160 628
1774170 628
1774180 627
1774190 627
1774200 626
1774210 626
1774220 625
1774230 625
1774240 624
1774250 623
1774260 622
1774270 622
1774280 621
1774290 620
1774300 619
1774310 618
1774320 617
1774330 616
1774340 614
1774350 613
1774360 612
1774370 611
1774380 610
1774390 609
1774400 607
1774410 605
1774420 603
1774430 601
1774440 599
1774450 597
1774460 595
1774470 593
1774480 591
1774490 588
1774500 584
1774510 580
1774520 581
1774530 583
1774540 586
1774550 589
1774560 592
1774570 594
1774580 597
1774590 599
1774600 601
1774610 602
1774620 604
1774630 607
1774640 609
1774650 612
1774660 615
1774670 617
1774680 620
1774690 622
1774700 623
1774710 625
1774720 625
1774730 627
1774740 629
1774750 632
1774760 634
1774770 635
1774780 636
1774790 636
1774800 636
1774810 635
1774820 634
1774830 633
1774840 632
1774850 631
1774860 630
1774870 628
1774880 627
1774890 626
1774900 624
1774910 622
1774920 621
1774930 620
1774940 618
1774950 616
1774960 615
1774970 613
1774980 612
1774990 611
1775000 610
1775010 608
1775020 607
1775030 608
1775040 607
1775050 606
1775060 604
1775070 603
1775080 602
1775090 602
1775100 601
1775110 601
1775120 601
1775130 600
1775140 599
1775150 598
1775160 598
1775170 597
1775180 595
1775190 593
1775200 590
1775210 593
1775220 595
1775230 597
1775240 598
1775250 599
1775260 599
1775270 600
1775280 601
1775290 601
1775300 601
1775310 600
1775320 599
1775330 598
1775340 596
1775350 593
1775360 591
1775370 588
1775380 586
1775390 583
1775400 580
1775410 577
1775420 574
1775430 573
1775440 572
1775450 575
1775460 576
1775470 578
1775480 579
1775490 582
1775500 585
1775510 588
1775520 592
1775530 595
1775540 598
1775550 601
1775560 605
1775570 608
1775580 611
1775590 614
1775600 616
1775610 618
1775620 620
1775630 622
1775640 622
1775650 621
1775660 618
1775670 615
1775680 612
1775690 609
1775700 606
1775710 603
1775720 601
1775730 598
1775740 595
1775750 593
1775760 591
1775770 589
1775780 587
1775790 584
1775800 582
1775810 583
1775820 586
1775830 589
1775840 591
1775850 593
1775860 594
1775870 596
1775880 597
1775890 599
1775900 601
1775910 602
1775920 604
1775930 606
1775940 607
1775950 609
1775960 611
1775970 614
1775980 617
1775990 621
1776000 625
1776010 628
1776020 631
1776030 634
1776040 636
1776050 639
1776060 641
1776070 643
1776080 645
1776090 646
1776100 648
1776110 650
1776120 652
1776130 654
1776140 657
1776150 660
1776160 662
1776170 665
1776180 668
1776190 671
1776200 674
1776210 678
1776220 681
1776230 684
1776240 686
1776250 689
1776260 691
1776270 693
1776280 695
1776290 697
1776300 699
1776310 700
1776320 702
1776330 704
1776340 705
1776350 706
1776360 706
1776370 706
1776380 706
1776390 705
1776400 705
1776410 704
1776420 704
1776430 703
1776440 702
1776450 701
1776460 701
1776470 700
1776480 699
1776490 698
1776500 698
1776510 698
1776520 697
1776530 697
1776540 696
1776550 695
1776560 693
1776570 691
1776580 691
1776590 691
1776600 692
1776610 693
1776620 694
1776630 695
1776640 696
1776650 697
1776660 698
1776670 698
1776680 699
1776690 700
1776700 701
1776710 701
1776720 702
1776730 703
1776740 704
1776750 705
1776760 705
1776770 706
1776780 706
1776790 706
1776800 706
1776810 706
1776820 706
1776830 706
1776840 706
1776850 706
1776860 706
1776870 707
1776880 708
1776890 708
1776900 708
1776910 708
1776920 707
1776930 706
1776940 704
1776950 702
1776960 700
1776970 698
1776980 696
1776990 693
1777000 691
1777010 689
1777020 688
1777030 686
1777040 684
1777050 683
1777060 681
1777070 680
1777080 678
1777090 676
1777100 675
1777110 674
1777120 673
1777130 672
1777140 670
1777150 669
1777160 667
1777170 666
1777180 665
1777190 665
1777200 664
1777210 664
1777220 664
1777230 664
1777240 664
1777250 665
1777260 665
1777270 667
1777280 668
1777290 670
1777300 671
1777310 673
1777320 674
1777330 675
1777340 677
1777350 678
1777360 680
1777370 681
1777380 683
1777390 685
1777400 687
1777410 688
1777420 690
1777430 692
1777440 693
1777450 695
1777460 696
1777470 695
1777480 694
1777490 692
1777500 690
1777510 689
1777520 687
1777530 685
1777540 683
1777550 681
1777560 679
1777570 677
1777580 675
1777590 673
1777600 671
1777610 668
1777620 666
1777630 664
1777640 662
1777650 660
1777660 659
1777670 657
1777680 656
1777690 654
1777700 653
1777710 651
1777720 649
1777730 647
1777740 645
1777750 643
1777760 641
1777770 638
1777780 635
1777790 633
1777800 630
1777810 628
1777820 626
1777830 624
1777840 622
1777850 619
1777860 617
1777870 615
1777880 613
1777890 610
1777900 608
1777910 605
1777920 602
1777930 600
1777940 598
1777950 597
1777960 595
1777970 592
1777980 590
1777990 589
1778000 586
1778010 583
1778020 580
1778030 579
1778040 579
1778050 578
1778060 576
1778070 573
1778080 574
1778090 575
1778100 576
1778110 577
1778120 578
1778130 579
1778140 581
1778150 582
1778160 584
1778170 585
1778180 586
1778190 587
1778200 588
1778210 589
1778220 589
1778230 589
1778240 589
1778250 589
1778260 588
1778270 588
1778280 587
1778290 586
1778300 585
1778310 583
1778320 582
1778330 580
1778340 579
1778350 577
1778360 575
1778370 573
1778380 571
1778390 569
1778400 568
1778410 566
1778420 564
1778430 562
1778440 560
1778450 558
1778460 557
1778470 555
1778480 553
1778490 551
1778500 550
1778510 548
1778520 547
1778530 546
1778540 545
1778550 544
1778560 542
1778570 540
1778580 539
1778590 537
1778600 536
1778610 535
1778620 533
1778630 532
1778640 531
1778650 531
1778660 530
1778670 529
1778680 528
1778690 528
1778700 527
1778710 527
1778720 527
1778730 527
1778740 527
1778750 527
1778760 527
1778770 527
1778780 527
1778790 526
1778800 526
1778810 526
1778820 525
1778830 525
1778840 523
1778850 522
1778860 521
1778870 519
1778880 517
1778890 515
1778900 512
1778910 510
1778920 507
1778930 505
1778940 503
1778950 501
1778960 499
1778970 498
1778980 497
1778990 495
1779000 495
1779010 494
1779020 493
1779030 492
1779040 492
1779050 490
1779060 489
1779070 486
1779080 485
1779090 485
1779100 484
1779110 482
1779120 480
1779130 479
1779140 478
1779150 478
1779160 477
1779170 477
1779180 476
1779190 477
1779200 478
1779210 478
1779220 478
1779230 478
1779240 477
1779250 477
1779260 476
1779270 475
1779280 473
1779290 473
1779300 473
1779310 472
1779320 472
1779330 471
1779340 469
1779350 468
1779360 468
1779370 468
1779380 467
1779390 467
1779400 467
1779410 466
1779420 466
1779430 466
1779440 465
1779450 465
1779460 465
1779470 464
1779480 464
1779490 464
1779500 464
1779510 464
1779520 464
1779530 464
1779540 463
1779550 463
1779560 463
1779570 463
1779580 463
1779590 463
1779600 462
1779610 461
1779620 461
1779630 461
1779640 461
1779650 461
1779660 461
1779670 460
1779680 460
1779690 461
1779700 460
1779710 461
1779720 461
1779730 461
1779740 460
1779750 460
1779760 460
1779770 460
1779780 459
1779790 459
1779800 458
1779810 458
1779820 457
1779830 456
1779840 456
1779850 455
1779860 455
1779870 454
1779880 454
1779890 454
1779900 453
1779910 453
1779920 452
1779930 452
1779940 451
1779950 451
1779960 451
1779970 450
1779980 449
1779990 449
1761830 807
1761840 809
1761850 811
1761860 813
1761870 815
1761880 817
1761890 818
1761900 820
1761910 821
1761920 823
1761930 824
1761940 826
1761950 827
1761960 829
1761970 831
1761980 833
1761990 835
1762000 836
1762010 838
1762020 839
1762030 840
1762040 841
1762050 841
1762060 840
1762070 838
1762080 836
1762090 834
1762100 831
1762110 828
1762120 825
1762130 822
1762140 819
1762150 816
1762160 813
1762170 809
1762180 806
1762190 803
1762200 801
1762210 798
1762220 796
1762230 794
1762240 792
1762250 790
1762260 789
1762270 788
1762280 788
1762290 789
1762300 790
1762310 790
1762320 790
1762330 791
1762340 791
1762350 791
1762360 792
1762370 792
1762380 793
1762390 793
1762400 793
1762410 793
1762420 793
1762430 793
1762440 793
1762450 792
1762460 792
1762470 792
1762480 791
1762490 791
1762500 791
1762510 791
1762520 791
1762530 791
1762540 791
1762550 790
1762560 789
1762570 789
1762580 788
1762590 788
1762600 788
1762610 787
1762620 786
1762630 786
1762640 785
1762650 785
1762660 784
1762670 784
1762680 783
1762690 782
1762700 782
1762710 782
1762720 781
1762730 781
1762740 780
1762750 780
1762760 779
1762770 779
1762780 778
1762790 778
1762800 777
1762810 776
1762820 776
1762830 775
1762840 775
1762850 775
1762860 775
1762870 775
1762880 774
1762890 774
1762900 774
1762910 773
1762920 773
1762930 773
1762940 772
1762950 772
1762960 772
1762970 771
1762980 771
1762990 771
1763000 771
1763010 772
1763020 772
1763030 772
1763040 773
1763050 773
1763060 774
1763070 774
1763080 774
1763090 775
1763100 774
1763110 774
1763120 774
1763130 773
1763140 773
1763150 773
1763160 773
1763170 773
1763180 773
1763190 773
1763200 773
1763210 774
1763220 774
1763230 775
1763240 775
1763250 776
1763260 777
1763270 778
1763280 778
1763290 779
1763300 780
1763310 781
1763320 782
1763330 783
1763340 784
1763350 784
1763360 783
1763370 783
1763380 782
1763390 781
1763400 780
1763410 780
1763420 779
1763430 779
1763440 778
1763450 778
1763460 777
1763470 776
1763480 775
1763490 774
1763500 773
1763510 773
1763520 772
1763530 771
1763540 770
1763550 769
1763560 769
1763570 768
1763580 767
1763590 766
1763600 765
1763610 764
1763620 763
1763630 762
1763640 761
1763650 760
1763660 760
1763670 759
1763680 758
1763690 757
1763700 756
1763710 755
1763720 754
1763730 753
1763740 752
1763750 752
1763760 751
1763770 751
1763780 750
1763790 750
1763800 750
1763810 750
1763820 750
1763830 750
1763840 749
1763850 749
1763860 748
1763870 747
1763880 746
1763890 745
1763900 743
1763910 742
1763920 741
1763930 740
1763940 738
1763950 737
1763960 736
1763970 735
1763980 734
1763990 733
1764000 732
1764010 730
1764020 729
1764030 728
1764040 726
1764050 725
1764060 723
1764070 722
1764080 720
1764090 719
1764100 719
1764110 718
1764120 717
1764130 716
1764140 715
1764150 714
1764160 713
1764170 711
1764180 710
1764190 709
1764200 708
1764210 706
1764220 705
1764230 704
1764240 704
1764250 704
1764260 703
1764270 703
1764280 703
1764290 702
1764300 702
1764310 702
1764320 702
1764330 701
1764340 701
1764350 701
1764360 702
1764370 702
1764380 702
1764390 702
1764400 702
1764410 702
1764420 702
1764430 701
1764440 701
1764450 700
1764460 699
1764470 699
1764480 698
1764490 697
1764500 695
1764510 694
1764520 693
1764530 692
1764540 691
1764550 689
1764560 688
1764570 687
1764580 685
1764590 684
1764600 682
1764610 680
1764620 678
1764630 676
1764640 673
1764650 671
1764660 669
1764670 668
1764680 665
1764690 662
1764700 657
1764710 652
1764720 648
1764730 643
1764740 639
1764750 634
1764760 630
1764770 626
1764780 622
1764790 618
1764800 614
1764810 610
1764820 607
1764830 604
1764840 601
1764850 598
1764860 595
1764870 593
1764880 591
1764890 590
1764900 588
1764910 587
1764920 585
1764930 582
1764940 581
1764950 582
1764960 584
1764970 584
1764980 584
1764990 584
1765000 583
1765010 584
1765020 584
1765030 584
1765040 585
1765050 585
1765060 585
1765070 586
1765080 586
1765090 586
1765100 586
1765110 586
1765120 587
1765130 587
1765140 587
1765150 587
1765160 587
1765170 586
1765180 586
1765190 585
1765200 585
1765210 583
1765220 582
1765230 580
1765240 579
1765250 577
1765260 575
1765270 573
1765280 570
1765290 568
1765300 566
1765310 564
1765320 561
1765330 559
1765340 557
1765350 555
1765360 552
1765370 550
1765380 547
1765390 544
1765400 540
1765410 536
1765420 533
1765430 529
1765440 526
1765450 523
1765460 520
1765470 517
1765480 513
1765490 509
1765500 506
1765510 505
1765520 505
1765530 504
1765540 502
1765550 502
1765560 503
1765570 506
1765580 509
1765590 512
1765600 515
1765610 519
1765620 522
1765630 525
1765640 528
1765650 531
1765660 534
1765670 537
1765680 539
1765690 541
1765700 542
1765710 542
1765720 541
1765730 540
1765740 538
1765750 537
1765760 540
1765770 543
1765780 546
1765790 548
1765800 550
1765810 552
1765820 555
1765830 557
1765840 559
1765850 561
1765860 563
1765870 565
1765880 567
1765890 570
1765900 572
1765910 575
1765920 577
1765930 580
1765940 582
1765950 584
1765960 586
1765970 588
1765980 590
1765990 592
1766000 595
1766010 597
1766020 600
1766030 603
1766040 605
1766050 608
1766060 611
1766070 614
1766080 616
1766090 619
1766100 622
1766110 624
1766120 627
1766130 630
1766140 633
1766150 635
1766160 638
1766170 640
1766180 643
1766190 645
1766200 647
1766210 649
1766220 651
1766230 653
1766240 655
1766250 657
1766260 658
1766270 658
1766280 659
1766290 659
1766300 658
1766310 658
1766320 657
1766330 655
1766340 654
1766350 652
1766360 650
1766370 648
1766380 646
1766390 645
1766400 643
1766410 641
1766420 640
1766430 639
1766440 639
1766450 639
1766460 638
1766470 638
1766480 638
1766490 639
1766500 641
1766510 644
1766520 646
1766530 648
1766540 650
1766550 652
1766560 654
1766570 656
1766580 658
1766590 659
1766600 661
1766610 662
1766620 663
1766630 664
1766640 665
