1761320 743
1761330 743
1761340 746
1761350 749
1761360 754
1761370 758
1761380 761
1761390 764
1761400 767
1761410 770
1761420 773
1761430 776
1761440 779
1761450 782
1761460 784
1761470 787
1761480 789
1761490 792
1761500 794
1761510 796
1761520 797
1761530 798
1761540 798
1761550 799
1761560 799
1761570 800
1761580 801
1761590 802
1761600 802
1761610 803
1761620 804
1761630 805
1761640 805
1761650 806
1761660 807
1761670 808
1761680 808
1761690 809
1761700 809
1761710 809
1761720 810
1761730 811
1761740 812
1761750 813
1761760 813
1761770 815
1761780 816
1761790 817
1761800 819
1761810 820
1761820 822
1761830 823
1761840 824
1761850 825
1761860 825
1761870 826
1761880 826
1761890 826
1761900 826
1761910 827
1761920 829
1761930 830
1761940 832
1761950 834
1761960 836
1761970 837
1761980 838
1761990 839
1762000 838
1762010 838
1762020 838
1762030 837
1762040 836
1762050 834
1762060 830
1762070 827
1762080 824
1762090 821
1762100 818
1762110 816
1762120 813
1762130 811
1762140 808
1762150 806
1762160 804
1762170 801
1762180 799
1762190 797
1762200 796
1762210 794
1762220 792
1762230 790
1762240 789
1762250 787
1762260 785
1762270 784
1762280 782
1762290 781
1762300 779
1762310 777
1762320 775
1762330 773
1762340 772
1762350 770
1762360 768
1762370 766
1762380 764
1762390 762
1762400 760
1762410 758
1762420 756
1762430 755
1762440 752
1762450 750
1762460 748
1762470 745
1762480 743
1762490 740
1762500 737
1762510 734
1762520 732
1762530 729
1762540 726
1762550 724
1762560 721
1762570 718
1762580 714
1762590 711
1762600 707
1762610 704
1762620 700
1762630 697
1762640 694
1762650 690
1762660 687
1762670 684
1762680 680
1762690 677
1762700 674
1762710 670
1762720 667
1762730 665
1762740 663
1762750 661
1762760 659
1762770 656
1762780 655
1762790 652
1762800 650
1762810 647
1762820 644
1762830 642
1762840 639
1762850 638
1762860 636
1762870 635
1762880 636
1762890 637
1762900 637
1762910 637
1762920 636
1762930 635
1762940 634
1762950 633
1762960 632
1762970 632
1762980 631
1762990 631
1763000 630
1763010 629
1763020 628
1763030 629
1763040 629
1763050 630
1763060 630
1763070 630
1763080 631
1763090 631
1763100 632
1763110 632
1763120 633
1763130 633
1763140 632
1763150 631
1763160 630
1763170 628
1763180 626
1763190 625
1763200 627
1763210 627
1763220 627
1763230 626
1763240 631
1763250 635
1763260 638
1763270 642
1763280 645
1763290 648
1763300 651
1763310 653
1763320 656
1763330 658
1763340 660
1763350 661
1763360 663
1763370 665
1763380 666
1763390 667
1763400 669
1763410 670
1763420 671
1763430 672
1763440 673
1763450 674
1763460 674
1763470 675
1763480 676
1763490 676
1763500 677
1763510 677
1763520 678
1763530 678
1763540 678
1763550 679
1763560 680
1763570 681
1763580 682
1763590 683
1763600 684
1763610 685
1763620 686
1763630 687
1763640 688
1763650 688
1763660 689
1763670 690
1763680 690
1763690 691
1763700 691
1763710 691
1763720 691
1763730 691
1763740 691
1763750 691
1763760 691
1763770 690
1763780 690
1763790 690
1763800 690
1763810 690
1763820 690
1763830 690
1763840 690
1763850 691
1763860 691
1763870 692
1763880 692
1763890 692
1763900 692
1763910 691
1763920 690
1763930 690
1763940 689
1763950 689
1763960 691
1763970 692
1763980 692
1763990 691
1764000 693
1764010 695
1764020 697
1764030 699
1764040 702
1764050 705
1764060 708
1764070 711
1764080 713
1764090 716
1764100 718
1764110 719
1764120 720
1764130 721
1764140 722
1764150 723
1764160 723
1764170 724
1764180 725
1764190 725
1764200 726
1764210 726
1764220 727
1764230 727
1764240 727
1764250 728
1764260 729
1764270 729
1764280 730
1764290 731
1764300 732
1764310 733
1764320 735
1764330 736
1764340 737
1764350 739
1764360 740
1764370 742
1764380 743
1764390 745
1764400 746
1764410 748
1764420 750
1764430 751
1764440 753
1764450 754
1764460 754
1764470 754
1764480 752
1764490 750
1764500 748
1764510 747
1764520 745
1764530 744
1764540 743
1764550 742
1764560 741
1764570 741
1764580 740
1764590 739
1764600 739
1764610 738
1764620 738
1764630 738
1764640 738
1764650 737
1764660 737
1764670 736
1764680 736
1764690 735
1764700 734
1764710 733
1764720 732
1764730 731
1764740 729
1764750 728
1764760 727
1764770 726
1764780 724
1764790 723
1764800 721
1764810 720
1764820 718
1764830 716
1764840 715
1764850 713
1764860 711
1764870 710
1764880 708
1764890 706
1764900 704
1764910 701
1764920 699
1764930 697
1764940 695
1764950 693
1764960 691
1764970 689
1764980 687
1764990 684
1765000 682
1765010 679
1765020 677
1765030 675
1765040 673
1765050 671
1765060 669
1765070 666
1765080 664
1765090 661
1765100 659
1765110 656
1765120 654
1765130 651
1765140 647
1765150 644
1765160 640
1765170 636
1765180 631
1765190 627
1765200 623
1765210 620
1765220 617
1765230 615
1765240 614
1765250 613
1765260 612
1765270 611
1765280 610
1765290 608
1765300 605
1765310 603
1765320 600
1765330 597
1765340 595
1765350 593
1765360 592
1765370 591
1765380 590
1765390 589
1765400 588
1765410 589
1765420 589
1765430 589
1765440 588
1765450 586
1765460 583
1765470 581
1765480 578
1765490 575
1765500 573
1765510 570
1765520 567
1765530 564
1765540 562
1765550 559
1765560 556
1765570 553
1765580 549
1765590 546
1765600 542
1765610 538
1765620 534
1765630 530
1765640 526
1765650 523
1765660 520
1765670 517
1765680 515
1765690 512
1765700 510
1765710 508
1765720 505
1765730 503
1765740 501
1765750 499
1765760 497
1765770 494
1765780 492
1765790 489
1765800 488
1765810 485
1765820 483
1765830 480
1765840 479
1765850 479
1765860 478
1765870 480
1765880 482
1765890 485
1765900 488
1765910 491
1765920 495
1765930 498
1765940 501
1765950 503
1765960 505
1765970 507
1765980 508
1765990 508
1766000 507
1766010 507
1766020 506
1766030 505
1766040 504
1766050 503
1766060 502
1766070 500
1766080 500
1766090 499
1766100 499
1766110 502
1766120 506
1766130 511
1766140 516
1766150 520
1766160 524
1766170 527
1766180 530
1766190 533
1766200 536
1766210 539
1766220 542
1766230 545
1766240 547
1766250 549
1766260 551
1766270 553
1766280 556
1766290 558
1766300 560
1766310 563
1766320 565
1766330 568
1766340 570
1766350 572
1766360 574
1766370 576
1766380 578
1766390 581
1766400 583
1766410 586
1766420 589
1766430 592
1766440 595
1766450 598
1766460 601
1766470 605
1766480 608
1766490 611
1766500 613
1766510 617
1766520 620
1766530 623
1766540 626
1766550 628
1766560 631
1766570 633
1766580 635
1766590 636
1766600 638
1766610 639
1766620 640
1766630 641
1766640 642
1766650 644
1766660 645
1766670 646
1766680 648
1766690 649
1766700 650
1766710 651
1766720 652
1766730 654
1766740 655
1766750 656
1766760 658
1766770 659
1766780 661
1766790 662
1766800 664
1766810 667
1766820 669
1766830 671
1766840 674
1766850 676
1766860 678
1766870 681
1766880 683
1766890 685
1766900 688
1766910 690
1766920 693
1766930 695
1766940 697
1766950 699
1766960 702
1766970 704
1766980 706
1766990 708
1767000 711
1767010 713
1767020 715
1767030 717
1767040 718
1767050 720
1767060 722
1767070 723
1767080 724
1767090 726
1767100 727
1761320 743
1761330 743
1761340 746
1761350 749
1761360 754
1761370 758
1761380 761
1761390 764
1761400 767
1761410 770
1761420 773
1761430 776
1761440 779
1761450 782
1761460 784
1761470 787
1761480 789
1761490 792
1761500 794
1761510 796
1761520 797
1761530 798
1761540 798
1761550 799
1761560 799
1761570 800
1761580 801
1761590 802
1761600 802
1761610 803
1761620 804
1761630 805
1761640 805
1761650 806
1761660 807
1761670 808
1761680 808
1761690 809
1761700 809
1761710 809
1761720 810
1761730 811
1761740 812
1761750 813
1761760 813
1761770 815
1761780 816
1761790 817
1761800 819
1761810 820
1761820 822
1761830 823
1761840 824
1761850 825
1761860 825
1761870 826
1761880 826
1761890 826
1761900 826
1761910 827
1761920 829
1761930 830
1761940 832
1761950 834
1761960 836
1761970 837
1761980 838
1761990 839
1762000 838
1762010 838
1762020 838
1762030 837
1762040 836
1762050 834
1762060 830
1762070 827
1762080 824
1762090 821
1762100 818
1762110 816
1762120 813
1762130 811
1762140 808
1762150 806
1762160 804
1762170 801
1762180 799
1762190 797
1762200 796
1762210 794
1762220 792
1762230 790
1762240 789
1762250 787
1762260 785
1762270 784
1762280 782
1762290 781
1762300 779
1762310 777
1762320 775
1762330 773
1762340 772
1762350 770
1762360 768
1762370 766
1762380 764
1762390 762
1762400 760
1762410 758
1762420 756
1762430 755
1762440 752
1762450 750
1762460 748
1762470 745
1762480 743
1762490 740
1762500 737
1762510 734
1762520 732
1762530 729
1762540 726
1762550 724
1762560 721
1762570 718
1762580 714
1762590 711
1762600 707
1762610 704
1762620 700
1762630 697
1762640 694
1762650 690
1762660 687
1762670 684
1762680 680
1762690 677
1762700 674
1762710 670
1762720 667
1762730 665
1762740 663
1762750 661
1762760 659
1762770 656
1762780 655
1762790 652
1762800 650
1762810 647
1762820 644
1762830 642
1762840 639
1762850 638
1762860 636
1762870 635
1762880 636
1762890 637
1762900 637
1762910 637
1762920 636
1762930 635
1762940 634
1762950 633
1762960 632
1762970 632
1762980 631
1762990 631
1763000 630
1763010 629
1763020 628
1763030 629
1763040 629
1763050 630
1763060 630
1763070 630
1763080 631
1763090 631
1763100 632
1763110 632
1763120 633
1763130 633
1763140 632
1763150 631
1763160 630
1763170 628
1763180 626
1763190 625
1763200 627
1763210 627
1763220 627
1763230 626
1763240 631
1763250 635
1763260 638
1763270 642
1763280 645
1763290 648
1763300 651
1763310 653
1763320 656
1763330 658
1763340 660
1763350 661
1763360 663
1763370 665
1763380 666
1763390 667
1763400 669
1763410 670
1763420 671
1763430 672
1763440 673
1763450 674
1763460 674
1763470 675
1763480 676
1763490 676
1763500 677
1763510 677
1763520 678
1763530 678
1763540 678
1763550 679
1763560 680
1763570 681
1763580 682
1763590 683
1763600 684
1763610 685
1763620 686
1763630 687
1763640 688
1763650 688
1763660 689
1763670 690
1763680 690
1763690 691
1763700 691
1763710 691
1763720 691
1763730 691
1763740 691
1763750 691
1763760 691
1763770 690
1763780 690
1763790 690
1763800 690
1763810 690
1763820 690
1763830 690
1763840 690
1763850 691
1763860 691
1763870 692
1763880 692
1763890 692
1763900 692
1763910 691
1763920 690
1763930 690
1763940 689
1763950 689
1763960 691
1763970 692
1763980 692
1763990 691
1764000 693
1764010 695
1764020 697
1764030 699
1764040 702
1764050 705
1764060 708
1764070 711
1764080 713
1764090 716
1764100 718
1764110 719
1764120 720
1764130 721
1764140 722
1764150 723
1764160 723
1764170 724
1764180 725
1764190 725
1764200 726
1764210 726
1764220 727
1764230 727
1764240 727
1764250 728
1764260 729
1764270 729
1764280 730
1764290 731
1764300 732
1764310 733
1764320 735
1764330 736
1764340 737
1764350 739
1764360 740
1764370 742
1764380 743
1764390 745
1764400 746
1764410 748
1764420 750
1764430 751
1764440 753
1764450 754
1764460 754
1764470 754
1764480 752
1764490 750
1764500 748
1764510 747
1764520 745
1764530 744
1764540 743
1764550 742
1764560 741
1764570 741
1764580 740
1764590 739
1764600 739
1764610 738
1764620 738
1764630 738
1764640 738
1764650 737
1764660 737
1764670 736
1764680 736
1764690 735
1764700 734
1764710 733
1764720 732
1764730 731
1764740 729
1764750 728
1764760 727
1764770 726
1764780 724
1764790 723
1764800 721
1764810 720
1764820 718
1764830 716
1764840 715
1764850 713
1764860 711
1764870 710
1764880 708
1764890 706
1764900 704
1764910 701
1764920 699
1764930 697
1764940 695
1764950 693
1764960 691
1764970 689
1764980 687
1764990 684
1765000 682
1765010 679
1765020 677
1765030 675
1765040 673
1765050 671
1765060 669
1765070 666
1765080 664
1765090 661
1765100 659
1765110 656
1765120 654
1765130 651
1765140 647
1765150 644
1765160 640
1765170 636
1765180 631
1765190 627
1765200 623
1765210 620
1765220 617
1765230 615
1765240 614
1765250 613
1765260 612
1765270 611
1765280 610
1765290 608
1765300 605
1765310 603
1765320 600
1765330 597
1765340 595
1765350 593
1765360 592
1765370 591
1765380 590
1765390 589
1765400 588
1765410 589
1765420 589
1765430 589
1765440 588
1765450 586
1765460 583
1765470 581
1765480 578
1765490 575
1765500 573
1765510 570
1765520 567
1765530 564
1765540 562
1765550 559
1765560 556
1765570 553
1765580 549
1765590 546
1765600 542
1765610 538
1765620 534
1765630 530
1765640 526
1765650 523
1765660 520
1765670 517
1765680 515
1765690 512
1765700 510
1765710 508
1765720 505
1765730 503
1765740 501
1765750 499
1765760 497
1765770 494
1765780 492
1765790 489
1765800 488
1765810 485
1765820 483
1765830 480
1765840 479
1765850 479
1765860 478
1765870 480
1765880 482
1765890 485
1765900 488
1765910 491
1765920 495
1765930 498
1765940 501
1765950 503
1765960 505
1765970 507
1765980 508
1765990 508
1766000 507
1766010 507
1766020 506
1766030 505
1766040 504
1766050 503
1766060 502
1766070 500
1766080 500
1766090 499
1766100 499
1766110 502
1766120 506
1766130 511
1766140 516
1766150 520
1766160 524
1766170 527
1766180 530
1766190 533
1766200 536
1766210 539
1766220 542
1766230 545
1766240 547
1766250 549
1766260 551
1766270 553
1766280 556
1766290 558
1766300 560
1766310 563
1766320 565
1766330 568
1766340 570
1766350 572
1766360 574
1766370 576
1766380 578
1766390 581
1766400 583
1766410 586
1766420 589
1766430 592
1766440 595
1766450 598
1766460 601
1766470 605
1766480 608
1766490 611
1766500 613
1766510 617
1766520 620
1766530 623
1766540 626
1766550 628
1766560 631
1766570 633
1766580 635
1766590 636
1766600 638
1766610 639
1766620 640
1766630 641
1766640 642
1766650 644
1766660 645
1766670 646
1766680 648
1766690 649
1766700 650
1766710 651
1766720 652
1766730 654
1766740 655
1766750 656
1766760 658
1766770 659
1766780 661
1766790 662
1766800 664
1766810 667
1766820 669
1766830 671
1766840 674
1766850 676
1766860 678
1766870 681
1766880 683
1766890 685
1766900 688
1766910 690
1766920 693
1766930 695
1766940 697
1766950 699
1766960 702
1766970 704
1766980 706
1766990 708
1767000 711
1767010 713
1767020 715
1767030 717
1767040 718
1767050 720
1767060 722
1767070 723
1767080 724
1767090 726
1767100 727
