1760000 554
1760010 554
1760020 555
1760030 556
1760040 557
1760050 558
1760060 558
1760070 558
1760080 558
1760090 557
1760100 556
1760110 559
1760120 563
1760130 565
1760140 567
1760150 569
1760160 571
1760170 574
1760180 576
1760190 578
1760200 580
1760210 582
1760220 585
1760230 587
1760240 589
1760250 591
1760260 592
1760270 593
1760280 594
1760290 595
1760300 596
1760310 597
1760320 599
1760330 601
1760340 602
1760350 604
1760360 605
1760370 607
1760380 608
1760390 609
1760400 610
1760410 610
1760420 611
1760430 611
1760440 612
1760450 613
1760460 616
1760470 620
1760480 625
1760490 629
1760500 633
1760510 636
1760520 639
1760530 642
1760540 644
1760550 647
1760560 649
1760570 651
1760580 653
1760590 656
1760600 659
1760610 661
1760620 664
1760630 666
1760640 668
1760650 670
1760660 672
1760670 674
1760680 676
1760690 678
1760700 680
1760710 681
1760720 683
1760730 684
1760740 685
1760750 685
1760760 686
1760770 687
1760780 687
1760790 687
1760800 688
1760810 688
1760820 688
1760830 689
1760840 689
1760850 690
1760860 690
1760870 691
1760880 692
1760890 693
1760900 695
1760910 696
1760920 697
1760930 698
1760940 699
1760950 701
1760960 702
1760970 704
1760980 705
1760990 706
1761000 707
1761010 707
1761020 708
1761030 708
1761040 708
1761050 707
1761060 707
1761070 707
1761080 706
1761090 706
1761100 705
1761110 704
1761120 703
1761130 702
1761140 701
1761150 700
1761160 698
1761170 698
1761180 697
1761190 696
1761200 696
1761210 697
1761220 697
1761230 697
1761240 697
1761250 697
1761260 697
1761270 697
1761280 697
1761290 696
1761300 696
1761310 695
1761320 694
1761330 693
1761340 692
1761350 691
1761360 690
1761370 689
1761380 687
1761390 685
1761400 683
1761410 682
1761420 680
1761430 678
1761440 676
1761450 674
1761460 672
1761470 670
1761480 668
1761490 665
1761500 663
1761510 661
1761520 661
1761530 661
1761540 662
1761550 662
1761560 662
1761570 662
1761580 662
1761590 661
1761600 660
1761610 660
1761620 659
1761630 659
1761640 658
1761650 658
1761660 658
1761670 658
1761680 658
1761690 658
1761700 658
1761710 658
1761720 659
1761730 659
1761740 659
1761750 660
1761760 660
1761770 660
1761780 661
1761790 661
1761800 661
1761810 661
1761820 662
1761830 662
1761840 662
1761850 661
1761860 661
1761870 660
1761880 660
1761890 658
1761900 657
1761910 656
1761920 654
1761930 653
1761940 652
1761950 650
1761960 648
1761970 647
1761980 645
1761990 644
1762000 642
1762010 641
1762020 639
1762030 637
1762040 635
1762050 633
1762060 631
1762070 629
1762080 628
1762090 626
1762100 624
1762110 622
1762120 620
1762130 617
1762140 614
1762150 611
1762160 608
1762170 605
1762180 601
1762190 598
1762200 594
1762210 590
1762220 587
1762230 584
1762240 581
1762250 578
1762260 576
1762270 574
1762280 572
1762290 569
1762300 567
1762310 565
1762320 564
1762330 563
1762340 561
1762350 560
1762360 559
1762370 557
1762380 554
1762390 551
1762400 549
1762410 548
1762420 548
1762430 551
1762440 553
1762450 554
1762460 555
1762470 556
1762480 556
1762490 556
1762500 556
1762510 556
1762520 556
1762530 557
1762540 557
1762550 556
1762560 556
1762570 555
1762580 555
1762590 554
1762600 554
1762610 554
1762620 554
1762630 554
1762640 554
1762650 554
1762660 554
1762670 554
1762680 554
1762690 554
1762700 554
1762710 553
1762720 553
1762730 553
1762740 552
1762750 552
1762760 552
1762770 552
1762780 552
1762790 552
1762800 553
1762810 553
1762820 553
1762830 552
1762840 552
1762850 552
1762860 552
1762870 552
1762880 552
1762890 553
1762900 553
1762910 554
1762920 554
1762930 553
1762940 552
1762950 550
1762960 549
1762970 551
1762980 552
1762990 553
1763000 552
1763010 552
1763020 552
1763030 551
1763040 551
1763050 550
1763060 550
1763070 550
1763080 550
1763090 550
1763100 550
1763110 550
1763120 550
1763130 549
1763140 549
1763150 549
1763160 549
1763170 550
1763180 550
1763190 550
1763200 550
1763210 550
1763220 550
1763230 550
1763240 550
1763250 550
1763260 550
1763270 550
1763280 550
1763290 550
1763300 550
1763310 550
1763320 550
1763330 550
1763340 550
1763350 550
1763360 550
1763370 550
1763380 550
1763390 550
1763400 550
1763410 550
1763420 551
1763430 551
1763440 551
1763450 551
1763460 551
1763470 551
1763480 550
1763490 549
1763500 549
1763510 548
1763520 547
1763530 547
1763540 546
1763550 545
1763560 545
1763570 544
1763580 544
1763590 543
1763600 543
1763610 542
1763620 541
1763630 541
1763640 540
1763650 539
1763660 538
1763670 537
1763680 536
1763690 535
1763700 534
1763710 533
1763720 532
1763730 530
1763740 529
1763750 527
1763760 526
1763770 524
1763780 522
1763790 519
1763800 516
1763810 512
1763820 508
1763830 503
1763840 497
1763850 498
1763860 499
1763870 500
1763880 500
1763890 500
1763900 500
1763910 499
1763920 499
1763930 499
1763940 499
1763950 499
1763960 500
1763970 500
1763980 501
1763990 501
1764000 502
1764010 503
1764020 504
1764030 505
1764040 506
1764050 507
1764060 508
1764070 510
1764080 512
1764090 514
1764100 515
1764110 516
1764120 518
1764130 519
1764140 520
1764150 521
1764160 522
1764170 523
1764180 523
1764190 524
1764200 524
1764210 524
1764220 524
1764230 524
1764240 524
1764250 524
1764260 523
1764270 523
1764280 523
1764290 523
1764300 523
1764310 522
1764320 522
1764330 522
1764340 521
1764350 521
1764360 520
1764370 520
1764380 519
1764390 518
1764400 518
1764410 517
1764420 516
1764430 515
1764440 514
1764450 512
1764460 511
1764470 509
1764480 508
1764490 507
1764500 505
1764510 503
1764520 502
1764530 500
1764540 499
1764550 497
1764560 495
1764570 492
1764580 494
1764590 497
1764600 499
1764610 500
1764620 501
1764630 502
1764640 503
1764650 505
1764660 506
1764670 507
1764680 508
1764690 509
1764700 509
1764710 509
1764720 509
1764730 509
1764740 509
1764750 509
1764760 510
1764770 510
1764780 511
1764790 512
1764800 514
1764810 515
1764820 516
1764830 517
1764840 518
1764850 519
1764860 520
1764870 521
1764880 522
1764890 522
1764900 523
1764910 523
1764920 523
1764930 523
1764940 523
1764950 523
1764960 523
1764970 522
1764980 522
1764990 522
1765000 522
1765010 522
1765020 521
1765030 521
1765040 520
1765050 520
1765060 519
1765070 519
1765080 518
1765090 517
1765100 516
1765110 516
1765120 515
1765130 515
1765140 515
1765150 515
1765160 516
1765170 516
1765180 516
1765190 516
1765200 515
1765210 515
1765220 514
1765230 513
1765240 513
1765250 512
1765260 511
1765270 511
1765280 510
1765290 510
1765300 509
1765310 509
1765320 508
1765330 507
1765340 507
1765350 508
1765360 509
1765370 509
1765380 510
1765390 510
1765400 510
1765410 510
1765420 510
1765430 510
1765440 510
1765450 510
1765460 510
1765470 510
1765480 509
1765490 509
1765500 508
1765510 509
1765520 509
1765530 509
1765540 509
1765550 509
1765560 509
1765570 509
1765580 510
1765590 511
1765600 511
1765610 512
1765620 513
1765630 514
1765640 515
1765650 515
1765660 516
1765670 516
1765680 516
1765690 517
1765700 517
1765710 518
1765720 519
1765730 519
1765740 520
1765750 520
1765760 520
1765770 520
1765780 519
1765790 517
1765800 515
1765810 512
1765820 509
1765830 505
1765840 502
1765850 499
1765860 495
1765870 491
1765880 487
1765890 484
1765900 480
1765910 476
1765920 472
1765930 469
1765940 465
1765950 462
1765960 458
1765970 455
1765980 452
1765990 449
1766000 446
1766010 443
1766020 441
1766030 440
1766040 438
1766050 436
1766060 436
1766070 437
1766080 438
1766090 441
1766100 445
1766110 448
1766120 451
1766130 454
1766140 457
1766150 459
1766160 462
1766170 465
1766180 468
1766190 471
1766200 474
1766210 477
1766220 480
1766230 484
1766240 487
1766250 490
1766260 493
1766270 495
1766280 498
1766290 500
1766300 502
1766310 504
1766320 507
1766330 509
1766340 512
1766350 515
1766360 519
1766370 522
1766380 526
1766390 530
1766400 533
1766410 537
1766420 541
1766430 544
1766440 548
1766450 552
1766460 555
1766470 558
1766480 562
1766490 565
1766500 568
1766510 571
1766520 573
1766530 576
1766540 579
1766550 582
1766560 584
1766570 587
1766580 589
1766590 591
1766600 593
1766610 595
1766620 597
1766630 599
1766640 601
1766650 602
1766660 603
1766670 603
1766680 603
1766690 604
1766700 605
1766710 605
1766720 606
1766730 607
1766740 608
1766750 608
1766760 609
1766770 610
1766780 610
1766790 611
1766800 612
1766810 614
1766820 615
1766830 616
1766840 616
1766850 617
1766860 618
1766870 619
1766880 620
1766890 621
1766900 622
1766910 623
1766920 624
1766930 624
1766940 622
1766950 619
1766960 616
1766970 612
1766980 609
1766990 606
1767000 603
1767010 600
1767020 597
1767030 594
1767040 591
1767050 588
1767060 586
1767070 584
1767080 581
1767090 579
1767100 577
1767110 575
1767120 573
1767130 571
1767140 569
1767150 566
1767160 564
1767170 562
1767180 560
1767190 559
1767200 557
1767210 554
1767220 552
1767230 549
1767240 546
1767250 543
1767260 540
1767270 537
1767280 534
1767290 532
1767300 530
1767310 527
1767320 525
1767330 523
1767340 523
1767350 525
1767360 526
1767370 527
1767380 528
1767390 527
1767400 526
1767410 524
1767420 523
1767430 522
1767440 522
1767450 521
1767460 520
1767470 521
1767480 522
1767490 522
1767500 521
1767510 521
1767520 522
1767530 522
1767540 523
1767550 523
1767560 524
1767570 527
1767580 531
1767590 534
1767600 536
1767610 538
1767620 540
1767630 541
1767640 543
1767650 544
1767660 546
1767670 548
1767680 550
1767690 552
1767700 554
1767710 555
1767720 557
1767730 558
1767740 560
1767750 562
1767760 564
1767770 566
1767780 568
1767790 570
1767800 571
1767810 573
1767820 576
1767830 578
1767840 580
1767850 582
1767860 584
1767870 587
1767880 590
1767890 592
1767900 595
1767910 597
1767920 600
1767930 603
1767940 605
1767950 608
1767960 611
1767970 613
1767980 616
1767990 619
1768000 621
1768010 623
1768020 625
1768030 627
1768040 629
1768050 631
1768060 633
1768070 635
1768080 637
1768090 639
1768100 641
1768110 643
1768120 645
1768130 647
1768140 649
1768150 650
1768160 652
1768170 654
1768180 655
1768190 657
1768200 658
1768210 660
1768220 662
1768230 664
1768240 667
1768250 669
1768260 671
1768270 674
1768280 676
1768290 679
1768300 681
1768310 684
1768320 687
1768330 690
1768340 693
1768350 696
1768360 699
1768370 702
1768380 704
1768390 707
1768400 710
1768410 713
1768420 715
1768430 718
1768440 720
1768450 723
1768460 725
1768470 727
1768480 729
1768490 731
1768500 733
1768510 735
1768520 737
1768530 738
1768540 739
1768550 741
1768560 741
1768570 742
1768580 743
1768590 743
1768600 743
1768610 743
1768620 743
1768630 743
1768640 742
1768650 741
1768660 740
1768670 739
1768680 739
1768690 738
1768700 738
1768710 737
1768720 737
1768730 737
1768740 737
1768750 737
1768760 738
1768770 738
1768780 738
1768790 738
1768800 739
1768810 739
1768820 739
1768830 740
1768840 740
1768850 741
1768860 741
1768870 741
1768880 742
1768890 743
1768900 743
1768910 743
1768920 744
1768930 745
1768940 745
1768950 746
1768960 747
1768970 749
1768980 750
1768990 751
1769000 753
1769010 755
1769020 756
1769030 758
1769040 759
1769050 760
1769060 762
1769070 763
1769080 764
1769090 764
1769100 764
1769110 764
1769120 763
1769130 761
1769140 759
1769150 756
1769160 753
1769170 750
1769180 748
1769190 746
1769200 743
1769210 741
1769220 739
1769230 737
1769240 735
1769250 733
1769260 731
1769270 729
1769280 728
1769290 726
1769300 724
1769310 723
1769320 722
1769330 722
1769340 724
1769350 726
1769360 728
1769370 730
1769380 732
1769390 735
1769400 737
1769410 740
1769420 742
1769430 744
1769440 745
1769450 746
1769460 746
1769470 746
1769480 745
1769490 744
1769500 744
1769510 743
1769520 742
1769530 741
1769540 739
1769550 737
1769560 739
1769570 741
1769580 744
1769590 747
1769600 750
1769610 753
1769620 756
1769630 758
1769640 761
1769650 764
1769660 766
1769670 768
1769680 770
1769690 772
1769700 773
1769710 775
1769720 776
1769730 777
1769740 778
1769750 779
1769760 779
1769770 779
1769780 778
1769790 778
1769800 777
1769810 777
1769820 776
1769830 776
1769840 775
1769850 775
1769860 774
1769870 774
1769880 774
1769890 773
1769900 773
1769910 773
1769920 773
1769930 773
1769940 773
1769950 774
1769960 774
1769970 775
1769980 775
1769990 776
1770000 776
1770010 777
1770020 777
1770030 778
1770040 778
1770050 779
1770060 780
1770070 780
1770080 782
1770090 783
1770100 785
1770110 786
1770120 788
1770130 790
1770140 791
1770150 794
1770160 796
1770170 798
1770180 800
1770190 802
1770200 805
1770210 807
1770220 809
1770230 811
1770240 813
1770250 815
1770260 817
