1760000 585
1760010 585
1760020 585
1760030 585
1760040 586
1760050 586
1760060 586
1760070 587
1760080 587
1760090 588
1760100 589
1760110 590
1760120 590
1760130 591
1760140 592
1760150 593
1760160 594
1760170 595
1760180 595
1760190 595
1760200 596
1760210 596
1760220 596
1760230 596
1760240 596
1760250 596
1760260 595
1760270 595
1760280 595
1760290 595
1760300 595
1760310 594
1760320 594
1760330 593
1760340 593
1760350 593
1760360 593
1760370 593
1760380 593
1760390 592
1760400 592
1760410 591
1760420 591
1760430 590
1760440 590
1760450 590
1760460 590
1760470 590
1760480 590
1760490 590
1760500 590
1760510 590
1760520 589
1760530 589
1760540 589
1760550 589
1760560 588
1760570 588
1760580 588
1760590 587
1760600 587
1760610 587
1760620 586
1760630 586
1760640 586
1760650 585
1760660 585
1760670 584
1760680 584
1760690 584
1760700 584
1760710 584
1760720 584
1760730 583
1760740 583
1760750 583
1760760 583
1760770 583
1760780 583
1760790 583
1760800 583
1760810 583
1760820 583
1760830 583
1760840 583
1760850 583
1760860 583
1760870 583
1760880 582
1760890 582
1760900 582
1760910 583
1760920 583
1760930 583
1760940 583
1760950 583
1760960 583
1760970 583
1760980 583
1760990 583
1761000 583
1761010 584
1761020 584
1761030 584
1761040 585
1761050 585
1761060 585
1761070 586
1761080 586
1761090 586
1761100 587
1761110 587
1761120 588
1761130 589
1761140 589
1761150 590
1761160 590
1761170 591
1761180 592
1761190 592
1761200 593
1761210 594
1761220 594
1761230 595
1761240 596
1761250 597
1761260 598
1761270 598
1761280 599
1761290 599
1761300 599
1761310 599
1761320 599
1761330 600
1761340 600
1761350 600
1761360 601
1761370 602
1761380 602
1761390 603
1761400 603
1761410 604
1761420 604
1761430 605
1761440 605
1761450 605
1761460 605
1761470 604
1761480 604
1761490 604
1761500 604
1761510 604
1761520 603
1761530 603
1761540 602
1761550 602
1761560 601
1761570 600
1761580 599
1761590 598
1761600 596
1761610 595
1761620 594
1761630 592
1761640 591
1761650 589
1761660 587
1761670 584
1761680 582
1761690 581
1761700 579
1761710 578
1761720 576
1761730 574
1761740 573
1761750 571
1761760 570
1761770 569
1761780 568
1761790 566
1761800 565
1761810 563
1761820 563
1761830 562
1761840 563
1761850 562
1761860 562
1761870 561
1761880 561
1761890 560
1761900 560
1761910 559
1761920 559
1761930 559
1761940 558
1761950 558
1761960 558
1761970 558
1761980 557
1761990 557
1762000 557
1762010 556
1762020 556
1762030 556
1762040 556
1762050 556
1762060 555
1762070 555
1762080 555
1762090 555
1762100 555
1762110 554
1762120 554
1762130 554
1762140 554
1762150 553
1762160 553
1762170 553
1762180 552
1762190 552
1762200 552
1762210 552
1762220 552
1762230 552
1762240 551
1762250 551
1762260 551
1762270 551
1762280 551
1762290 551
1762300 551
1762310 551
1762320 551
1762330 551
1762340 551
1762350 551
1762360 551
1762370 551
1762380 551
1762390 552
1762400 552
1762410 553
1762420 554
1762430 554
1762440 555
1762450 555
1762460 555
1762470 556
1762480 556
1762490 556
1762500 557
1762510 557
1762520 558
1762530 558
1762540 559
1762550 559
1762560 559
1762570 560
1762580 560
1762590 561
1762600 561
1762610 561
1762620 561
1762630 561
1762640 562
1762650 562
1762660 562
1762670 563
1762680 563
1762690 563
1762700 564
1762710 564
1762720 564
1762730 565
1762740 565
1762750 565
1762760 565
1762770 566
1762780 566
1762790 566
1762800 566
1762810 566
1762820 567
1762830 567
1762840 567
1762850 567
1762860 567
1762870 567
1762880 567
1762890 568
1762900 568
1762910 569
1762920 569
1762930 569
1762940 570
1762950 570
1762960 570
1762970 571
1762980 571
1762990 572
1763000 572
1763010 572
1763020 573
1763030 573
1763040 574
1763050 574
1763060 575
1763070 576
1763080 576
1763090 577
1763100 577
1763110 578
1763120 578
1763130 579
1763140 579
1763150 579
1763160 580
1763170 580
1763180 580
1763190 580
1763200 580
1763210 581
1763220 581
1763230 582
1763240 582
1763250 583
1763260 583
1763270 584
1763280 585
1763290 586
1763300 587
1763310 587
1763320 588
1763330 588
1763340 588
1763350 589
1763360 589
1763370 589
1763380 589
1763390 590
1763400 590
1763410 590
1763420 591
1763430 591
1763440 591
1763450 592
1763460 592
1763470 593
1763480 594
1763490 594
1763500 595
1763510 595
1763520 596
1763530 597
1763540 598
1763550 600
1763560 600
1763570 602
1763580 604
1763590 606
1763600 607
1763610 609
1763620 611
1763630 612
1763640 614
1763650 616
1763660 619
1763670 621
1763680 623
1763690 625
1763700 627
1763710 629
1763720 631
1763730 633
1763740 635
1763750 636
1763760 638
1763770 639
1763780 640
1763790 641
1763800 642
1763810 642
1763820 643
1763830 643
1763840 643
1763850 643
1763860 643
1763870 643
1763880 643
1763890 643
1763900 642
1763910 642
1763920 642
1763930 642
1763940 641
1763950 641
1763960 641
1763970 640
1763980 640
1763990 639
1764000 639
1764010 638
1764020 638
1764030 638
1764040 638
1764050 638
1764060 638
1764070 638
1764080 638
1764090 638
1764100 638
1764110 639
1764120 640
1764130 640
1764140 641
1764150 642
1764160 643
1764170 645
1764180 646
1764190 647
1764200 648
1764210 649
1764220 650
1764230 651
1764240 651
1764250 652
1764260 652
1764270 652
1764280 651
1764290 651
1764300 650
1764310 649
1764320 648
1764330 647
1764340 646
1764350 645
1764360 644
1764370 643
1764380 642
1764390 640
1764400 639
1764410 637
1764420 635
1764430 634
1764440 633
1764450 631
1764460 629
1764470 627
1764480 625
1764490 622
1764500 619
1764510 616
1764520 612
1764530 610
1764540 608
1764550 606
1764560 605
1764570 603
1764580 601
1764590 600
1764600 601
1764610 602
1764620 602
1764630 602
1764640 603
1764650 602
1764660 602
1764670 602
1764680 603
1764690 603
1764700 603
1764710 603
1764720 603
1764730 603
1764740 603
1764750 603
1764760 603
1764770 604
1764780 604
1764790 604
1764800 605
1764810 606
1764820 607
1764830 607
1764840 608
1764850 609
1764860 609
1764870 610
1764880 611
1764890 611
1764900 612
1764910 613
1764920 613
1764930 614
1764940 615
1764950 616
1764960 616
1764970 617
1764980 618
1764990 619
1765000 619
1765010 620
1765020 620
1765030 621
1765040 621
1765050 620
1765060 620
1765070 620
1765080 621
1765090 621
1765100 622
1765110 622
1765120 623
1765130 623
1765140 623
1765150 624
1765160 624
1765170 624
1765180 624
1765190 623
1765200 622
1765210 622
1765220 621
1765230 620
1765240 620
1765250 619
1765260 618
1765270 617
1765280 616
1765290 615
1765300 614
1765310 613
1765320 612
1765330 611
1765340 610
1765350 609
1765360 608
1765370 607
1765380 606
1765390 605
1765400 604
1765410 603
1765420 602
1765430 601
1765440 600
1765450 599
1765460 598
1765470 597
1765480 596
1765490 595
1765500 594
1765510 593
1765520 592
1765530 591
1765540 590
1765550 589
1765560 588
1765570 586
1765580 585
1765590 584
1765600 583
1765610 581
1765620 580
1765630 578
1765640 577
1765650 575
1765660 574
1765670 572
1765680 570
1765690 569
1765700 567
1765710 565
1765720 563
1765730 561
1765740 559
1765750 556
1765760 553
1765770 549
1765780 546
1765790 542
1765800 540
1765810 537
1765820 535
1765830 532
1765840 530
1765850 529
1765860 528
1765870 527
1765880 526
1765890 524
1765900 523
1765910 521
1765920 520
1765930 519
1765940 518
1765950 518
1765960 518
1765970 518
1765980 519
1765990 519
1766000 519
1766010 520
1766020 520
1766030 521
1766040 521
1766050 521
1766060 522
1766070 522
1766080 523
1766090 523
1766100 523
1766110 523
1766120 523
1766130 523
1766140 523
1766150 522
1766160 521
1766170 520
1766180 519
1766190 518
1766200 517
1766210 516
1766220 514
1766230 513
1766240 512
1766250 511
1766260 510
1766270 508
1766280 507
1766290 506
1766300 504
1766310 503
1766320 502
1766330 500
1766340 499
1766350 497
1766360 495
1766370 493
1766380 491
1766390 489
1766400 488
1766410 486
1766420 485
1766430 483
1766440 481
1766450 479
1766460 478
1766470 476
1766480 475
1766490 473
1766500 471
1766510 470
1766520 468
1766530 467
1766540 465
1766550 464
1766560 462
1766570 461
1766580 460
1766590 458
1766600 457
1766610 455
1766620 453
1766630 451
1766640 449
1766650 447
1766660 446
1766670 444
1766680 442
1766690 440
1766700 438
1766710 436
1766720 434
1766730 432
1766740 429
1766750 427
1766760 424
1766770 421
1766780 419
1766790 417
1766800 415
1766810 414
1766820 413
1766830 412
1766840 412
1766850 410
1766860 408
1766870 407
1766880 406
1766890 406
1766900 406
1766910 405
1766920 405
1766930 404
1766940 403
1766950 402
1766960 402
1766970 401
1766980 401
1766990 400
1767000 400
1767010 399
1767020 398
1767030 397
1767040 397
1767050 397
1767060 397
1767070 397
1767080 397
1767090 397
1767100 397
1767110 397
1767120 398
1767130 397
1767140 397
1767150 396
1767160 396
1767170 395
1767180 394
1767190 393
1767200 393
1767210 392
1767220 391
1767230 391
1767240 390
1767250 389
1767260 388
1767270 387
1767280 387
1767290 388
1767300 389
1767310 390
1767320 391
1767330 393
1767340 393
1767350 394
1767360 394
1767370 395
1767380 396
1767390 397
1767400 398
1767410 400
1767420 401
1767430 402
1767440 404
1767450 405
1767460 407
1767470 409
1767480 411
1767490 413
1767500 415
1767510 417
1767520 419
1767530 420
1767540 422
1767550 424
1767560 425
1767570 427
1767580 428
1767590 429
1767600 430
1767610 432
1767620 433
1767630 434
1767640 435
1767650 436
1767660 437
1767670 438
1767680 438
1767690 439
1767700 439
1767710 440
1767720 440
1767730 441
1767740 441
1767750 442
1767760 442
1767770 443
1767780 443
1767790 443
1767800 443
1767810 443
1767820 443
1767830 442
1767840 442
1767850 441
1767860 441
1767870 441
1767880 441
1767890 441
1767900 441
1767910 441
1767920 441
1767930 441
1767940 439
1767950 437
1767960 435
1767970 434
1767980 432
1767990 432
1768000 434
1768010 438
1768020 441
1768030 443
1768040 445
1768050 447
1768060 450
1768070 452
1768080 454
1768090 457
1768100 459
1768110 461
1768120 463
1768130 466
1768140 468
1768150 469
1768160 471
1768170 473
1768180 474
1768190 476
1768200 477
1768210 478
1768220 479
1768230 479
1768240 480
1768250 480
1768260 480
1768270 480
1768280 480
1768290 480
1768300 480
1768310 480
1768320 480
1768330 480
1768340 480
1768350 480
1768360 481
1768370 481
1768380 481
1768390 481
1768400 482
1768410 482
1768420 482
1768430 482
1768440 482
1768450 481
1768460 481
1768470 481
1768480 480
1768490 480
1768500 479
1768510 479
1768520 478
1768530 477
1768540 476
1768550 475
1768560 473
1768570 472
1768580 471
1768590 470
1768600 469
1768610 467
1768620 466
1768630 464
1768640 461
1768650 459
1768660 459
1768670 461
1768680 463
1768690 465
1768700 466
1768710 467
1768720 468
1768730 469
1768740 470
1768750 470
1768760 471
1768770 472
1768780 472
1768790 473
1768800 473
1768810 474
1768820 474
1768830 474
1768840 475
1768850 475
1768860 475
1768870 475
1768880 474
1768890 474
1768900 474
1768910 474
1768920 473
1768930 473
1768940 473
1768950 472
1768960 471
1768970 470
1768980 469
1768990 469
1769000 468
1769010 468
1769020 468
1769030 468
1769040 468
1769050 466
1769060 465
1769070 466
1769080 468
1769090 471
1769100 473
1769110 475
1769120 475
1769130 476
1769140 477
1769150 478
1769160 480
1769170 481
1769180 481
1769190 483
1769200 484
1769210 485
1769220 486
1769230 487
1769240 488
1769250 489
1769260 490
1769270 491
1769280 492
1769290 493
1769300 494
1769310 495
1769320 496
1769330 497
1769340 498
1769350 500
1769360 501
1769370 503
1769380 505
1769390 507
1769400 510
1769410 512
1769420 514
1769430 516
1769440 518
1769450 520
1769460 522
1769470 523
1769480 524
1769490 525
1769500 527
1769510 528
1769520 529
1769530 530
1769540 531
1769550 533
1769560 534
1769570 535
1769580 536
1769590 536
1769600 537
1769610 537
1769620 538
1769630 538
1769640 539
1769650 539
1769660 539
1769670 538
1769680 538
1769690 537
1769700 536
1769710 535
1769720 534
1769730 534
1769740 534
1769750 534
1769760 534
1769770 534
1769780 531
1769790 529
1769800 528
1769810 531
1769820 535
1769830 539
1769840 543
1769850 546
1769860 550
1769870 553
1769880 556
1769890 560
1769900 564
1769910 567
1769920 571
1769930 573
1769940 576
1769950 578
1769960 581
1769970 584
1769980 586
1769990 589
1770000 590
1770010 592
1770020 594
1770030 596
1770040 598
1770050 599
1770060 600
1770070 601
1770080 603
1770090 604
1770100 605
1770110 606
1770120 607
1770130 608
1770140 609
1770150 609
1770160 610
1770170 611
1770180 611
1770190 612
1770200 611
1770210 611
1770220 610
1770230 609
1770240 608
1770250 607
1770260 606
1770270 605
1770280 603
1770290 602
1770300 600
1770310 599
1770320 597
1770330 596
1770340 595
1770350 594
1770360 593
1770370 592
1770380 591
1770390 590
1770400 588
1770410 586
1770420 585
1770430 584
1770440 584
1770450 584
1770460 583
1770470 583
1770480 582
1770490 581
1770500 581
1770510 580
1770520 579
1770530 578
1770540 581
1770550 585
1770560 590
1770570 595
1770580 598
1770590 602
1770600 606
1770610 609
1770620 613
1770630 616
1770640 620
1770650 624
1770660 627
1770670 631
1770680 635
1770690 640
1770700 644
1770710 648
1770720 652
1770730 655
1770740 657
1770750 659
1770760 661
1770770 663
1770780 664
1770790 666
1770800 667
1770810 668
1770820 670
1770830 672
1770840 673
1770850 674
1770860 675
1770870 676
1770880 676
1770890 677
1770900 678
1770910 678
1770920 679
1770930 679
1770940 679
1770950 679
1770960 680
1770970 680
1770980 681
1770990 682
1771000 682
1771010 683
1771020 683
1771030 683
1771040 683
1771050 683
1771060 683
1771070 683
1771080 684
1771090 684
1771100 685
1771110 685
1771120 686
1771130 686
1771140 687
1771150 688
1771160 689
1771170 690
1771180 691
1771190 692
1771200 693
1771210 693
1771220 694
1771230 694
1771240 695
1771250 695
1771260 694
1771270 693
1771280 691
1771290 688
1771300 686
1771310 684
1771320 682
1771330 681
1771340 681
1771350 680
1771360 680
1771370 680
1771380 681
1771390 682
1771400 683
1771410 684
1771420 685
1771430 685
1771440 684
1771450 683
1771460 682
1771470 683
1771480 686
1771490 690
1771500 694
1771510 698
1771520 702
1771530 706
1771540 710
1771550 713
1771560 717
1771570 720
1771580 724
1771590 728
1771600 731
1771610 734
1771620 738
1771630 740
1771640 742
1771650 743
1771660 743
1771670 743
1771680 743
1771690 743
1771700 743
1771710 744
1771720 744
1771730 745
1771740 746
1771750 747
1771760 748
1771770 748
1771780 749
1771790 750
1771800 751
1771810 753
1771820 754
1771830 756
1771840 758
1771850 759
1771860 761
1771870 762
1771880 764
1771890 766
1771900 767
1771910 769
1771920 770
1771930 772
1771940 774
1771950 775
1771960 777
1771970 778
1771980 780
1771990 781
1772000 783
1772010 784
1772020 785
1772030 786
1772040 787
1772050 787
1772060 787
1772070 787
1772080 786
1772090 787
1772100 787
1772110 788
1772120 788
1772130 789
1772140 789
1772150 790
1772160 790
1772170 791
1772180 791
1772190 790
1772200 790
1772210 790
1772220 789
1772230 789
