1760000 599
1760010 599
1760020 599
1760030 600
1760040 600
1760050 600
1760060 601
1760070 601
1760080 601
1760090 601
1760100 601
1760110 601
1760120 601
1760130 601
1760140 600
1760150 600
1760160 600
1760170 600
1760180 599
1760190 599
1760200 598
1760210 597
1760220 597
1760230 596
1760240 594
1760250 593
1760260 592
1760270 590
1760280 589
1760290 587
1760300 586
1760310 584
1760320 583
1760330 581
1760340 580
1760350 579
1760360 577
1760370 576
1760380 575
1760390 574
1760400 573
1760410 572
1760420 571
1760430 571
1760440 570
1760450 569
1760460 567
1760470 566
1760480 565
1760490 564
1760500 563
1760510 562
1760520 562
1760530 562
1760540 561
1760550 561
1760560 560
1760570 560
1760580 560
1760590 560
1760600 560
1760610 560
1760620 560
1760630 560
1760640 560
1760650 560
1760660 560
1760670 561
1760680 561
1760690 561
1760700 561
1760710 561
1760720 561
1760730 560
1760740 560
1760750 561
1760760 561
1760770 561
1760780 561
1760790 561
1760800 562
1760810 562
1760820 562
1760830 562
1760840 562
1760850 562
1760860 562
1760870 562
1760880 562
1760890 562
1760900 562
1760910 562
1760920 562
1760930 562
1760940 562
1760950 562
1760960 563
1760970 563
1760980 563
1760990 563
1761000 564
1761010 565
1761020 565
1761030 566
1761040 566
1761050 567
1761060 567
1761070 568
1761080 568
1761090 569
1761100 570
1761110 571
1761120 571
1761130 572
1761140 572
1761150 573
1761160 573
1761170 574
1761180 574
1761190 575
1761200 575
1761210 575
1761220 576
1761230 576
1761240 576
1761250 577
1761260 577
1761270 578
1761280 578
1761290 579
1761300 579
1761310 580
1761320 581
1761330 581
1761340 582
1761350 583
1761360 584
1761370 584
1761380 585
1761390 586
1761400 586
1761410 587
1761420 587
1761430 588
1761440 589
1761450 589
1761460 590
1761470 591
1761480 591
1761490 592
1761500 592
1761510 593
1761520 594
1761530 594
1761540 594
1761550 594
1761560 594
1761570 594
1761580 594
1761590 594
1761600 593
1761610 593
1761620 593
1761630 592
1761640 592
1761650 591
1761660 590
1761670 589
1761680 588
1761690 587
1761700 586
1761710 585
1761720 583
1761730 582
1761740 581
1761750 580
1761760 579
1761770 578
1761780 577
1761790 575
1761800 574
1761810 573
1761820 572
1761830 571
1761840 569
1761850 568
1761860 567
1761870 566
1761880 564
1761890 563
1761900 561
1761910 560
1761920 558
1761930 556
1761940 554
1761950 552
1761960 549
1761970 547
1761980 544
1761990 542
1762000 540
1762010 539
1762020 538
1762030 538
1762040 538
1762050 538
1762060 538
1762070 538
1762080 538
1762090 538
1762100 539
1762110 539
1762120 538
1762130 538
1762140 537
1762150 536
1762160 536
1762170 535
1762180 534
1762190 533
1762200 532
1762210 532
1762220 532
1762230 531
1762240 530
1762250 529
1762260 528
1762270 528
1762280 527
1762290 526
1762300 526
1762310 526
1762320 526
1762330 527
1762340 527
1762350 527
1762360 527
1762370 528
1762380 528
1762390 528
1762400 529
1762410 529
1762420 529
1762430 529
1762440 529
1762450 530
1762460 530
1762470 530
1762480 531
1762490 531
1762500 531
1762510 531
1762520 531
1762530 532
1762540 532
1762550 533
1762560 534
1762570 535
1762580 536
1762590 537
1762600 537
1762610 538
1762620 538
1762630 538
1762640 538
1762650 538
1762660 538
1762670 539
1762680 539
1762690 539
1762700 539
1762710 539
1762720 540
1762730 540
1762740 540
1762750 540
1762760 540
1762770 540
1762780 540
1762790 540
1762800 541
1762810 541
1762820 541
1762830 542
1762840 542
1762850 543
1762860 543
1762870 543
1762880 544
1762890 544
1762900 544
1762910 545
1762920 545
1762930 545
1762940 546
1762950 546
1762960 546
1762970 547
1762980 547
1762990 548
1763000 549
1763010 549
1763020 550
1763030 550
1763040 550
1763050 551
1763060 551
1763070 551
1763080 552
1763090 553
1763100 553
1763110 554
1763120 555
1763130 556
1763140 556
1763150 557
1763160 558
1763170 559
1763180 559
1763190 560
1763200 560
1763210 561
1763220 561
1763230 561
1763240 561
1763250 561
1763260 561
1763270 561
1763280 561
1763290 562
1763300 562
1763310 562
1763320 563
1763330 563
1763340 562
1763350 563
1763360 563
1763370 563
1763380 564
1763390 564
1763400 564
1763410 564
1763420 565
1763430 566
1763440 567
1763450 568
1763460 568
1763470 570
1763480 571
1763490 573
1763500 575
1763510 576
1763520 578
1763530 580
1763540 582
1763550 584
1763560 586
1763570 588
1763580 590
1763590 592
1763600 594
1763610 597
1763620 599
1763630 602
1763640 605
1763650 608
1763660 611
1763670 614
1763680 616
1763690 619
1763700 621
1763710 623
1763720 625
1763730 627
1763740 629
1763750 631
1763760 633
1763770 634
1763780 636
1763790 637
1763800 639
1763810 640
1763820 642
1763830 643
1763840 644
1763850 645
1763860 646
1763870 647
1763880 648
1763890 649
1763900 649
1763910 650
1763920 650
1763930 650
1763940 650
1763950 650
1763960 650
1763970 650
1763980 651
1763990 651
1764000 651
1764010 652
1764020 652
1764030 653
1764040 654
1764050 655
1764060 655
1764070 656
1764080 657
1764090 658
1764100 659
1764110 659
1764120 660
1764130 661
1764140 661
1764150 662
1764160 662
1764170 663
1764180 664
1764190 664
1764200 665
1764210 665
1764220 666
1764230 666
1764240 666
1764250 665
1764260 665
1764270 664
1764280 663
1764290 661
1764300 660
1764310 659
1764320 658
1764330 657
1764340 656
1764350 654
1764360 653
1764370 651
1764380 650
1764390 648
1764400 647
1764410 645
1764420 644
1764430 643
1764440 642
1764450 640
1764460 638
1764470 637
1764480 635
1764490 633
1764500 631
1764510 629
1764520 627
1764530 625
1764540 624
1764550 623
1764560 622
1764570 621
1764580 620
1764590 620
1764600 619
1764610 618
1764620 618
1764630 618
1764640 618
1764650 618
1764660 618
1764670 618
1764680 618
1764690 618
1764700 618
1764710 619
1764720 619
1764730 619
1764740 619
1764750 620
1764760 620
1764770 621
1764780 621
1764790 621
1764800 622
1764810 622
1764820 623
1764830 623
1764840 624
1764850 624
1764860 625
1764870 625
1764880 626
1764890 626
1764900 627
1764910 628
1764920 628
1764930 629
1764940 629
1764950 629
1764960 629
1764970 628
1764980 628
1764990 627
1765000 627
1765010 626
1765020 625
1765030 624
1765040 624
1765050 623
1765060 622
1765070 622
1765080 621
1765090 621
1765100 620
1765110 620
1765120 620
1765130 619
1765140 619
1765150 618
1765160 618
1765170 617
1765180 616
1765190 616
1765200 615
1765210 614
1765220 614
1765230 613
1765240 613
1765250 612
1765260 612
1765270 611
1765280 611
1765290 610
1765300 610
1765310 609
1765320 609
1765330 609
1765340 608
1765350 607
1765360 606
1765370 604
1765380 603
1765390 603
1765400 602
1765410 601
1765420 601
1765430 600
1765440 600
1765450 599
1765460 598
1765470 597
1765480 596
1765490 595
1765500 594
1765510 593
1765520 592
1765530 592
1765540 591
1765550 590
1765560 590
1765570 589
1765580 588
1765590 587
1765600 586
1765610 585
1765620 585
1765630 584
1765640 583
1765650 581
1765660 580
1765670 579
1765680 578
1765690 576
1765700 575
1765710 573
1765720 571
1765730 569
1765740 567
1765750 566
1765760 564
1765770 562
1765780 561
1765790 559
1765800 558
1765810 556
1765820 554
1765830 553
1765840 552
1765850 550
1765860 549
1765870 547
1765880 546
1765890 545
1765900 544
1765910 542
1765920 541
1765930 540
1765940 540
1765950 539
1765960 538
1765970 538
1765980 537
1765990 537
1766000 536
1766010 536
1766020 536
1766030 536
1766040 537
1766050 537
1766060 537
1766070 537
1766080 537
1766090 537
1766100 537
1766110 537
1766120 536
1766130 535
1766140 535
1766150 534
1766160 533
1766170 532
1766180 530
1766190 529
1766200 529
1766210 527
1766220 526
1766230 525
1766240 523
1766250 522
1766260 521
1766270 519
1766280 518
1766290 517
1766300 516
1766310 515
1766320 514
1766330 512
1766340 511
1766350 510
1766360 508
1766370 507
1766380 506
1766390 505
1766400 504
1766410 502
1766420 501
1766430 500
1766440 499
1766450 497
1766460 496
1766470 495
1766480 494
1766490 493
1766500 492
1766510 491
1766520 489
1766530 488
1766540 487
1766550 486
1766560 485
1766570 484
1766580 483
1766590 481
1766600 480
1766610 479
1766620 478
1766630 476
1766640 475
1766650 473
1766660 472
1766670 471
1766680 469
1766690 468
1766700 467
1766710 466
1766720 464
1766730 463
1766740 461
1766750 460
1766760 458
1766770 457
1766780 455
1766790 454
1766800 452
1766810 451
1766820 449
1766830 448
1766840 446
1766850 444
1766860 441
1766870 438
1766880 437
1766890 435
1766900 434
1766910 435
1766920 435
1766930 436
1766940 436
1766950 436
1766960 436
1766970 436
1766980 436
1766990 435
1767000 434
1767010 433
1767020 432
1767030 432
1767040 431
1767050 431
1767060 431
1767070 431
1767080 431
1767090 431
1767100 431
1767110 431
1767120 430
1767130 430
1767140 429
1767150 427
1767160 426
1767170 424
1767180 422
1767190 419
1767200 417
1767210 413
1767220 410
1767230 407
1767240 405
1767250 402
1767260 399
1767270 397
1767280 395
1767290 393
1767300 391
1767310 390
1767320 389
1767330 389
1767340 388
1767350 388
1767360 386
1767370 386
1767380 386
1767390 389
1767400 391
1767410 391
1767420 391
1767430 391
1767440 392
1767450 393
1767460 394
1767470 395
1767480 397
1767490 399
1767500 401
1767510 402
1767520 404
1767530 406
1767540 407
1767550 409
1767560 410
1767570 411
1767580 412
1767590 414
1767600 415
1767610 416
1767620 417
1767630 418
1767640 419
1767650 419
1767660 420
1767670 420
1767680 421
1767690 422
1767700 422
1767710 423
1767720 423
1767730 424
1767740 424
1767750 425
1767760 425
1767770 426
1767780 426
1767790 427
1767800 427
1767810 427
1767820 427
1767830 428
1767840 428
1767850 428
1767860 428
1767870 428
1767880 428
1767890 428
1767900 427
1767910 425
1767920 423
1767930 422
1767940 425
1767950 428
1767960 430
1767970 431
1767980 433
1767990 434
1768000 436
1768010 438
1768020 440
1768030 442
1768040 445
1768050 446
1768060 448
1768070 449
1768080 451
1768090 453
1768100 454
1768110 455
1768120 456
1768130 457
1768140 458
1768150 459
1768160 459
1768170 460
1768180 461
1768190 461
1768200 461
1768210 462
1768220 462
1768230 462
1768240 462
1768250 462
1768260 462
1768270 463
1768280 463
1768290 463
1768300 463
1768310 463
1768320 463
1768330 463
1768340 463
1768350 463
1768360 463
1768370 464
1768380 464
1768390 464
1768400 464
1768410 465
1768420 465
1768430 465
1768440 465
1768450 466
1768460 466
1768470 466
1768480 466
1768490 466
1768500 466
1768510 466
1768520 465
1768530 465
1768540 464
1768550 463
1768560 462
1768570 461
1768580 460
1768590 459
1768600 458
1768610 456
1768620 455
1768630 454
1768640 452
1768650 449
1768660 449
1768670 450
1768680 452
1768690 455
1768700 457
1768710 459
1768720 460
1768730 462
1768740 463
1768750 464
1768760 465
1768770 466
1768780 467
1768790 468
1768800 469
1768810 470
1768820 470
1768830 471
1768840 471
1768850 471
1768860 470
1768870 470
1768880 469
1768890 469
1768900 468
1768910 467
1768920 467
1768930 466
1768940 465
1768950 465
1768960 465
1768970 464
1768980 464
1768990 461
1769000 459
1769010 455
1769020 455
1769030 455
1769040 458
1769050 461
1769060 463
1769070 466
1769080 468
1769090 469
1769100 471
1769110 472
1769120 473
1769130 474
1769140 475
1769150 476
1769160 477
1769170 478
1769180 479
1769190 479
1769200 480
1769210 481
1769220 481
1769230 482
1769240 483
1769250 483
1769260 484
1769270 485
1769280 485
1769290 486
1769300 487
1769310 488
1769320 489
1769330 490
1769340 490
1769350 491
1769360 491
1769370 492
1769380 492
1769390 492
1769400 492
1769410 492
1769420 492
1769430 493
1769440 493
1769450 494
1769460 495
1769470 496
1769480 496
1769490 497
1769500 498
1769510 498
1769520 499
1769530 500
1769540 500
1769550 500
1769560 501
1769570 502
1769580 503
1769590 504
1769600 505
1769610 506
1769620 507
1769630 507
1769640 508
1769650 509
1769660 509
1769670 508
1769680 506
1769690 507
1769700 510
1769710 514
1769720 517
1769730 520
1769740 522
1769750 525
1769760 528
1769770 530
1769780 532
1769790 535
1769800 537
1769810 539
1769820 540
1769830 542
1769840 544
1769850 545
1769860 547
1769870 549
1769880 550
1769890 552
1769900 553
1769910 554
1769920 555
1769930 556
1769940 557
1769950 558
1769960 559
1769970 559
1769980 560
1769990 561
1770000 561
1770010 562
1770020 562
1770030 563
1770040 564
1770050 565
1770060 565
1770070 566
1770080 567
1770090 568
1770100 570
1770110 571
1770120 572
1770130 573
1770140 574
1770150 575
1770160 575
1770170 576
1770180 577
1770190 577
1770200 577
1770210 577
1770220 577
1770230 577
1770240 577
1770250 576
1770260 576
1770270 575
1770280 574
1770290 573
1770300 571
1770310 570
1770320 568
1770330 566
1770340 564
1770350 561
1770360 558
1770370 555
1770380 555
1770390 555
1770400 556
1770410 558
1770420 560
1770430 562
1770440 565
1770450 568
1770460 572
1770470 575
1770480 578
1770490 582
1770500 586
1770510 589
1770520 593
1770530 597
1770540 600
1770550 604
1770560 606
1770570 609
1770580 611
1770590 612
1770600 613
1770610 613
1770620 613
1770630 614
1770640 614
1770650 614
1770660 615
1770670 616
1770680 618
1770690 619
1770700 620
1770710 620
1770720 621
1770730 621
1770740 622
1770750 623
1770760 624
1770770 625
1770780 627
1770790 628
1770800 629
1770810 630
1770820 632
1770830 633
1770840 634
1770850 635
1770860 635
1770870 636
1770880 637
1770890 637
1770900 638
1770910 639
1770920 639
1770930 640
1770940 641
1770950 641
1770960 641
1770970 641
1770980 641
1770990 641
1771000 642
1771010 642
1771020 642
1771030 643
1771040 643
1771050 644
1771060 644
1771070 645
1771080 645
1771090 645
1771100 646
1771110 646
1771120 647
1771130 647
1771140 648
1771150 648
1771160 649
1771170 650
1771180 651
1771190 652
1771200 652
1771210 653
1771220 653
1771230 653
1771240 654
1771250 653
1771260 653
1771270 653
1771280 653
1771290 653
1771300 653
1771310 654
1771320 652
1771330 651
1771340 651
1771350 651
1771360 652
1771370 654
1771380 657
1771390 661
1771400 665
1771410 668
1771420 671
1771430 674
1771440 677
1771450 680
1771460 683
1771470 686
1771480 690
1771490 692
1771500 695
1771510 698
1771520 700
1771530 702
1771540 704
1771550 706
1771560 708
1771570 710
1771580 711
1771590 713
1771600 714
1771610 715
1771620 716
1771630 717
1771640 717
1771650 718
1771660 718
1771670 718
1771680 718
1771690 719
1771700 719
1771710 719
1771720 719
1771730 718
1771740 720
1771750 722
1771760 724
1771770 725
1771780 726
1771790 728
1771800 729
1771810 731
1771820 732
1771830 733
1771840 734
1771850 735
1771860 736
1771870 737
1771880 737
1771890 738
1771900 739
1771910 740
1771920 742
1771930 743
1771940 745
1771950 747
1771960 748
1771970 750
1771980 751
1771990 752
1772000 753
1772010 754
1772020 754
1772030 755
1772040 755
1772050 755
1772060 755
1772070 755
1772080 755
1772090 755
1772100 755
1772110 756
1772120 756
1772130 756
1772140 757
1772150 757
1772160 757
1772170 756
1772180 756
1772190 756
1772200 755
1772210 755
1772220 755
1760000 599
1760010 599
1760020 599
1760030 600
1760040 600
1760050 600
1760060 601
1760070 601
1760080 601
1760090 601
1760100 601
1760110 601
1760120 601
1760130 601
1760140 600
1760150 600
1760160 600
1760170 600
1760180 599
1760190 599
1760200 598
1760210 597
1760220 597
1760230 596
1760240 594
1760250 593
1760260 592
1760270 590
1760280 589
1760290 587
1760300 586
1760310 584
1760320 583
1760330 581
1760340 580
1760350 579
1760360 577
1760370 576
1760380 575
1760390 574
1760400 573
1760410 572
1760420 571
1760430 571
1760440 570
1760450 569
1760460 567
1760470 566
1760480 565
1760490 564
1760500 563
1760510 562
1760520 562
1760530 562
1760540 561
1760550 561
1760560 560
1760570 560
1760580 560
1760590 560
1760600 560
1760610 560
1760620 560
1760630 560
1760640 560
1760650 560
1760660 560
1760670 561
1760680 561
1760690 561
1760700 561
1760710 561
1760720 561
1760730 560
1760740 560
1760750 561
1760760 561
1760770 561
1760780 561
1760790 561
1760800 562
1760810 562
1760820 562
1760830 562
1760840 562
1760850 562
1760860 562
1760870 562
1760880 562
1760890 562
1760900 562
1760910 562
1760920 562
1760930 562
1760940 562
1760950 562
1760960 563
1760970 563
1760980 563
1760990 563
1761000 564
1761010 565
1761020 565
1761030 566
1761040 566
1761050 567
1761060 567
1761070 568
1761080 568
1761090 569
1761100 570
1761110 571
1761120 571
1761130 572
1761140 572
1761150 573
1761160 573
1761170 574
1761180 574
1761190 575
1761200 575
1761210 575
1761220 576
1761230 576
1761240 576
1761250 577
1761260 577
1761270 578
1761280 578
1761290 579
1761300 579
1761310 580
1761320 581
1761330 581
1761340 582
1761350 583
1761360 584
1761370 584
1761380 585
1761390 586
1761400 586
1761410 587
1761420 587
1761430 588
1761440 589
1761450 589
1761460 590
1761470 591
1761480 591
1761490 592
1761500 592
1761510 593
1761520 594
1761530 594
1761540 594
1761550 594
1761560 594
1761570 594
1761580 594
1761590 594
1761600 593
1761610 593
1761620 593
1761630 592
1761640 592
1761650 591
1761660 590
1761670 589
1761680 588
1761690 587
1761700 586
1761710 585
1761720 583
1761730 582
1761740 581
1761750 580
1761760 579
1761770 578
1761780 577
1761790 575
1761800 574
1761810 573
1761820 572
1761830 571
1761840 569
1761850 568
1761860 567
1761870 566
1761880 564
1761890 563
1761900 561
1761910 560
1761920 558
1761930 556
1761940 554
1761950 552
1761960 549
1761970 547
1761980 544
1761990 542
1762000 540
1762010 539
1762020 538
1762030 538
1762040 538
1762050 538
1762060 538
1762070 538
1762080 538
1762090 538
1762100 539
1762110 539
1762120 538
1762130 538
1762140 537
1762150 536
1762160 536
1762170 535
1762180 534
1762190 533
1762200 532
1762210 532
1762220 532
1762230 531
1762240 530
1762250 529
1762260 528
1762270 528
1762280 527
1762290 526
1762300 526
1762310 526
1762320 526
1762330 527
1762340 527
1762350 527
1762360 527
1762370 528
1762380 528
1762390 528
1762400 529
1762410 529
1762420 529
1762430 529
1762440 529
1762450 530
1762460 530
1762470 530
1762480 531
1762490 531
1762500 531
1762510 531
1762520 531
1762530 532
1762540 532
1762550 533
1762560 534
1762570 535
1762580 536
1762590 537
1762600 537
1762610 538
1762620 538
1762630 538
1762640 538
1762650 538
1762660 538
1762670 539
1762680 539
1762690 539
1762700 539
1762710 539
1762720 540
1762730 540
1762740 540
1762750 540
1762760 540
1762770 540
1762780 540
1762790 540
1762800 541
1762810 541
1762820 541
1762830 542
1762840 542
1762850 543
1762860 543
1762870 543
1762880 544
1762890 544
1762900 544
1762910 545
1762920 545
1762930 545
1762940 546
1762950 546
1762960 546
1762970 547
1762980 547
1762990 548
1763000 549
1763010 549
1763020 550
1763030 550
1763040 550
1763050 551
1763060 551
1763070 551
1763080 552
1763090 553
1763100 553
1763110 554
1763120 555
1763130 556
1763140 556
1763150 557
1763160 558
1763170 559
1763180 559
1763190 560
1763200 560
1763210 561
1763220 561
1763230 561
1763240 561
1763250 561
1763260 561
1763270 561
1763280 561
1763290 562
1763300 562
1763310 562
1763320 563
1763330 563
1763340 562
1763350 563
1763360 563
1763370 563
1763380 564
1763390 564
1763400 564
1763410 564
1763420 565
1763430 566
1763440 567
1763450 568
1763460 568
1763470 570
1763480 571
1763490 573
1763500 575
1763510 576
1763520 578
1763530 580
1763540 582
1763550 584
1763560 586
1763570 588
1763580 590
1763590 592
1763600 594
1763610 597
1763620 599
1763630 602
1763640 605
1763650 608
1763660 611
1763670 614
1763680 616
1763690 619
1763700 621
1763710 623
1763720 625
1763730 627
1763740 629
1763750 631
1763760 633
1763770 634
1763780 636
1763790 637
1763800 639
1763810 640
1763820 642
1763830 643
1763840 644
1763850 645
1763860 646
1763870 647
1763880 648
1763890 649
1763900 649
1763910 650
1763920 650
1763930 650
1763940 650
1763950 650
1763960 650
1763970 650
1763980 651
1763990 651
1764000 651
1764010 652
1764020 652
1764030 653
1764040 654
1764050 655
1764060 655
1764070 656
1764080 657
1764090 658
1764100 659
1764110 659
1764120 660
1764130 661
1764140 661
1764150 662
1764160 662
1764170 663
1764180 664
1764190 664
1764200 665
1764210 665
1764220 666
1764230 666
1764240 666
1764250 665
1764260 665
1764270 664
1764280 663
1764290 661
1764300 660
1764310 659
1764320 658
1764330 657
1764340 656
1764350 654
1764360 653
1764370 651
1764380 650
1764390 648
1764400 647
1764410 645
1764420 644
1764430 643
1764440 642
1764450 640
1764460 638
1764470 637
1764480 635
1764490 633
1764500 631
1764510 629
1764520 627
1764530 625
1764540 624
1764550 623
1764560 622
1764570 621
1764580 620
1764590 620
1764600 619
1764610 618
1764620 618
1764630 618
1764640 618
1764650 618
1764660 618
1764670 618
1764680 618
1764690 618
1764700 618
1764710 619
1764720 619
1764730 619
1764740 619
1764750 620
1764760 620
1764770 621
1764780 621
1764790 621
1764800 622
1764810 622
1764820 623
1764830 623
1764840 624
1764850 624
1764860 625
1764870 625
1764880 626
1764890 626
1764900 627
1764910 628
1764920 628
1764930 629
1764940 629
1764950 629
1764960 629
1764970 628
1764980 628
1764990 627
1765000 627
1765010 626
1765020 625
1765030 624
1765040 624
1765050 623
1765060 622
1765070 622
1765080 621
1765090 621
1765100 620
1765110 620
1765120 620
1765130 619
1765140 619
1765150 618
1765160 618
1765170 617
1765180 616
1765190 616
1765200 615
1765210 614
1765220 614
1765230 613
1765240 613
1765250 612
1765260 612
1765270 611
1765280 611
1765290 610
1765300 610
1765310 609
1765320 609
1765330 609
1765340 608
1765350 607
1765360 606
1765370 604
1765380 603
1765390 603
1765400 602
1765410 601
1765420 601
1765430 600
1765440 600
1765450 599
1765460 598
1765470 597
1765480 596
1765490 595
1765500 594
1765510 593
1765520 592
1765530 592
1765540 591
1765550 590
1765560 590
1765570 589
1765580 588
1765590 587
1765600 586
1765610 585
1765620 585
1765630 584
1765640 583
1765650 581
1765660 580
1765670 579
1765680 578
1765690 576
1765700 575
1765710 573
1765720 571
1765730 569
1765740 567
1765750 566
1765760 564
1765770 562
1765780 561
1765790 559
1765800 558
1765810 556
1765820 554
1765830 553
1765840 552
1765850 550
1765860 549
1765870 547
1765880 546
1765890 545
1765900 544
1765910 542
1765920 541
1765930 540
1765940 540
1765950 539
1765960 538
1765970 538
1765980 537
1765990 537
1766000 536
1766010 536
1766020 536
1766030 536
1766040 537
1766050 537
1766060 537
1766070 537
1766080 537
1766090 537
1766100 537
1766110 537
1766120 536
1766130 535
1766140 535
1766150 534
1766160 533
1766170 532
1766180 530
1766190 529
1766200 529
1766210 527
1766220 526
1766230 525
1766240 523
1766250 522
1766260 521
1766270 519
1766280 518
1766290 517
1766300 516
1766310 515
1766320 514
1766330 512
1766340 511
1766350 510
1766360 508
1766370 507
1766380 506
1766390 505
1766400 504
1766410 502
1766420 501
1766430 500
1766440 499
1766450 497
1766460 496
1766470 495
1766480 494
1766490 493
1766500 492
1766510 491
1766520 489
1766530 488
1766540 487
1766550 486
1766560 485
1766570 484
1766580 483
1766590 481
1766600 480
1766610 479
1766620 478
1766630 476
1766640 475
1766650 473
1766660 472
1766670 471
1766680 469
1766690 468
1766700 467
1766710 466
1766720 464
1766730 463
1766740 461
1766750 460
1766760 458
1766770 457
1766780 455
1766790 454
1766800 452
1766810 451
1766820 449
1766830 448
1766840 446
1766850 444
1766860 441
1766870 438
1766880 437
1766890 435
1766900 434
1766910 435
1766920 435
1766930 436
1766940 436
1766950 436
1766960 436
1766970 436
1766980 436
1766990 435
1767000 434
1767010 433
1767020 432
1767030 432
1767040 431
1767050 431
1767060 431
1767070 431
1767080 431
1767090 431
1767100 431
1767110 431
1767120 430
1767130 430
1767140 429
1767150 427
1767160 426
1767170 424
1767180 422
1767190 419
1767200 417
1767210 413
1767220 410
1767230 407
1767240 405
1767250 402
1767260 399
1767270 397
1767280 395
1767290 393
1767300 391
1767310 390
1767320 389
1767330 389
1767340 388
1767350 388
1767360 386
1767370 386
1767380 386
1767390 389
1767400 391
1767410 391
1767420 391
1767430 391
1767440 392
1767450 393
1767460 394
1767470 395
1767480 397
1767490 399
1767500 401
1767510 402
1767520 404
1767530 406
1767540 407
1767550 409
1767560 410
1767570 411
1767580 412
1767590 414
1767600 415
1767610 416
1767620 417
1767630 418
1767640 419
1767650 419
1767660 420
1767670 420
1767680 421
1767690 422
1767700 422
1767710 423
1767720 423
1767730 424
1767740 424
1767750 425
1767760 425
1767770 426
1767780 426
1767790 427
1767800 427
1767810 427
1767820 427
1767830 428
1767840 428
1767850 428
1767860 428
1767870 428
1767880 428
1767890 428
1767900 427
1767910 425
1767920 423
1767930 422
1767940 425
1767950 428
1767960 430
1767970 431
1767980 433
1767990 434
1768000 436
1768010 438
1768020 440
1768030 442
1768040 445
1768050 446
1768060 448
1768070 449
1768080 451
1768090 453
1768100 454
1768110 455
1768120 456
1768130 457
1768140 458
1768150 459
1768160 459
1768170 460
1768180 461
1768190 461
1768200 461
1768210 462
1768220 462
1768230 462
1768240 462
1768250 462
1768260 462
1768270 463
1768280 463
1768290 463
1768300 463
1768310 463
1768320 463
1768330 463
1768340 463
1768350 463
1768360 463
1768370 464
1768380 464
1768390 464
1768400 464
1768410 465
1768420 465
1768430 465
1768440 465
1768450 466
1768460 466
1768470 466
1768480 466
1768490 466
1768500 466
1768510 466
1768520 465
1768530 465
1768540 464
1768550 463
1768560 462
1768570 461
1768580 460
1768590 459
1768600 458
1768610 456
1768620 455
1768630 454
1768640 452
1768650 449
1768660 449
1768670 450
1768680 452
1768690 455
1768700 457
1768710 459
1768720 460
1768730 462
1768740 463
1768750 464
1768760 465
1768770 466
1768780 467
1768790 468
1768800 469
1768810 470
1768820 470
1768830 471
1768840 471
1768850 471
1768860 470
1768870 470
1768880 469
1768890 469
1768900 468
1768910 467
1768920 467
1768930 466
1768940 465
1768950 465
1768960 465
1768970 464
1768980 464
1768990 461
1769000 459
1769010 455
1769020 455
1769030 455
1769040 458
1769050 461
1769060 463
1769070 466
1769080 468
1769090 469
1769100 471
1769110 472
1769120 473
1769130 474
1769140 475
1769150 476
1769160 477
1769170 478
1769180 479
1769190 479
1769200 480
1769210 481
1769220 481
1769230 482
1769240 483
1769250 483
1769260 484
1769270 485
1769280 485
1769290 486
1769300 487
1769310 488
1769320 489
1769330 490
1769340 490
1769350 491
1769360 491
1769370 492
1769380 492
1769390 492
1769400 492
1769410 492
1769420 492
1769430 493
1769440 493
1769450 494
1769460 495
1769470 496
1769480 496
1769490 497
1769500 498
1769510 498
1769520 499
1769530 500
1769540 500
1769550 500
1769560 501
1769570 502
1769580 503
1769590 504
1769600 505
1769610 506
1769620 507
1769630 507
1769640 508
1769650 509
1769660 509
1769670 508
1769680 506
1769690 507
1769700 510
1769710 514
1769720 517
1769730 520
1769740 522
1769750 525
1769760 528
1769770 530
1769780 532
1769790 535
1769800 537
1769810 539
1769820 540
1769830 542
1769840 544
1769850 545
1769860 547
1769870 549
1769880 550
1769890 552
1769900 553
1769910 554
1769920 555
1769930 556
1769940 557
1769950 558
1769960 559
1769970 559
1769980 560
1769990 561
1770000 561
1770010 562
1770020 562
1770030 563
1770040 564
1770050 565
1770060 565
1770070 566
1770080 567
1770090 568
1770100 570
1770110 571
1770120 572
1770130 573
1770140 574
1770150 575
1770160 575
1770170 576
1770180 577
1770190 577
1770200 577
1770210 577
1770220 577
1770230 577
1770240 577
1770250 576
1770260 576
1770270 575
1770280 574
1770290 573
1770300 571
1770310 570
1770320 568
1770330 566
1770340 564
1770350 561
1770360 558
1770370 555
1770380 555
1770390 555
1770400 556
1770410 558
1770420 560
1770430 562
1770440 565
1770450 568
1770460 572
1770470 575
1770480 578
1770490 582
1770500 586
1770510 589
1770520 593
1770530 597
1770540 600
1770550 604
1770560 606
1770570 609
1770580 611
1770590 612
1770600 613
1770610 613
1770620 613
1770630 614
1770640 614
1770650 614
1770660 615
1770670 616
1770680 618
1770690 619
1770700 620
1770710 620
1770720 621
1770730 621
1770740 622
1770750 623
1770760 624
1770770 625
1770780 627
1770790 628
1770800 629
1770810 630
1770820 632
1770830 633
1770840 634
1770850 635
1770860 635
1770870 636
1770880 637
1770890 637
1770900 638
1770910 639
1770920 639
1770930 640
1770940 641
1770950 641
1770960 641
1770970 641
1770980 641
1770990 641
1771000 642
1771010 642
1771020 642
1771030 643
1771040 643
1771050 644
1771060 644
1771070 645
1771080 645
1771090 645
1771100 646
1771110 646
1771120 647
1771130 647
1771140 648
1771150 648
1771160 649
1771170 650
1771180 651
1771190 652
1771200 652
1771210 653
1771220 653
1771230 653
1771240 654
1771250 653
1771260 653
1771270 653
1771280 653
1771290 653
1771300 653
1771310 654
1771320 652
1771330 651
1771340 651
1771350 651
1771360 652
1771370 654
1771380 657
1771390 661
1771400 665
1771410 668
1771420 671
1771430 674
1771440 677
1771450 680
1771460 683
1771470 686
1771480 690
1771490 692
1771500 695
1771510 698
1771520 700
1771530 702
1771540 704
1771550 706
1771560 708
1771570 710
1771580 711
1771590 713
1771600 714
1771610 715
1771620 716
1771630 717
1771640 717
1771650 718
1771660 718
1771670 718
1771680 718
1771690 719
1771700 719
1771710 719
1771720 719
1771730 718
1771740 720
1771750 722
1771760 724
1771770 725
1771780 726
1771790 728
1771800 729
1771810 731
1771820 732
1771830 733
1771840 734
1771850 735
1771860 736
1771870 737
1771880 737
1771890 738
1771900 739
1771910 740
1771920 742
1771930 743
1771940 745
1771950 747
1771960 748
1771970 750
1771980 751
1771990 752
1772000 753
1772010 754
1772020 754
1772030 755
1772040 755
1772050 755
1772060 755
1772070 755
1772080 755
1772090 755
1772100 755
1772110 756
1772120 756
1772130 756
1772140 757
1772150 757
1772160 757
1772170 756
1772180 756
1772190 756
1772200 755
1772210 755
1772220 755
