1760000 434
1760010 432
1760020 431
1760030 430
1760040 428
1760050 427
1760060 425
1760070 423
1760080 422
1760090 421
1760100 419
1760110 416
1760120 414
1760130 412
1760140 410
1760150 408
1760160 408
1760170 408
1760180 408
1760190 409
1760200 410
1760210 410
1760220 411
1760230 412
1760240 412
1760250 413
1760260 413
1760270 414
1760280 415
1760290 415
1760300 416
1760310 416
1760320 417
1760330 417
1760340 417
1760350 417
1760360 417
1760370 417
1760380 418
1760390 418
1760400 418
1760410 418
1760420 419
1760430 419
1760440 419
1760450 420
1760460 420
1760470 420
1760480 419
1760490 419
1760500 418
1760510 418
1760520 419
1760530 420
1760540 421
1760550 421
1760560 422
1760570 422
1760580 423
1760590 423
1760600 423
1760610 424
1760620 424
1760630 425
1760640 425
1760650 426
1760660 427
1760670 428
1760680 429
1760690 430
1760700 430
1760710 431
1760720 432
1760730 433
1760740 434
1760750 435
1760760 436
1760770 437
1760780 438
1760790 439
1760800 440
1760810 441
1760820 442
1760830 443
1760840 444
1760850 445
1760860 446
1760870 447
1760880 448
1760890 449
1760900 450
1760910 450
1760920 451
1760930 452
1760940 453
1760950 453
1760960 454
1760970 455
1760980 455
1760990 456
1761000 457
1761010 458
1761020 459
1761030 459
1761040 460
1761050 461
1761060 462
1761070 463
1761080 464
1761090 465
1761100 467
1761110 468
1761120 469
1761130 470
1761140 471
1761150 472
1761160 473
1761170 474
1761180 475
1761190 476
1761200 476
1761210 477
1761220 477
1761230 478
1761240 479
1761250 480
1761260 481
1761270 482
1761280 483
1761290 483
1761300 484
1761310 485
1761320 486
1761330 487
1761340 488
1761350 489
1761360 490
1761370 492
1761380 493
1761390 495
1761400 496
1761410 497
1761420 498
1761430 500
1761440 501
1761450 502
1761460 503
1761470 504
1761480 505
1761490 506
1761500 507
1761510 508
1761520 509
1761530 509
1761540 510
1761550 511
1761560 512
1761570 513
1761580 513
1761590 513
1761600 513
1761610 514
1761620 515
1761630 516
1761640 516
1761650 516
1761660 516
1761670 517
1761680 517
1761690 517
1761700 517
1761710 517
1761720 517
1761730 517
1761740 517
1761750 517
1761760 516
1761770 516
1761780 516
1761790 516
1761800 516
1761810 515
1761820 515
1761830 515
1761840 514
1761850 514
1761860 514
1761870 513
1761880 513
1761890 513
1761900 512
1761910 512
1761920 511
1761930 511
1761940 510
1761950 510
1761960 509
1761970 509
1761980 508
1761990 508
1762000 507
1762010 507
1762020 506
1762030 506
1762040 505
1762050 505
1762060 504
1762070 503
1762080 502
1762090 501
1762100 500
1762110 500
1762120 499
1762130 498
1762140 498
1762150 497
1762160 496
1762170 496
1762180 495
1762190 494
1762200 493
1762210 492
1762220 491
1762230 490
1762240 489
1762250 488
1762260 487
1762270 486
1762280 485
1762290 484
1762300 484
1762310 483
1762320 482
1762330 481
1762340 481
1762350 480
1762360 480
1762370 479
1762380 478
1762390 477
1762400 476
1762410 475
1762420 474
1762430 473
1762440 472
1762450 471
1762460 470
1762470 469
1762480 468
1762490 467
1762500 467
1762510 466
1762520 465
1762530 464
1762540 463
1762550 462
1762560 461
1762570 460
1762580 459
1762590 457
1762600 456
1762610 455
1762620 454
1762630 453
1762640 451
1762650 450
1762660 449
1762670 447
1762680 446
1762690 444
1762700 443
1762710 442
1762720 441
1762730 439
1762740 438
1762750 437
1762760 436
1762770 435
1762780 435
1762790 434
1762800 434
1762810 433
1762820 432
1762830 431
1762840 430
1762850 430
1762860 429
1762870 426
1762880 426
1762890 426
1762900 427
1762910 428
1762920 428
1762930 428
1762940 428
1762950 427
1762960 426
1762970 425
1762980 425
1762990 424
1763000 423
1763010 422
1763020 422
1763030 421
1763040 421
1763050 421
1763060 420
1763070 420
1763080 420
1763090 419
1763100 419
1763110 418
1763120 419
1763130 422
1763140 426
1763150 430
1763160 433
1763170 433
1763180 434
1763190 435
1763200 436
1763210 437
1763220 438
1763230 439
1763240 440
1763250 441
1763260 442
1763270 442
1763280 442
1763290 443
1763300 443
1763310 443
1763320 444
1763330 444
1763340 444
1763350 444
1763360 445
1763370 445
1763380 445
1763390 446
1763400 446
1763410 446
1763420 447
1763430 447
1763440 448
1763450 448
1763460 449
1763470 449
1763480 450
1763490 450
1763500 451
1763510 451
1763520 451
1763530 452
1763540 452
1763550 452
1763560 452
1763570 453
1763580 453
1763590 453
1763600 454
1763610 454
1763620 454
1763630 454
1763640 454
1763650 455
1763660 456
1763670 457
1763680 458
1763690 459
1763700 460
1763710 461
1763720 462
1763730 463
1763740 463
1763750 464
1763760 465
1763770 466
1763780 467
1763790 468
1763800 468
1763810 469
1763820 470
1763830 471
1763840 472
1763850 473
1763860 474
1763870 475
1763880 475
1763890 476
1763900 477
1763910 477
1763920 478
1763930 478
1763940 479
1763950 480
1763960 480
1763970 481
1763980 481
1763990 482
1764000 483
1764010 484
1764020 483
1764030 482
1764040 482
1764050 482
1764060 481
1764070 481
1764080 480
1764090 479
1764100 479
1764110 478
1764120 478
1764130 477
1764140 477
1764150 477
1764160 477
1764170 476
1764180 476
1764190 476
1764200 475
1764210 475
1764220 475
1764230 474
1764240 473
1764250 473
1764260 471
1764270 470
1764280 469
1764290 468
1764300 466
1764310 465
1764320 463
1764330 460
1764340 457
1764350 456
1764360 456
1764370 456
1764380 456
1764390 457
1764400 458
1764410 459
1764420 460
1764430 461
1764440 461
1764450 462
1764460 463
1764470 464
1764480 465
1764490 466
1764500 467
1764510 468
1764520 468
1764530 469
1764540 470
1764550 471
1764560 472
1764570 473
1764580 475
1764590 476
1764600 477
1764610 478
1764620 480
1764630 481
1764640 482
1764650 482
1764660 483
1764670 484
1764680 485
1764690 486
1764700 487
1764710 488
1764720 488
1764730 489
1764740 490
1764750 490
1764760 491
1764770 491
1764780 492
1764790 492
1764800 492
1764810 493
1764820 493
1764830 493
1764840 493
1764850 494
1764860 494
1764870 494
1764880 495
1764890 495
1764900 495
1764910 496
1764920 496
1764930 496
1764940 496
1764950 497
1764960 497
1764970 497
1764980 497
1764990 497
1765000 498
1765010 498
1765020 498
1765030 498
1765040 498
1765050 498
1765060 499
1765070 499
1765080 499
1765090 499
1765100 499
1765110 499
1765120 500
1765130 500
1765140 500
1765150 500
1765160 500
1765170 500
1765180 500
1765190 500
1765200 500
1765210 500
1765220 500
1765230 500
1765240 500
1765250 500
1765260 500
1765270 500
1765280 500
1765290 500
1765300 500
1765310 500
1765320 500
1765330 500
1765340 500
1765350 500
1765360 500
1765370 500
1765380 500
1765390 500
1765400 500
1765410 500
1765420 500
1765430 500
1765440 500
1765450 500
1765460 501
1765470 501
1765480 501
1765490 501
1765500 501
1765510 501
1765520 501
1765530 501
1765540 501
1765550 501
1765560 501
1765570 501
1765580 501
1765590 501
1765600 500
1765610 500
1765620 500
1765630 500
1765640 500
1765650 499
1765660 499
1765670 499
1765680 499
1765690 498
1765700 498
1765710 498
1765720 497
1765730 496
1765740 496
1765750 495
1765760 495
1765770 495
1765780 495
1765790 495
1765800 494
1765810 494
1765820 493
1765830 493
1765840 492
1765850 491
1765860 491
1765870 490
1765880 490
1765890 489
1765900 488
1765910 487
1765920 487
1765930 486
1765940 485
1765950 485
1765960 484
1765970 484
1765980 483
1765990 482
1766000 482
1766010 481
1766020 481
1766030 480
1766040 480
1766050 479
1766060 478
1766070 478
1766080 477
1766090 477
1766100 476
1766110 476
1766120 475
1766130 474
1766140 474
1766150 473
1766160 473
1766170 472
1766180 471
1766190 470
1766200 470
1766210 469
1766220 468
1766230 468
1766240 468
1766250 467
1766260 466
1766270 465
1766280 464
1766290 463
1766300 462
1766310 462
1766320 461
1766330 461
1766340 460
1766350 459
1766360 459
1766370 458
1766380 457
1766390 457
1766400 456
1766410 456
1766420 456
1766430 455
1766440 455
1766450 455
1766460 455
1766470 455
1766480 455
1766490 455
1766500 454
1766510 454
1766520 453
1766530 453
1766540 453
1766550 453
1766560 453
1766570 453
1766580 453
1766590 453
1766600 453
1766610 453
1766620 453
1766630 452
1766640 452
1766650 452
1766660 452
1766670 451
1766680 451
1766690 451
1766700 450
1766710 450
1766720 450
1766730 449
1766740 449
1766750 449
1766760 448
1766770 448
1766780 447
1766790 447
1766800 447
1766810 447
1766820 446
1766830 446
1766840 446
1766850 446
1766860 445
1766870 445
1766880 444
1766890 444
1766900 443
1766910 443
1766920 443
1766930 442
1766940 442
1766950 442
1766960 441
1766970 441
1766980 441
1766990 440
1767000 440
1767010 439
1767020 439
1767030 438
1767040 438
1767050 437
1767060 437
1767070 436
1767080 436
1767090 435
1767100 435
1767110 434
1767120 433
1767130 433
1767140 432
1767150 431
1767160 430
1767170 429
1767180 429
1767190 428
1767200 427
1767210 427
1767220 426
1767230 425
1767240 425
1767250 424
1767260 423
1767270 422
1767280 421
1767290 421
1767300 420
1767310 419
1767320 418
1767330 417
1767340 417
1767350 416
1767360 415
1767370 414
1767380 413
1767390 411
1767400 410
1767410 409
1767420 407
1767430 406
1767440 404
1767450 401
1767460 398
1767470 395
1767480 392
1767490 389
1767500 387
1767510 385
1767520 384
1767530 383
1767540 382
1767550 381
1767560 381
1767570 380
1767580 379
1767590 378
1767600 377
1767610 376
1767620 375
1767630 374
1767640 373
1767650 372
1767660 371
1767670 371
1767680 370
1767690 369
1767700 369
1767710 368
1767720 368
1767730 367
1767740 366
1767750 366
1767760 366
1767770 365
1767780 365
1767790 364
1767800 364
1767810 363
1767820 363
1767830 362
1767840 362
1767850 362
1767860 362
1767870 362
1767880 362
1767890 362
1767900 362
1767910 361
1767920 359
1767930 357
1767940 361
1767950 366
1767960 370
1767970 374
1767980 379
1767990 383
1768000 385
1768010 387
1768020 389
1768030 390
1768040 391
1768050 392
1768060 393
1768070 394
1768080 395
1768090 396
1768100 396
1768110 397
1768120 398
1768130 399
1768140 400
1768150 400
1768160 401
1768170 401
1768180 401
1768190 401
1768200 402
1768210 402
1768220 402
1768230 402
1768240 402
1768250 402
1768260 402
1768270 402
1768280 402
1768290 402
1768300 402
1768310 402
1768320 402
1768330 402
1768340 401
1768350 401
1768360 402
1768370 402
1768380 402
1768390 402
1768400 402
1768410 402
1768420 402
1768430 402
1768440 402
1768450 402
1768460 402
1768470 402
1768480 402
1768490 402
1768500 402
1768510 403
1768520 403
1768530 403
1768540 403
1768550 403
1768560 404
1768570 404
1768580 404
1768590 404
1768600 405
1768610 405
1768620 405
1768630 405
1768640 406
1768650 406
1768660 407
1768670 407
1768680 407
1768690 408
1768700 409
1768710 410
1768720 410
1768730 411
1768740 411
1768750 411
1768760 411
1768770 411
1768780 412
1768790 413
1768800 413
1768810 414
1768820 414
1768830 414
1768840 414
1768850 415
1768860 415
1768870 415
1768880 416
1768890 416
1768900 416
1768910 416
1768920 417
1768930 417
1768940 418
1768950 418
1768960 419
1768970 419
1768980 420
1768990 420
1769000 418
1769010 418
1769020 420
1769030 422
1769040 424
1769050 425
1769060 425
1769070 426
1769080 427
1769090 428
1769100 430
1769110 431
1769120 432
1769130 433
1769140 434
1769150 435
1769160 436
1769170 437
1769180 438
1769190 439
1769200 440
1769210 442
1769220 443
1769230 444
1769240 445
1769250 446
1769260 446
1769270 444
1769280 444
1769290 445
1769300 448
1769310 450
1769320 452
1769330 452
1769340 452
1769350 452
1769360 453
1769370 454
1769380 455
1769390 456
1769400 457
1769410 458
1769420 459
1769430 461
1769440 463
1769450 465
1769460 468
1769470 470
1769480 471
1769490 473
1769500 475
1769510 476
1769520 478
1769530 479
1769540 480
1769550 482
1769560 483
1769570 485
1769580 486
1769590 488
1769600 489
1769610 490
1769620 491
1769630 492
1769640 494
1769650 495
1769660 497
1769670 498
1769680 499
1769690 501
1769700 502
1769710 503
1769720 505
1769730 506
1769740 507
1769750 508
1769760 509
1769770 509
1769780 510
1769790 510
1769800 510
1769810 511
1769820 511
1769830 512
1769840 513
1769850 514
1769860 514
1769870 514
1769880 515
1769890 516
1769900 516
1769910 517
1769920 517
1769930 517
1769940 518
1769950 518
1769960 518
1769970 518
1769980 518
1769990 518
1770000 518
1770010 518
1770020 518
1770030 518
1770040 518
1770050 517
1770060 517
1770070 517
1770080 516
1770090 516
1770100 515
1770110 515
1770120 514
1770130 513
1770140 513
1770150 512
1770160 511
1770170 510
1770180 510
1770190 509
1770200 508
1770210 507
1770220 507
1770230 505
1770240 502
1770250 500
1770260 498
1770270 495
1770280 493
1770290 491
1770300 489
1770310 488
1770320 487
1770330 486
1770340 485
1770350 483
1770360 481
1770370 480
1770380 479
1770390 480
1770400 480
1770410 479
1770420 478
1770430 477
1770440 476
1770450 474
1770460 473
1770470 472
1770480 472
1770490 472
1770500 472
1770510 470
1770520 469
1770530 467
1770540 469
1770550 472
1770560 475
1770570 478
1770580 481
1770590 483
1770600 486
1770610 489
1770620 491
1770630 494
1770640 497
1770650 500
1770660 502
1770670 505
1770680 507
1770690 509
1770700 512
1770710 514
1770720 516
1770730 518
1770740 520
1770750 523
1770760 525
1770770 528
1770780 531
1770790 533
1770800 536
1770810 538
1770820 540
1770830 542
1770840 543
1770850 545
1770860 546
1770870 547
1770880 548
1770890 549
1770900 550
1770910 552
1770920 553
1770930 554
1770940 555
1770950 555
1770960 556
1770970 557
1770980 558
1770990 558
1771000 559
1771010 560
1771020 560
1771030 561
1771040 561
1771050 562
1771060 563
1771070 563
1771080 564
1771090 565
1771100 565
1771110 565
1771120 566
1771130 566
1771140 566
1771150 566
1771160 567
1771170 567
1771180 567
1771190 567
1771200 567
1771210 567
1771220 567
1771230 566
1771240 566
1771250 566
1771260 566
1771270 566
1760000 434
1760010 432
1760020 431
1760030 430
1760040 428
1760050 427
1760060 425
1760070 423
1760080 422
1760090 421
1760100 419
1760110 416
1760120 414
1760130 412
1760140 410
1760150 408
1760160 408
1760170 408
1760180 408
1760190 409
1760200 410
1760210 410
1760220 411
1760230 412
1760240 412
1760250 413
1760260 413
1760270 414
1760280 415
1760290 415
1760300 416
1760310 416
1760320 417
1760330 417
1760340 417
1760350 417
1760360 417
1760370 417
1760380 418
1760390 418
1760400 418
1760410 418
1760420 419
1760430 419
1760440 419
1760450 420
1760460 420
1760470 420
1760480 419
1760490 419
1760500 418
1760510 418
1760520 419
1760530 420
1760540 421
1760550 421
1760560 422
1760570 422
1760580 423
1760590 423
1760600 423
1760610 424
1760620 424
1760630 425
1760640 425
1760650 426
1760660 427
1760670 428
1760680 429
1760690 430
1760700 430
1760710 431
1760720 432
1760730 433
1760740 434
1760750 435
1760760 436
1760770 437
1760780 438
1760790 439
1760800 440
1760810 441
1760820 442
1760830 443
1760840 444
1760850 445
1760860 446
1760870 447
1760880 448
1760890 449
1760900 450
1760910 450
1760920 451
1760930 452
1760940 453
1760950 453
1760960 454
1760970 455
1760980 455
1760990 456
1761000 457
1761010 458
1761020 459
1761030 459
1761040 460
1761050 461
1761060 462
1761070 463
1761080 464
1761090 465
1761100 467
1761110 468
1761120 469
1761130 470
1761140 471
1761150 472
1761160 473
1761170 474
1761180 475
1761190 476
1761200 476
1761210 477
1761220 477
1761230 478
1761240 479
1761250 480
1761260 481
1761270 482
1761280 483
1761290 483
1761300 484
1761310 485
1761320 486
1761330 487
1761340 488
1761350 489
1761360 490
1761370 492
1761380 493
1761390 495
1761400 496
1761410 497
1761420 498
1761430 500
1761440 501
1761450 502
1761460 503
1761470 504
1761480 505
1761490 506
1761500 507
1761510 508
1761520 509
1761530 509
1761540 510
1761550 511
1761560 512
1761570 513
1761580 513
1761590 513
1761600 513
1761610 514
1761620 515
1761630 516
1761640 516
1761650 516
1761660 516
1761670 517
1761680 517
1761690 517
1761700 517
1761710 517
1761720 517
1761730 517
1761740 517
1761750 517
1761760 516
1761770 516
1761780 516
1761790 516
1761800 516
1761810 515
1761820 515
1761830 515
1761840 514
1761850 514
1761860 514
1761870 513
1761880 513
1761890 513
1761900 512
1761910 512
1761920 511
1761930 511
1761940 510
1761950 510
1761960 509
1761970 509
1761980 508
1761990 508
1762000 507
1762010 507
1762020 506
1762030 506
1762040 505
1762050 505
1762060 504
1762070 503
1762080 502
1762090 501
1762100 500
1762110 500
1762120 499
1762130 498
1762140 498
1762150 497
1762160 496
1762170 496
1762180 495
1762190 494
1762200 493
1762210 492
1762220 491
1762230 490
1762240 489
1762250 488
1762260 487
1762270 486
1762280 485
1762290 484
1762300 484
1762310 483
1762320 482
1762330 481
1762340 481
1762350 480
1762360 480
1762370 479
1762380 478
1762390 477
1762400 476
1762410 475
1762420 474
1762430 473
1762440 472
1762450 471
1762460 470
1762470 469
1762480 468
1762490 467
1762500 467
1762510 466
1762520 465
1762530 464
1762540 463
1762550 462
1762560 461
1762570 460
1762580 459
1762590 457
1762600 456
1762610 455
1762620 454
1762630 453
1762640 451
1762650 450
1762660 449
1762670 447
1762680 446
1762690 444
1762700 443
1762710 442
1762720 441
1762730 439
1762740 438
1762750 437
1762760 436
1762770 435
1762780 435
1762790 434
1762800 434
1762810 433
1762820 432
1762830 431
1762840 430
1762850 430
1762860 429
1762870 426
1762880 426
1762890 426
1762900 427
1762910 428
1762920 428
1762930 428
1762940 428
1762950 427
1762960 426
1762970 425
1762980 425
1762990 424
1763000 423
1763010 422
1763020 422
1763030 421
1763040 421
1763050 421
1763060 420
1763070 420
1763080 420
1763090 419
1763100 419
1763110 418
1763120 419
1763130 422
1763140 426
1763150 430
1763160 433
1763170 433
1763180 434
1763190 435
1763200 436
1763210 437
1763220 438
1763230 439
1763240 440
1763250 441
1763260 442
1763270 442
1763280 442
1763290 443
1763300 443
1763310 443
1763320 444
1763330 444
1763340 444
1763350 444
1763360 445
1763370 445
1763380 445
1763390 446
1763400 446
1763410 446
1763420 447
1763430 447
1763440 448
1763450 448
1763460 449
1763470 449
1763480 450
1763490 450
1763500 451
1763510 451
1763520 451
1763530 452
1763540 452
1763550 452
1763560 452
1763570 453
1763580 453
1763590 453
1763600 454
1763610 454
1763620 454
1763630 454
1763640 454
1763650 455
1763660 456
1763670 457
1763680 458
1763690 459
1763700 460
1763710 461
1763720 462
1763730 463
1763740 463
1763750 464
1763760 465
1763770 466
1763780 467
1763790 468
1763800 468
1763810 469
1763820 470
1763830 471
1763840 472
1763850 473
1763860 474
1763870 475
1763880 475
1763890 476
1763900 477
1763910 477
1763920 478
1763930 478
1763940 479
1763950 480
1763960 480
1763970 481
1763980 481
1763990 482
1764000 483
1764010 484
1764020 483
1764030 482
1764040 482
1764050 482
1764060 481
1764070 481
1764080 480
1764090 479
1764100 479
1764110 478
1764120 478
1764130 477
1764140 477
1764150 477
1764160 477
1764170 476
1764180 476
1764190 476
1764200 475
1764210 475
1764220 475
1764230 474
1764240 473
1764250 473
1764260 471
1764270 470
1764280 469
1764290 468
1764300 466
1764310 465
1764320 463
1764330 460
1764340 457
1764350 456
1764360 456
1764370 456
1764380 456
1764390 457
1764400 458
1764410 459
1764420 460
1764430 461
1764440 461
1764450 462
1764460 463
1764470 464
1764480 465
1764490 466
1764500 467
1764510 468
1764520 468
1764530 469
1764540 470
1764550 471
1764560 472
1764570 473
1764580 475
1764590 476
1764600 477
1764610 478
1764620 480
1764630 481
1764640 482
1764650 482
1764660 483
1764670 484
1764680 485
1764690 486
1764700 487
1764710 488
1764720 488
1764730 489
1764740 490
1764750 490
1764760 491
1764770 491
1764780 492
1764790 492
1764800 492
1764810 493
1764820 493
1764830 493
1764840 493
1764850 494
1764860 494
1764870 494
1764880 495
1764890 495
1764900 495
1764910 496
1764920 496
1764930 496
1764940 496
1764950 497
1764960 497
1764970 497
1764980 497
1764990 497
1765000 498
1765010 498
1765020 498
1765030 498
1765040 498
1765050 498
1765060 499
1765070 499
1765080 499
1765090 499
1765100 499
1765110 499
1765120 500
1765130 500
1765140 500
1765150 500
1765160 500
1765170 500
1765180 500
1765190 500
1765200 500
1765210 500
1765220 500
1765230 500
1765240 500
1765250 500
1765260 500
1765270 500
1765280 500
1765290 500
1765300 500
1765310 500
1765320 500
1765330 500
1765340 500
1765350 500
1765360 500
1765370 500
1765380 500
1765390 500
1765400 500
1765410 500
1765420 500
1765430 500
1765440 500
1765450 500
1765460 501
1765470 501
1765480 501
1765490 501
1765500 501
1765510 501
1765520 501
1765530 501
1765540 501
1765550 501
1765560 501
1765570 501
1765580 501
1765590 501
1765600 500
1765610 500
1765620 500
1765630 500
1765640 500
1765650 499
1765660 499
1765670 499
1765680 499
1765690 498
1765700 498
1765710 498
1765720 497
1765730 496
1765740 496
1765750 495
1765760 495
1765770 495
1765780 495
1765790 495
1765800 494
1765810 494
1765820 493
1765830 493
1765840 492
1765850 491
1765860 491
1765870 490
1765880 490
1765890 489
1765900 488
1765910 487
1765920 487
1765930 486
1765940 485
1765950 485
1765960 484
1765970 484
1765980 483
1765990 482
1766000 482
1766010 481
1766020 481
1766030 480
1766040 480
1766050 479
1766060 478
1766070 478
1766080 477
1766090 477
1766100 476
1766110 476
1766120 475
1766130 474
1766140 474
1766150 473
1766160 473
1766170 472
1766180 471
1766190 470
1766200 470
1766210 469
1766220 468
1766230 468
1766240 468
1766250 467
1766260 466
1766270 465
1766280 464
1766290 463
1766300 462
1766310 462
1766320 461
1766330 461
1766340 460
1766350 459
1766360 459
1766370 458
1766380 457
1766390 457
1766400 456
1766410 456
1766420 456
1766430 455
1766440 455
1766450 455
1766460 455
1766470 455
1766480 455
1766490 455
1766500 454
1766510 454
1766520 453
1766530 453
1766540 453
1766550 453
1766560 453
1766570 453
1766580 453
1766590 453
1766600 453
1766610 453
1766620 453
1766630 452
1766640 452
1766650 452
1766660 452
1766670 451
1766680 451
1766690 451
1766700 450
1766710 450
1766720 450
1766730 449
1766740 449
1766750 449
1766760 448
1766770 448
1766780 447
1766790 447
1766800 447
1766810 447
1766820 446
1766830 446
1766840 446
1766850 446
1766860 445
1766870 445
1766880 444
1766890 444
1766900 443
1766910 443
1766920 443
1766930 442
1766940 442
1766950 442
1766960 441
1766970 441
1766980 441
1766990 440
1767000 440
1767010 439
1767020 439
1767030 438
1767040 438
1767050 437
1767060 437
1767070 436
1767080 436
1767090 435
1767100 435
1767110 434
1767120 433
1767130 433
1767140 432
1767150 431
1767160 430
1767170 429
1767180 429
1767190 428
1767200 427
1767210 427
1767220 426
1767230 425
1767240 425
1767250 424
1767260 423
1767270 422
1767280 421
1767290 421
1767300 420
1767310 419
1767320 418
1767330 417
1767340 417
1767350 416
1767360 415
1767370 414
1767380 413
1767390 411
1767400 410
1767410 409
1767420 407
1767430 406
1767440 404
1767450 401
1767460 398
1767470 395
1767480 392
1767490 389
1767500 387
1767510 385
1767520 384
1767530 383
1767540 382
1767550 381
1767560 381
1767570 380
1767580 379
1767590 378
1767600 377
1767610 376
1767620 375
1767630 374
1767640 373
1767650 372
1767660 371
1767670 371
1767680 370
1767690 369
1767700 369
1767710 368
1767720 368
1767730 367
1767740 366
1767750 366
1767760 366
1767770 365
1767780 365
1767790 364
1767800 364
1767810 363
1767820 363
1767830 362
1767840 362
1767850 362
1767860 362
1767870 362
1767880 362
1767890 362
1767900 362
1767910 361
1767920 359
1767930 357
1767940 361
1767950 366
1767960 370
1767970 374
1767980 379
1767990 383
1768000 385
1768010 387
1768020 389
1768030 390
1768040 391
1768050 392
1768060 393
1768070 394
1768080 395
1768090 396
1768100 396
1768110 397
1768120 398
1768130 399
1768140 400
1768150 400
1768160 401
1768170 401
1768180 401
1768190 401
1768200 402
1768210 402
1768220 402
1768230 402
1768240 402
1768250 402
1768260 402
1768270 402
1768280 402
1768290 402
1768300 402
1768310 402
1768320 402
1768330 402
1768340 401
1768350 401
1768360 402
1768370 402
1768380 402
1768390 402
1768400 402
1768410 402
1768420 402
1768430 402
1768440 402
1768450 402
1768460 402
1768470 402
1768480 402
1768490 402
1768500 402
1768510 403
1768520 403
1768530 403
1768540 403
1768550 403
1768560 404
1768570 404
1768580 404
1768590 404
1768600 405
1768610 405
1768620 405
1768630 405
1768640 406
1768650 406
1768660 407
1768670 407
1768680 407
1768690 408
1768700 409
1768710 410
1768720 410
1768730 411
1768740 411
1768750 411
1768760 411
1768770 411
1768780 412
1768790 413
1768800 413
1768810 414
1768820 414
1768830 414
1768840 414
1768850 415
1768860 415
1768870 415
1768880 416
1768890 416
1768900 416
1768910 416
1768920 417
1768930 417
1768940 418
1768950 418
1768960 419
1768970 419
1768980 420
1768990 420
1769000 418
1769010 418
1769020 420
1769030 422
1769040 424
1769050 425
1769060 425
1769070 426
1769080 427
1769090 428
1769100 430
1769110 431
1769120 432
1769130 433
1769140 434
1769150 435
1769160 436
1769170 437
1769180 438
1769190 439
1769200 440
1769210 442
1769220 443
1769230 444
1769240 445
1769250 446
1769260 446
1769270 444
1769280 444
1769290 445
1769300 448
1769310 450
1769320 452
1769330 452
1769340 452
1769350 452
1769360 453
1769370 454
1769380 455
1769390 456
1769400 457
1769410 458
1769420 459
1769430 461
1769440 463
1769450 465
1769460 468
1769470 470
1769480 471
1769490 473
1769500 475
1769510 476
1769520 478
1769530 479
1769540 480
1769550 482
1769560 483
1769570 485
1769580 486
1769590 488
1769600 489
1769610 490
1769620 491
1769630 492
1769640 494
1769650 495
1769660 497
1769670 498
1769680 499
1769690 501
1769700 502
1769710 503
1769720 505
1769730 506
1769740 507
1769750 508
1769760 509
1769770 509
1769780 510
1769790 510
1769800 510
1769810 511
1769820 511
1769830 512
1769840 513
1769850 514
1769860 514
1769870 514
1769880 515
1769890 516
1769900 516
1769910 517
1769920 517
1769930 517
1769940 518
1769950 518
1769960 518
1769970 518
1769980 518
1769990 518
1770000 518
1770010 518
1770020 518
1770030 518
1770040 518
1770050 517
1770060 517
1770070 517
1770080 516
1770090 516
1770100 515
1770110 515
1770120 514
1770130 513
1770140 513
1770150 512
1770160 511
1770170 510
1770180 510
1770190 509
1770200 508
1770210 507
1770220 507
1770230 505
1770240 502
1770250 500
1770260 498
1770270 495
1770280 493
1770290 491
1770300 489
1770310 488
1770320 487
1770330 486
1770340 485
1770350 483
1770360 481
1770370 480
1770380 479
1770390 480
1770400 480
1770410 479
1770420 478
1770430 477
1770440 476
1770450 474
1770460 473
1770470 472
1770480 472
1770490 472
1770500 472
1770510 470
1770520 469
1770530 467
1770540 469
1770550 472
1770560 475
1770570 478
1770580 481
1770590 483
1770600 486
1770610 489
1770620 491
1770630 494
1770640 497
1770650 500
1770660 502
1770670 505
1770680 507
1770690 509
1770700 512
1770710 514
1770720 516
1770730 518
1770740 520
1770750 523
1770760 525
1770770 528
1770780 531
1770790 533
1770800 536
1770810 538
1770820 540
1770830 542
1770840 543
1770850 545
1770860 546
1770870 547
1770880 548
1770890 549
1770900 550
1770910 552
1770920 553
1770930 554
1770940 555
1770950 555
1770960 556
1770970 557
1770980 558
1770990 558
1771000 559
1771010 560
1771020 560
1771030 561
1771040 561
1771050 562
1771060 563
1771070 563
1771080 564
1771090 565
1771100 565
1771110 565
1771120 566
1771130 566
1771140 566
1771150 566
1771160 567
1771170 567
1771180 567
1771190 567
1771200 567
1771210 567
1771220 567
1771230 566
1771240 566
1771250 566
1771260 566
1771270 566
