1772160 608
1772170 608
1772180 608
1772190 608
1772200 608
1772210 608
1772220 608
1772230 608
1772240 608
1772250 608
1772260 608
1772270 607
1772280 607
1772290 607
1772300 607
1772310 607
1772320 607
1772330 607
1772340 607
1772350 607
1772360 606
1772370 606
1772380 605
1772390 604
1772400 604
1772410 605
1772420 604
1772430 604
1772440 604
1772450 604
1772460 604
1772470 604
1772480 604
1772490 604
1772500 604
1772510 604
1772520 604
1772530 603
1772540 603
1772550 601
1772560 600
1772570 601
1772580 602
1772590 601
1772600 601
1772610 601
1772620 600
1772630 600
1772640 599
1772650 599
1772660 598
1772670 598
1772680 597
1772690 597
1772700 596
1772710 595
1772720 594
1772730 594
1772740 594
1772750 594
1772760 593
1772770 593
1772780 593
1772790 592
1772800 592
1772810 591
1772820 590
1772830 590
1772840 589
1772850 589
1772860 588
1772870 587
1772880 585
1772890 584
1772900 585
1772910 585
1772920 586
1772930 586
1772940 585
1772950 584
1772960 585
1772970 584
1772980 584
1772990 584
1773000 583
1773010 583
1773020 583
1773030 582
1773040 582
1773050 582
1773060 581
1773070 580
1773080 579
1773090 578
1773100 579
1773110 579
1773120 579
1773130 579
1773140 578
1773150 578
1773160 577
1773170 577
1773180 576
1773190 576
1773200 576
1773210 575
1773220 575
1773230 574
1773240 574
1773250 573
1773260 573
1773270 572
1773280 571
1773290 570
1773300 570
1773310 569
1773320 569
1773330 569
1773340 569
1773350 568
1773360 568
1773370 567
1773380 566
1773390 566
1773400 565
1773410 565
1773420 564
1773430 564
1773440 564
1773450 564
1773460 563
1773470 563
1773480 563
1773490 562
1773500 561
1773510 561
1773520 561
1773530 560
1773540 559
1773550 558
1773560 558
1773570 558
1773580 558
1773590 558
1773600 557
1773610 557
1773620 556
1773630 556
1773640 556
1773650 555
1773660 555
1773670 554
1773680 554
1773690 553
1773700 551
1773710 550
1773720 551
1773730 551
1773740 551
1773750 551
1773760 550
1773770 550
1773780 550
1773790 549
1773800 549
1773810 549
1773820 548
1773830 548
1773840 548
1773850 547
1773860 547
1773870 546
1773880 546
1773890 546
1773900 545
1773910 544
1773920 543
1773930 542
1773940 542
1773950 542
1773960 542
1773970 542
1773980 541
1773990 541
1774000 540
1774010 539
1774020 539
1774030 538
1774040 538
1774050 537
1774060 536
1774070 534
1774080 535
1774090 535
1774100 535
1774110 534
1774120 533
1774130 533
1774140 532
1774150 532
1774160 531
1774170 530
1774180 530
1774190 529
1774200 528
1774210 528
1774220 527
1774230 526
1774240 526
1774250 525
1774260 524
1774270 522
1774280 521
1774290 522
1774300 522
1774310 521
1774320 521
1774330 520
1774340 519
1774350 518
1774360 517
1774370 516
1774380 516
1774390 515
1774400 514
1774410 513
1774420 512
1774430 511
1774440 509
1774450 508
1774460 507
1774470 507
1774480 507
1774490 507
1774500 506
1774510 506
1774520 505
1774530 504
1774540 504
1774550 503
1774560 502
1774570 500
1774580 499
1774590 498
1774600 497
1774610 496
1774620 496
1774630 495
1774640 494
1774650 493
1774660 492
1774670 491
1774680 490
1774690 490
1774700 489
1774710 488
1774720 487
1774730 486
1774740 486
1774750 486
1774760 486
1774770 485
1774780 484
1774790 484
1774800 483
1774810 483
1774820 483
1774830 482
1774840 481
1774850 481
1774860 480
1774870 480
1774880 480
1774890 480
1774900 479
1774910 479
1774920 479
1774930 479
1774940 478
1774950 478
1774960 478
1774970 478
1774980 478
1774990 478
1775000 477
1775010 477
1775020 477
1775030 477
1775040 477
1775050 477
1775060 477
1775070 477
1775080 477
1775090 476
1775100 476
1775110 476
1775120 476
1775130 476
1775140 476
1775150 475
1775160 475
1775170 475
1775180 475
1775190 475
1775200 475
1775210 474
1775220 475
1775230 474
1775240 474
1775250 474
1775260 474
1775270 474
1775280 474
1775290 474
1775300 474
1775310 474
1775320 474
1775330 474
1775340 474
1775350 474
1775360 474
1775370 474
1775380 474
1775390 474
1775400 474
1775410 474
1775420 473
1775430 472
1775440 472
1775450 472
1775460 471
1775470 469
1775480 467
1775490 467
1775500 467
1775510 467
1775520 467
1775530 467
1775540 467
1775550 467
1775560 467
1775570 467
1775580 467
1775590 467
1775600 468
1775610 468
1775620 468
1775630 468
1775640 467
1775650 467
1775660 467
1775670 467
1775680 466
1775690 466
1775700 466
1775710 465
1775720 465
1775730 464
1775740 464
1775750 463
1775760 462
1775770 462
1775780 461
1775790 461
1775800 460
1775810 460
1775820 460
1775830 460
1775840 461
1775850 461
1775860 461
1775870 461
1775880 461
1775890 461
1775900 461
1775910 461
1775920 460
1775930 460
1775940 460
1775950 460
1775960 460
1775970 460
1775980 459
1775990 459
1776000 458
1776010 457
1776020 457
1776030 457
1776040 457
1776050 457
1776060 457
1776070 457
1776080 457
1776090 457
1776100 457
1776110 457
1776120 457
1776130 457
1776140 457
1776150 457
1776160 460
1776170 461
1776180 462
1776190 462
1776200 462
1776210 461
1776220 462
1776230 463
1776240 464
1776250 464
1776260 465
1776270 465
1776280 465
1776290 465
1776300 465
1776310 466
1776320 466
1776330 466
1776340 466
1776350 465
1776360 465
1776370 465
1776380 465
1776390 466
1776400 465
1776410 465
1776420 465
1776430 465
1776440 464
1776450 464
1776460 464
1776470 464
1776480 464
1776490 464
1776500 464
1776510 465
1776520 467
1776530 467
1776540 467
1776550 468
1776560 467
1776570 467
1776580 468
1776590 468
1776600 469
1776610 469
1776620 470
1776630 471
1776640 471
1776650 471
1776660 471
1776670 471
1776680 470
1776690 470
1776700 469
1776710 468
1776720 468
1776730 468
1776740 468
1776750 470
1776760 470
1776770 471
1776780 472
1776790 472
1776800 473
1776810 474
1776820 474
1776830 475
1776840 476
1776850 476
1776860 477
1776870 477
1776880 477
1776890 477
1776900 476
1776910 476
1776920 475
1776930 475
1776940 474
1776950 474
1776960 473
1776970 472
1776980 471
1776990 471
1777000 470
1777010 469
1777020 469
1777030 468
1777040 468
1777050 467
1777060 467
1777070 467
1777080 466
1777090 465
1777100 465
1777110 464
1777120 464
1777130 463
1777140 462
1777150 461
1777160 460
1777170 459
1777180 458
1777190 456
1777200 455
1777210 454
1777220 454
1777230 454
1777240 453
1777250 452
1777260 451
1777270 450
1777280 449
1777290 448
1777300 447
1777310 447
1777320 446
1777330 445
1777340 445
1777350 444
1777360 443
1777370 443
1777380 443
1777390 442
1777400 442
1777410 442
1777420 442
1777430 442
1777440 442
1777450 442
1777460 442
1777470 442
1777480 442
1777490 441
1777500 441
1777510 441
1777520 440
1777530 440
1777540 439
1777550 437
1777560 436
1777570 435
1777580 435
1777590 435
1777600 435
1777610 435
1777620 436
1777630 436
1777640 436
1777650 437
1777660 437
1777670 437
1777680 436
1777690 436
1777700 436
1777710 436
1777720 436
1777730 436
1777740 436
1777750 436
1777760 436
1777770 435
1777780 435
1777790 435
1777800 434
1777810 434
1777820 434
1777830 433
1777840 433
1777850 432
1777860 432
1777870 432
1777880 431
1777890 431
1777900 431
1777910 431
1777920 430
1777930 430
1777940 430
1777950 430
1777960 429
1777970 429
1777980 429
1777990 429
1778000 429
1778010 428
1778020 428
1778030 428
1778040 428
1778050 428
1778060 428
1778070 427
1778080 427
1778090 427
1778100 426
1778110 426
1778120 426
1778130 426
1778140 426
1778150 426
1778160 425
1778170 425
1778180 425
1778190 424
1778200 424
1778210 423
1778220 423
1778230 423
1778240 423
1778250 422
1778260 422
1778270 422
1778280 422
1778290 422
1778300 422
1778310 422
1778320 422
1778330 422
1778340 422
1778350 422
1778360 422
1778370 422
1778380 421
1778390 421
1778400 421
1778410 420
1778420 420
1778430 420
1778440 420
1778450 421
1778460 421
1778470 421
1778480 421
1778490 421
1778500 420
1778510 420
1778520 420
1778530 420
1778540 421
1778550 421
1778560 421
1778570 422
1778580 422
1778590 422
1778600 422
1778610 422
1778620 422
1778630 422
1778640 422
1778650 423
1778660 424
1778670 424
1778680 425
1778690 426
1778700 425
1778710 425
1778720 424
1778730 424
1778740 424
1778750 424
1778760 424
1778770 425
1778780 426
1778790 428
1778800 429
1778810 431
1778820 433
1778830 435
1778840 437
1778850 440
1778860 442
1778870 444
1778880 446
1778890 449
1778900 451
1778910 453
1778920 456
1778930 458
1778940 459
1778950 461
1778960 463
1778970 465
1778980 466
1778990 468
1779000 469
1779010 470
1779020 471
1779030 471
1779040 469
1779050 468
1779060 465
1779070 463
1779080 461
1779090 460
1779100 459
1779110 459
1779120 460
1779130 460
1779140 460
1779150 460
1779160 462
1779170 464
1779180 466
1779190 469
1779200 471
1779210 473
1779220 476
1779230 479
1779240 480
1779250 480
1779260 480
1779270 479
1779280 478
1779290 478
1779300 478
1779310 477
1779320 477
1779330 477
1779340 477
1779350 477
1779360 477
1779370 477
1779380 477
1779390 477
1779400 477
1779410 477
1779420 476
1779430 476
1779440 476
1779450 476
1779460 476
1779470 476
1779480 476
1779490 476
1779500 476
1779510 476
1779520 477
1779530 478
1779540 479
1779550 480
1779560 482
1779570 483
1779580 484
1779590 485
1779600 486
1779610 486
1779620 486
1779630 486
1779640 486
1779650 486
1779660 485
1779670 484
1779680 484
1779690 483
1779700 483
1779710 482
1779720 481
1779730 480
1779740 480
1779750 479
1779760 479
1779770 478
1779780 478
1779790 478
1779800 477
1779810 477
1779820 476
1779830 476
1779840 476
1779850 475
1779860 474
1779870 474
1779880 473
1779890 473
1779900 472
1779910 471
1779920 470
1779930 470
1779940 470
1779950 469
1779960 469
1779970 469
1779980 469
1779990 468
