1760000 422
1760010 421
1760020 419
1760030 418
1760040 417
1760050 416
1760060 415
1760070 414
1760080 413
1760090 412
1760100 411
1760110 410
1760120 409
1760130 408
1760140 406
1760150 405
1760160 404
1760170 403
1760180 402
1760190 401
1760200 400
1760210 399
1760220 397
1760230 396
1760240 395
1760250 394
1760260 392
1760270 391
1760280 390
1760290 389
1760300 386
1760310 384
1760320 382
1760330 381
1760340 380
1760350 379
1760360 378
1760370 377
1760380 375
1760390 373
1760400 372
1760410 370
1760420 369
1760430 368
1760440 367
1760450 366
1760460 364
1760470 363
1760480 362
1760490 361
1760500 359
1760510 358
1760520 357
1760530 356
1760540 355
1760550 353
1760560 351
1760570 347
1760580 346
1760590 346
1760600 346
1760610 346
1760620 346
1760630 346
1760640 346
1760650 346
1760660 345
1760670 344
1760680 344
1760690 347
1760700 347
1760710 346
1760720 346
1760730 346
1760740 346
1760750 347
1760760 347
1760770 348
1760780 348
1760790 347
1760800 347
1760810 347
1760820 347
1760830 347
1760840 347
1760850 347
1760860 347
1760870 347
1760880 347
1760890 347
1760900 347
1760910 347
1760920 347
1760930 347
1760940 346
1760950 345
1760960 344
1760970 346
1760980 349
1760990 350
1761000 350
1761010 351
1761020 351
1761030 353
1761040 354
1761050 354
1761060 355
1761070 356
1761080 358
1761090 359
1761100 361
1761110 362
1761120 363
1761130 365
1761140 366
1761150 367
1761160 369
1761170 370
1761180 371
1761190 372
1761200 373
1761210 374
1761220 375
1761230 376
1761240 376
1761250 377
1761260 378
1761270 378
1761280 379
1761290 379
1761300 380
1761310 380
1761320 380
1761330 380
1761340 380
1761350 381
1761360 381
1761370 381
1761380 382
1761390 382
1761400 382
1761410 383
1761420 383
1761430 383
1761440 383
1761450 384
1761460 384
1761470 384
1761480 384
1761490 384
1761500 384
1761510 384
1761520 384
1761530 384
1761540 384
1761550 384
1761560 383
1761570 383
1761580 383
1761590 382
1761600 382
1761610 382
1761620 381
1761630 381
1761640 381
1761650 380
1761660 380
1761670 380
1761680 379
1761690 379
1761700 378
1761710 378
1761720 377
1761730 376
1761740 375
1761750 375
1761760 374
1761770 373
1761780 372
1761790 371
1761800 370
1761810 370
1761820 369
1761830 369
1761840 368
1761850 368
1761860 369
1761870 370
1761880 371
1761890 371
1761900 372
1761910 374
1761920 376
1761930 379
1761940 380
1761950 381
1761960 381
1761970 382
1761980 383
1761990 385
1762000 386
1762010 388
1762020 389
1762030 390
1762040 391
1762050 392
1762060 393
1762070 395
1762080 396
1762090 398
1762100 399
1762110 401
1762120 403
1762130 404
1762140 405
1762150 406
1762160 407
1762170 408
1762180 409
1762190 410
1762200 412
1762210 413
1762220 415
1762230 416
1762240 418
1762250 419
1762260 420
1762270 422
1762280 423
1762290 424
1762300 426
1762310 427
1762320 428
1762330 430
1762340 431
1762350 432
1762360 433
1762370 434
1762380 435
1762390 437
1762400 438
1762410 439
1762420 440
1762430 442
1762440 443
1762450 444
1762460 446
1762470 447
1762480 448
1762490 450
1762500 451
1762510 452
1762520 453
1762530 453
1762540 454
1762550 455
1762560 456
1762570 456
1762580 457
1762590 458
1762600 459
1762610 460
1762620 461
1762630 462
1762640 463
1762650 464
1762660 465
1762670 465
1762680 466
1762690 467
1762700 468
1762710 469
1762720 470
1762730 470
1762740 470
1762750 470
1762760 470
1762770 469
1762780 469
1762790 468
1762800 468
1762810 468
1762820 468
1762830 468
1762840 467
1762850 467
1762860 467
1762870 466
1762880 466
1762890 464
1762900 464
1762910 466
1762920 469
1762930 471
1762940 472
1762950 474
1762960 475
1762970 477
1762980 479
1762990 480
1763000 482
1763010 484
1763020 485
1763030 486
1763040 488
1763050 489
1763060 490
1763070 491
1763080 493
1763090 494
1763100 495
1763110 496
1763120 497
1763130 497
1763140 498
1763150 498
1763160 498
1763170 498
1763180 499
1763190 499
1763200 500
1763210 500
1763220 501
1763230 501
1763240 501
1763250 502
1763260 502
1763270 503
1763280 503
1763290 504
1763300 505
1763310 506
1763320 507
1763330 508
1763340 509
1763350 510
1763360 511
1763370 511
1763380 511
1763390 511
1763400 511
1763410 511
1763420 511
1763430 511
1763440 511
1763450 511
1763460 511
1763470 510
1763480 510
1763490 509
1763500 509
1763510 509
1763520 510
1763530 510
1763540 510
1763550 511
1763560 512
1763570 513
1763580 514
1763590 515
1763600 516
1763610 516
1763620 517
1763630 517
1763640 518
1763650 519
1763660 520
1763670 520
1763680 521
1763690 521
1763700 522
1763710 523
1763720 525
1763730 526
1763740 528
1763750 530
1763760 531
1763770 532
1763780 533
1763790 535
1763800 536
1763810 537
1763820 538
1763830 540
1763840 541
1763850 542
1763860 543
1763870 545
1763880 546
1763890 547
1763900 548
1763910 549
1763920 551
1763930 552
1763940 553
1763950 554
1763960 555
1763970 556
1763980 557
1763990 558
1764000 559
1764010 561
1764020 562
1764030 563
1764040 564
1764050 566
1764060 567
1764070 568
1764080 569
1764090 570
1764100 571
1764110 572
1764120 573
1764130 574
1764140 575
1764150 576
1764160 576
1764170 577
1764180 578
1764190 579
1764200 579
1764210 580
1764220 580
1764230 581
1764240 581
1764250 582
1764260 583
1764270 583
1764280 584
1764290 584
1764300 585
1764310 585
1764320 585
1764330 586
1764340 586
1764350 586
1764360 585
1764370 585
1764380 585
1764390 585
1764400 585
1764410 585
1764420 585
1764430 585
1764440 584
1764450 584
1764460 584
1764470 583
1764480 583
1764490 583
1764500 582
1764510 582
1764520 582
1764530 581
1764540 581
1764550 580
1764560 580
1764570 579
1764580 579
1764590 578
1764600 578
1764610 578
1764620 578
1764630 577
1764640 577
1764650 577
1764660 577
1764670 576
1764680 576
1764690 575
1764700 575
1764710 574
1764720 574
1764730 573
1764740 572
1764750 571
1764760 571
1764770 570
1764780 569
1764790 568
1764800 567
1764810 566
1764820 565
1764830 564
1764840 563
1764850 562
1764860 561
1764870 559
1764880 558
1764890 556
1764900 555
1764910 554
1764920 553
1764930 551
1764940 550
1764950 549
1764960 549
1764970 548
1764980 547
1764990 546
1765000 544
1765010 543
1765020 542
1765030 541
1765040 539
1765050 538
1765060 536
1765070 534
1765080 533
1765090 532
1765100 531
1765110 529
1765120 528
1765130 527
1765140 526
1765150 525
1765160 524
1765170 523
1765180 523
1765190 523
1765200 522
1765210 522
1765220 522
1765230 522
1765240 521
1765250 521
1765260 520
1765270 520
1765280 520
1765290 519
1765300 519
1765310 519
1765320 518
1765330 518
1765340 518
1765350 518
1765360 518
1765370 518
1765380 517
1765390 517
1765400 517
1765410 517
1765420 517
1765430 517
1765440 517
1765450 517
1765460 517
1765470 517
1765480 517
1765490 517
1765500 517
1765510 516
1765520 516
1765530 516
1765540 516
1765550 515
1765560 515
1765570 514
1765580 514
1765590 514
1765600 514
1765610 513
1765620 513
1765630 512
1765640 511
1765650 511
1765660 510
1765670 510
1765680 509
1765690 509
1765700 508
1765710 508
1765720 507
1765730 507
1765740 506
1765750 506
1765760 505
1765770 505
1765780 504
1765790 504
1765800 503
1765810 503
1765820 502
1765830 502
1765840 502
1765850 501
1765860 501
1765870 500
1765880 500
1765890 499
1765900 498
1765910 498
1765920 497
1765930 497
1765940 496
1765950 496
1765960 495
1765970 495
1765980 494
1765990 494
1766000 494
1766010 493
1766020 493
1766030 493
1766040 492
1766050 492
1766060 491
1766070 491
1766080 491
1766090 490
1766100 490
1766110 489
1766120 489
1766130 488
1766140 487
1766150 487
1766160 486
1766170 485
1766180 484
1766190 483
1766200 483
1766210 482
1766220 481
1766230 480
1766240 479
1766250 477
1766260 476
1766270 475
1766280 474
1766290 473
1766300 473
1766310 472
1766320 471
1766330 470
1766340 470
1766350 469
1766360 468
1766370 467
1766380 466
1766390 465
1766400 464
1766410 463
1766420 463
1766430 462
1766440 462
1766450 462
1766460 461
1766470 460
1766480 460
1766490 459
1766500 458
1766510 458
1766520 457
1766530 456
1766540 455
1766550 455
1766560 454
1766570 453
1766580 452
1766590 452
1766600 451
1766610 450
1766620 450
1766630 449
1766640 449
1766650 448
1766660 447
1766670 447
1766680 446
1766690 445
1766700 445
1766710 444
1766720 443
1766730 442
1766740 442
1766750 441
1766760 440
1766770 439
1766780 439
1766790 438
1766800 438
1766810 437
1766820 437
1766830 436
1766840 436
1766850 435
1766860 434
1766870 434
1766880 433
1766890 432
1766900 432
1766910 431
1766920 430
1766930 430
1766940 429
1766950 428
1766960 428
1766970 427
1766980 427
1766990 426
1767000 426
1767010 425
1767020 424
1767030 424
1767040 423
1767050 423
1767060 422
1767070 421
1767080 421
1767090 420
1767100 419
1767110 418
1767120 417
1767130 417
1767140 416
1767150 415
1767160 414
1767170 413
1767180 413
1767190 412
1767200 411
1767210 410
1767220 410
1767230 409
1767240 407
1767250 406
1767260 405
1767270 403
1767280 402
1767290 400
1767300 398
1767310 397
1767320 395
1767330 393
1767340 392
1767350 391
1767360 389
1767370 387
1767380 385
1767390 383
1767400 381
1767410 379
1767420 378
1767430 377
1767440 376
1767450 375
1767460 373
1767470 370
1767480 368
1767490 367
1767500 367
1767510 366
1767520 365
1767530 364
1767540 363
1767550 363
1767560 362
1767570 361
1767580 359
1767590 357
1767600 356
1767610 355
1767620 354
1767630 353
1767640 352
1767650 351
1767660 350
1767670 348
1767680 347
1767690 347
1767700 348
1767710 348
1767720 349
1767730 350
1767740 350
1767750 351
1767760 351
1767770 351
1767780 352
1767790 352
1767800 352
1767810 353
1767820 354
1767830 354
1767840 355
1767850 356
1767860 357
1767870 357
1767880 358
1767890 359
1767900 359
1767910 360
1767920 361
1767930 362
1767940 363
1767950 364
1767960 365
1767970 366
1767980 367
1767990 368
1768000 369
1768010 371
1768020 372
1768030 372
1768040 373
1768050 374
1768060 375
1768070 375
1768080 376
1768090 376
1768100 377
1768110 377
1768120 377
1768130 377
1768140 377
1768150 377
1768160 376
1768170 376
1768180 375
1768190 374
1768200 374
1768210 373
1768220 372
1768230 371
1768240 370
1768250 369
1768260 369
1768270 368
1768280 367
1768290 366
1768300 365
1768310 365
1768320 364
1768330 363
1768340 362
1768350 361
1768360 360
1768370 359
1768380 358
1768390 357
1768400 356
1768410 355
1768420 354
1768430 354
1768440 353
1768450 352
1768460 351
1768470 350
1768480 350
1768490 349
1768500 349
1768510 348
1768520 347
1768530 346
1768540 346
1768550 345
1768560 344
1768570 342
1768580 341
1768590 340
1768600 339
1768610 338
1768620 337
1768630 335
1768640 333
1768650 331
1768660 329
1768670 326
1768680 325
1768690 325
1768700 324
1768710 324
1768720 324
1768730 324
1768740 324
1768750 324
1768760 324
1768770 324
1768780 324
1768790 324
1768800 323
1768810 323
1768820 323
1768830 323
1768840 323
1768850 323
1768860 321
1768870 321
1768880 322
1768890 324
1768900 324
1768910 324
1768920 324
1768930 325
1768940 325
1768950 325
1768960 325
1768970 325
1768980 324
1768990 324
1769000 324
1769010 324
1769020 324
1769030 324
1769040 324
1769050 324
1769060 324
1769070 324
1769080 324
1769090 324
1769100 324
1769110 324
1769120 324
1769130 324
1769140 324
1769150 324
1769160 324
1769170 324
1769180 324
1769190 324
1769200 324
1769210 324
1769220 324
1769230 325
1769240 325
1769250 325
1769260 324
1769270 324
1769280 324
1769290 324
1769300 324
1769310 324
1769320 324
1769330 324
1769340 324
1769350 325
1769360 325
1769370 326
1769380 327
1769390 327
1769400 328
1769410 328
1769420 328
1769430 328
1769440 328
1769450 329
1769460 329
1769470 329
1769480 329
1769490 330
1769500 330
1769510 331
1769520 332
1769530 332
1769540 333
1769550 334
1769560 335
1769570 336
1769580 338
1769590 339
1769600 341
1769610 343
1769620 344
1769630 346
1769640 347
1769650 348
1769660 350
1769670 351
1769680 352
1769690 353
1769700 354
1769710 355
1769720 356
1769730 357
1769740 358
1769750 358
1769760 359
1769770 360
1769780 361
1769790 362
1769800 363
1769810 364
1769820 365
1769830 367
1769840 368
1769850 369
1769860 370
1769870 371
1769880 373
1769890 374
1769900 374
1769910 375
1769920 376
1769930 376
1769940 377
1769950 377
1769960 378
1769970 378
1769980 378
1769990 378
1770000 378
1770010 378
1770020 378
1770030 378
1770040 378
1770050 378
1770060 377
1770070 376
1770080 375
1770090 374
1770100 373
1770110 372
1770120 371
1770130 371
1770140 370
1770150 368
1770160 367
1770170 365
1770180 363
1770190 361
1770200 359
1770210 357
1770220 355
1770230 354
1770240 352
1770250 351
1770260 349
1770270 347
1770280 346
1770290 344
1770300 343
1770310 342
1770320 340
1770330 340
1770340 343
1770350 345
1770360 348
1770370 351
1770380 354
1770390 357
1770400 360
1770410 362
1770420 365
1770430 367
1770440 369
1770450 371
1770460 373
1770470 374
1770480 376
1770490 378
1770500 379
1770510 381
1770520 382
1770530 384
1770540 385
1770550 386
1770560 388
1770570 389
1770580 391
1770590 392
1770600 394
1770610 395
1770620 396
1770630 398
1770640 399
1770650 400
1770660 401
1770670 402
1770680 403
1770690 405
1770700 406
1770710 407
1770720 408
1770730 409
1770740 410
1770750 411
1770760 412
1770770 413
1770780 414
1770790 415
1770800 416
1770810 416
1770820 417
1770830 418
1770840 419
1770850 420
1770860 421
1770870 422
1770880 422
1770890 422
1770900 422
1770910 423
1770920 423
1770930 423
1770940 423
1770950 423
1770960 423
1770970 423
1770980 423
1770990 423
1771000 423
1771010 422
1771020 422
1771030 422
1771040 421
1771050 421
1771060 421
1771070 420
1771080 420
1771090 419
1771100 418
1771110 417
1771120 417
1771130 416
1771140 415
1771150 413
1771160 412
1771170 411
1771180 410
1771190 408
1771200 407
1771210 406
1771220 404
1771230 402
1771240 401
1771250 399
1771260 397
1771270 395
1771280 393
1771290 391
1771300 389
1771310 387
1771320 385
1771330 383
1771340 381
1771350 380
1771360 378
1771370 376
1771380 375
1771390 373
1771400 373
1771410 372
1771420 371
1771430 370
1771440 369
1771450 368
1771460 366
1771470 365
1771480 364
1771490 362
1771500 360
1771510 358
1771520 356
1771530 356
1771540 356
1771550 356
1771560 357
1771570 357
1771580 357
1771590 357
1771600 356
1771610 356
1771620 355
1771630 354
1771640 352
1771650 349
1771660 344
1771670 341
1771680 340
1771690 341
1771700 343
1771710 344
1771720 344
1771730 345
1771740 345
1771750 345
1771760 346
1771770 347
1771780 350
1771790 352
1771800 354
1771810 356
1771820 359
1771830 361
1771840 364
1771850 366
1771860 369
1771870 371
1771880 374
1771890 376
1771900 378
1771910 380
1771920 382
1771930 384
1771940 385
1771950 387
1771960 389
1771970 390
1771980 392
1771990 393
1772000 395
1772010 396
1772020 398
1772030 399
1772040 401
1772050 402
1772060 403
1772070 405
1772080 407
1772090 408
1772100 410
1772110 411
1772120 412
1772130 414
1772140 415
1772150 416
1772160 417
1772170 419
1772180 421
1772190 422
1772200 423
1772210 425
1772220 426
1772230 428
1772240 429
1772250 430
1772260 432
1772270 433
1772280 434
1772290 435
1772300 436
1772310 437
1772320 438
1772330 439
1772340 440
1772350 441
1772360 442
1772370 442
1772380 443
1772390 444
1772400 444
1772410 445
1772420 445
1772430 446
1772440 446
1772450 446
1772460 447
1772470 447
1772480 447
1772490 447
1772500 447
1772510 448
1772520 448
1772530 448
1772540 448
1772550 448
1772560 448
1772570 448
1772580 448
1772590 448
1772600 448
1772610 448
1772620 448
1772630 448
1772640 448
1772650 448
1772660 448
1772670 447
1772680 447
1772690 447
1772700 447
1772710 446
1772720 446
1772730 446
1772740 445
1772750 445
1772760 445
1772770 445
1772780 444
1772790 444
1772800 444
1772810 444
1772820 444
1772830 443
1772840 443
1772850 443
1772860 443
1772870 442
1772880 442
1772890 442
1772900 442
1772910 442
1772920 441
1772930 441
1772940 441
1772950 441
1772960 440
1772970 440
1772980 440
1772990 440
1773000 440
1773010 440
1773020 440
1773030 440
1773040 440
1773050 440
1773060 440
1773070 440
1773080 440
1773090 441
1773100 441
1773110 441
1773120 441
1773130 441
1773140 441
1773150 441
1773160 441
1773170 441
1773180 441
1773190 441
1773200 442
1773210 442
1773220 442
1773230 442
1773240 442
1773250 442
1773260 442
1773270 442
1773280 443
1773290 443
1773300 443
1773310 443
1773320 443
1773330 443
1773340 443
1773350 443
1773360 444
1773370 444
1773380 443
1773390 443
1773400 443
1773410 443
1773420 442
1773430 442
1773440 443
1773450 444
1773460 444
1773470 445
1773480 445
1773490 445
1773500 446
1773510 446
1773520 446
1773530 446
1773540 446
1773550 445
1773560 444
1773570 445
1773580 447
1773590 449
1773600 450
1773610 450
1773620 450
1773630 450
1773640 449
1773650 449
1773660 449
1773670 449
1773680 451
1773690 454
1773700 457
1773710 459
1773720 460
1773730 462
1773740 464
1773750 465
1773760 467
1773770 469
1773780 471
1773790 472
1773800 474
1773810 474
1773820 475
1773830 476
1773840 477
1773850 479
1773860 480
1773870 481
1773880 482
1773890 483
1773900 485
1773910 486
1773920 487
1773930 488
1773940 489
1773950 489
1773960 490
1773970 490
1773980 491
1773990 491
1774000 491
1774010 491
1774020 491
1774030 490
1774040 490
1774050 490
1774060 489
1774070 489
1774080 488
1774090 487
1774100 486
1774110 485
1774120 484
1774130 483
1774140 482
1774150 482
1774160 481
1774170 480
1774180 479
1774190 477
1774200 476
1774210 474
1774220 472
1774230 471
1774240 471
1774250 470
1774260 470
1774270 469
1774280 469
1774290 469
1774300 469
1774310 468
1774320 468
1774330 467
1774340 466
1774350 465
1774360 464
1774370 463
1774380 462
1774390 461
1774400 461
1774410 463
1774420 465
1774430 468
1774440 469
1774450 471
1774460 473
1774470 474
1774480 476
1774490 477
1774500 479
1774510 481
1774520 483
1774530 485
1774540 486
1774550 488
1774560 490
1774570 492
1774580 493
1774590 494
1774600 495
1774610 496
1774620 497
1774630 497
1774640 498
1774650 498
1774660 499
1774670 499
1774680 499
1774690 499
1774700 499
1774710 499
1774720 499
1774730 499
1774740 498
1774750 498
1774760 498
1774770 498
1774780 497
1774790 497
1774800 497
1774810 497
1774820 497
1774830 497
1774840 498
1774850 498
1774860 499
1774870 499
1774880 500
1774890 500
1774900 501
1774910 501
1774920 501
1774930 502
1774940 502
1774950 503
1774960 504
1774970 505
1774980 506
1774990 506
1775000 507
1775010 508
1775020 508
1775030 507
1775040 508
1775050 509
1775060 511
1775070 512
1775080 513
1775090 514
1775100 514
1775110 515
1775120 515
1775130 515
1775140 515
1775150 516
1775160 517
1775170 518
1775180 519
1775190 520
1775200 521
1775210 521
1775220 521
1775230 521
1775240 521
1775250 522
1775260 522
1775270 523
1775280 523
1775290 523
1775300 523
1775310 524
1775320 526
1775330 528
1775340 530
1775350 531
1775360 533
1775370 535
1775380 538
1775390 540
1775400 542
1775410 544
1775420 547
1775430 548
1775440 550
1775450 552
1775460 554
1775470 556
1775480 558
1775490 560
1775500 562
1775510 563
1775520 565
1775530 567
1775540 569
1775550 571
1775560 573
1775570 576
1775580 578
1775590 581
1775600 584
1775610 587
1775620 590
1775630 593
1775640 596
1775650 599
1775660 602
1775670 604
1775680 607
1775690 609
1775700 610
1775710 611
1775720 611
1775730 611
1775740 611
