1777420 606
1777430 605
1777440 604
1777450 603
1777460 602
1777470 601
1777480 601
1777490 600
1777500 599
1777510 598
1777520 598
1777530 597
1777540 597
1777550 596
1777560 595
1777570 594
1777580 594
1777590 593
1777600 592
1777610 591
1777620 590
1777630 590
1777640 589
1777650 588
1777660 587
1777670 586
1777680 585
1777690 584
1777700 584
1777710 583
1777720 581
1777730 580
1777740 578
1777750 577
1777760 576
1777770 575
1777780 574
1777790 573
1777800 573
1777810 572
1777820 571
1777830 570
1777840 569
1777850 568
1777860 567
1777870 566
1777880 565
1777890 563
1777900 560
1777910 557
1777920 557
1777930 556
1777940 556
1777950 555
1777960 555
1777970 556
1777980 557
1777990 557
1778000 556
1778010 555
1778020 555
1778030 554
1778040 554
1778050 553
1778060 553
1778070 553
1778080 553
1778090 553
1778100 553
1778110 553
1778120 553
1778130 553
1778140 553
1778150 553
1778160 553
1778170 552
1778180 552
1778190 552
1778200 552
1778210 551
1778220 551
1778230 550
1778240 550
1778250 549
1778260 548
1778270 547
1778280 546
1778290 545
1778300 545
1778310 544
1778320 543
1778330 542
1778340 541
1778350 540
1778360 539
1778370 538
1778380 537
1778390 536
1778400 535
1778410 535
1778420 534
1778430 533
1778440 532
1778450 532
1778460 531
1778470 530
1778480 529
1778490 528
1778500 527
1778510 527
1778520 526
1778530 525
1778540 524
1778550 523
1778560 523
1778570 522
1778580 521
1778590 521
1778600 520
1778610 519
1778620 518
1778630 518
1778640 517
1778650 516
1778660 516
1778670 515
1778680 514
1778690 514
1778700 513
1778710 513
1778720 512
1778730 511
1778740 511
1778750 510
1778760 510
1778770 509
1778780 508
1778790 507
1778800 506
1778810 506
1778820 505
1778830 504
1778840 504
1778850 503
1778860 502
1778870 502
1778880 501
1778890 500
1778900 500
1778910 499
1778920 498
1778930 497
1778940 497
1778950 496
1778960 495
1778970 494
1778980 493
1778990 492
1779000 491
1779010 490
1779020 489
1779030 488
1779040 487
1779050 485
1779060 484
1779070 482
1779080 481
1779090 480
1779100 478
1779110 477
1779120 476
1779130 475
1779140 473
1779150 473
1779160 472
1779170 471
1779180 470
1779190 470
1779200 470
1779210 469
1779220 468
1779230 468
1779240 468
1779250 469
1779260 470
1779270 470
1779280 471
1779290 471
1779300 471
1779310 471
1779320 471
1779330 471
1779340 471
1779350 471
1779360 471
1779370 471
1779380 471
1779390 470
1779400 470
1779410 470
1779420 470
1779430 470
1779440 469
1779450 469
1779460 468
1779470 467
1779480 466
1779490 465
1779500 463
1779510 462
1779520 462
1779530 462
1779540 463
1779550 464
1779560 465
1779570 466
1779580 467
1779590 469
1779600 471
1779610 473
1779620 474
1779630 476
1779640 477
1779650 478
1779660 480
1779670 481
1779680 482
1779690 483
1779700 485
1779710 486
1779720 487
1779730 488
1779740 489
1779750 490
1779760 491
1779770 492
1779780 493
1779790 494
1779800 494
1779810 495
1779820 496
1779830 497
1779840 498
1779850 498
1779860 499
1779870 500
1779880 500
1779890 501
1779900 501
1779910 502
1779920 502
1779930 503
1779940 503
1779950 503
1779960 503
1779970 504
1779980 504
1779990 504
