1778050 562
1778060 562
1778070 562
1778080 560
1778090 558
1778100 556
1778110 554
1778120 554
1778130 554
1778140 554
1778150 554
1778160 554
1778170 554
1778180 556
1778190 557
1778200 557
1778210 557
1778220 556
1778230 556
1778240 556
1778250 556
1778260 556
1778270 556
1778280 556
1778290 556
1778300 554
1778310 552
1778320 548
1778330 545
1778340 542
1778350 539
1778360 538
1778370 537
1778380 536
1778390 535
1778400 535
1778410 534
1778420 533
1778430 532
1778440 531
1778450 530
1778460 530
1778470 530
1778480 530
1778490 530
1778500 530
1778510 530
1778520 529
1778530 529
1778540 529
1778550 529
1778560 530
1778570 530
1778580 530
1778590 531
1778600 531
1778610 531
1778620 531
1778630 530
1778640 530
1778650 530
1778660 530
1778670 530
1778680 530
1778690 531
1778700 531
1778710 531
1778720 532
1778730 532
1778740 532
1778750 532
1778760 532
1778770 532
1778780 532
1778790 532
1778800 532
1778810 532
1778820 531
1778830 531
1778840 531
1778850 531
1778860 530
1778870 530
1778880 530
1778890 529
1778900 529
1778910 528
1778920 528
1778930 528
1778940 528
1778950 528
1778960 528
1778970 528
1778980 529
1778990 529
1779000 529
1779010 530
1779020 530
1779030 530
1779040 530
1779050 531
1779060 531
1779070 531
1779080 531
1779090 532
1779100 532
1779110 532
1779120 533
1779130 533
1779140 533
1779150 533
1779160 533
1779170 532
1779180 532
1779190 532
1779200 531
1779210 531
1779220 530
1779230 529
1779240 529
1779250 528
1779260 527
1779270 526
1779280 526
1779290 525
1779300 524
1779310 523
1779320 522
1779330 521
1779340 521
1779350 520
1779360 519
1779370 518
1779380 516
1779390 515
1779400 514
1779410 512
1779420 510
1779430 509
1779440 507
1779450 505
1779460 502
1779470 499
1779480 497
1779490 495
1779500 494
1779510 492
1779520 490
1779530 489
1779540 488
1779550 488
1779560 490
1779570 492
1779580 495
1779590 497
1779600 499
1779610 500
1779620 501
1779630 502
1779640 502
1779650 503
1779660 503
1779670 503
1779680 503
1779690 504
1779700 504
1779710 505
1779720 506
1779730 507
1779740 508
1779750 509
1779760 510
1779770 511
1779780 511
1779790 512
1779800 513
1779810 514
1779820 515
1779830 516
1779840 518
1779850 519
1779860 521
1779870 522
1779880 524
1779890 525
1779900 525
1779910 526
1779920 528
1779930 529
1779940 530
1779950 532
1779960 534
1779970 535
1779980 538
1779990 539
