1779750 589
1779760 589
1779770 589
1779780 589
1779790 589
1779800 589
1779810 589
1779820 589
1779830 589
1779840 589
1779850 589
1779860 589
1779870 589
1779880 589
1779890 590
1779900 590
1779910 590
1779920 590
1779930 590
1779940 590
1779950 590
1779960 590
1779970 590
1779980 590
1779990 590
1760000 366
1760010 366
1760020 367
1760030 367
1760040 368
1760050 368
1760060 369
1760070 370
1760080 370
1760090 371
1760100 371
1760110 372
1760120 372
1760130 373
1760140 374
1760150 375
1760160 376
1760170 377
1760180 378
1760190 379
1760200 380
1760210 380
1760220 381
1760230 382
1760240 383
1760250 384
1760260 386
1760270 387
1760280 388
1760290 389
1760300 390
1760310 391
1760320 392
1760330 394
1760340 395
1760350 397
1760360 399
1760370 400
1760380 402
1760390 403
1760400 403
1760410 404
1760420 404
1760430 405
1760440 405
1760450 405
1760460 405
1760470 405
1760480 405
1760490 405
1760500 405
1760510 404
1760520 404
1760530 404
1760540 404
1760550 403
1760560 403
1760570 403
1760580 403
1760590 402
1760600 402
1760610 402
1760620 402
1760630 402
1760640 402
1760650 402
1760660 402
1760670 402
1760680 402
1760690 401
1760700 401
1760710 401
1760720 401
1760730 401
1760740 402
1760750 402
1760760 402
1760770 403
1760780 403
1760790 403
1760800 403
1760810 403
1760820 403
1760830 403
1760840 403
1760850 403
1760860 402
1760870 402
1760880 402
1760890 401
1760900 401
1760910 400
1760920 399
1760930 398
1760940 397
1760950 395
1760960 393
1760970 391
1760980 389
1760990 389
1761000 389
1761010 389
1761020 388
1761030 387
1761040 386
1761050 384
1761060 383
1761070 382
1761080 382
1761090 381
1761100 380
1761110 380
1761120 379
1761130 378
1761140 378
1761150 377
1761160 376
1761170 375
1761180 373
1761190 371
1761200 369
1761210 366
1761220 364
1761230 362
1761240 359
1761250 357
1761260 355
1761270 352
1761280 352
1761290 353
1761300 356
1761310 359
1761320 361
1761330 363
1761340 364
1761350 366
1761360 368
1761370 370
1761380 372
1761390 374
1761400 375
1761410 377
1761420 379
1761430 380
1761440 382
1761450 384
1761460 385
1761470 387
1761480 389
1761490 390
1761500 392
1761510 394
1761520 396
1761530 397
1761540 399
1761550 401
1761560 403
1761570 405
1761580 406
1761590 408
1761600 409
1761610 411
1761620 413
1761630 414
1761640 416
1761650 417
1761660 418
1761670 419
1761680 420
1761690 421
1761700 422
1761710 423
1761720 424
1761730 425
1761740 427
1761750 428
1761760 429
1761770 430
1761780 431
1761790 432
1761800 432
1761810 433
1761820 432
1761830 431
1761840 430
1761850 429
1761860 427
1761870 426
1761880 424
1761890 423
1761900 422
1761910 421
1761920 420
1761930 419
1761940 417
1761950 416
1761960 415
1761970 413
1761980 412
1761990 411
1762000 410
1762010 409
1762020 408
1762030 407
1762040 406
1762050 405
1762060 404
1762070 404
1762080 403
1762090 403
1762100 402
1762110 402
1762120 401
1762130 400
1762140 400
1762150 399
1762160 399
1762170 398
1762180 397
1762190 397
1762200 396
1762210 396
1762220 395
1762230 394
1762240 394
1762250 393
1762260 392
1762270 392
1762280 391
1762290 391
1762300 390
1762310 390
1762320 389
1762330 389
1762340 388
1762350 388
1762360 387
1762370 386
1762380 386
1762390 385
1762400 385
1762410 384
1762420 383
1762430 382
1762440 382
1762450 381
1762460 380
1762470 379
1762480 378
1762490 378
1762500 377
1762510 376
1762520 375
1762530 373
1762540 372
1762550 371
1762560 370
1762570 369
1762580 368
1762590 367
1762600 366
1762610 365
1762620 363
1762630 360
1762640 358
1762650 357
1762660 356
1762670 355
1762680 354
1762690 352
1762700 350
1762710 349
1762720 347
1762730 347
1762740 346
1762750 347
1762760 348
1762770 349
1762780 350
1762790 350
1762800 352
1762810 354
1762820 356
1762830 358
1762840 359
1762850 360
1762860 362
1762870 363
1762880 364
1762890 366
1762900 367
1762910 369
1762920 370
1762930 372
1762940 373
1762950 375
1762960 376
1762970 377
1762980 377
1762990 378
1763000 378
1763010 379
1763020 380
1763030 380
1763040 380
1763050 380
1763060 380
1763070 381
1763080 381
1763090 381
1763100 381
1763110 381
1763120 381
1763130 381
1763140 381
1763150 380
1763160 380
1763170 380
1763180 380
1763190 380
1763200 379
1763210 379
1763220 379
1763230 379
1763240 379
1763250 378
1763260 378
1763270 378
1763280 378
1763290 377
1763300 377
1763310 377
1763320 377
1763330 377
1763340 376
1763350 376
1763360 376
1763370 376
1763380 376
1763390 375
1763400 375
1763410 374
1763420 373
1763430 374
1763440 374
1763450 375
1763460 375
1763470 376
1763480 376
1763490 376
1763500 376
1763510 377
1763520 377
1763530 377
1763540 378
1763550 378
1763560 378
1763570 377
1763580 377
1763590 377
1763600 377
1763610 377
1763620 377
1763630 376
1763640 376
1763650 376
1763660 375
1763670 375
1763680 374
1763690 373
1763700 372
1763710 371
1763720 370
1763730 369
1763740 367
1763750 366
1763760 364
1763770 363
1763780 362
1763790 361
1763800 360
1763810 360
1763820 359
1763830 359
1763840 358
1763850 357
1763860 358
1763870 360
1763880 363
1763890 366
1763900 369
1763910 371
1763920 373
1763930 375
1763940 377
1763950 379
1763960 381
1763970 382
1763980 384
1763990 386
1764000 387
1764010 388
1764020 390
1764030 391
1764040 392
1764050 393
1764060 394
1764070 395
1764080 397
1764090 398
1764100 399
1764110 400
1764120 401
1764130 402
1764140 403
1764150 404
1764160 404
1764170 405
1764180 406
1764190 407
1764200 408
1764210 409
1764220 409
1764230 410
1764240 411
1764250 412
1764260 413
1764270 414
1764280 415
1764290 416
1764300 417
1764310 419
1764320 420
1764330 421
1764340 421
1764350 422
1764360 423
1764370 424
1764380 425
1764390 425
1764400 426
1764410 427
1764420 427
1764430 428
1764440 428
1764450 429
1764460 429
1764470 429
1764480 430
1764490 430
1764500 430
1764510 431
1764520 431
1764530 432
1764540 432
1764550 432
1764560 433
1764570 433
1764580 433
1764590 434
1764600 434
1764610 434
1764620 434
1764630 435
1764640 435
1764650 436
1764660 436
1764670 437
1764680 438
1764690 438
1764700 439
1764710 439
1764720 439
1764730 440
1764740 441
1764750 441
1764760 442
1764770 443
1764780 443
1764790 443
1764800 444
1764810 444
1764820 445
1764830 445
1764840 445
1764850 446
1764860 446
1764870 447
1764880 447
1764890 447
1764900 447
1764910 447
1764920 447
1764930 447
1764940 447
1764950 447
1764960 447
1764970 447
1764980 447
1764990 447
1765000 447
1765010 447
1765020 447
1765030 447
1765040 448
1765050 448
1765060 448
1765070 449
1765080 449
1765090 450
1765100 450
1765110 451
1765120 451
1765130 452
1765140 452
1765150 452
1765160 453
1765170 453
1765180 454
1765190 454
1765200 454
1765210 455
1765220 455
1765230 455
1765240 455
1765250 456
1765260 456
1765270 456
1765280 456
1765290 457
1765300 457
1765310 457
1765320 457
1765330 457
1765340 457
1765350 457
1765360 457
1765370 457
1765380 457
1765390 457
1765400 457
1765410 457
1765420 457
1765430 457
1765440 456
1765450 456
1765460 456
1765470 456
1765480 456
1765490 455
1765500 455
1765510 455
1765520 454
1765530 454
1765540 454
1765550 453
1765560 453
1765570 452
1765580 452
1765590 451
1765600 451
1765610 450
1765620 450
1765630 450
1765640 449
1765650 448
1765660 448
1765670 447
1765680 446
1765690 446
1765700 445
1765710 445
1765720 444
1765730 443
1765740 443
1765750 442
1765760 441
1765770 441
1765780 440
1765790 439
1765800 439
1765810 438
1765820 437
1765830 436
1765840 435
1765850 435
1765860 434
1765870 433
1765880 432
1765890 432
1765900 431
1765910 430
1765920 429
1765930 428
1765940 427
1765950 426
1765960 424
1765970 422
1765980 421
1765990 420
1766000 420
1766010 419
1766020 421
1766030 423
1766040 424
1766050 425
1766060 426
1766070 427
1766080 429
1766090 430
1766100 432
1766110 434
1766120 435
1766130 437
1766140 439
1766150 441
1766160 442
1766170 444
1766180 445
1766190 447
1766200 448
1766210 450
1766220 451
1766230 453
1766240 455
1766250 456
1766260 458
1766270 460
1766280 462
1766290 464
1766300 466
1766310 468
1766320 470
1766330 472
1766340 474
1766350 475
1766360 477
1766370 478
1766380 480
1766390 481
1766400 482
1766410 483
1766420 484
1766430 485
1766440 486
1766450 487
1766460 488
1766470 488
1766480 489
1766490 490
1766500 490
1766510 491
1766520 491
1766530 492
1766540 492
1766550 492
1766560 492
1766570 492
1766580 492
1766590 492
1766600 492
1766610 492
1766620 493
1766630 494
1766640 494
1766650 494
1766660 495
1766670 495
1766680 496
1766690 496
1766700 497
1766710 497
1766720 498
1766730 499
1766740 499
1766750 499
1766760 500
1766770 500
1766780 501
1766790 501
1766800 502
1766810 502
1766820 502
1766830 503
1766840 503
1766850 504
1766860 504
1766870 504
1766880 505
1766890 505
1766900 505
1766910 506
1766920 506
1766930 507
1766940 507
1766950 507
1766960 507
1766970 507
1766980 507
1766990 507
1767000 507
1767010 508
1767020 508
1767030 508
1767040 507
1767050 507
1767060 507
1767070 507
1767080 507
1767090 507
1767100 507
1767110 507
1767120 507
1767130 507
1767140 507
1767150 507
1767160 507
1767170 507
1767180 507
1767190 507
1767200 508
1767210 508
1767220 508
1767230 508
1767240 507
1767250 507
1767260 507
1767270 507
1767280 508
1767290 508
1767300 508
1767310 508
1767320 508
1767330 508
1767340 508
1767350 508
1767360 508
1767370 508
1767380 508
1767390 508
1767400 508
1767410 508
1767420 508
1767430 509
1767440 509
1767450 509
1767460 509
1767470 509
1767480 509
1767490 509
1767500 509
1767510 509
1767520 509
1767530 509
1767540 509
1767550 509
1767560 509
1767570 509
1767580 509
1767590 509
1767600 509
1767610 509
1767620 509
1767630 508
1767640 508
1767650 507
1767660 507
1767670 507
1767680 506
1767690 506
1767700 505
1767710 505
1767720 505
1767730 504
1767740 504
1767750 503
1767760 503
1767770 502
1767780 502
1767790 502
1767800 502
1767810 502
1767820 502
1767830 502
1767840 501
1767850 501
1767860 501
1767870 501
1767880 501
1767890 501
1767900 501
1767910 501
1767920 500
1767930 500
1767940 500
1767950 499
1767960 499
1767970 498
1767980 498
1767990 497
1768000 497
1768010 497
1768020 497
1768030 497
1768040 496
1768050 496
1768060 496
1768070 495
1768080 495
1768090 495
1768100 494
1768110 494
1768120 494
1768130 494
1768140 494
1768150 494
1768160 493
1768170 493
1768180 493
1768190 493
1768200 494
1768210 494
1768220 494
1768230 494
1768240 495
1768250 495
1768260 495
1768270 496
1768280 496
1768290 497
1768300 497
1768310 497
1768320 498
1768330 498
1768340 498
1768350 498
1768360 499
1768370 499
1768380 499
1768390 498
1768400 498
1768410 498
1768420 498
1768430 497
1768440 497
1768450 496
1768460 496
1768470 495
1768480 494
1768490 494
1768500 493
1768510 493
1768520 492
1768530 492
1768540 491
1768550 491
1768560 491
1768570 490
1768580 490
1768590 489
1768600 489
1768610 488
1768620 488
1768630 487
1768640 487
1768650 486
1768660 486
1768670 485
1768680 485
1768690 484
1768700 484
1768710 484
1768720 483
1768730 483
1768740 482
1768750 482
1768760 482
1768770 482
1768780 482
1768790 482
1768800 482
1768810 483
1768820 483
1768830 483
1768840 483
1768850 483
1768860 483
1768870 483
1768880 484
1768890 484
1768900 484
1768910 484
1768920 484
1768930 484
1768940 483
1768950 483
1768960 483
1768970 483
1768980 482
1768990 482
1769000 482
1769010 481
1769020 480
1769030 479
1769040 478
1769050 477
1769060 477
1769070 476
1769080 476
1769090 475
1769100 475
1769110 474
1769120 473
1769130 472
1769140 472
1769150 471
1769160 470
1769170 469
1769180 468
1769190 467
1769200 466
1769210 466
1769220 465
1769230 464
1769240 464
1769250 463
1769260 463
1769270 463
1769280 463
1769290 463
1769300 463
1769310 463
1769320 463
1769330 462
1769340 461
1769350 460
1769360 459
1769370 458
1769380 457
1769390 456
1769400 456
1769410 455
1769420 454
1769430 453
1769440 452
1769450 451
1769460 450
1769470 449
1769480 448
1769490 447
1769500 446
1769510 444
1769520 443
1769530 442
1769540 441
1769550 440
1769560 438
1769570 437
1769580 436
1769590 436
1769600 435
1769610 434
1769620 433
1769630 432
1769640 431
1769650 430
1769660 429
1769670 428
1769680 427
1769690 426
1769700 426
1769710 425
1769720 424
1769730 423
1769740 422
1769750 421
1769760 420
1769770 419
1769780 418
1769790 417
1769800 417
1769810 416
1769820 415
1769830 414
1769840 413
1769850 412
1769860 411
1769870 410
1769880 409
1769890 409
1769900 408
1769910 407
1769920 406
1769930 404
1769940 404
1769950 403
1769960 402
1769970 401
1769980 400
1769990 399
1770000 399
1770010 398
1770020 397
1770030 396
1770040 396
1770050 395
1770060 394
1770070 394
1770080 393
1770090 392
1770100 391
1770110 390
1770120 389
1770130 388
1770140 387
1770150 386
1770160 385
1770170 384
1770180 383
1770190 382
1770200 380
1770210 379
1770220 378
1770230 377
1770240 376
1770250 375
1770260 373
1770270 372
1770280 370
1770290 369
1770300 368
1770310 366
1770320 365
1770330 363
1770340 362
1770350 360
1770360 357
1770370 355
1770380 354
1770390 352
1770400 351
1770410 350
1770420 349
1770430 348
1770440 347
1770450 347
1770460 345
1770470 344
1770480 343
1770490 342
1770500 341
1770510 340
1770520 338
1770530 337
1770540 336
1770550 335
1770560 334
1770570 333
1770580 332
1770590 331
1770600 329
1770610 328
1770620 327
1770630 326
1770640 325
1770650 324
1770660 323
1770670 322
1770680 321
1770690 320
1770700 319
1770710 318
1770720 316
1770730 315
1770740 313
1770750 312
1770760 311
1770770 309
1770780 308
1770790 306
1770800 305
1770810 304
1770820 303
1770830 302
1770840 301
1770850 299
1770860 298
1770870 297
1770880 296
1770890 295
1770900 293
1770910 292
1770920 290
1770930 288
1770940 288
1770950 287
1770960 286
1770970 286
1770980 286
1770990 286
1771000 285
1771010 285
1771020 285
1771030 284
1771040 284
1771050 284
1771060 284
1771070 284
1771080 283
1771090 283
1771100 282
1771110 281
1771120 281
1771130 280
1771140 279
1771150 278
1771160 278
1771170 278
1771180 278
1771190 279
1771200 280
1771210 280
1771220 280
1771230 280
1771240 281
1771250 281
1771260 281
1771270 281
1771280 281
1771290 281
1771300 281
1771310 282
1771320 282
1771330 282
1771340 282
1771350 281
1771360 281
1771370 281
1771380 281
1771390 281
1771400 281
1771410 281
1771420 281
1771430 281
1771440 281
1771450 282
1771460 282
1771470 284
1771480 286
1771490 290
1771500 293
1771510 295
1771520 298
1771530 300
1771540 301
1771550 303
1771560 305
1771570 306
1771580 307
1771590 309
1771600 310
1771610 312
1771620 314
1771630 315
1771640 317
1771650 318
1771660 320
1771670 321
1771680 323
1771690 324
1771700 325
1771710 326
1771720 327
1771730 328
1771740 329
1771750 330
1771760 331
1771770 332
1771780 333
1771790 334
1771800 335
1771810 336
1771820 337
1771830 338
1771840 339
1771850 340
1771860 341
1771870 341
1771880 342
1771890 344
1771900 345
1771910 346
1771920 346
1771930 347
1771940 348
1771950 350
1771960 351
1771970 351
1771980 352
1771990 353
1772000 355
1772010 356
1772020 357
1772030 357
1772040 358
1772050 359
1772060 360
1772070 360
1772080 361
1772090 362
1772100 362
1772110 363
1772120 364
1772130 364
1772140 365
1772150 366
1772160 366
1772170 367
1772180 368
1772190 369
1772200 370
1772210 371
1772220 372
1772230 373
1772240 374
1772250 375
1772260 376
1772270 376
1772280 377
1772290 378
1772300 378
1772310 379
1772320 380
1772330 381
1772340 381
1772350 382
1772360 383
1772370 384
1772380 385
1772390 386
1772400 386
1772410 387
1772420 388
1772430 389
1772440 389
1772450 390
1772460 391
1772470 392
1772480 393
1772490 393
1772500 394
1772510 395
1772520 396
1772530 397
1772540 397
1772550 398
1772560 399
1772570 400
1772580 400
1772590 401
1772600 402
1772610 402
1772620 403
1772630 403
1772640 404
1772650 404
1772660 405
1772670 405
1772680 405
1772690 406
1772700 406
1772710 407
1772720 408
1772730 408
1772740 409
1772750 410
1772760 410
1772770 411
1772780 412
1772790 412
1772800 413
1772810 414
1772820 415
1772830 415
1772840 416
1772850 416
1772860 416
1772870 417
1772880 419
1772890 421
1772900 421
1772910 422
1772920 423
1772930 424
1772940 425
1772950 426
1772960 427
1772970 428
1772980 429
1772990 429
1773000 430
1773010 431
1773020 433
1773030 434
1773040 435
1773050 436
1773060 437
1773070 438
1773080 439
1773090 440
1773100 441
1773110 442
1773120 443
1773130 444
1773140 445
1773150 446
1773160 447
1773170 448
1773180 449
1773190 451
1773200 452
1773210 453
1773220 454
1773230 455
1773240 456
1773250 457
1773260 457
1773270 457
1773280 457
1773290 457
1773300 458
1773310 458
1773320 458
1773330 457
1773340 457
1773350 458
1773360 458
1773370 459
1773380 459
1773390 459
1773400 459
1773410 459
1773420 460
1773430 460
1773440 460
1773450 460
1773460 461
1773470 461
1773480 461
1773490 461
1773500 461
1773510 461
1773520 461
1773530 461
1773540 461
1773550 461
1773560 461
1773570 461
1773580 461
1773590 460
1773600 460
1773610 460
1773620 460
1773630 460
1773640 460
1773650 460
1773660 459
1773670 459
1773680 459
1773690 458
1773700 458
1773710 458
1773720 457
1773730 457
1773740 456
1773750 456
1773760 456
1773770 455
1773780 455
1773790 455
1773800 455
1773810 455
1773820 455
1773830 455
1773840 455
1773850 455
1773860 455
1773870 454
1773880 454
1773890 453
1773900 453
1773910 452
1773920 451
1773930 450
1773940 449
1773950 448
1773960 447
1773970 446
1773980 445
1773990 444
1774000 444
1774010 443
1774020 442
1774030 442
1774040 441
1774050 440
1774060 440
1774070 439
1774080 439
1774090 438
1774100 438
1774110 437
1774120 436
1774130 435
1774140 434
1774150 434
1774160 433
1774170 432
1774180 432
1774190 431
1774200 430
1774210 428
1774220 426
1774230 423
1774240 421
1774250 420
1774260 419
1774270 419
1774280 418
1774290 417
1774300 416
1774310 415
1774320 416
1774330 417
1774340 419
1774350 420
1774360 421
1774370 421
1774380 421
1774390 422
1774400 422
1774410 421
1774420 421
1774430 421
1774440 420
1774450 421
1774460 421
1774470 421
1774480 421
1774490 422
1774500 422
1774510 423
1774520 423
1774530 423
1774540 423
1774550 424
1774560 424
1774570 425
1774580 425
1774590 426
1774600 427
1774610 428
1774620 429
1774630 430
1774640 431
1774650 432
1774660 433
1774670 435
1774680 436
1774690 437
1774700 438
1774710 438
1774720 438
1774730 439
1774740 439
1774750 439
1774760 438
1774770 438
1774780 438
1774790 438
1774800 438
1774810 438
1774820 438
1774830 438
1774840 437
1774850 437
1774860 436
1774870 435
1774880 434
1774890 433
1774900 432
1774910 431
1774920 430
1774930 429
1774940 427
1774950 426
1774960 425
1774970 424
1774980 423
1774990 421
1775000 420
1775010 419
1775020 418
1775030 416
1775040 415
1775050 413
1775060 412
1775070 410
1775080 409
1775090 407
1775100 405
1775110 404
1775120 402
1775130 401
1775140 399
1775150 397
1775160 395
1775170 394
1775180 392
1775190 391
1775200 388
1775210 386
1775220 384
1775230 383
1775240 381
1775250 380
1775260 378
1775270 375
1775280 373
1775290 371
1775300 368
1775310 366
1775320 364
1775330 362
1775340 360
1775350 359
1775360 358
1775370 357
1775380 356
1775390 356
1775400 355
1775410 353
1775420 352
1775430 353
1775440 357
1775450 361
1775460 364
1775470 367
1775480 371
1775490 374
1775500 377
1775510 379
1775520 382
1775530 385
1775540 387
1775550 389
1775560 392
1775570 393
1775580 395
1775590 396
1775600 398
1775610 399
1775620 401
1775630 402
1775640 403
1775650 405
1775660 407
1775670 410
1775680 412
1775690 415
1775700 418
1775710 420
1775720 422
1775730 424
1775740 427
1775750 429
1775760 431
1775770 433
1775780 433
1775790 434
1775800 433
1775810 432
1775820 431
1775830 431
1775840 430
1775850 430
1775860 429
1775870 429
1775880 429
1775890 429
1775900 428
1775910 428
1775920 428
1775930 427
1775940 427
1775950 427
1775960 427
1775970 428
1775980 428
1775990 429
1776000 429
1776010 430
1776020 430
1776030 431
1776040 432
1776050 433
1776060 433
1776070 434
1776080 435
1776090 435
1776100 436
1776110 437
1776120 437
1776130 438
1776140 440
1776150 442
1776160 444
1776170 446
1776180 448
1776190 450
1776200 452
1776210 454
1776220 456
1776230 458
1776240 460
1776250 461
1776260 462
1776270 463
1776280 464
1776290 464
1776300 464
1776310 463
1776320 463
1776330 463
1776340 462
1776350 462
1776360 461
1776370 461
1776380 460
1776390 459
1776400 459
1776410 458
1776420 457
1776430 457
1776440 456
1776450 455
1776460 455
1776470 454
1776480 454
1776490 453
1776500 452
1776510 451
1776520 451
1776530 450
1776540 450
1776550 449
1776560 448
1776570 448
1776580 447
1776590 447
1776600 446
1776610 446
1776620 445
1776630 445
1776640 444
1776650 444
1776660 443
1776670 443
1776680 442
1776690 441
1776700 441
1776710 440
1776720 439
1776730 439
1776740 438
1776750 437
1776760 436
1776770 435
1776780 434
1776790 433
1776800 432
1776810 431
1776820 430
1776830 429
1776840 427
1776850 426
1776860 425
1776870 424
1776880 423
1776890 422
1776900 421
1776910 420
1776920 419
1776930 417
1776940 416
1776950 414
1776960 413
1776970 411
1776980 409
1776990 407
1777000 404
1777010 402
1777020 401
1777030 400
1777040 398
1777050 397
1777060 397
1777070 398
1777080 399
1777090 400
1777100 400
1777110 401
1777120 402
1777130 402
1777140 402
1777150 402
1777160 402
1777170 402
1777180 402
1777190 402
1777200 402
1777210 401
1777220 401
1777230 401
1777240 400
1777250 400
1777260 400
1777270 400
1777280 401
1777290 402
1777300 403
1777310 404
1777320 405
1777330 406
1777340 407
1777350 408
1777360 409
1777370 411
1777380 412
1777390 413
1777400 415
1777410 416
1777420 417
1777430 419
1777440 420
1777450 421
1777460 423
1777470 424
1777480 425
1777490 427
1777500 428
1777510 429
1777520 430
1777530 432
1777540 433
1777550 434
1777560 434
1777570 435
1777580 437
1777590 438
1777600 438
1777610 438
1777620 438
1777630 439
1777640 439
1777650 439
1777660 439
1777670 439
1777680 439
1777690 439
1777700 438
1777710 438
1777720 437
1777730 436
1777740 436
1777750 435
1777760 434
1777770 433
1777780 433
1777790 432
1777800 431
1777810 430
1777820 430
1777830 429
1777840 428
1777850 427
1777860 426
1777870 425
1777880 424
1777890 423
1777900 421
1777910 420
1777920 419
1777930 418
1777940 419
1777950 419
1777960 420
1777970 421
1777980 422
1777990 423
1778000 424
1778010 426
1778020 427
1778030 429
1778040 431
1778050 433
1778060 435
1778070 437
1778080 439
1778090 441
1778100 443
1778110 445
1778120 447
1778130 449
1778140 451
1778150 454
1778160 456
1778170 458
1778180 460
1778190 462
1778200 464
1778210 465
1778220 467
1778230 468
1778240 469
1778250 471
1778260 473
1778270 475
1778280 476
1778290 478
1778300 479
1778310 480
1778320 481
1778330 482
1778340 483
1778350 483
1778360 483
1778370 484
1778380 484
1778390 484
1778400 484
1778410 484
1778420 484
1778430 485
1778440 485
1778450 484
1778460 484
1778470 484
1778480 484
1778490 483
1778500 483
1778510 482
1778520 482
1778530 482
1778540 481
1778550 481
1778560 480
1778570 480
1778580 479
1778590 479
1778600 478
1778610 478
1778620 478
1778630 478
1778640 479
1778650 479
1778660 480
1778670 480
1778680 480
1778690 480
1778700 480
1778710 481
1778720 481
1778730 481
1778740 481
1778750 481
1778760 481
1778770 481
1778780 481
1778790 481
1778800 480
1778810 480
1778820 480
1778830 480
1778840 480
1778850 480
1778860 480
1778870 480
1778880 480
1778890 479
1778900 478
1778910 479
1778920 480
1778930 480
1778940 480
1778950 479
1778960 478
1778970 477
1778980 478
1778990 479
1779000 479
1779010 478
1779020 478
1779030 480
1779040 482
1779050 484
1779060 485
1779070 486
1779080 488
1779090 490
1779100 492
1779110 493
1779120 495
1779130 497
1779140 501
1779150 503
1779160 506
1779170 507
1779180 507
1779190 508
1779200 509
1779210 510
1779220 512
1779230 514
1779240 516
1779250 518
1779260 519
1779270 520
1779280 521
1779290 521
1779300 522
1779310 524
1779320 526
1779330 528
1779340 530
1779350 531
1779360 533
1779370 535
1779380 536
1779390 538
1779400 540
1779410 541
1779420 543
1779430 544
1779440 546
1779450 548
1779460 550
1779470 552
1779480 553
1779490 555
1779500 557
1779510 559
1779520 561
1779530 564
1779540 566
1779550 568
1779560 570
1779570 573
1779580 575
1779590 578
1779600 580
1779610 583
1779620 585
1779630 586
1779640 587
1779650 588
1779660 589
1779670 589
1779680 589
1779690 590
1779700 590
1779710 590
1779720 590
1779730 589
1779740 589
1779750 589
1779760 589
1779770 589
1779780 589
1779790 589
