1760000 304
1760010 304
1760020 305
1760030 305
1760040 305
1760050 306
1760060 306
1760070 306
1760080 306
1760090 306
1760100 306
1760110 306
1760120 306
1760130 306
1760140 306
1760150 306
1760160 306
1760170 306
1760180 306
1760190 306
1760200 306
1760210 307
1760220 307
1760230 307
1760240 307
1760250 307
1760260 307
1760270 307
1760280 307
1760290 307
1760300 308
1760310 308
1760320 308
1760330 308
1760340 308
1760350 308
1760360 308
1760370 308
1760380 308
1760390 308
1760400 309
1760410 309
1760420 309
1760430 309
1760440 309
1760450 309
1760460 309
1760470 309
1760480 309
1760490 309
1760500 309
1760510 309
1760520 309
1760530 309
1760540 309
1760550 309
1760560 309
1760570 309
1760580 309
1760590 309
1760600 309
1760610 309
1760620 309
1760630 308
1760640 308
1760650 308
1760660 308
1760670 308
1760680 307
1760690 307
1760700 308
1760710 309
1760720 309
1760730 310
1760740 310
1760750 311
1760760 311
1760770 311
1760780 312
1760790 312
1760800 313
1760810 313
1760820 313
1760830 313
1760840 313
1760850 313
1760860 313
1760870 314
1760880 314
1760890 314
1760900 314
1760910 314
1760920 314
1760930 314
1760940 314
1760950 314
1760960 315
1760970 315
1760980 315
1760990 315
1761000 315
1761010 315
1761020 315
1761030 315
1761040 315
1761050 315
1761060 315
1761070 316
1761080 317
1761090 317
1761100 317
1761110 317
1761120 316
1761130 316
1761140 316
1761150 316
1761160 316
1761170 316
1761180 316
1761190 316
1761200 315
1761210 314
1761220 313
1761230 313
1761240 312
1761250 313
1761260 313
1761270 313
1761280 313
1761290 314
1761300 315
1761310 315
1761320 316
1761330 316
1761340 317
1761350 317
1761360 318
1761370 318
1761380 318
1761390 319
1761400 319
1761410 319
1761420 319
1761430 319
1761440 319
1761450 319
1761460 320
1761470 320
1761480 320
1761490 320
1761500 320
1761510 320
1761520 320
1761530 320
1761540 320
1761550 320
1761560 320
1761570 320
1761580 320
1761590 321
1761600 321
1761610 321
1761620 321
1761630 321
1761640 321
1761650 321
1761660 321
1761670 321
1761680 322
1761690 322
1761700 322
1761710 322
1761720 322
1761730 322
1761740 322
1761750 322
1761760 322
1761770 322
1761780 322
1761790 322
1761800 322
1761810 322
1761820 323
1761830 323
1761840 323
1761850 323
1761860 323
1761870 323
1761880 323
1761890 323
1761900 323
1761910 323
1761920 324
1761930 324
1761940 324
1761950 324
1761960 324
1761970 325
1761980 325
1761990 325
1762000 325
1762010 325
1762020 325
1762030 325
1762040 325
1762050 325
1762060 326
1762070 326
1762080 326
1762090 326
1762100 327
1762110 327
1762120 327
1762130 327
1762140 327
1762150 328
1762160 328
1762170 328
1762180 329
1762190 329
1762200 330
1762210 330
1762220 330
1762230 331
1762240 331
1762250 331
1762260 331
1762270 332
1762280 332
1762290 333
1762300 334
1762310 334
1762320 334
1762330 335
1762340 335
1762350 336
1762360 336
1762370 337
1762380 338
1762390 338
1762400 339
1762410 339
1762420 340
1762430 340
1762440 341
1762450 342
1762460 343
1762470 343
1762480 344
1762490 345
1762500 346
1762510 347
1762520 348
1762530 349
1762540 349
1762550 350
1762560 351
1762570 352
1762580 352
1762590 353
1762600 354
1762610 354
1762620 355
1762630 355
1762640 356
1762650 357
1762660 357
1762670 358
1762680 358
1762690 358
1762700 358
1762710 358
1762720 358
1762730 358
1762740 358
1762750 358
1762760 358
1762770 357
1762780 357
1762790 357
1762800 357
1762810 357
1762820 356
1762830 356
1762840 356
1762850 356
1762860 355
1762870 354
1762880 354
1762890 352
1762900 350
1762910 348
1762920 348
1762930 348
1762940 347
1762950 346
1762960 345
1762970 343
1762980 344
1762990 344
1763000 344
1763010 345
1763020 345
1763030 345
1763040 346
1763050 346
1763060 348
1763070 350
1763080 353
1763090 355
1763100 356
1763110 358
1763120 360
1763130 362
1763140 364
1763150 366
1763160 368
1763170 370
1763180 372
1763190 374
1763200 375
1763210 377
1763220 378
1763230 380
1763240 381
1763250 383
1763260 384
1763270 385
1763280 386
1763290 387
1763300 389
1763310 390
1763320 391
1763330 392
1763340 393
1763350 394
1763360 394
1763370 395
1763380 396
1763390 397
1763400 398
1763410 399
1763420 400
1763430 401
1763440 401
1763450 402
1763460 403
1763470 403
1763480 404
1763490 404
1763500 405
1763510 406
1763520 406
1763530 407
1763540 407
1763550 407
1763560 408
1763570 408
1763580 408
1763590 408
1763600 409
1763610 409
1763620 409
1763630 409
1763640 410
1763650 410
1763660 410
1763670 410
1763680 410
1763690 410
1763700 410
1763710 411
1763720 411
1763730 411
1763740 411
1763750 411
1763760 412
1763770 412
1763780 412
1763790 412
1763800 412
1763810 413
1763820 413
1763830 413
1763840 413
1763850 414
1763860 414
1763870 414
1763880 414
1763890 415
1763900 415
1763910 415
1763920 415
1763930 415
1763940 415
1763950 415
1763960 416
1763970 416
1763980 416
1763990 416
1764000 417
1764010 417
1764020 418
1764030 418
1764040 419
1764050 419
1764060 419
1764070 419
1764080 419
1764090 419
1764100 418
1764110 418
1764120 418
1764130 417
1764140 417
1764150 416
1764160 415
1764170 415
1764180 414
1764190 413
1764200 412
1764210 411
1764220 410
1764230 410
1764240 409
1764250 407
1764260 405
1764270 406
1764280 405
1764290 404
1764300 401
1764310 399
1764320 399
1764330 401
1764340 404
1764350 406
1764360 408
1764370 409
1764380 410
1764390 411
1764400 412
1764410 413
1764420 414
1764430 414
1764440 415
1764450 415
1764460 415
1764470 415
1764480 415
1764490 414
1764500 414
1764510 413
1764520 412
1764530 411
1764540 411
1764550 410
1764560 409
1764570 407
1764580 405
1764590 405
1764600 407
1764610 409
1764620 410
1764630 411
1764640 412
1764650 413
1764660 414
1764670 415
1764680 416
1764690 416
1764700 417
1764710 418
1764720 419
1764730 420
1764740 421
1764750 421
1764760 422
1764770 423
1764780 424
1764790 424
1764800 425
1764810 426
1764820 426
1764830 427
1764840 427
1764850 428
1764860 428
1764870 429
1764880 429
1764890 430
1764900 430
1764910 430
1764920 431
1764930 431
1764940 431
1764950 431
1764960 431
1764970 431
1764980 430
1764990 430
1765000 429
1765010 429
1765020 429
1765030 429
1765040 429
1765050 429
1765060 429
1765070 428
1765080 428
1765090 428
1765100 427
1765110 427
1765120 427
1765130 426
1765140 426
1765150 426
1765160 426
1765170 426
1765180 427
1765190 427
1765200 427
1765210 427
1765220 427
1765230 428
1765240 428
1765250 427
1765260 426
1765270 426
1765280 427
1765290 431
1765300 432
1765310 434
1765320 435
1765330 436
1765340 437
1765350 438
1765360 440
1765370 441
1765380 442
1765390 444
1765400 445
1765410 446
1765420 447
1765430 449
1765440 451
1765450 452
1765460 453
1765470 454
1765480 455
1765490 456
1765500 457
1765510 459
1765520 461
1765530 462
1765540 464
1765550 465
1765560 466
1765570 467
1765580 469
1765590 470
1765600 472
1765610 473
1765620 475
1765630 476
1765640 477
1765650 478
1765660 479
1765670 480
1765680 482
1765690 483
1765700 484
1765710 485
1765720 486
1765730 486
1765740 487
1765750 487
1765760 488
1765770 488
1765780 489
1765790 489
1765800 490
1765810 490
1765820 490
1765830 490
1765840 490
1765850 489
1765860 488
1765870 488
1765880 487
1765890 486
1765900 485
1765910 484
1765920 483
1765930 483
1765940 482
1765950 481
1765960 481
1765970 480
1765980 480
1765990 479
1766000 479
1766010 478
1766020 478
1766030 477
1766040 477
1766050 476
1766060 475
1766070 474
1766080 473
1766090 472
1766100 472
1766110 471
1766120 470
1766130 470
1766140 469
1766150 468
1766160 468
1766170 467
1766180 467
1766190 466
1766200 465
1766210 465
1766220 465
1766230 464
1766240 464
1766250 464
1766260 464
1766270 463
1766280 463
1766290 462
1766300 461
1766310 461
1766320 460
1766330 459
1766340 458
1766350 457
1766360 456
1766370 455
1766380 454
1766390 453
1766400 453
1766410 452
1766420 451
1766430 450
1766440 449
1766450 448
1766460 446
1766470 445
1766480 444
1766490 443
1766500 442
1766510 441
1766520 439
1766530 438
1766540 436
1766550 434
1766560 432
1766570 429
1766580 427
1766590 424
1766600 421
1766610 419
1766620 417
1766630 416
1766640 416
1766650 415
1766660 415
1766670 413
1766680 413
1766690 412
1766700 412
1766710 412
1766720 412
1766730 412
1766740 412
1766750 412
1766760 411
1766770 410
1766780 410
1766790 410
1766800 409
1766810 408
1766820 408
1766830 407
1766840 407
1766850 407
1766860 405
1766870 404
1766880 404
1766890 405
1766900 405
1766910 406
1766920 405
1766930 405
1766940 405
1766950 405
1766960 405
1766970 404
1766980 403
1766990 401
1767000 398
1767010 400
1767020 402
1767030 404
1767040 407
1767050 409
1767060 411
1767070 413
1767080 414
1767090 416
1767100 418
1767110 420
1767120 422
1767130 424
1767140 426
1767150 428
1767160 430
1767170 433
1767180 435
1767190 437
1767200 439
1767210 442
1767220 444
1767230 446
1767240 448
1767250 449
1767260 451
1767270 452
1767280 454
1767290 455
1767300 456
1767310 457
1767320 458
1767330 459
1767340 460
1767350 460
1767360 461
1767370 461
1767380 461
1767390 462
1767400 462
1767410 461
1767420 461
1767430 460
1767440 459
1767450 458
1767460 457
1767470 456
1767480 455
1767490 453
1767500 452
1767510 450
1767520 448
1767530 446
1767540 445
1767550 444
1767560 442
1767570 440
1767580 439
1767590 438
1767600 437
1767610 436
1767620 435
1767630 433
1767640 430
1767650 428
1767660 426
1767670 425
1767680 423
1767690 421
1767700 419
1767710 417
1767720 415
1767730 414
1767740 412
1767750 410
1767760 409
1767770 406
1767780 402
1767790 399
1767800 395
1767810 393
1767820 390
1767830 387
1767840 384
1767850 380
1767860 377
1767870 373
1767880 371
1767890 369
1767900 367
1767910 367
1767920 368
1767930 370
1767940 371
1767950 373
1767960 375
1767970 376
1767980 377
1767990 378
1768000 378
1768010 379
1768020 381
1768030 382
1768040 385
1768050 387
1768060 389
1768070 390
1768080 392
1768090 393
1768100 394
1768110 396
1768120 398
1768130 399
1768140 401
1768150 403
1768160 405
1768170 407
1768180 409
1768190 412
1768200 414
1768210 415
1768220 417
1768230 419
1768240 420
1768250 421
1768260 422
1768270 423
1768280 424
1768290 424
1768300 425
1768310 426
1768320 427
1768330 428
1768340 428
1768350 429
1768360 429
1768370 430
1768380 430
1768390 430
1768400 430
1768410 430
1768420 430
1768430 429
1768440 429
1768450 428
1768460 427
1768470 426
1768480 426
1768490 425
1768500 424
1768510 423
1768520 421
1768530 420
1768540 419
1768550 417
1768560 416
1768570 415
1768580 413
1768590 412
1768600 411
1768610 409
1768620 408
1768630 406
1768640 404
1768650 402
1768660 400
1768670 398
1768680 397
1768690 395
1768700 393
1768710 392
1768720 390
1768730 388
1768740 387
1768750 385
1768760 384
1768770 382
1768780 381
1768790 379
1768800 377
1768810 376
1768820 375
1768830 373
1768840 372
1768850 370
1768860 367
1768870 364
1768880 361
1768890 359
1768900 359
1768910 358
1768920 357
1768930 356
1768940 354
1768950 353
1768960 351
1768970 349
1768980 347
1768990 345
1769000 344
1769010 342
1769020 340
1769030 340
1769040 340
1769050 340
1769060 342
1769070 343
1769080 344
1769090 344
1769100 345
1769110 345
1769120 345
1769130 345
1769140 346
1769150 346
1769160 347
1769170 347
1769180 348
1769190 348
1769200 349
1769210 349
1769220 349
1769230 349
1769240 349
1769250 350
1769260 352
1769270 353
1769280 355
1769290 357
1769300 358
1769310 359
1769320 361
1769330 361
1769340 362
1769350 362
1769360 362
1769370 362
1769380 362
1769390 362
1769400 362
1769410 362
1769420 361
1769430 361
1769440 360
1769450 360
1769460 359
1769470 358
1769480 356
1769490 355
1769500 354
1769510 352
1769520 350
1769530 348
1769540 351
1769550 352
1769560 354
1769570 355
1769580 356
1769590 357
1769600 358
1769610 359
1769620 360
1769630 361
1769640 362
1769650 363
1769660 364
1769670 365
1769680 365
1769690 366
1769700 366
1769710 366
1769720 367
1769730 367
1769740 367
1769750 367
1769760 367
1769770 366
1769780 366
1769790 366
1769800 366
1769810 365
1769820 365
1769830 364
1769840 364
1769850 363
1769860 363
1769870 362
1769880 361
1769890 361
1769900 360
1769910 359
1769920 358
1769930 357
1769940 356
1769950 355
1769960 355
1769970 354
1769980 353
1769990 352
1770000 351
1770010 350
1770020 349
1770030 348
1770040 347
1770050 346
1770060 345
1770070 344
1770080 343
1770090 342
1770100 342
1770110 341
1770120 340
1770130 339
1770140 337
1770150 336
1770160 335
1770170 334
1770180 333
1770190 332
1770200 331
1770210 330
1770220 329
1770230 328
1770240 326
1770250 325
1770260 324
1770270 323
1770280 322
1770290 321
1770300 320
1770310 319
1770320 317
1770330 316
1770340 315
1770350 314
1770360 313
1770370 312
1770380 311
1770390 310
1770400 309
1770410 308
1770420 307
1770430 306
1770440 305
1770450 304
1770460 303
1770470 302
1770480 301
1770490 300
1770500 299
1770510 298
1770520 297
1770530 296
1770540 296
1770550 295
1770560 294
1770570 293
1770580 293
1770590 292
1770600 291
1770610 291
1770620 290
1770630 289
1770640 289
1770650 288
1770660 287
1770670 287
1770680 287
1770690 286
1770700 285
1770710 285
1770720 284
1770730 283
1770740 282
1770750 282
1770760 281
1770770 281
1770780 281
1770790 281
1770800 281
1770810 280
1770820 279
1770830 278
1770840 278
1770850 278
1770860 278
1770870 277
1770880 276
1770890 276
1770900 276
1770910 275
1770920 275
1770930 275
1770940 274
1770950 272
1770960 272
1770970 272
1770980 273
1770990 273
1771000 274
1771010 274
1771020 274
1771030 274
1771040 274
1771050 274
1771060 274
1771070 274
1771080 274
1771090 275
1771100 275
1771110 275
1771120 275
1771130 274
1771140 275
1771150 275
1771160 277
1771170 280
1771180 283
1771190 285
1771200 287
1771210 289
1771220 291
1771230 292
1771240 293
1771250 295
1771260 296
1771270 297
1771280 299
1771290 300
1771300 301
1771310 301
1771320 302
1771330 303
1771340 303
1771350 304
1771360 304
1771370 304
1771380 305
1771390 306
1771400 306
1771410 306
1771420 306
1771430 307
1771440 307
1771450 307
1771460 307
1771470 307
1771480 307
1771490 307
1771500 308
1771510 308
1771520 308
1771530 308
1771540 308
1771550 308
1771560 308
1771570 309
1771580 309
1771590 309
1771600 309
1771610 309
1771620 309
1771630 309
1771640 309
1771650 310
1771660 310
1771670 310
1771680 311
1771690 311
1771700 311
1771710 311
1771720 311
1771730 311
1771740 311
1771750 311
1771760 311
1771770 311
1771780 311
1771790 311
1771800 311
1771810 311
1771820 312
1771830 312
1771840 312
1771850 313
1771860 313
1771870 313
1771880 313
1771890 314
1771900 314
1771910 314
1771920 315
1771930 315
1771940 316
1771950 316
1771960 316
1771970 317
1771980 317
1771990 317
1772000 318
1772010 318
1772020 318
1772030 319
1772040 319
1772050 320
1772060 320
1772070 321
1772080 321
1772090 322
1772100 322
1772110 323
1772120 323
1772130 324
1772140 324
1772150 325
1772160 326
1772170 326
1772180 327
1772190 327
1772200 328
1772210 328
1772220 329
1772230 329
1772240 330
1772250 331
1772260 332
1772270 333
1772280 334
1772290 334
1772300 335
1772310 336
1772320 337
1772330 338
1772340 339
1772350 340
1772360 341
1772370 342
1772380 342
1772390 343
1772400 344
1772410 344
1772420 345
1772430 346
1772440 347
1772450 347
1772460 348
1772470 349
1772480 350
1772490 351
1772500 351
1772510 352
1772520 353
1772530 354
1772540 355
1772550 357
1772560 358
1772570 360
1772580 361
1772590 363
1772600 365
1772610 366
1772620 367
1772630 369
1772640 370
1772650 371
1772660 372
1772670 374
1772680 375
1772690 376
1772700 378
1772710 379
1772720 380
1772730 381
1772740 382
1772750 383
1772760 384
1772770 385
1772780 386
1772790 387
1772800 388
1772810 389
1772820 390
1772830 391
1772840 392
1772850 393
1772860 394
1772870 395
1772880 396
1772890 397
1772900 398
1772910 399
1772920 401
1772930 402
1772940 402
1772950 403
1772960 405
1772970 406
1772980 407
1772990 408
1773000 409
1773010 410
1773020 411
1773030 412
1773040 413
1773050 414
1773060 416
1773070 417
1773080 418
1773090 420
1773100 422
1773110 423
1773120 425
1773130 427
1773140 429
1773150 431
1773160 432
1773170 433
1773180 434
1773190 435
1773200 435
1773210 436
1773220 437
1773230 438
1773240 439
1773250 440
1773260 441
1773270 443
1773280 444
1773290 445
1773300 446
1773310 447
1773320 447
1773330 448
1773340 449
1773350 449
1773360 449
1773370 449
1773380 449
1773390 449
1773400 449
1773410 449
1773420 449
1773430 448
1773440 448
1773450 448
1773460 448
1773470 447
1773480 447
1773490 447
1773500 447
1773510 446
1773520 446
1773530 446
1773540 445
1773550 445
1773560 444
1773570 444
1773580 443
1773590 443
1773600 442
1773610 441
1773620 440
1773630 439
1773640 438
1773650 437
1773660 436
1773670 435
1773680 434
1773690 433
1773700 432
1773710 431
1773720 430
1773730 429
1773740 428
1773750 427
1773760 426
1773770 425
1773780 424
1773790 423
1773800 422
1773810 421
1773820 420
1773830 419
1773840 418
1773850 417
1773860 415
1773870 414
1773880 413
1773890 413
1773900 412
1773910 411
1773920 410
1773930 409
1773940 409
1773950 409
1773960 409
1773970 409
1773980 408
1773990 407
1774000 407
1774010 407
1774020 406
1774030 406
1774040 406
1774050 405
1774060 405
1774070 404
1774080 404
1774090 403
1774100 403
1774110 402
1774120 401
1774130 401
1774140 400
1774150 400
1774160 399
1774170 399
1774180 398
1774190 397
1774200 396
1774210 396
1774220 395
1774230 394
1774240 393
1774250 392
1774260 391
1774270 391
1774280 390
1774290 389
1774300 388
1774310 387
1774320 385
1774330 384
1774340 383
1774350 382
1774360 381
1774370 380
1774380 379
1774390 378
1774400 377
1774410 376
1774420 375
1774430 374
1774440 373
1774450 372
1774460 371
1774470 370
1774480 369
1774490 368
1774500 367
1774510 366
1774520 365
1774530 364
1774540 363
1774550 362
1774560 361
1774570 360
1774580 359
1774590 358
1774600 357
1774610 356
1774620 355
1774630 354
1774640 353
1774650 352
1774660 351
1774670 350
1774680 349
1774690 348
1774700 347
1774710 346
1774720 344
1774730 343
1774740 341
1774750 339
1774760 337
1774770 334
1774780 333
1774790 333
1774800 334
1774810 335
1774820 337
1774830 338
1774840 338
1774850 339
1774860 339
1774870 339
1774880 340
1774890 340
1774900 340
1774910 340
1774920 339
1774930 339
1774940 339
1774950 338
1774960 338
1774970 337
1774980 337
1774990 336
1775000 335
1775010 335
1775020 334
1775030 333
1775040 332
1775050 331
1775060 330
1775070 329
1775080 328
1775090 328
1775100 327
1775110 327
1775120 327
1775130 328
1775140 328
1775150 328
1775160 327
1775170 328
1775180 330
1775190 331
1775200 331
1775210 332
1775220 334
1775230 336
1775240 337
1775250 339
1775260 341
1775270 343
1775280 345
1775290 346
1775300 348
1775310 349
1775320 350
1775330 351
1775340 352
1775350 352
1775360 353
1775370 354
1775380 354
1775390 355
1775400 355
1775410 356
1775420 356
1775430 357
1775440 357
1775450 358
1775460 358
1775470 358
1775480 358
1775490 359
1775500 359
1775510 359
1775520 360
1775530 360
1775540 359
1775550 358
1775560 360
1775570 362
1775580 363
1775590 364
1775600 365
1775610 366
1775620 367
1775630 368
1775640 369
1775650 370
1775660 370
1775670 371
1775680 371
1775690 371
1775700 371
1775710 372
1775720 372
1775730 372
1775740 372
1775750 373
1775760 375
1775770 376
1775780 377
1775790 379
1775800 380
1775810 381
1775820 382
1775830 383
1775840 384
1775850 384
1775860 385
1775870 386
1775880 386
1775890 387
1775900 389
1775910 389
1775920 390
1775930 391
1775940 392
1775950 393
1775960 394
1775970 396
1775980 398
1775990 400
1776000 402
1776010 404
1776020 406
1776030 408
1776040 410
1776050 412
1776060 413
1776070 415
1776080 417
1776090 419
1776100 420
1776110 421
1776120 422
1776130 424
1776140 425
1776150 425
1776160 426
1776170 426
1776180 427
1776190 427
1776200 427
1776210 428
1776220 428
1776230 428
1776240 428
1776250 428
1776260 428
1776270 427
1776280 427
1776290 427
1776300 427
1776310 426
1776320 426
1776330 426
1776340 425
1776350 425
1776360 425
1776370 424
1776380 424
1776390 423
1776400 422
1776410 421
1776420 421
1776430 420
1776440 420
1776450 419
1776460 418
1776470 417
1776480 416
1776490 415
1776500 415
1776510 414
1776520 414
1776530 413
1776540 412
1776550 412
1776560 411
1776570 410
1776580 409
1776590 408
1776600 407
1776610 405
1776620 404
1776630 402
1776640 401
1776650 400
1776660 399
1776670 398
1776680 398
1776690 397
1776700 396
1776710 395
1776720 395
1776730 394
1776740 393
1776750 392
1776760 391
1776770 390
1776780 389
1776790 388
1776800 387
1776810 386
1776820 385
1776830 384
1776840 383
1776850 382
1776860 381
1776870 380
1776880 379
1776890 378
1776900 377
1776910 376
1776920 375
1776930 374
1776940 373
1776950 372
1776960 371
1776970 370
1776980 369
1776990 367
1777000 365
1777010 364
1777020 363
1777030 363
1777040 362
1777050 362
1777060 361
1777070 363
1777080 365
1777090 367
1777100 369
1777110 372
1777120 374
1777130 375
1777140 377
1777150 378
1777160 379
1777170 381
1777180 381
1777190 382
1777200 382
1777210 383
1777220 383
1777230 383
1777240 383
1777250 383
1777260 383
1777270 383
1777280 383
1777290 383
1777300 383
1777310 384
1777320 384
1777330 384
1777340 384
1777350 384
1777360 383
1777370 383
1777380 383
1777390 383
1777400 383
1777410 383
1777420 382
1777430 382
1777440 382
1777450 382
1777460 382
1777470 382
1777480 381
1777490 381
1777500 381
1777510 380
1777520 380
1777530 380
1777540 379
1777550 379
1777560 378
1777570 378
1777580 377
1777590 377
1777600 376
1777610 376
1777620 376
1777630 375
1777640 375
1777650 374
1777660 374
1777670 372
1777680 371
1777690 371
1777700 371
1777710 372
1777720 372
1777730 373
1777740 373
1777750 373
1777760 373
1777770 374
1777780 374
1777790 374
1777800 374
1777810 374
1777820 374
1777830 373
1777840 372
1777850 372
1777860 374
1777870 376
1777880 376
1777890 376
1777900 377
1777910 378
1777920 378
1777930 379
1777940 379
1777950 380
1777960 380
1777970 381
1777980 381
1777990 382
1778000 382
1778010 383
1778020 383
1778030 383
1778040 384
1778050 384
1778060 384
1778070 383
1778080 383
1778090 383
1778100 383
1778110 383
1778120 383
1778130 383
1778140 383
1778150 384
1778160 384
1778170 384
1778180 384
1778190 385
1778200 385
1778210 387
1778220 388
1778230 390
1778240 391
1778250 391
1778260 392
1778270 392
1778280 393
1778290 393
1778300 393
1778310 394
1778320 394
1778330 394
1778340 394
1778350 395
1778360 395
1778370 395
1778380 395
1778390 395
1778400 396
1778410 396
1778420 397
1778430 398
1778440 398
1778450 399
1778460 399
1778470 399
1778480 400
1778490 401
1778500 402
1778510 403
1778520 404
1778530 405
1778540 407
1778550 407
1778560 407
1778570 407
1778580 408
1778590 408
1778600 409
1778610 410
1778620 411
1778630 411
1778640 411
1778650 412
1778660 412
1778670 413
1778680 414
1778690 415
1778700 416
1778710 417
1778720 418
1778730 418
1778740 418
1778750 418
1778760 418
1778770 419
1778780 420
1778790 420
1778800 420
1778810 422
1778820 423
1778830 424
1778840 427
1778850 428
1778860 430
1778870 431
1778880 433
1778890 434
1778900 435
1778910 437
1778920 439
1778930 440
1778940 442
1778950 444
1778960 445
1778970 447
1778980 449
1778990 451
1779000 452
1779010 454
1779020 456
1779030 457
1779040 458
1779050 459
1779060 461
1779070 462
1779080 464
1779090 465
1779100 466
1779110 468
1779120 469
1779130 471
1779140 472
1779150 473
1779160 475
1779170 476
1779180 477
1779190 477
1779200 476
1779210 476
1779220 475
1779230 476
1779240 476
1779250 477
1779260 478
1779270 478
1779280 480
1779290 482
1779300 483
1779310 483
1779320 483
1779330 483
1779340 483
1779350 483
1779360 483
1779370 483
1779380 483
1779390 483
1779400 482
1779410 482
1779420 481
1779430 480
1779440 480
1779450 480
1779460 480
1779470 480
1779480 479
1779490 479
1779500 478
1779510 478
1779520 477
1779530 477
1779540 476
1779550 476
1779560 475
1779570 475
1779580 474
1779590 473
1779600 472
1779610 471
1779620 470
1779630 469
1779640 468
1779650 468
1779660 466
1779670 464
1779680 462
1779690 460
1779700 459
1779710 458
1779720 456
1779730 455
1779740 455
1779750 455
1779760 456
1779770 457
1779780 460
1779790 462
1779800 463
1779810 463
1779820 464
1779830 465
1779840 467
1779850 469
1779860 471
1779870 472
1779880 474
1779890 476
1779900 478
1779910 480
1779920 482
1779930 484
1779940 485
1779950 487
1779960 488
1779970 490
1779980 491
1779990 493
