1760000 387
1760010 387
1760020 388
1760030 389
1760040 389
1760050 390
1760060 391
1760070 391
1760080 392
1760090 393
1760100 394
1760110 394
1760120 395
1760130 396
1760140 397
1760150 397
1760160 398
1760170 399
1760180 400
1760190 401
1760200 401
1760210 402
1760220 403
1760230 404
1760240 405
1760250 406
1760260 406
1760270 407
1760280 408
1760290 409
1760300 409
1760310 410
1760320 411
1760330 411
1760340 412
1760350 413
1760360 414
1760370 414
1760380 415
1760390 416
1760400 417
1760410 417
1760420 418
1760430 418
1760440 418
1760450 417
1760460 417
1760470 416
1760480 416
1760490 416
1760500 416
1760510 416
1760520 416
1760530 415
1760540 414
1760550 413
1760560 412
1760570 411
1760580 410
1760590 409
1760600 408
1760610 407
1760620 406
1760630 405
1760640 404
1760650 403
1760660 402
1760670 400
1760680 399
1760690 398
1760700 397
1760710 396
1760720 396
1760730 396
1760740 395
1760750 395
1760760 394
1760770 393
1760780 392
1760790 392
1760800 391
1760810 390
1760820 389
1760830 388
1760840 387
1760850 386
1760860 385
1760870 383
1760880 382
1760890 384
1760900 384
1760910 384
1760920 384
1760930 385
1760940 385
1760950 385
1760960 385
1760970 385
1760980 385
1760990 385
1761000 385
1761010 385
1761020 385
1761030 385
1761040 385
1761050 385
1761060 385
1761070 384
1761080 384
1761090 383
1761100 383
1761110 382
1761120 382
1761130 381
1761140 381
1761150 380
1761160 380
1761170 379
1761180 379
1761190 378
1761200 377
1761210 377
1761220 376
1761230 375
1761240 375
1761250 374
1761260 374
1761270 373
1761280 372
1761290 371
1761300 370
1761310 370
1761320 369
1761330 367
1761340 366
1761350 364
1761360 362
1761370 363
1761380 364
1761390 364
1761400 364
1761410 364
1761420 363
1761430 361
1761440 360
1761450 359
1761460 358
1761470 359
1761480 360
1761490 362
1761500 364
1761510 366
1761520 368
1761530 369
1761540 371
1761550 372
1761560 373
1761570 374
1761580 375
1761590 376
1761600 378
1761610 379
1761620 380
1761630 380
1761640 381
1761650 382
1761660 382
1761670 383
1761680 384
1761690 384
1761700 385
1761710 385
1761720 386
1761730 386
1761740 387
1761750 387
1761760 387
1761770 388
1761780 388
1761790 389
1761800 389
1761810 390
1761820 390
1761830 390
1761840 391
1761850 391
1761860 391
1761870 391
1761880 392
1761890 392
1761900 392
1761910 393
1761920 393
1761930 393
1761940 393
1761950 393
1761960 393
1761970 393
1761980 393
1761990 393
1762000 393
1762010 393
1762020 393
1762030 393
1762040 393
1762050 393
1762060 393
1762070 393
1762080 394
1762090 394
1762100 394
1762110 394
1762120 395
1762130 395
1762140 395
1762150 395
1762160 396
1762170 396
1762180 397
1762190 397
1762200 398
1762210 398
1762220 398
1762230 399
1762240 399
1762250 399
1762260 400
1762270 401
1762280 401
1762290 402
1762300 402
1762310 403
1762320 403
1762330 404
1762340 404
1762350 405
1762360 405
1762370 406
1762380 407
1762390 407
1762400 408
1762410 408
1762420 409
1762430 409
1762440 409
1762450 410
1762460 410
1762470 410
1762480 410
1762490 410
1762500 410
1762510 410
1762520 410
1762530 410
1762540 411
1762550 411
1762560 411
1762570 411
1762580 412
1762590 412
1762600 412
1762610 413
1762620 413
1762630 413
1762640 414
1762650 414
1762660 415
1762670 415
1762680 416
1762690 416
1762700 417
1762710 417
1762720 418
1762730 419
1762740 419
1762750 420
1762760 420
1762770 421
1762780 422
1762790 422
1762800 423
1762810 423
1762820 424
1762830 425
1762840 426
1762850 426
1762860 426
1762870 426
1762880 426
1762890 425
1762900 425
1762910 425
1762920 424
1762930 424
1762940 423
1762950 423
1762960 422
1762970 421
1762980 421
1762990 420
1763000 419
1763010 417
1763020 416
1763030 415
1763040 414
1763050 412
1763060 411
1763070 409
1763080 407
1763090 406
1763100 403
1763110 401
1763120 398
1763130 395
1763140 392
1763150 389
1763160 387
1763170 385
1763180 383
1763190 382
1763200 380
1763210 379
1763220 377
1763230 375
1763240 373
1763250 372
1763260 370
1763270 368
1763280 365
1763290 363
1763300 361
1763310 362
1763320 364
1763330 366
1763340 368
1763350 369
1763360 371
1763370 373
1763380 374
1763390 376
1763400 378
1763410 380
1763420 382
1763430 383
1763440 384
1763450 385
1763460 387
1763470 388
1763480 389
1763490 390
1763500 391
1763510 392
1763520 393
1763530 393
1763540 394
1763550 394
1763560 394
1763570 394
1763580 394
1763590 394
1763600 394
1763610 394
1763620 394
1763630 394
1763640 394
1763650 394
1763660 393
1763670 393
1763680 392
1763690 391
1763700 391
1763710 390
1763720 389
1763730 389
1763740 388
1763750 387
1763760 387
1763770 387
1763780 386
1763790 385
1763800 384
1763810 383
1763820 381
1763830 379
1763840 378
1763850 376
1763860 374
1763870 372
1763880 370
1763890 368
1763900 366
1763910 365
1763920 363
1763930 362
1763940 362
1763950 361
1763960 360
1763970 360
1763980 359
1763990 358
1764000 358
1764010 358
1764020 358
1764030 357
1764040 356
1764050 356
1764060 355
1764070 355
1764080 355
1764090 354
1764100 353
1764110 354
1764120 354
1764130 354
1764140 354
1764150 354
1764160 355
1764170 356
1764180 356
1764190 357
1764200 356
1764210 356
1764220 357
1764230 357
1764240 358
1764250 358
1764260 359
1764270 359
1764280 360
1764290 360
1764300 361
1764310 362
1764320 363
1764330 363
1764340 364
1764350 365
1764360 366
1764370 368
1764380 370
1764390 371
1764400 372
1764410 373
1764420 374
1764430 375
1764440 376
1764450 376
1764460 376
1764470 377
1764480 378
1764490 379
1764500 380
1764510 381
1764520 382
1764530 383
1764540 384
1764550 384
1764560 384
1764570 384
1764580 384
1764590 384
1764600 384
1764610 384
1764620 384
1764630 384
1764640 384
1764650 384
1764660 384
1764670 384
1764680 384
1764690 384
1764700 383
1764710 383
1764720 383
1764730 383
1764740 383
1764750 382
1764760 382
1764770 382
1764780 381
1764790 381
1764800 381
1764810 380
1764820 380
1764830 380
1764840 379
1764850 379
1764860 379
1764870 378
1764880 378
1764890 377
1764900 377
1764910 376
1764920 376
1764930 375
1764940 375
1764950 374
1764960 374
1764970 374
1764980 373
1764990 373
1765000 372
1765010 372
1765020 372
1765030 371
1765040 371
1765050 371
1765060 371
1765070 371
1765080 371
1765090 371
1765100 371
1765110 371
1765120 371
1765130 371
1765140 371
1765150 371
1765160 371
1765170 370
1765180 370
1765190 370
1765200 370
1765210 370
1765220 371
1765230 371
1765240 371
1765250 371
1765260 371
1765270 371
1765280 371
1765290 371
1765300 371
1765310 372
1765320 372
1765330 372
1765340 372
1765350 372
1765360 372
1765370 373
1765380 373
1765390 373
1765400 373
1765410 373
1765420 373
1765430 373
1765440 373
1765450 373
1765460 373
1765470 373
1765480 373
1765490 374
1765500 373
1765510 373
1765520 373
1765530 373
1765540 373
1765550 373
1765560 373
1765570 372
1765580 372
1765590 372
1765600 372
1765610 371
1765620 371
1765630 371
1765640 371
1765650 370
1765660 370
1765670 370
1765680 369
1765690 369
1765700 368
1765710 367
1765720 367
1765730 366
1765740 366
1765750 365
1765760 364
1765770 364
1765780 363
1765790 362
1765800 361
1765810 361
1765820 360
1765830 359
1765840 358
1765850 358
1765860 357
1765870 356
1765880 355
1765890 354
1765900 353
1765910 352
1765920 352
1765930 351
1765940 350
1765950 349
1765960 348
1765970 347
1765980 347
1765990 346
1766000 345
1766010 344
1766020 343
1766030 342
1766040 341
1766050 339
1766060 338
1766070 337
1766080 335
1766090 334
1766100 333
1766110 332
1766120 330
1766130 329
1766140 329
1766150 328
1766160 328
1766170 327
1766180 327
1766190 327
1766200 326
1766210 326
1766220 325
1766230 324
1766240 323
1766250 322
1766260 321
1766270 319
1766280 318
1766290 317
1766300 315
1766310 314
1766320 313
1766330 312
1766340 311
1766350 310
1766360 309
1766370 307
1766380 306
1766390 305
1766400 303
1766410 301
1766420 300
1766430 299
1766440 297
1766450 294
1766460 291
1766470 289
1766480 286
1766490 286
1766500 285
1766510 285
1766520 285
1766530 285
1766540 284
1766550 284
1766560 284
1766570 283
1766580 283
1766590 283
1766600 284
1766610 286
1766620 288
1766630 290
1766640 290
1766650 291
1766660 292
1766670 293
1766680 295
1766690 297
1766700 298
1766710 300
1766720 301
1766730 302
1766740 303
1766750 304
1766760 306
1766770 307
1766780 308
1766790 310
1766800 311
1766810 312
1766820 314
1766830 315
1766840 316
1766850 318
1766860 319
1766870 321
1766880 322
1766890 323
1766900 325
1766910 327
1766920 328
1766930 330
1766940 331
1766950 332
1766960 333
1766970 333
1766980 334
1766990 335
1767000 335
1767010 335
1767020 335
1767030 335
1767040 334
1767050 333
1767060 333
1767070 333
1767080 332
1767090 332
1767100 332
1767110 332
1767120 331
1767130 331
1767140 331
1767150 330
1767160 330
1767170 330
1767180 329
1767190 329
1767200 329
1767210 329
1767220 328
1767230 328
1767240 328
1767250 328
1767260 328
1767270 328
1767280 328
1767290 328
1767300 328
1767310 328
1767320 328
1767330 328
1767340 329
1767350 328
1767360 328
1767370 328
1767380 328
1767390 328
1767400 328
1767410 328
1767420 328
1767430 328
1767440 328
1767450 328
1767460 328
1767470 328
1767480 328
1767490 328
1767500 327
1767510 327
1767520 327
1767530 327
1767540 327
1767550 327
1767560 327
1767570 327
1767580 327
1767590 327
1767600 327
1767610 327
1767620 327
1767630 327
1767640 327
1767650 327
1767660 327
1767670 327
1767680 327
1767690 327
1767700 327
1767710 327
1767720 326
1767730 326
1767740 326
1767750 326
1767760 326
1767770 326
1767780 327
1767790 326
1767800 326
1767810 326
1767820 326
1767830 326
1767840 326
1767850 325
1767860 325
1767870 324
1767880 324
1767890 323
1767900 323
1767910 322
1767920 322
1767930 321
1767940 321
1767950 321
1767960 320
1767970 320
1767980 320
1767990 319
1768000 318
1768010 318
1768020 317
1768030 316
1768040 316
1768050 315
1768060 315
1768070 314
1768080 313
1768090 313
1768100 312
1768110 312
1768120 311
1768130 310
1768140 309
1768150 309
1768160 308
1768170 307
1768180 307
1768190 306
1768200 305
1768210 304
1768220 304
1768230 303
1768240 303
1768250 302
1768260 301
1768270 300
1768280 300
1768290 299
1768300 298
1768310 297
1768320 296
1768330 295
1768340 294
1768350 293
1768360 293
1768370 292
1768380 291
1768390 290
1768400 289
1768410 288
1768420 287
1768430 286
1768440 286
1768450 285
1768460 284
1768470 283
1768480 282
1768490 282
1768500 281
1768510 280
1768520 279
1768530 278
1768540 277
1768550 277
1768560 276
1768570 275
1768580 274
1768590 274
1768600 273
1768610 273
1768620 273
1768630 274
1768640 274
1768650 274
1768660 273
1768670 273
1768680 272
1768690 270
1768700 268
1768710 265
1768720 263
1768730 261
1768740 260
1768750 260
1768760 260
1768770 260
1768780 259
1768790 259
1768800 259
1768810 258
1768820 258
1768830 258
1768840 257
1768850 257
1768860 257
1768870 257
1768880 257
1768890 256
1768900 256
1768910 256
1768920 256
1768930 256
1768940 256
1768950 255
1768960 255
1768970 255
1768980 255
1768990 255
1769000 255
1769010 255
1769020 255
1769030 255
1769040 255
1769050 255
1769060 255
1769070 255
1769080 255
1769090 255
1769100 255
1769110 255
1769120 255
1769130 255
1769140 255
1769150 255
1769160 255
1769170 255
1769180 255
1769190 255
1769200 253
1769210 252
1769220 252
1769230 253
1769240 254
1769250 255
1769260 255
1769270 255
1769280 255
1769290 255
1769300 256
1769310 256
1769320 256
1769330 256
1769340 256
1769350 256
1769360 255
1769370 255
1769380 256
1769390 256
1769400 256
1769410 257
1769420 257
1769430 257
1769440 257
1769450 257
1769460 257
1769470 257
1769480 257
1769490 257
1769500 257
1769510 257
1769520 257
1769530 257
1769540 258
1769550 260
1769560 261
1769570 263
1769580 265
1769590 267
1769600 268
1769610 268
1769620 269
1769630 269
1769640 269
1769650 270
1769660 271
1769670 271
1769680 272
1769690 273
1769700 274
1769710 275
1769720 275
1769730 276
1769740 276
1769750 277
1769760 277
1769770 277
1769780 278
1769790 278
1769800 279
1769810 279
1769820 279
1769830 279
1769840 280
1769850 280
1769860 280
1769870 280
1769880 280
1769890 280
1769900 280
1769910 280
1769920 280
1769930 280
1769940 280
1769950 280
1769960 280
1769970 280
1769980 280
1769990 280
1770000 280
1770010 280
1770020 279
1770030 279
1770040 280
1770050 280
1770060 280
1770070 280
1770080 280
1770090 280
1770100 279
1770110 279
1770120 278
1770130 278
1770140 277
1770150 275
1770160 273
1770170 273
1770180 273
1770190 274
1770200 275
1770210 276
1770220 276
1770230 277
1770240 277
1770250 279
1770260 280
1770270 281
1770280 282
1770290 283
1770300 284
1770310 286
1770320 288
1770330 290
1770340 292
1770350 294
1770360 295
1770370 297
1770380 298
1770390 300
1770400 301
1770410 303
1770420 304
1770430 306
1770440 307
1770450 309
1770460 310
1770470 311
1770480 312
1770490 314
1770500 315
1770510 316
1770520 318
1770530 319
1770540 320
1770550 321
1770560 322
1770570 323
1770580 324
1770590 325
1770600 326
1770610 327
1770620 327
1770630 328
1770640 329
1770650 330
1770660 330
1770670 331
1770680 332
1770690 333
1770700 333
1770710 334
1770720 335
1770730 336
1770740 336
1770750 337
1770760 338
1770770 338
1770780 339
1770790 339
1770800 340
1770810 341
1770820 341
1770830 342
1770840 343
1770850 343
1770860 343
1770870 344
1770880 344
1770890 344
1770900 344
1770910 344
1770920 345
1770930 346
1770940 347
1770950 348
1770960 349
1770970 350
1770980 351
1770990 353
1771000 354
1771010 355
1771020 356
1771030 357
1771040 358
1771050 359
1771060 360
1771070 360
1771080 361
1771090 362
1771100 363
1771110 363
1771120 364
1771130 365
1771140 365
1771150 366
1771160 367
1771170 367
1771180 368
1771190 369
1771200 370
1771210 371
1771220 371
1771230 372
1771240 372
1771250 373
1771260 373
1771270 373
1771280 374
1771290 374
1771300 375
1771310 375
1771320 375
1771330 376
1771340 376
1771350 376
1771360 376
1771370 377
1771380 377
1771390 377
1771400 377
1771410 377
1771420 377
1771430 376
1771440 376
1771450 376
1771460 376
1771470 377
1771480 377
1771490 377
1771500 376
1771510 376
1771520 376
1771530 376
1771540 376
1771550 376
1771560 376
1771570 376
1771580 376
1771590 376
1771600 375
1771610 375
1771620 375
1771630 374
1771640 374
1771650 373
1771660 373
1771670 372
1771680 372
1771690 371
1771700 371
1771710 370
1771720 370
1771730 369
1771740 368
1771750 368
1771760 367
1771770 366
1771780 365
1771790 364
1771800 362
1771810 361
1771820 360
1771830 358
1771840 356
1771850 354
1771860 353
1771870 351
1771880 350
1771890 349
1771900 347
1771910 344
1771920 342
1771930 340
1771940 342
1771950 343
1771960 344
1771970 342
1771980 342
1771990 343
1772000 344
1772010 345
1772020 347
1772030 349
1772040 351
1772050 353
1772060 354
1772070 356
1772080 358
1772090 359
1772100 360
1772110 361
1772120 362
1772130 363
1772140 364
1772150 365
1772160 366
1772170 366
1772180 367
1772190 368
1772200 368
1772210 369
1772220 370
1772230 370
1772240 371
1772250 371
1772260 372
1772270 373
1772280 373
1772290 374
1772300 375
1772310 375
1772320 376
1772330 376
1772340 377
1772350 378
1772360 378
1772370 378
1772380 379
1772390 380
1772400 380
1772410 381
1772420 381
1772430 381
1772440 381
1772450 382
1772460 382
1772470 382
1772480 382
1772490 382
1772500 382
1772510 382
1772520 381
1772530 381
1772540 381
1772550 381
1772560 381
1772570 380
1772580 380
1772590 379
1772600 379
1772610 379
1772620 378
1772630 377
1772640 377
1772650 376
1772660 376
1772670 375
1772680 374
1772690 373
1772700 372
1772710 371
1772720 370
1772730 369
1772740 368
1772750 367
1772760 366
1772770 365
1772780 364
1772790 363
1772800 362
1772810 361
1772820 360
1772830 359
1772840 358
1772850 357
1772860 356
1772870 355
1772880 354
1772890 353
1772900 352
1772910 351
1772920 350
1772930 349
1772940 347
1772950 346
1772960 345
1772970 343
1772980 342
1772990 341
1773000 340
1773010 339
1773020 337
1773030 336
1773040 335
1773050 334
1773060 333
1773070 332
1773080 332
1773090 330
1773100 329
1773110 328
1773120 327
1773130 326
1773140 325
1773150 324
1773160 324
1773170 323
1773180 322
1773190 322
1773200 321
1773210 320
1773220 319
1773230 318
1773240 316
1773250 314
1773260 311
1773270 312
1773280 313
1773290 314
1773300 315
1773310 316
1773320 317
1773330 319
1773340 321
1773350 324
1773360 326
1773370 328
1773380 329
1773390 329
1773400 330
1773410 330
1773420 330
1773430 331
1773440 333
1773450 334
1773460 335
1773470 336
1773480 338
1773490 340
1773500 342
1773510 344
1773520 346
1773530 347
1773540 348
1773550 349
1773560 350
1773570 351
1773580 351
1773590 352
1773600 353
1773610 353
1773620 354
1773630 355
1773640 356
1773650 356
1773660 357
1773670 358
1773680 358
1773690 359
1773700 359
1773710 360
1773720 360
1773730 361
1773740 361
1773750 363
1773760 364
1773770 365
1773780 366
1773790 368
1773800 368
1773810 369
1773820 370
1773830 371
1773840 372
1773850 372
1773860 373
1773870 374
1773880 374
1773890 375
1773900 375
1773910 376
1773920 377
1773930 378
1773940 379
1773950 380
1773960 381
1773970 382
1773980 383
1773990 384
1774000 386
1774010 387
1774020 388
1774030 389
1774040 391
1774050 392
1774060 393
1774070 393
1774080 394
1774090 395
1774100 396
1774110 397
1774120 398
1774130 399
1774140 399
1774150 400
1774160 400
1774170 401
1774180 401
1774190 402
1774200 402
1774210 403
1774220 403
1774230 404
1774240 404
1774250 404
1774260 405
1774270 405
1774280 405
1774290 406
1774300 406
1774310 406
1774320 406
1774330 406
1774340 406
1774350 406
1774360 406
1774370 406
1774380 406
1774390 406
1774400 406
1774410 406
1774420 406
1774430 406
1774440 406
1774450 405
1774460 405
1774470 405
1774480 405
1774490 404
1774500 404
1774510 404
1774520 404
1774530 403
1774540 403
1774550 402
1774560 402
1774570 402
1774580 401
1774590 401
1774600 401
1774610 400
1774620 400
1774630 399
1774640 399
1774650 398
1774660 398
1774670 398
1774680 397
1774690 397
1774700 396
1774710 396
1774720 396
1774730 395
1774740 395
1774750 395
1774760 394
1774770 394
1774780 394
1774790 393
1774800 393
1774810 393
1774820 393
1774830 393
1774840 393
1774850 393
1774860 393
1774870 393
1774880 393
1774890 393
1774900 392
1774910 392
1774920 392
1774930 392
1774940 392
1774950 391
1774960 391
1774970 391
1774980 390
1774990 390
1775000 389
1775010 389
1775020 389
1775030 388
1775040 388
1775050 387
1775060 387
1775070 386
1775080 385
1775090 385
1775100 384
1775110 383
1775120 383
1775130 382
1775140 382
1775150 381
1775160 380
1775170 380
1775180 379
1775190 379
1775200 378
1775210 378
1775220 377
1775230 376
1775240 376
1775250 375
1775260 375
1775270 374
1775280 373
1775290 372
1775300 372
1775310 371
1775320 370
1775330 369
1775340 369
1775350 368
1775360 367
1775370 366
1775380 365
1775390 364
1775400 363
1775410 363
1775420 362
1775430 361
1775440 360
1775450 359
1775460 359
1775470 358
1775480 357
1775490 356
1775500 355
1775510 355
1775520 354
1775530 353
1775540 353
1775550 353
1775560 352
1775570 352
1775580 351
1775590 350
1775600 349
1775610 348
1775620 347
1775630 346
1775640 345
1775650 344
1775660 343
1775670 343
1775680 342
1775690 341
1775700 340
1775710 339
1775720 338
1775730 337
1775740 336
1775750 335
1775760 333
1775770 332
1775780 330
1775790 329
1775800 329
1775810 328
1775820 328
1775830 328
1775840 328
1775850 331
1775860 333
1775870 335
1775880 337
1775890 339
1775900 340
1775910 342
1775920 343
1775930 344
1775940 346
1775950 348
1775960 350
1775970 352
1775980 353
1775990 355
1776000 356
1776010 357
1776020 359
1776030 360
1776040 361
1776050 362
1776060 363
1776070 364
1776080 365
1776090 366
1776100 367
1776110 368
1776120 369
1776130 370
1776140 371
1776150 372
1776160 373
1776170 373
1776180 374
1776190 375
1776200 376
1776210 377
1776220 378
1776230 378
1776240 379
1776250 380
1776260 381
1776270 382
1776280 383
1776290 383
1776300 384
1776310 385
1776320 386
1776330 387
1776340 388
1776350 390
1776360 391
1776370 392
1776380 393
1776390 394
1776400 395
1776410 396
1776420 397
1776430 398
1776440 398
1776450 399
1776460 400
1776470 401
1776480 403
1776490 404
1776500 405
1776510 406
1776520 407
1776530 408
1776540 408
1776550 409
1776560 410
1776570 411
1776580 411
1776590 412
1776600 413
1776610 413
1776620 414
1776630 415
1776640 416
1776650 416
1776660 416
1776670 417
1776680 417
1776690 417
1776700 417
1776710 418
1776720 418
1776730 419
1776740 420
1776750 421
1776760 420
1776770 420
1776780 420
1776790 420
1776800 420
1776810 421
1776820 421
1776830 422
1776840 422
1776850 422
1776860 422
1776870 422
1776880 422
1776890 422
1776900 422
1776910 421
1776920 421
1776930 421
1776940 421
1776950 421
1776960 421
1776970 421
1776980 420
1776990 419
1777000 419
1777010 419
1777020 418
1777030 418
1777040 417
1777050 417
1777060 417
1777070 417
1777080 416
1777090 416
1777100 416
1777110 416
1777120 415
1777130 415
1777140 415
1777150 415
1777160 415
1777170 414
1777180 414
1777190 414
1777200 414
1777210 413
1777220 413
1777230 413
1777240 412
1777250 412
1777260 412
1777270 411
1777280 411
1777290 411
1777300 411
1777310 411
1777320 410
1777330 410
1777340 409
1777350 409
1777360 409
1777370 409
1777380 408
1777390 408
1777400 408
1777410 408
1777420 408
1777430 408
1777440 408
1777450 408
1777460 407
1777470 407
1777480 406
1777490 406
1777500 406
1777510 406
1777520 405
1777530 405
1777540 405
1777550 405
1777560 404
1777570 404
1777580 403
1777590 403
1777600 403
1777610 403
1777620 403
1777630 402
1777640 401
1777650 401
1777660 401
1777670 401
1777680 401
1777690 401
1777700 402
1777710 402
1777720 401
1777730 401
1777740 401
1777750 401
1777760 400
1777770 400
1777780 400
1777790 399
1777800 399
1777810 399
1777820 398
1777830 398
1777840 398
1777850 397
1777860 397
1777870 396
1777880 396
1777890 396
1777900 395
1777910 395
1777920 394
1777930 393
1777940 393
1777950 392
1777960 392
1777970 392
1777980 391
1777990 391
1778000 390
1778010 389
1778020 388
1778030 387
1778040 386
1778050 386
1778060 385
1778070 384
1778080 383
1778090 382
1778100 381
1778110 380
1778120 379
1778130 379
1778140 378
1778150 377
1778160 376
1778170 375
1778180 373
1778190 372
1778200 371
1778210 369
1778220 368
1778230 366
1778240 365
1778250 364
1778260 362
1778270 361
1778280 359
1778290 358
1778300 356
1778310 354
1778320 350
1778330 347
1778340 345
1778350 344
1778360 342
1778370 341
1778380 340
1778390 339
1778400 337
1778410 336
1778420 335
1778430 335
1778440 334
1778450 333
1778460 331
1778470 330
1778480 328
1778490 326
1778500 324
1778510 323
1778520 323
1778530 323
1778540 322
1778550 320
1778560 320
1778570 321
1778580 322
1778590 325
1778600 328
1778610 331
1778620 333
1778630 335
1778640 337
1778650 339
1778660 341
1778670 343
1778680 346
1778690 348
1778700 350
1778710 351
1778720 352
1778730 353
1778740 353
1778750 354
1778760 354
1778770 354
1778780 354
1778790 355
1778800 355
1778810 356
1778820 356
1778830 357
1778840 358
1778850 358
1778860 358
1778870 359
1778880 359
1778890 359
1778900 359
1778910 359
1778920 359
1778930 358
1778940 358
1778950 358
1778960 358
1778970 357
1778980 357
1778990 356
1779000 356
1779010 355
1779020 355
1779030 355
1779040 355
1779050 355
1779060 355
1779070 355
1779080 356
1779090 356
1779100 357
1779110 357
1779120 357
1779130 357
1779140 357
1779150 358
1779160 358
1779170 359
1779180 360
1779190 361
1779200 361
1779210 361
1779220 361
1779230 361
1779240 361
1779250 361
1779260 361
1779270 361
1779280 361
1779290 361
1779300 360
1779310 360
1779320 359
1779330 359
1779340 358
1779350 358
1779360 358
1779370 358
1779380 357
1779390 357
1779400 356
1779410 356
1779420 357
1779430 356
1779440 355
1779450 353
1779460 353
1779470 354
1779480 356
1779490 359
1779500 361
1779510 364
1779520 366
1779530 369
1779540 371
1779550 373
1779560 375
1779570 377
1779580 380
1779590 382
1779600 385
1779610 387
1779620 389
1779630 390
1779640 392
1779650 393
1779660 394
1779670 395
1779680 397
1779690 399
1779700 401
1779710 404
1779720 407
1779730 410
1779740 413
1779750 416
1779760 419
1779770 422
1779780 424
1779790 427
1779800 430
1779810 433
1779820 435
1779830 437
1779840 437
1779850 438
1779860 437
1779870 437
1779880 437
1779890 438
1779900 438
1779910 439
1779920 440
1779930 440
1779940 441
1779950 443
1779960 444
1779970 445
1779980 446
1779990 446
1760000 387
1760010 387
1760020 388
1760030 389
1760040 389
1760050 390
1760060 391
1760070 391
1760080 392
1760090 393
1760100 394
1760110 394
1760120 395
1760130 396
1760140 397
1760150 397
1760160 398
1760170 399
1760180 400
1760190 401
1760200 401
1760210 402
1760220 403
1760230 404
1760240 405
1760250 406
1760260 406
1760270 407
1760280 408
1760290 409
1760300 409
1760310 410
1760320 411
1760330 411
1760340 412
1760350 413
1760360 414
1760370 414
1760380 415
1760390 416
1760400 417
1760410 417
1760420 418
1760430 418
1760440 418
1760450 417
1760460 417
1760470 416
1760480 416
1760490 416
1760500 416
1760510 416
1760520 416
1760530 415
1760540 414
1760550 413
1760560 412
1760570 411
1760580 410
1760590 409
1760600 408
1760610 407
1760620 406
1760630 405
1760640 404
1760650 403
1760660 402
1760670 400
1760680 399
1760690 398
1760700 397
1760710 396
1760720 396
1760730 396
1760740 395
1760750 395
1760760 394
1760770 393
1760780 392
1760790 392
1760800 391
1760810 390
1760820 389
1760830 388
1760840 387
1760850 386
1760860 385
1760870 383
1760880 382
1760890 384
1760900 384
1760910 384
1760920 384
1760930 385
1760940 385
1760950 385
1760960 385
1760970 385
1760980 385
1760990 385
1761000 385
1761010 385
1761020 385
1761030 385
1761040 385
1761050 385
1761060 385
1761070 384
1761080 384
1761090 383
1761100 383
1761110 382
1761120 382
1761130 381
1761140 381
1761150 380
1761160 380
1761170 379
1761180 379
1761190 378
1761200 377
1761210 377
1761220 376
1761230 375
1761240 375
1761250 374
1761260 374
1761270 373
1761280 372
1761290 371
1761300 370
1761310 370
1761320 369
1761330 367
1761340 366
1761350 364
1761360 362
1761370 363
1761380 364
1761390 364
1761400 364
1761410 364
1761420 363
1761430 361
1761440 360
1761450 359
1761460 358
1761470 359
1761480 360
1761490 362
1761500 364
1761510 366
1761520 368
1761530 369
1761540 371
1761550 372
1761560 373
1761570 374
1761580 375
1761590 376
1761600 378
1761610 379
1761620 380
1761630 380
1761640 381
1761650 382
1761660 382
1761670 383
1761680 384
1761690 384
1761700 385
1761710 385
1761720 386
1761730 386
1761740 387
1761750 387
1761760 387
1761770 388
1761780 388
1761790 389
1761800 389
1761810 390
1761820 390
1761830 390
1761840 391
1761850 391
1761860 391
1761870 391
1761880 392
1761890 392
1761900 392
1761910 393
1761920 393
1761930 393
1761940 393
1761950 393
1761960 393
1761970 393
1761980 393
1761990 393
1762000 393
1762010 393
1762020 393
1762030 393
1762040 393
1762050 393
1762060 393
1762070 393
1762080 394
1762090 394
1762100 394
1762110 394
1762120 395
1762130 395
1762140 395
1762150 395
1762160 396
1762170 396
1762180 397
1762190 397
1762200 398
1762210 398
1762220 398
1762230 399
1762240 399
1762250 399
1762260 400
1762270 401
1762280 401
1762290 402
1762300 402
1762310 403
1762320 403
1762330 404
1762340 404
1762350 405
1762360 405
1762370 406
1762380 407
1762390 407
1762400 408
1762410 408
1762420 409
1762430 409
1762440 409
1762450 410
1762460 410
1762470 410
1762480 410
1762490 410
1762500 410
1762510 410
1762520 410
1762530 410
1762540 411
1762550 411
1762560 411
1762570 411
1762580 412
1762590 412
1762600 412
1762610 413
1762620 413
1762630 413
1762640 414
1762650 414
1762660 415
1762670 415
1762680 416
1762690 416
1762700 417
1762710 417
1762720 418
1762730 419
1762740 419
1762750 420
1762760 420
1762770 421
1762780 422
1762790 422
1762800 423
1762810 423
1762820 424
1762830 425
1762840 426
1762850 426
1762860 426
1762870 426
1762880 426
1762890 425
1762900 425
1762910 425
1762920 424
1762930 424
1762940 423
1762950 423
1762960 422
1762970 421
1762980 421
1762990 420
1763000 419
1763010 417
1763020 416
1763030 415
1763040 414
1763050 412
1763060 411
1763070 409
1763080 407
1763090 406
1763100 403
1763110 401
1763120 398
1763130 395
1763140 392
1763150 389
1763160 387
1763170 385
1763180 383
1763190 382
1763200 380
1763210 379
1763220 377
1763230 375
1763240 373
1763250 372
1763260 370
1763270 368
1763280 365
1763290 363
1763300 361
1763310 362
1763320 364
1763330 366
1763340 368
1763350 369
1763360 371
1763370 373
1763380 374
1763390 376
1763400 378
1763410 380
1763420 382
1763430 383
1763440 384
1763450 385
1763460 387
1763470 388
1763480 389
1763490 390
1763500 391
1763510 392
1763520 393
1763530 393
1763540 394
1763550 394
1763560 394
1763570 394
1763580 394
1763590 394
1763600 394
1763610 394
1763620 394
1763630 394
1763640 394
1763650 394
1763660 393
1763670 393
1763680 392
1763690 391
1763700 391
1763710 390
1763720 389
1763730 389
1763740 388
1763750 387
1763760 387
1763770 387
1763780 386
1763790 385
1763800 384
1763810 383
1763820 381
1763830 379
1763840 378
1763850 376
1763860 374
1763870 372
1763880 370
1763890 368
1763900 366
1763910 365
1763920 363
1763930 362
1763940 362
1763950 361
1763960 360
1763970 360
1763980 359
1763990 358
1764000 358
1764010 358
1764020 358
1764030 357
1764040 356
1764050 356
1764060 355
1764070 355
1764080 355
1764090 354
1764100 353
1764110 354
1764120 354
1764130 354
1764140 354
1764150 354
1764160 355
1764170 356
1764180 356
1764190 357
1764200 356
1764210 356
1764220 357
1764230 357
1764240 358
1764250 358
1764260 359
1764270 359
1764280 360
1764290 360
1764300 361
1764310 362
1764320 363
1764330 363
1764340 364
1764350 365
1764360 366
1764370 368
1764380 370
1764390 371
1764400 372
1764410 373
1764420 374
1764430 375
1764440 376
1764450 376
1764460 376
1764470 377
1764480 378
1764490 379
1764500 380
1764510 381
1764520 382
1764530 383
1764540 384
1764550 384
1764560 384
1764570 384
1764580 384
1764590 384
1764600 384
1764610 384
1764620 384
1764630 384
1764640 384
1764650 384
1764660 384
1764670 384
1764680 384
1764690 384
1764700 383
1764710 383
1764720 383
1764730 383
1764740 383
1764750 382
1764760 382
1764770 382
1764780 381
1764790 381
1764800 381
1764810 380
1764820 380
1764830 380
1764840 379
1764850 379
1764860 379
1764870 378
1764880 378
1764890 377
1764900 377
1764910 376
1764920 376
1764930 375
1764940 375
1764950 374
1764960 374
1764970 374
1764980 373
1764990 373
1765000 372
1765010 372
1765020 372
1765030 371
1765040 371
1765050 371
1765060 371
1765070 371
1765080 371
1765090 371
1765100 371
1765110 371
1765120 371
1765130 371
1765140 371
1765150 371
1765160 371
1765170 370
1765180 370
1765190 370
1765200 370
1765210 370
1765220 371
1765230 371
1765240 371
1765250 371
1765260 371
1765270 371
1765280 371
1765290 371
1765300 371
1765310 372
1765320 372
1765330 372
1765340 372
1765350 372
1765360 372
1765370 373
1765380 373
1765390 373
1765400 373
1765410 373
1765420 373
1765430 373
1765440 373
1765450 373
1765460 373
1765470 373
1765480 373
1765490 374
1765500 373
1765510 373
1765520 373
1765530 373
1765540 373
1765550 373
1765560 373
1765570 372
1765580 372
1765590 372
1765600 372
1765610 371
1765620 371
1765630 371
1765640 371
1765650 370
1765660 370
1765670 370
1765680 369
1765690 369
1765700 368
1765710 367
1765720 367
1765730 366
1765740 366
1765750 365
1765760 364
1765770 364
1765780 363
1765790 362
1765800 361
1765810 361
1765820 360
1765830 359
1765840 358
1765850 358
1765860 357
1765870 356
1765880 355
1765890 354
1765900 353
1765910 352
1765920 352
1765930 351
1765940 350
1765950 349
1765960 348
1765970 347
1765980 347
1765990 346
1766000 345
1766010 344
1766020 343
1766030 342
1766040 341
1766050 339
1766060 338
1766070 337
1766080 335
1766090 334
1766100 333
1766110 332
1766120 330
1766130 329
1766140 329
1766150 328
1766160 328
1766170 327
1766180 327
1766190 327
1766200 326
1766210 326
1766220 325
1766230 324
1766240 323
1766250 322
1766260 321
1766270 319
1766280 318
1766290 317
1766300 315
1766310 314
1766320 313
1766330 312
1766340 311
1766350 310
1766360 309
1766370 307
1766380 306
1766390 305
1766400 303
1766410 301
1766420 300
1766430 299
1766440 297
1766450 294
1766460 291
1766470 289
1766480 286
1766490 286
1766500 285
1766510 285
1766520 285
1766530 285
1766540 284
1766550 284
1766560 284
1766570 283
1766580 283
1766590 283
1766600 284
1766610 286
1766620 288
1766630 290
1766640 290
1766650 291
1766660 292
1766670 293
1766680 295
1766690 297
1766700 298
1766710 300
1766720 301
1766730 302
1766740 303
1766750 304
1766760 306
1766770 307
1766780 308
1766790 310
1766800 311
1766810 312
1766820 314
1766830 315
1766840 316
1766850 318
1766860 319
1766870 321
1766880 322
1766890 323
1766900 325
1766910 327
1766920 328
1766930 330
1766940 331
1766950 332
1766960 333
1766970 333
1766980 334
1766990 335
1767000 335
1767010 335
1767020 335
1767030 335
1767040 334
1767050 333
1767060 333
1767070 333
1767080 332
1767090 332
1767100 332
1767110 332
1767120 331
1767130 331
1767140 331
1767150 330
1767160 330
1767170 330
1767180 329
1767190 329
1767200 329
1767210 329
1767220 328
1767230 328
1767240 328
1767250 328
1767260 328
1767270 328
1767280 328
1767290 328
1767300 328
1767310 328
1767320 328
1767330 328
1767340 329
1767350 328
1767360 328
1767370 328
1767380 328
1767390 328
1767400 328
1767410 328
1767420 328
1767430 328
1767440 328
1767450 328
1767460 328
1767470 328
1767480 328
1767490 328
1767500 327
1767510 327
1767520 327
1767530 327
1767540 327
1767550 327
1767560 327
1767570 327
1767580 327
1767590 327
1767600 327
1767610 327
1767620 327
1767630 327
1767640 327
1767650 327
1767660 327
1767670 327
1767680 327
1767690 327
1767700 327
1767710 327
1767720 326
1767730 326
1767740 326
1767750 326
1767760 326
1767770 326
1767780 327
1767790 326
1767800 326
1767810 326
1767820 326
1767830 326
1767840 326
1767850 325
1767860 325
1767870 324
1767880 324
1767890 323
1767900 323
1767910 322
1767920 322
1767930 321
1767940 321
1767950 321
1767960 320
1767970 320
1767980 320
1767990 319
1768000 318
1768010 318
1768020 317
1768030 316
1768040 316
1768050 315
1768060 315
1768070 314
1768080 313
1768090 313
1768100 312
1768110 312
1768120 311
1768130 310
1768140 309
1768150 309
1768160 308
1768170 307
1768180 307
1768190 306
1768200 305
1768210 304
1768220 304
1768230 303
1768240 303
1768250 302
1768260 301
1768270 300
1768280 300
1768290 299
1768300 298
1768310 297
1768320 296
1768330 295
1768340 294
1768350 293
1768360 293
1768370 292
1768380 291
1768390 290
1768400 289
1768410 288
1768420 287
1768430 286
1768440 286
1768450 285
1768460 284
1768470 283
1768480 282
1768490 282
1768500 281
1768510 280
1768520 279
1768530 278
1768540 277
1768550 277
1768560 276
1768570 275
1768580 274
1768590 274
1768600 273
1768610 273
1768620 273
1768630 274
1768640 274
1768650 274
1768660 273
1768670 273
1768680 272
1768690 270
1768700 268
1768710 265
1768720 263
1768730 261
1768740 260
1768750 260
1768760 260
1768770 260
1768780 259
1768790 259
1768800 259
1768810 258
1768820 258
1768830 258
1768840 257
1768850 257
1768860 257
1768870 257
1768880 257
1768890 256
1768900 256
1768910 256
1768920 256
1768930 256
1768940 256
1768950 255
1768960 255
1768970 255
1768980 255
1768990 255
1769000 255
1769010 255
1769020 255
1769030 255
1769040 255
1769050 255
1769060 255
1769070 255
1769080 255
1769090 255
1769100 255
1769110 255
1769120 255
1769130 255
1769140 255
1769150 255
1769160 255
1769170 255
1769180 255
1769190 255
1769200 253
1769210 252
1769220 252
1769230 253
1769240 254
1769250 255
1769260 255
1769270 255
1769280 255
1769290 255
1769300 256
1769310 256
1769320 256
1769330 256
1769340 256
1769350 256
1769360 255
1769370 255
1769380 256
1769390 256
1769400 256
1769410 257
1769420 257
1769430 257
1769440 257
1769450 257
1769460 257
1769470 257
1769480 257
1769490 257
1769500 257
1769510 257
1769520 257
1769530 257
1769540 258
1769550 260
1769560 261
1769570 263
1769580 265
1769590 267
1769600 268
1769610 268
1769620 269
1769630 269
1769640 269
1769650 270
1769660 271
1769670 271
1769680 272
1769690 273
1769700 274
1769710 275
1769720 275
1769730 276
1769740 276
1769750 277
1769760 277
1769770 277
1769780 278
1769790 278
1769800 279
1769810 279
1769820 279
1769830 279
1769840 280
1769850 280
1769860 280
1769870 280
1769880 280
1769890 280
1769900 280
1769910 280
1769920 280
1769930 280
1769940 280
1769950 280
1769960 280
1769970 280
1769980 280
1769990 280
1770000 280
1770010 280
1770020 279
1770030 279
1770040 280
1770050 280
1770060 280
1770070 280
1770080 280
1770090 280
1770100 279
1770110 279
1770120 278
1770130 278
1770140 277
1770150 275
1770160 273
1770170 273
1770180 273
1770190 274
1770200 275
1770210 276
1770220 276
1770230 277
1770240 277
1770250 279
1770260 280
1770270 281
1770280 282
1770290 283
1770300 284
1770310 286
1770320 288
1770330 290
1770340 292
1770350 294
1770360 295
1770370 297
1770380 298
1770390 300
1770400 301
1770410 303
1770420 304
1770430 306
1770440 307
1770450 309
1770460 310
1770470 311
1770480 312
1770490 314
1770500 315
1770510 316
1770520 318
1770530 319
1770540 320
1770550 321
1770560 322
1770570 323
1770580 324
1770590 325
1770600 326
1770610 327
1770620 327
1770630 328
1770640 329
1770650 330
1770660 330
1770670 331
1770680 332
1770690 333
1770700 333
1770710 334
1770720 335
1770730 336
1770740 336
1770750 337
1770760 338
1770770 338
1770780 339
1770790 339
1770800 340
1770810 341
1770820 341
1770830 342
1770840 343
1770850 343
1770860 343
1770870 344
1770880 344
1770890 344
1770900 344
1770910 344
1770920 345
1770930 346
1770940 347
1770950 348
1770960 349
1770970 350
1770980 351
1770990 353
1771000 354
1771010 355
1771020 356
1771030 357
1771040 358
1771050 359
1771060 360
1771070 360
1771080 361
1771090 362
1771100 363
1771110 363
1771120 364
1771130 365
1771140 365
1771150 366
1771160 367
1771170 367
1771180 368
1771190 369
1771200 370
1771210 371
1771220 371
1771230 372
1771240 372
1771250 373
1771260 373
1771270 373
1771280 374
1771290 374
1771300 375
1771310 375
1771320 375
1771330 376
1771340 376
1771350 376
1771360 376
1771370 377
1771380 377
1771390 377
1771400 377
1771410 377
1771420 377
1771430 376
1771440 376
1771450 376
1771460 376
1771470 377
1771480 377
1771490 377
1771500 376
1771510 376
1771520 376
1771530 376
1771540 376
1771550 376
1771560 376
1771570 376
1771580 376
1771590 376
1771600 375
1771610 375
1771620 375
1771630 374
1771640 374
1771650 373
1771660 373
1771670 372
1771680 372
1771690 371
1771700 371
1771710 370
1771720 370
1771730 369
1771740 368
1771750 368
1771760 367
1771770 366
1771780 365
1771790 364
1771800 362
1771810 361
1771820 360
1771830 358
1771840 356
1771850 354
1771860 353
1771870 351
1771880 350
1771890 349
1771900 347
1771910 344
1771920 342
1771930 340
1771940 342
1771950 343
1771960 344
1771970 342
1771980 342
1771990 343
1772000 344
1772010 345
1772020 347
1772030 349
1772040 351
1772050 353
1772060 354
1772070 356
1772080 358
1772090 359
1772100 360
1772110 361
1772120 362
1772130 363
1772140 364
1772150 365
1772160 366
1772170 366
1772180 367
1772190 368
1772200 368
1772210 369
1772220 370
1772230 370
1772240 371
1772250 371
1772260 372
1772270 373
1772280 373
1772290 374
1772300 375
1772310 375
1772320 376
1772330 376
1772340 377
1772350 378
1772360 378
1772370 378
1772380 379
1772390 380
1772400 380
1772410 381
1772420 381
1772430 381
1772440 381
1772450 382
1772460 382
1772470 382
1772480 382
1772490 382
1772500 382
1772510 382
1772520 381
1772530 381
1772540 381
1772550 381
1772560 381
1772570 380
1772580 380
1772590 379
1772600 379
1772610 379
1772620 378
1772630 377
1772640 377
1772650 376
1772660 376
1772670 375
1772680 374
1772690 373
1772700 372
1772710 371
1772720 370
1772730 369
1772740 368
1772750 367
1772760 366
1772770 365
1772780 364
1772790 363
1772800 362
1772810 361
1772820 360
1772830 359
1772840 358
1772850 357
1772860 356
1772870 355
1772880 354
1772890 353
1772900 352
1772910 351
1772920 350
1772930 349
1772940 347
1772950 346
1772960 345
1772970 343
1772980 342
1772990 341
1773000 340
1773010 339
1773020 337
1773030 336
1773040 335
1773050 334
1773060 333
1773070 332
1773080 332
1773090 330
1773100 329
1773110 328
1773120 327
1773130 326
1773140 325
1773150 324
1773160 324
1773170 323
1773180 322
1773190 322
1773200 321
1773210 320
1773220 319
1773230 318
1773240 316
1773250 314
1773260 311
1773270 312
1773280 313
1773290 314
1773300 315
1773310 316
1773320 317
1773330 319
1773340 321
1773350 324
1773360 326
1773370 328
1773380 329
1773390 329
1773400 330
1773410 330
1773420 330
1773430 331
1773440 333
1773450 334
1773460 335
1773470 336
1773480 338
1773490 340
1773500 342
1773510 344
1773520 346
1773530 347
1773540 348
1773550 349
1773560 350
1773570 351
1773580 351
1773590 352
1773600 353
1773610 353
1773620 354
1773630 355
1773640 356
1773650 356
1773660 357
1773670 358
1773680 358
1773690 359
1773700 359
1773710 360
1773720 360
1773730 361
1773740 361
1773750 363
1773760 364
1773770 365
1773780 366
1773790 368
1773800 368
1773810 369
1773820 370
1773830 371
1773840 372
1773850 372
1773860 373
1773870 374
1773880 374
1773890 375
1773900 375
1773910 376
1773920 377
1773930 378
1773940 379
1773950 380
1773960 381
1773970 382
1773980 383
1773990 384
1774000 386
1774010 387
1774020 388
1774030 389
1774040 391
1774050 392
1774060 393
1774070 393
1774080 394
1774090 395
1774100 396
1774110 397
1774120 398
1774130 399
1774140 399
1774150 400
1774160 400
1774170 401
1774180 401
1774190 402
1774200 402
1774210 403
1774220 403
1774230 404
1774240 404
1774250 404
1774260 405
1774270 405
1774280 405
1774290 406
1774300 406
1774310 406
1774320 406
1774330 406
1774340 406
1774350 406
1774360 406
1774370 406
1774380 406
1774390 406
1774400 406
1774410 406
1774420 406
1774430 406
1774440 406
1774450 405
1774460 405
1774470 405
1774480 405
1774490 404
1774500 404
1774510 404
1774520 404
1774530 403
1774540 403
1774550 402
1774560 402
1774570 402
1774580 401
1774590 401
1774600 401
1774610 400
1774620 400
1774630 399
1774640 399
1774650 398
1774660 398
1774670 398
1774680 397
1774690 397
1774700 396
1774710 396
1774720 396
1774730 395
1774740 395
1774750 395
1774760 394
1774770 394
1774780 394
1774790 393
1774800 393
1774810 393
1774820 393
1774830 393
1774840 393
1774850 393
1774860 393
1774870 393
1774880 393
1774890 393
1774900 392
1774910 392
1774920 392
1774930 392
1774940 392
1774950 391
1774960 391
1774970 391
1774980 390
1774990 390
1775000 389
1775010 389
1775020 389
1775030 388
1775040 388
1775050 387
1775060 387
1775070 386
1775080 385
1775090 385
1775100 384
1775110 383
1775120 383
1775130 382
1775140 382
1775150 381
1775160 380
1775170 380
1775180 379
1775190 379
1775200 378
1775210 378
1775220 377
1775230 376
1775240 376
1775250 375
1775260 375
1775270 374
1775280 373
1775290 372
1775300 372
1775310 371
1775320 370
1775330 369
1775340 369
1775350 368
1775360 367
1775370 366
1775380 365
1775390 364
1775400 363
1775410 363
1775420 362
1775430 361
1775440 360
1775450 359
1775460 359
1775470 358
1775480 357
1775490 356
1775500 355
1775510 355
1775520 354
1775530 353
1775540 353
1775550 353
1775560 352
1775570 352
1775580 351
1775590 350
1775600 349
1775610 348
1775620 347
1775630 346
1775640 345
1775650 344
1775660 343
1775670 343
1775680 342
1775690 341
1775700 340
1775710 339
1775720 338
1775730 337
1775740 336
1775750 335
1775760 333
1775770 332
1775780 330
1775790 329
1775800 329
1775810 328
1775820 328
1775830 328
1775840 328
1775850 331
1775860 333
1775870 335
1775880 337
1775890 339
1775900 340
1775910 342
1775920 343
1775930 344
1775940 346
1775950 348
1775960 350
1775970 352
1775980 353
1775990 355
1776000 356
1776010 357
1776020 359
1776030 360
1776040 361
1776050 362
1776060 363
1776070 364
1776080 365
1776090 366
1776100 367
1776110 368
1776120 369
1776130 370
1776140 371
1776150 372
1776160 373
1776170 373
1776180 374
1776190 375
1776200 376
1776210 377
1776220 378
1776230 378
1776240 379
1776250 380
1776260 381
1776270 382
1776280 383
1776290 383
1776300 384
1776310 385
1776320 386
1776330 387
1776340 388
1776350 390
1776360 391
1776370 392
1776380 393
1776390 394
1776400 395
1776410 396
1776420 397
1776430 398
1776440 398
1776450 399
1776460 400
1776470 401
1776480 403
1776490 404
1776500 405
1776510 406
1776520 407
1776530 408
1776540 408
1776550 409
1776560 410
1776570 411
1776580 411
1776590 412
1776600 413
1776610 413
1776620 414
1776630 415
1776640 416
1776650 416
1776660 416
1776670 417
1776680 417
1776690 417
1776700 417
1776710 418
1776720 418
1776730 419
1776740 420
1776750 421
1776760 420
1776770 420
1776780 420
1776790 420
1776800 420
1776810 421
1776820 421
1776830 422
1776840 422
1776850 422
1776860 422
1776870 422
1776880 422
1776890 422
1776900 422
1776910 421
1776920 421
1776930 421
1776940 421
1776950 421
1776960 421
1776970 421
1776980 420
1776990 419
1777000 419
1777010 419
1777020 418
1777030 418
1777040 417
1777050 417
1777060 417
1777070 417
1777080 416
1777090 416
1777100 416
1777110 416
1777120 415
1777130 415
1777140 415
1777150 415
1777160 415
1777170 414
1777180 414
1777190 414
1777200 414
1777210 413
1777220 413
1777230 413
1777240 412
1777250 412
1777260 412
1777270 411
1777280 411
1777290 411
1777300 411
1777310 411
1777320 410
1777330 410
1777340 409
1777350 409
1777360 409
1777370 409
1777380 408
1777390 408
1777400 408
1777410 408
1777420 408
1777430 408
1777440 408
1777450 408
1777460 407
1777470 407
1777480 406
1777490 406
1777500 406
1777510 406
1777520 405
1777530 405
1777540 405
1777550 405
1777560 404
1777570 404
1777580 403
1777590 403
1777600 403
1777610 403
1777620 403
1777630 402
1777640 401
1777650 401
1777660 401
1777670 401
1777680 401
1777690 401
1777700 402
1777710 402
1777720 401
1777730 401
1777740 401
1777750 401
1777760 400
1777770 400
1777780 400
1777790 399
1777800 399
1777810 399
1777820 398
1777830 398
1777840 398
1777850 397
1777860 397
1777870 396
1777880 396
1777890 396
1777900 395
1777910 395
1777920 394
1777930 393
1777940 393
1777950 392
1777960 392
1777970 392
1777980 391
1777990 391
1778000 390
1778010 389
1778020 388
1778030 387
1778040 386
1778050 386
1778060 385
1778070 384
1778080 383
1778090 382
1778100 381
1778110 380
1778120 379
1778130 379
1778140 378
1778150 377
1778160 376
1778170 375
1778180 373
1778190 372
1778200 371
1778210 369
1778220 368
1778230 366
1778240 365
1778250 364
1778260 362
1778270 361
1778280 359
1778290 358
1778300 356
1778310 354
1778320 350
1778330 347
1778340 345
1778350 344
1778360 342
1778370 341
1778380 340
1778390 339
1778400 337
1778410 336
1778420 335
1778430 335
1778440 334
1778450 333
1778460 331
1778470 330
1778480 328
1778490 326
1778500 324
1778510 323
1778520 323
1778530 323
1778540 322
1778550 320
1778560 320
1778570 321
1778580 322
1778590 325
1778600 328
1778610 331
1778620 333
1778630 335
1778640 337
1778650 339
1778660 341
1778670 343
1778680 346
1778690 348
1778700 350
1778710 351
1778720 352
1778730 353
1778740 353
1778750 354
1778760 354
1778770 354
1778780 354
1778790 355
1778800 355
1778810 356
1778820 356
1778830 357
1778840 358
1778850 358
1778860 358
1778870 359
1778880 359
1778890 359
1778900 359
1778910 359
1778920 359
1778930 358
1778940 358
1778950 358
1778960 358
1778970 357
1778980 357
1778990 356
1779000 356
1779010 355
1779020 355
1779030 355
1779040 355
1779050 355
1779060 355
1779070 355
1779080 356
1779090 356
1779100 357
1779110 357
1779120 357
1779130 357
1779140 357
1779150 358
1779160 358
1779170 359
1779180 360
1779190 361
1779200 361
1779210 361
1779220 361
1779230 361
1779240 361
1779250 361
1779260 361
1779270 361
1779280 361
1779290 361
1779300 360
1779310 360
1779320 359
1779330 359
1779340 358
1779350 358
1779360 358
1779370 358
1779380 357
1779390 357
1779400 356
1779410 356
1779420 357
1779430 356
1779440 355
1779450 353
1779460 353
1779470 354
1779480 356
1779490 359
1779500 361
1779510 364
1779520 366
1779530 369
1779540 371
1779550 373
1779560 375
1779570 377
1779580 380
1779590 382
1779600 385
1779610 387
1779620 389
1779630 390
1779640 392
1779650 393
1779660 394
1779670 395
1779680 397
1779690 399
1779700 401
1779710 404
1779720 407
1779730 410
1779740 413
1779750 416
1779760 419
1779770 422
1779780 424
1779790 427
1779800 430
1779810 433
1779820 435
1779830 437
1779840 437
1779850 438
1779860 437
1779870 437
1779880 437
1779890 438
1779900 438
1779910 439
1779920 440
1779930 440
1779940 441
1779950 443
1779960 444
1779970 445
1779980 446
1779990 446
