1760000 394
1760010 395
1760020 395
1760030 396
1760040 397
1760050 397
1760060 398
1760070 399
1760080 399
1760090 400
1760100 400
1760110 401
1760120 401
1760130 402
1760140 402
1760150 403
1760160 403
1760170 404
1760180 404
1760190 405
1760200 405
1760210 405
1760220 406
1760230 406
1760240 407
1760250 407
1760260 407
1760270 408
1760280 408
1760290 409
1760300 409
1760310 409
1760320 410
1760330 410
1760340 411
1760350 411
1760360 412
1760370 412
1760380 412
1760390 413
1760400 413
1760410 413
1760420 413
1760430 412
1760440 412
1760450 412
1760460 412
1760470 412
1760480 412
1760490 412
1760500 412
1760510 411
1760520 411
1760530 410
1760540 409
1760550 408
1760560 407
1760570 407
1760580 406
1760590 405
1760600 404
1760610 403
1760620 403
1760630 402
1760640 401
1760650 400
1760660 399
1760670 397
1760680 396
1760690 395
1760700 394
1760710 393
1760720 391
1760730 390
1760740 388
1760750 386
1760760 384
1760770 382
1760780 381
1760790 380
1760800 379
1760810 377
1760820 376
1760830 375
1760840 374
1760850 374
1760860 373
1760870 372
1760880 371
1760890 369
1760900 370
1760910 372
1760920 373
1760930 373
1760940 373
1760950 373
1760960 373
1760970 373
1760980 373
1760990 373
1761000 373
1761010 373
1761020 373
1761030 373
1761040 373
1761050 374
1761060 374
1761070 374
1761080 374
1761090 374
1761100 374
1761110 374
1761120 374
1761130 374
1761140 374
1761150 373
1761160 373
1761170 373
1761180 372
1761190 372
1761200 371
1761210 370
1761220 369
1761230 369
1761240 368
1761250 368
1761260 367
1761270 366
1761280 366
1761290 365
1761300 364
1761310 364
1761320 363
1761330 362
1761340 362
1761350 361
1761360 361
1761370 360
1761380 359
1761390 358
1761400 357
1761410 356
1761420 356
1761430 356
1761440 359
1761450 361
1761460 364
1761470 365
1761480 367
1761490 368
1761500 369
1761510 370
1761520 371
1761530 372
1761540 373
1761550 373
1761560 374
1761570 374
1761580 375
1761590 376
1761600 376
1761610 377
1761620 377
1761630 377
1761640 378
1761650 378
1761660 378
1761670 378
1761680 378
1761690 379
1761700 379
1761710 379
1761720 379
1761730 380
1761740 380
1761750 380
1761760 380
1761770 381
1761780 381
1761790 381
1761800 382
1761810 382
1761820 383
1761830 384
1761840 384
1761850 384
1761860 384
1761870 384
1761880 384
1761890 384
1761900 384
1761910 384
1761920 384
1761930 385
1761940 385
1761950 385
1761960 385
1761970 385
1761980 385
1761990 385
1762000 385
1762010 385
1762020 386
1762030 386
1762040 386
1762050 386
1762060 386
1762070 386
1762080 387
1762090 387
1762100 387
1762110 387
1762120 387
1762130 388
1762140 388
1762150 388
1762160 388
1762170 389
1762180 389
1762190 389
1762200 389
1762210 389
1762220 389
1762230 389
1762240 389
1762250 388
1762260 389
1762270 390
1762280 390
1762290 390
1762300 390
1762310 390
1762320 391
1762330 392
1762340 392
1762350 392
1762360 393
1762370 393
1762380 393
1762390 394
1762400 396
1762410 396
1762420 397
1762430 397
1762440 397
1762450 397
1762460 398
1762470 399
1762480 400
1762490 401
1762500 403
1762510 404
1762520 405
1762530 406
1762540 407
1762550 408
1762560 409
1762570 410
1762580 410
1762590 411
1762600 412
1762610 413
1762620 414
1762630 414
1762640 415
1762650 415
1762660 416
1762670 416
1762680 417
1762690 417
1762700 418
1762710 418
1762720 419
1762730 419
1762740 420
1762750 420
1762760 420
1762770 421
1762780 421
1762790 421
1762800 422
1762810 422
1762820 422
1762830 423
1762840 424
1762850 424
1762860 424
1762870 424
1762880 424
1762890 424
1762900 424
1762910 424
1762920 423
1762930 423
1762940 423
1762950 422
1762960 421
1762970 420
1762980 420
1762990 419
1763000 418
1763010 417
1763020 416
1763030 415
1763040 414
1763050 413
1763060 411
1763070 410
1763080 409
1763090 408
1763100 407
1763110 405
1763120 402
1763130 398
1763140 395
1763150 392
1763160 390
1763170 387
1763180 385
1763190 383
1763200 382
1763210 380
1763220 379
1763230 376
1763240 373
1763250 370
1763260 368
1763270 368
1763280 370
1763290 372
1763300 374
1763310 375
1763320 377
1763330 378
1763340 380
1763350 382
1763360 384
1763370 386
1763380 388
1763390 389
1763400 390
1763410 391
1763420 392
1763430 393
1763440 394
1763450 395
1763460 397
1763470 398
1763480 399
1763490 400
1763500 402
1763510 403
1763520 404
1763530 405
1763540 406
1763550 407
1763560 407
1763570 408
1763580 408
1763590 409
1763600 409
1763610 409
1763620 409
1763630 409
1763640 408
1763650 408
1763660 408
1763670 408
1763680 407
1763690 407
1763700 405
1763710 404
1763720 403
1763730 402
1763740 402
1763750 401
1763760 400
1763770 400
1763780 399
1763790 398
1763800 397
1763810 396
1763820 395
1763830 394
1763840 393
1763850 392
1763860 391
1763870 390
1763880 388
1763890 387
1763900 385
1763910 383
1763920 382
1763930 380
1763940 378
1763950 376
1763960 375
1763970 373
1763980 372
1763990 371
1764000 370
1764010 370
1764020 369
1764030 368
1764040 368
1764050 367
1764060 365
1764070 365
1764080 366
1764090 366
1764100 366
1764110 364
1764120 363
1764130 364
1764140 366
1764150 367
1764160 368
1764170 368
1764180 369
1764190 369
1764200 370
1764210 370
1764220 370
1764230 371
1764240 371
1764250 371
1764260 370
1764270 368
1764280 369
1764290 371
1764300 373
1764310 375
1764320 376
1764330 377
1764340 377
1764350 378
1764360 379
1764370 380
1764380 380
1764390 381
1764400 382
1764410 382
1764420 383
1764430 383
1764440 384
1764450 384
1764460 385
1764470 386
1764480 386
1764490 386
1764500 387
1764510 387
1764520 388
1764530 388
1764540 388
1764550 388
1764560 388
1764570 387
1764580 388
1764590 389
1764600 389
1764610 389
1764620 389
1764630 389
1764640 389
1764650 389
1764660 389
1764670 389
1764680 389
1764690 389
1764700 389
1764710 389
1764720 389
1764730 389
1764740 389
1764750 389
1764760 389
1764770 389
1764780 388
1764790 388
1764800 388
1764810 388
1764820 388
1764830 387
1764840 387
1764850 387
1764860 387
1764870 386
1764880 386
1764890 386
1764900 386
1764910 386
1764920 385
1764930 385
1764940 385
1764950 385
1764960 384
1764970 384
1764980 384
1764990 384
1765000 383
1765010 383
1765020 383
1765030 383
1765040 383
1765050 383
1765060 383
1765070 383
1765080 383
1765090 383
1765100 383
1765110 383
1765120 383
1765130 382
1765140 382
1765150 382
1765160 382
1765170 381
1765180 381
1765190 381
1765200 381
1765210 381
1765220 381
1765230 381
1765240 381
1765250 381
1765260 381
1765270 381
1765280 381
1765290 381
1765300 381
1765310 381
1765320 381
1765330 381
1765340 381
1765350 381
1765360 381
1765370 381
1765380 381
1765390 381
1765400 381
1765410 381
1765420 381
1765430 381
1765440 381
1765450 381
1765460 381
1765470 382
1765480 382
1765490 382
1765500 382
1765510 382
1765520 382
1765530 382
1765540 381
1765550 381
1765560 381
1765570 380
1765580 380
1765590 379
1765600 379
1765610 378
1765620 377
1765630 377
1765640 376
1765650 375
1765660 374
1765670 374
1765680 373
1765690 372
1765700 372
1765710 371
1765720 370
1765730 369
1765740 369
1765750 368
1765760 367
1765770 366
1765780 366
1765790 365
1765800 364
1765810 364
1765820 363
1765830 361
1765840 360
1765850 359
1765860 358
1765870 357
1765880 356
1765890 356
1765900 355
1765910 354
1765920 353
1765930 352
1765940 351
1765950 350
1765960 349
1765970 348
1765980 347
1765990 347
1766000 346
1766010 345
1766020 344
1766030 342
1766040 341
1766050 339
1766060 337
1766070 335
1766080 333
1766090 331
1766100 329
1766110 327
1766120 324
1766130 322
1766140 320
1766150 318
1766160 317
1766170 317
1766180 316
1766190 315
1766200 314
1766210 314
1766220 313
1766230 313
1766240 312
1766250 311
1766260 310
1766270 309
1766280 308
1766290 307
1766300 306
1766310 305
1766320 304
1766330 304
1766340 303
1766350 302
1766360 302
1766370 301
1766380 300
1766390 299
1766400 298
1766410 297
1766420 296
1766430 294
1766440 292
1766450 291
1766460 289
1766470 289
1766480 289
1766490 289
1766500 288
1766510 288
1766520 287
1766530 287
1766540 287
1766550 287
1766560 287
1766570 286
1766580 286
1766590 285
1766600 287
1766610 290
1766620 293
1766630 296
1766640 297
1766650 298
1766660 300
1766670 301
1766680 302
1766690 303
1766700 304
1766710 304
1766720 305
1766730 305
1766740 306
1766750 307
1766760 307
1766770 308
1766780 308
1766790 308
1766800 309
1766810 309
1766820 309
1766830 309
1766840 309
1766850 309
1766860 311
1766870 312
1766880 313
1766890 314
1766900 315
1766910 316
1766920 317
1766930 319
1766940 320
1766950 321
1766960 322
1766970 323
1766980 324
1766990 325
1767000 325
1767010 326
1767020 327
1767030 328
1767040 329
1767050 330
1767060 330
1767070 331
1767080 332
1767090 333
1767100 334
1767110 334
1767120 335
1767130 335
1767140 335
1767150 335
1767160 335
1767170 335
1767180 335
1767190 336
1767200 336
1767210 336
1767220 336
1767230 336
1767240 336
1767250 336
1767260 336
1767270 336
1767280 336
1767290 336
1767300 336
1767310 336
1767320 336
1767330 336
1767340 336
1767350 336
1767360 336
1767370 336
1767380 336
1767390 336
1767400 336
1767410 336
1767420 336
1767430 336
1767440 336
1767450 335
1767460 335
1767470 335
1767480 335
1767490 335
1767500 335
1767510 335
1767520 334
1767530 334
1767540 334
1767550 334
1767560 334
1767570 334
1767580 334
1767590 334
1767600 334
1767610 333
1767620 333
1767630 333
1767640 333
1767650 332
1767660 332
1767670 332
1767680 332
1767690 332
1767700 332
1767710 332
1767720 332
1767730 332
1767740 332
1767750 331
1767760 331
1767770 330
1767780 330
1767790 330
1767800 329
1767810 328
1767820 328
1767830 327
1767840 327
1767850 326
1767860 326
1767870 325
1767880 324
1767890 324
1767900 323
1767910 322
1767920 321
1767930 321
1767940 320
1767950 320
1767960 319
1767970 318
1767980 318
1767990 317
1768000 317
1768010 317
1768020 316
1768030 316
1768040 315
1768050 314
1768060 313
1768070 312
1768080 311
1768090 311
1768100 310
1768110 309
1768120 309
1768130 308
1768140 307
1768150 307
1768160 306
1768170 305
1768180 304
1768190 303
1768200 302
1768210 301
1768220 300
1768230 299
1768240 299
1768250 298
1768260 297
1768270 296
1768280 295
1768290 295
1768300 294
1768310 293
1768320 292
1768330 291
1768340 290
1768350 289
1768360 288
1768370 287
1768380 286
1768390 285
1768400 284
1768410 284
1768420 283
1768430 282
1768440 281
1768450 280
1768460 280
1768470 279
1768480 278
1768490 278
1768500 277
1768510 276
1768520 275
1768530 275
1768540 274
1768550 274
1768560 273
1768570 273
1768580 272
1768590 271
1768600 270
1768610 269
1768620 269
1768630 270
1768640 271
1768650 271
1768660 272
1768670 274
1768680 275
1768690 275
1768700 275
1768710 274
1768720 273
1768730 271
1768740 269
1768750 266
1768760 264
1768770 263
1768780 263
1768790 263
1768800 263
1768810 263
1768820 263
1768830 263
1768840 262
1768850 262
1768860 262
1768870 261
1768880 260
1768890 259
1768900 258
1768910 258
1768920 258
1768930 258
1768940 258
1768950 258
1768960 258
1768970 258
1768980 258
1768990 257
1769000 257
1769010 257
1769020 257
1769030 257
1769040 256
1769050 256
1769060 256
1769070 256
1769080 256
1769090 256
1769100 256
1769110 256
1769120 256
1769130 256
1769140 256
1769150 256
1769160 256
1769170 256
1769180 256
1769190 256
1769200 256
1769210 256
1769220 256
1769230 256
1769240 254
1769250 253
1769260 252
1769270 253
1769280 254
1769290 255
1769300 256
1769310 256
1769320 256
1769330 256
1769340 256
1769350 256
1769360 256
1769370 256
1769380 256
1769390 256
1769400 256
1769410 256
1769420 257
1769430 257
1769440 257
1769450 257
1769460 257
1769470 257
1769480 257
1769490 257
1769500 257
1769510 257
1769520 257
1769530 257
1769540 257
1769550 257
1769560 257
1769570 257
1769580 258
1769590 258
1769600 258
1769610 258
1769620 259
1769630 260
1769640 261
1769650 262
1769660 263
1769670 264
1769680 265
1769690 266
1769700 267
1769710 267
1769720 267
1769730 268
1769740 268
1769750 268
1769760 269
1769770 269
1769780 270
1769790 270
1769800 270
1769810 271
1769820 271
1769830 271
1769840 271
1769850 271
1769860 272
1769870 272
1769880 272
1769890 272
1769900 272
1769910 272
1769920 271
1769930 271
1769940 271
1769950 271
1769960 271
1769970 271
1769980 271
1769990 271
1770000 272
1770010 272
1770020 272
1770030 272
1770040 271
1770050 271
1770060 271
1770070 270
1770080 270
1770090 270
1770100 270
1770110 270
1770120 270
1770130 271
1770140 272
1770150 274
1770160 276
1770170 277
1770180 278
1770190 280
1770200 282
1770210 284
1770220 286
1770230 288
1770240 289
1770250 290
1770260 291
1770270 293
1770280 294
1770290 295
1770300 296
1770310 298
1770320 299
1770330 300
1770340 301
1770350 303
1770360 304
1770370 304
1770380 305
1770390 306
1770400 308
1770410 309
1770420 310
1770430 311
1770440 312
1770450 313
1770460 314
1770470 315
1770480 317
1770490 318
1770500 319
1770510 320
1770520 321
1770530 322
1770540 323
1770550 324
1770560 325
1770570 326
1770580 327
1770590 328
1770600 329
1770610 330
1770620 331
1770630 332
1770640 333
1770650 333
1770660 334
1770670 335
1770680 336
1770690 337
1770700 338
1770710 339
1770720 340
1770730 340
1770740 341
1770750 342
1770760 343
1770770 343
1770780 344
1770790 345
1770800 346
1770810 346
1770820 347
1770830 348
1770840 349
1770850 349
1770860 349
1770870 350
1770880 350
1770890 350
1770900 350
1770910 351
1770920 352
1770930 353
1770940 354
1770950 355
1770960 355
1770970 356
1770980 356
1770990 357
1771000 357
1771010 358
1771020 358
1771030 359
1771040 360
1771050 360
1771060 361
1771070 361
1771080 362
1771090 363
1771100 364
1771110 364
1771120 365
1771130 365
1771140 365
1771150 366
1771160 366
1771170 367
1771180 367
1771190 368
1771200 368
1771210 369
1771220 369
1771230 370
1771240 370
1771250 371
1771260 371
1771270 371
1771280 372
1771290 372
1771300 372
1771310 373
1771320 373
1771330 373
1771340 373
1771350 373
1771360 374
1771370 374
1771380 374
1771390 374
1771400 374
1771410 374
1771420 374
1771430 374
1771440 374
1771450 374
1771460 374
1771470 374
1771480 374
1771490 374
1771500 374
1771510 374
1771520 374
1771530 374
1771540 374
1771550 374
1771560 373
1771570 373
1771580 373
1771590 373
1771600 372
1771610 371
1771620 371
1771630 371
1771640 371
1771650 370
1771660 370
1771670 369
1771680 368
1771690 368
1771700 367
1771710 366
1771720 365
1771730 364
1771740 364
1771750 363
1771760 362
1771770 362
1771780 361
1771790 360
1771800 358
1771810 355
1771820 353
1771830 351
1771840 350
1771850 348
1771860 346
1771870 345
1771880 343
1771890 342
1771900 340
1771910 339
1771920 338
1771930 337
1771940 336
1771950 335
1771960 334
1771970 332
1771980 333
1771990 335
1772000 339
1772010 341
1772020 343
1772030 345
1772040 346
1772050 348
1772060 350
1772070 351
1772080 353
1772090 354
1772100 354
1772110 355
1772120 356
1772130 357
1772140 358
1772150 358
1772160 359
1772170 360
1772180 360
1772190 361
1772200 362
1772210 363
1772220 363
1772230 364
1772240 365
1772250 365
1772260 366
1772270 366
1772280 367
1772290 367
1772300 368
1772310 368
1772320 369
1772330 369
1772340 369
1772350 370
1772360 370
1772370 370
1772380 371
1772390 371
1772400 372
1772410 372
1772420 372
1772430 372
1772440 372
1772450 372
1772460 372
1772470 372
1772480 372
1772490 372
1772500 373
1772510 373
1772520 373
1772530 373
1772540 373
1772550 373
1772560 373
1772570 372
1772580 372
1772590 372
1772600 372
1772610 371
1772620 371
1772630 371
1772640 370
1772650 369
1772660 369
1772670 369
1772680 368
1772690 368
1772700 367
1772710 366
1772720 365
1772730 364
1772740 363
1772750 362
1772760 362
1772770 361
1772780 360
1772790 359
1772800 358
1772810 357
1772820 356
1772830 355
1772840 354
1772850 352
1772860 351
1772870 350
1772880 349
1772890 348
1772900 347
1772910 346
1772920 345
1772930 344
1772940 343
1772950 341
1772960 340
1772970 339
1772980 338
1772990 337
1773000 335
1773010 334
1773020 332
1773030 331
1773040 329
1773050 328
1773060 327
1773070 326
1773080 325
1773090 323
1773100 321
1773110 320
1773120 319
1773130 319
1773140 319
1773150 318
1773160 316
1773170 314
1773180 311
1773190 309
1773200 309
1773210 309
1773220 309
1773230 310
1773240 312
1773250 313
1773260 315
1773270 316
1773280 318
1773290 319
1773300 321
1773310 322
1773320 324
1773330 325
1773340 327
1773350 328
1773360 330
1773370 331
1773380 332
1773390 333
1773400 334
1773410 335
1773420 337
1773430 339
1773440 340
1773450 340
1773460 341
1773470 342
1773480 344
1773490 346
1773500 348
1773510 351
1773520 353
1773530 355
1773540 356
1773550 357
1773560 358
1773570 359
1773580 360
1773590 361
1773600 362
1773610 363
1773620 363
1773630 364
1773640 365
1773650 366
1773660 366
1773670 367
1773680 368
1773690 368
1773700 369
1773710 370
1773720 370
1773730 371
1773740 372
1773750 372
1773760 373
1773770 374
1773780 374
1773790 375
1773800 376
1773810 376
1773820 377
1773830 377
1773840 378
1773850 379
1773860 380
1773870 380
1773880 381
1773890 382
1773900 382
1773910 383
1773920 384
1773930 385
1773940 386
1773950 387
1773960 387
1773970 388
1773980 389
1773990 390
1774000 390
1774010 391
1774020 392
1774030 392
1774040 393
1774050 394
1774060 395
1774070 396
1774080 396
1774090 397
1774100 398
1774110 399
1774120 399
1774130 400
1774140 400
1774150 401
1774160 401
1774170 402
1774180 402
1774190 403
1774200 403
1774210 403
1774220 404
1774230 404
1774240 405
1774250 405
1774260 405
1774270 405
1774280 406
1774290 406
1774300 406
1774310 406
1774320 406
1774330 406
1774340 406
1774350 405
1774360 405
1774370 405
1774380 405
1774390 405
1774400 405
1774410 405
1774420 405
1774430 404
1774440 404
1774450 404
1774460 404
1774470 403
1774480 403
1774490 403
1774500 402
1774510 402
1774520 402
1774530 401
1774540 401
1774550 401
1774560 400
1774570 400
1774580 400
1774590 399
1774600 398
1774610 398
1774620 397
1774630 396
1774640 396
1774650 395
1774660 394
1774670 393
1774680 392
1774690 391
1774700 390
1774710 389
1774720 387
1774730 386
1774740 383
1774750 381
1774760 381
1774770 383
1774780 383
1774790 383
1774800 383
1774810 384
1774820 384
1774830 385
1774840 385
1774850 385
1774860 386
1774870 386
1774880 386
1774890 386
1774900 386
1774910 386
1774920 386
1774930 386
1774940 387
1774950 387
1774960 387
1774970 387
1774980 387
1774990 387
1775000 386
1775010 386
1775020 385
1775030 385
1775040 384
1775050 383
1775060 383
1775070 382
1775080 381
1775090 380
1775100 380
1775110 379
1775120 378
1775130 377
1775140 377
1775150 376
1775160 375
1775170 375
1775180 374
1775190 373
1775200 372
1775210 371
1775220 370
1775230 370
1775240 369
1775250 368
1775260 367
1775270 366
1775280 365
1775290 365
1775300 364
1775310 363
1775320 362
1775330 362
1775340 361
1775350 360
1775360 360
1775370 359
1775380 358
1775390 358
1775400 357
1775410 357
1775420 356
1775430 356
1775440 355
1775450 354
1775460 354
1775470 353
1775480 352
1775490 351
1775500 350
1775510 349
1775520 348
1775530 348
1775540 347
1775550 346
1775560 345
1775570 344
1775580 344
1775590 343
1775600 343
1775610 343
1775620 342
1775630 341
1775640 340
1775650 339
1775660 338
1775670 336
1775680 335
1775690 334
1775700 334
1775710 333
1775720 332
1775730 331
1775740 331
1775750 331
1775760 331
1775770 330
1775780 329
1775790 329
1775800 327
1775810 326
1775820 325
1775830 330
1775840 334
1775850 338
1775860 339
1775870 341
1775880 343
1775890 345
1775900 347
1775910 349
1775920 351
1775930 353
1775940 355
1775950 357
1775960 360
1775970 362
1775980 364
1775990 366
1776000 368
1776010 370
1776020 372
1776030 374
1776040 375
1776050 377
1776060 378
1776070 379
1776080 380
1776090 381
1776100 382
1776110 383
1776120 384
1776130 385
1776140 385
1776150 386
1776160 387
1776170 388
1776180 389
1776190 390
1776200 390
1776210 391
1776220 392
1776230 393
1776240 394
1776250 394
1776260 395
1776270 396
1776280 397
1776290 398
1776300 398
1776310 399
1776320 399
1776330 400
1776340 401
1776350 401
1776360 401
1776370 402
1776380 403
1776390 403
1776400 404
1776410 404
1776420 405
1776430 405
1776440 406
1776450 406
1776460 406
1776470 407
1776480 407
1776490 408
1776500 409
1776510 409
1776520 410
1776530 411
1776540 411
1776550 412
1776560 412
1776570 413
1776580 413
1776590 414
1776600 415
1776610 415
1776620 416
1776630 416
1776640 417
1776650 417
1776660 418
1776670 418
1776680 419
1776690 419
1776700 419
1776710 419
1776720 419
1776730 419
1776740 419
1776750 420
1776760 420
1776770 420
1776780 420
1776790 420
1776800 420
1776810 420
1776820 420
1776830 421
1776840 421
1776850 421
1776860 421
1776870 421
1776880 421
1776890 421
1776900 421
1776910 421
1776920 421
1776930 422
1776940 422
1776950 422
1776960 422
1776970 422
1776980 422
1776990 422
1777000 422
1777010 422
1777020 422
1777030 422
1777040 422
1777050 422
1777060 423
1777070 423
1777080 423
1777090 423
1777100 423
1777110 423
1777120 423
1777130 423
1777140 423
1777150 422
1777160 422
1777170 422
1777180 422
1777190 422
1777200 422
1777210 422
1777220 422
1777230 422
1777240 421
1777250 421
1777260 421
1777270 421
1777280 421
1777290 421
1777300 421
1777310 421
1777320 421
1777330 421
1777340 420
1777350 420
1777360 420
1777370 420
1777380 420
1777390 420
1777400 420
1777410 420
1777420 419
1777430 419
1777440 419
1777450 419
1777460 419
1777470 418
1777480 418
1777490 418
1777500 417
1777510 417
1777520 416
1777530 416
1777540 415
1777550 415
1777560 414
1777570 414
1777580 413
1777590 413
1777600 412
1777610 412
1777620 411
1777630 411
1777640 410
1777650 410
1777660 409
1777670 409
1777680 409
1777690 408
1777700 408
1777710 407
1777720 406
1777730 406
1777740 405
1777750 405
1777760 404
1777770 404
1777780 403
1777790 403
1777800 402
1777810 402
1777820 401
1777830 401
1777840 401
1777850 400
1777860 399
1777870 397
1777880 397
1777890 396
1777900 396
1777910 395
1777920 395
1777930 394
1777940 393
1777950 392
1777960 391
1777970 391
1777980 390
1777990 390
1778000 389
1778010 388
1778020 387
1778030 386
1778040 385
1778050 384
1778060 382
1778070 381
1778080 380
1778090 379
1778100 378
1778110 377
1778120 376
1778130 375
1778140 374
1778150 374
1778160 373
1778170 373
1778180 371
1778190 369
1778200 366
1778210 365
1778220 364
1778230 364
1778240 362
1778250 361
1778260 359
1778270 359
1778280 358
1778290 356
1778300 354
1778310 351
1778320 349
1778330 348
1778340 346
1778350 344
1778360 342
1778370 341
1778380 339
1778390 338
1778400 338
1778410 337
1778420 336
1778430 335
1778440 334
1778450 333
1778460 333
1778470 332
1778480 331
1778490 330
1778500 329
1778510 327
1778520 325
1778530 324
1778540 323
1778550 323
1778560 323
1778570 323
1778580 324
1778590 324
1778600 324
1778610 325
1778620 326
1778630 329
1778640 332
1778650 336
1778660 338
1778670 340
1778680 342
1778690 343
1778700 345
1778710 347
1778720 349
1778730 351
1778740 353
1778750 356
1778760 358
1778770 360
1778780 363
1778790 365
1778800 367
1778810 368
1778820 369
1778830 370
1778840 371
1778850 372
1778860 374
1778870 375
1778880 376
1778890 376
1778900 376
1778910 376
1778920 376
1778930 375
1778940 375
1778950 375
1778960 375
1778970 375
1778980 375
1778990 376
1779000 376
1779010 376
1779020 376
1779030 376
1779040 377
1779050 377
1779060 377
1779070 378
1779080 378
1779090 378
1779100 378
1779110 378
1779120 379
1779130 379
1779140 379
1779150 379
1779160 379
1779170 379
1779180 379
1779190 379
1779200 379
1779210 378
1779220 378
1779230 378
1779240 377
1779250 377
1779260 377
1779270 377
1779280 377
1779290 377
1779300 377
1779310 377
1779320 377
1779330 378
1779340 378
1779350 378
1779360 378
1779370 378
1779380 377
1779390 377
1779400 377
1779410 377
1779420 376
1779430 376
1779440 375
1779450 375
1779460 375
1779470 375
1779480 375
1779490 375
1779500 375
1779510 375
1779520 375
1779530 375
1779540 375
1779550 375
1779560 374
1779570 373
1779580 374
1779590 372
1779600 373
1779610 374
1779620 377
1779630 380
1779640 382
1779650 384
1779660 387
1779670 390
1779680 393
1779690 396
1779700 398
1779710 401
1779720 404
1779730 407
1779740 409
1779750 411
1779760 412
1779770 413
1779780 414
1779790 415
1779800 416
1779810 417
1779820 418
1779830 418
1779840 419
1779850 421
1779860 422
1779870 424
1779880 426
1779890 428
1779900 429
1779910 431
1779920 433
1779930 435
1779940 437
1779950 439
1779960 440
1779970 441
1779980 442
1779990 443
