1760000 253
1760010 253
1760020 253
1760030 253
1760040 253
1760050 253
1760060 253
1760070 253
1760080 253
1760090 253
1760100 253
1760110 253
1760120 253
1760130 253
1760140 253
1760150 252
1760160 252
1760170 253
1760180 253
1760190 254
1760200 254
1760210 254
1760220 254
1760230 254
1760240 254
1760250 254
1760260 254
1760270 255
1760280 255
1760290 255
1760300 255
1760310 255
1760320 256
1760330 256
1760340 256
1760350 256
1760360 256
1760370 257
1760380 257
1760390 257
1760400 258
1760410 258
1760420 259
1760430 259
1760440 259
1760450 260
1760460 260
1760470 260
1760480 261
1760490 261
1760500 261
1760510 262
1760520 262
1760530 262
1760540 263
1760550 265
1760560 266
1760570 266
1760580 264
1760590 264
1760600 264
1760610 264
1760620 264
1760630 264
1760640 265
1760650 265
1760660 265
1760670 265
1760680 266
1760690 266
1760700 266
1760710 266
1760720 266
1760730 266
1760740 266
1760750 267
1760760 267
1760770 267
1760780 267
1760790 267
1760800 267
1760810 267
1760820 267
1760830 267
1760840 267
1760850 267
1760860 268
1760870 268
1760880 268
1760890 268
1760900 268
1760910 268
1760920 268
1760930 268
1760940 268
1760950 268
1760960 268
1760970 269
1760980 269
1760990 269
1761000 268
1761010 268
1761020 268
1761030 268
1761040 268
1761050 268
1761060 268
1761070 268
1761080 268
1761090 268
1761100 268
1761110 268
1761120 268
1761130 268
1761140 268
1761150 268
1761160 268
1761170 269
1761180 269
1761190 269
1761200 269
1761210 269
1761220 269
1761230 269
1761240 269
1761250 269
1761260 269
1761270 270
1761280 270
1761290 270
1761300 270
1761310 270
1761320 270
1761330 271
1761340 271
1761350 271
1761360 271
1761370 271
1761380 271
1761390 272
1761400 272
1761410 272
1761420 272
1761430 273
1761440 273
1761450 273
1761460 273
1761470 273
1761480 273
1761490 273
1761500 273
1761510 273
1761520 273
1761530 273
1761540 273
1761550 273
1761560 272
1761570 272
1761580 272
1761590 272
1761600 271
1761610 271
1761620 271
1761630 270
1761640 270
1761650 270
1761660 269
1761670 269
1761680 269
1761690 269
1761700 268
1761710 268
1761720 268
1761730 267
1761740 267
1761750 267
1761760 267
1761770 267
1761780 266
1761790 266
1761800 266
1761810 266
1761820 265
1761830 265
1761840 265
1761850 265
1761860 264
1761870 264
1761880 264
1761890 264
1761900 264
1761910 263
1761920 263
1761930 263
1761940 263
1761950 262
1761960 262
1761970 262
1761980 262
1761990 262
1762000 261
1762010 261
1762020 261
1762030 261
1762040 260
1762050 260
1762060 260
1762070 260
1762080 259
1762090 259
1762100 259
1762110 259
1762120 258
1762130 258
1762140 258
1762150 258
1762160 258
1762170 257
1762180 257
1762190 257
1762200 257
1762210 256
1762220 256
1762230 256
1762240 255
1762250 255
1762260 255
1762270 255
1762280 255
1762290 255
1762300 254
1762310 254
1762320 254
1762330 254
1762340 254
1762350 254
1762360 254
1762370 254
1762380 254
1762390 254
1762400 253
1762410 253
1762420 253
1762430 253
1762440 253
1762450 253
1762460 253
1762470 253
1762480 253
1762490 253
1762500 253
1762510 253
1762520 252
1762530 252
1762540 252
1762550 252
1762560 252
1762570 252
1762580 252
1762590 252
1762600 252
1762610 252
1762620 252
1762630 252
1762640 252
1762650 252
1762660 252
1762670 252
1762680 252
1762690 252
1762700 252
1762710 252
1762720 252
1762730 251
1762740 251
1762750 251
1762760 251
1762770 251
1762780 251
1762790 251
1762800 251
1762810 251
1762820 251
1762830 251
1762840 251
1762850 251
1762860 251
1762870 251
1762880 251
1762890 251
1762900 251
1762910 251
1762920 251
1762930 251
1762940 251
1762950 251
1762960 251
1762970 251
1762980 251
1762990 251
1763000 251
1763010 251
1763020 251
1763030 251
1763040 251
1763050 251
1763060 251
1763070 251
1763080 251
1763090 251
1763100 251
1763110 251
1763120 251
1763130 251
1763140 251
1763150 251
1763160 251
1763170 251
1763180 251
1763190 251
1763200 251
1763210 251
1763220 251
1763230 251
1763240 251
1763250 251
1763260 251
1763270 251
1763280 251
1763290 251
1763300 251
1763310 251
1763320 251
1763330 251
1763340 251
1763350 251
1763360 251
1763370 251
1763380 251
1763390 251
1763400 251
1763410 251
1763420 251
1763430 251
1763440 251
1763450 251
1763460 252
1763470 252
1763480 252
1763490 251
1763500 251
1763510 252
1763520 252
1763530 252
1763540 252
1763550 252
1763560 252
1763570 252
1763580 252
1763590 252
1763600 252
1763610 252
1763620 252
1763630 252
1763640 252
1763650 252
1763660 252
1763670 252
1763680 253
1763690 253
1763700 253
1763710 253
1763720 253
1763730 253
1763740 253
1763750 253
1763760 253
1763770 253
1763780 253
1763790 253
1763800 253
1763810 254
1763820 254
1763830 254
1763840 254
1763850 254
1763860 255
1763870 255
1763880 255
1763890 255
1763900 255
1763910 256
1763920 256
1763930 256
1763940 256
1763950 256
1763960 257
1763970 257
1763980 257
1763990 257
1764000 257
1764010 258
1764020 258
1764030 258
1764040 258
1764050 259
1764060 259
1764070 259
1764080 259
1764090 260
1764100 260
1764110 260
1764120 261
1764130 261
1764140 261
1764150 261
1764160 262
1764170 262
1764180 262
1764190 262
1764200 263
1764210 263
1764220 264
1764230 264
1764240 264
1764250 265
1764260 265
1764270 266
1764280 266
1764290 266
1764300 266
1764310 266
1764320 267
1764330 268
1764340 268
1764350 268
1764360 268
1764370 268
1764380 268
1764390 269
1764400 269
1764410 270
1764420 270
1764430 270
1764440 271
1764450 271
1764460 272
1764470 272
1764480 273
1764490 273
1764500 274
1764510 274
1764520 274
1764530 274
1764540 275
1764550 275
1764560 275
1764570 275
1764580 276
1764590 276
1764600 276
1764610 276
1764620 276
1764630 277
1764640 277
1764650 277
1764660 277
1764670 277
1764680 278
1764690 278
1764700 278
1764710 279
1764720 279
1764730 279
1764740 279
1764750 280
1764760 280
1764770 281
1764780 281
1764790 282
1764800 282
1764810 282
1764820 282
1764830 282
1764840 282
1764850 283
1764860 283
1764870 283
1764880 284
1764890 284
1764900 284
1764910 284
1764920 285
1764930 285
1764940 286
1764950 286
1764960 286
1764970 286
1764980 287
1764990 287
1765000 287
1765010 287
1765020 287
1765030 287
1765040 287
1765050 287
1765060 287
1765070 287
1765080 287
1765090 287
1765100 287
1765110 287
1765120 286
1765130 286
1765140 286
1765150 286
1765160 286
1765170 286
1765180 286
1765190 286
1765200 286
1765210 286
1765220 286
1765230 286
1765240 285
1765250 285
1765260 285
1765270 285
1765280 285
1765290 285
1765300 285
1765310 285
1765320 285
1765330 285
1765340 285
1765350 285
1765360 285
1765370 285
1765380 285
1765390 284
1765400 284
1765410 284
1765420 284
1765430 284
1765440 284
1765450 284
1765460 285
1765470 285
1765480 284
1765490 284
1765500 284
1765510 283
1765520 283
1765530 283
1765540 282
1765550 282
1765560 282
1765570 282
1765580 282
1765590 282
1765600 282
1765610 282
1765620 282
1765630 282
1765640 282
1765650 282
1765660 282
1765670 282
1765680 282
1765690 282
1765700 282
1765710 283
1765720 282
1765730 282
1765740 282
1765750 282
1765760 282
1765770 282
1765780 282
1765790 282
1765800 282
1765810 282
1765820 282
1765830 282
1765840 282
1765850 282
1765860 281
1765870 281
1765880 281
1765890 282
1765900 282
1765910 283
1765920 283
1765930 283
1765940 284
1765950 284
1765960 284
1765970 284
1765980 284
1765990 284
1766000 284
1766010 284
1766020 284
1766030 284
1766040 284
1766050 284
1766060 285
1766070 285
1766080 285
1766090 285
1766100 285
1766110 285
1766120 285
1766130 286
1766140 286
1766150 286
1766160 286
1766170 286
1766180 286
1766190 286
1766200 287
1766210 287
1766220 287
1766230 287
1766240 288
1766250 288
1766260 288
1766270 289
1766280 288
1766290 288
1766300 288
1766310 288
1766320 289
1766330 289
1766340 289
1766350 290
1766360 290
1766370 290
1766380 291
1766390 291
1766400 292
1766410 292
1766420 292
1766430 292
1766440 292
1766450 292
1766460 292
1766470 292
1766480 292
1766490 292
1766500 292
1766510 292
1766520 292
1766530 292
1766540 292
1766550 291
1766560 291
1766570 291
1766580 291
1766590 291
1766600 291
1766610 291
1766620 291
1766630 290
1766640 290
1766650 290
1766660 288
1766670 287
1766680 285
1766690 285
1766700 284
1766710 283
1766720 281
1766730 279
1766740 277
1766750 276
1766760 276
1766770 278
1766780 279
1766790 280
1766800 280
1766810 281
1766820 281
1766830 282
1766840 284
1766850 285
1766860 287
1766870 289
1766880 291
1766890 293
1766900 293
1766910 294
1766920 296
1766930 297
1766940 298
1766950 299
1766960 301
1766970 302
1766980 303
1766990 304
1767000 304
1767010 304
1767020 305
1767030 305
1767040 305
1767050 305
1767060 305
1767070 305
1767080 305
1767090 305
1767100 304
1767110 304
1767120 304
1767130 304
1767140 304
1767150 303
1767160 303
1767170 303
1767180 303
1767190 303
1767200 303
1767210 303
1767220 304
1767230 304
1767240 304
1767250 303
1767260 303
1767270 303
1767280 303
1767290 303
1767300 303
1767310 302
1767320 302
1767330 302
1767340 302
1767350 302
1767360 301
1767370 301
1767380 301
1767390 301
1767400 300
1767410 300
1767420 300
1767430 300
1767440 300
1767450 300
1767460 299
1767470 299
1767480 299
1767490 299
1767500 299
1767510 299
1767520 299
1767530 299
1767540 299
1767550 298
1767560 298
1767570 298
1767580 298
1767590 297
1767600 297
1767610 297
1767620 297
1767630 297
1767640 297
1767650 296
1767660 296
1767670 296
1767680 296
1767690 296
1767700 297
1767710 297
1767720 297
1767730 297
1767740 297
1767750 297
1767760 297
1767770 297
1767780 297
1767790 296
1767800 295
1767810 295
1767820 294
1767830 293
1767840 293
1767850 292
1767860 291
1767870 291
1767880 290
1767890 290
1767900 289
1767910 289
1767920 288
1767930 288
1767940 287
1767950 287
1767960 286
1767970 286
1767980 285
1767990 285
1768000 284
1768010 284
1768020 283
1768030 283
1768040 282
1768050 282
1768060 281
1768070 281
1768080 280
1768090 279
1768100 279
1768110 278
1768120 278
1768130 277
1768140 277
1768150 276
1768160 276
1768170 275
1768180 275
1768190 274
1768200 274
1768210 273
1768220 273
1768230 273
1768240 272
1768250 272
1768260 271
1768270 271
1768280 271
1768290 270
1768300 270
1768310 269
1768320 269
1768330 268
1768340 267
1768350 267
1768360 266
1768370 266
1768380 265
1768390 265
1768400 264
1768410 263
1768420 263
1768430 262
1768440 261
1768450 261
1768460 260
1768470 260
1768480 259
1768490 258
1768500 258
1768510 257
1768520 256
1768530 256
1768540 255
1768550 254
1768560 254
1768570 253
1768580 252
1768590 251
1768600 250
1768610 250
1768620 249
1768630 248
1768640 247
1768650 246
1768660 245
1768670 244
1768680 243
1768690 242
1768700 241
1768710 240
1768720 239
1768730 239
1768740 238
1768750 238
1768760 238
1768770 237
1768780 236
1768790 236
1768800 236
1768810 236
1768820 236
1768830 236
1768840 235
1768850 235
1768860 235
1768870 235
1768880 235
1768890 235
1768900 235
1768910 235
1768920 235
1768930 235
1768940 235
1768950 235
1768960 235
1768970 235
1768980 235
1768990 235
1769000 235
1769010 234
1769020 234
1769030 234
1769040 233
1769050 233
1769060 233
1769070 233
1769080 233
1769090 233
1769100 233
1769110 233
1769120 233
1769130 233
1769140 232
1769150 231
1769160 231
1769170 232
1769180 232
1769190 232
1769200 232
1769210 232
1769220 231
1769230 231
1769240 230
1769250 230
1769260 231
1769270 231
1769280 232
1769290 232
1769300 232
1769310 233
1769320 233
1769330 233
1769340 233
1769350 233
1769360 233
1769370 233
1769380 233
1769390 232
1769400 232
1769410 232
1769420 232
1769430 232
1769440 233
1769450 233
1769460 233
1769470 233
1769480 233
1769490 233
1769500 233
1769510 233
1769520 233
1769530 233
1769540 233
1769550 233
1769560 233
1769570 233
1769580 233
1769590 233
1769600 235
1769610 236
1769620 238
1769630 239
1769640 240
1769650 241
1769660 242
1769670 242
1769680 243
1769690 244
1769700 245
1769710 247
1769720 248
1769730 249
1769740 250
1769750 251
1769760 252
1769770 253
1769780 254
1769790 254
1769800 255
1769810 256
1769820 257
1769830 257
1769840 258
1769850 258
1769860 259
1769870 259
1769880 260
1769890 261
1769900 261
1769910 262
1769920 263
1769930 263
1769940 264
1769950 265
1769960 265
1769970 265
1769980 266
1769990 266
1770000 266
1770010 267
1770020 267
1770030 267
1770040 268
1770050 268
1770060 269
1770070 269
1770080 270
1770090 270
1770100 271
1770110 271
1770120 271
1770130 272
1770140 272
1770150 273
1770160 273
1770170 274
1770180 275
1770190 275
1770200 276
1770210 276
1770220 276
1770230 277
1770240 277
1770250 278
1770260 278
1770270 278
1770280 279
1770290 279
1770300 279
1770310 279
1770320 279
1770330 278
1770340 278
1770350 278
1770360 278
1770370 278
1770380 278
1770390 278
1770400 277
1770410 277
1770420 277
1770430 276
1770440 276
1770450 275
1770460 274
1770470 273
1770480 273
1770490 272
1770500 271
1770510 270
1770520 269
1770530 268
1770540 267
1770550 266
1770560 265
1770570 263
1770580 262
1770590 261
1770600 260
1770610 259
1770620 259
1770630 259
1770640 260
1770650 261
1770660 262
1770670 263
1770680 265
1770690 267
1770700 270
1770710 272
1770720 274
1770730 276
1770740 277
1770750 279
1770760 280
1770770 282
1770780 284
1770790 285
1770800 287
1770810 289
1770820 291
1770830 293
1770840 295
1770850 297
1770860 298
1770870 300
1770880 302
1770890 303
1770900 305
1770910 306
1770920 307
1770930 308
1770940 309
1770950 309
1770960 309
1770970 309
1770980 309
1770990 309
1771000 309
1771010 309
1771020 309
1771030 309
1771040 309
1771050 308
1771060 308
1771070 308
1771080 307
1771090 306
1771100 306
1771110 305
1771120 305
1771130 304
1771140 304
1771150 304
1771160 304
1771170 303
1771180 303
1771190 302
1771200 302
1771210 301
1771220 301
1771230 300
1771240 300
1771250 300
1771260 299
1771270 299
1771280 299
1771290 298
1771300 298
1771310 298
1771320 297
1771330 297
1771340 297
1771350 297
1771360 297
1771370 296
1771380 296
1771390 295
1771400 295
1771410 295
1771420 295
1771430 294
1771440 294
1771450 294
1771460 294
1771470 293
1771480 293
1771490 293
1771500 293
1771510 292
1771520 292
1771530 292
1771540 292
1771550 292
1771560 292
1771570 291
1771580 291
1771590 291
1771600 291
1771610 291
1771620 291
1771630 290
1771640 290
1771650 290
1771660 290
1771670 290
1771680 289
1771690 289
1771700 289
1771710 289
1771720 289
1771730 288
1771740 288
1771750 288
1771760 288
1771770 287
1771780 287
1771790 286
1771800 285
1771810 284
1771820 283
1771830 282
1771840 281
1771850 282
1771860 282
1771870 283
1771880 283
1771890 283
1771900 283
1771910 283
1771920 283
1771930 282
1771940 282
1771950 282
1771960 281
1771970 281
1771980 280
1771990 280
1772000 280
1772010 279
1772020 279
1772030 279
1772040 278
1772050 278
1772060 277
1772070 277
1772080 276
1772090 276
1772100 276
1772110 275
1772120 275
1772130 275
1772140 274
1772150 274
1772160 274
1772170 273
1772180 273
1772190 273
1772200 272
1772210 272
1772220 272
1772230 271
1772240 271
1772250 271
1772260 270
1772270 270
1772280 270
1772290 269
1772300 269
1772310 268
1772320 268
1772330 268
1772340 267
1772350 267
1772360 266
1772370 266
1772380 265
1772390 265
1772400 264
1772410 264
1772420 263
1772430 262
1772440 262
1772450 261
1772460 261
1772470 261
1772480 260
1772490 260
1772500 259
1772510 258
1772520 258
1772530 258
1772540 257
1772550 258
1772560 259
1772570 259
1772580 261
1772590 261
1772600 262
1772610 262
1772620 261
1772630 261
1772640 261
1772650 261
1772660 262
1772670 262
1772680 263
1772690 263
1772700 263
1772710 264
1772720 264
1772730 265
1772740 265
1772750 265
1772760 265
1772770 265
1772780 265
1772790 265
1772800 265
1772810 266
1772820 266
1772830 266
1772840 266
1772850 265
1772860 265
1772870 265
1772880 265
1772890 265
1772900 265
1772910 265
1772920 264
1772930 264
1772940 264
1772950 264
1772960 264
1772970 263
1772980 263
1772990 263
1773000 263
1773010 261
1773020 258
1773030 255
1773040 255
1773050 256
1773060 256
1773070 257
1773080 259
1773090 260
1773100 261
1773110 261
1773120 261
1773130 261
1773140 261
1773150 261
1773160 260
1773170 260
1773180 261
1773190 261
1773200 262
1773210 263
1773220 264
1773230 265
1773240 266
1773250 266
1773260 266
1773270 266
1773280 266
1773290 265
1773300 265
1773310 265
1773320 265
1773330 264
1773340 264
1773350 264
1773360 264
1773370 264
1773380 264
1773390 265
1773400 266
1773410 267
1773420 267
1773430 267
1773440 267
1773450 267
1773460 267
1773470 268
1773480 268
1773490 267
1773500 266
1773510 267
1773520 267
1773530 266
1773540 265
1773550 263
1773560 262
1773570 261
1773580 261
1773590 261
1773600 262
1773610 261
1773620 261
1773630 261
1773640 262
1773650 263
1773660 265
1773670 267
1773680 270
1773690 271
1773700 274
1773710 275
1773720 276
1773730 277
1773740 278
1773750 280
1773760 281
1773770 282
1773780 283
1773790 283
1773800 284
1773810 284
1773820 285
1773830 285
1773840 284
1773850 284
1773860 284
1773870 283
1773880 282
1773890 281
1773900 281
1773910 280
1773920 280
1773930 280
1773940 279
1773950 279
1773960 278
1773970 276
1773980 276
1773990 275
1774000 274
1774010 274
1774020 273
1774030 273
1774040 273
1774050 273
1774060 272
1774070 271
1774080 270
1774090 269
1774100 267
1774110 266
1774120 265
1774130 264
1774140 263
1774150 262
1774160 261
1774170 260
1774180 260
1774190 259
1774200 258
1774210 258
1774220 257
1774230 257
1774240 256
1774250 256
1774260 255
1774270 255
1774280 254
1774290 253
1774300 253
1774310 252
1774320 252
1774330 251
1774340 251
1774350 251
1774360 250
1774370 250
1774380 250
1774390 249
1774400 249
1774410 249
1774420 248
1774430 248
1774440 248
1774450 247
1774460 247
1774470 246
1774480 246
1774490 246
1774500 246
1774510 246
1774520 246
1774530 246
1774540 246
1774550 246
1774560 246
1774570 245
1774580 245
1774590 245
1774600 245
1774610 244
1774620 244
1774630 244
1774640 244
1774650 244
1774660 244
1774670 244
1774680 244
1774690 245
1774700 246
1774710 246
1774720 246
1774730 246
1774740 246
1774750 246
1774760 245
1774770 245
1774780 245
1774790 245
1774800 245
1774810 245
1774820 245
1774830 245
1774840 245
1774850 245
1774860 244
1774870 244
1774880 244
1774890 244
1774900 244
1774910 244
1774920 244
1774930 244
1774940 244
1774950 244
1774960 244
1774970 244
1774980 244
1774990 244
1775000 244
1775010 244
1775020 244
1775030 244
1775040 244
1775050 245
1775060 245
1775070 245
1775080 245
1775090 245
1775100 245
1775110 245
1775120 245
1775130 245
1775140 245
1775150 245
1775160 245
1775170 245
1775180 245
1775190 245
1775200 245
1775210 245
1775220 245
1775230 245
1775240 244
1775250 244
1775260 244
1775270 244
1775280 244
1775290 244
1775300 244
1775310 244
1775320 243
1775330 242
1775340 241
1775350 242
1775360 242
1775370 242
1775380 243
1775390 243
1775400 243
1775410 244
1775420 244
1775430 244
1775440 244
1775450 244
1775460 245
1775470 245
1775480 245
1775490 245
1775500 245
1775510 246
1775520 246
1775530 246
1775540 245
1775550 245
1775560 245
1775570 245
1775580 245
1775590 245
1775600 245
1775610 245
1775620 245
1775630 245
1775640 245
1775650 245
1775660 245
1775670 245
1775680 245
1775690 245
1775700 245
1775710 245
1775720 245
1775730 245
1775740 246
1775750 246
1775760 246
1775770 246
1775780 247
1775790 247
1775800 247
1775810 247
1775820 247
1775830 247
1775840 247
1775850 247
1775860 248
1775870 248
1775880 249
1775890 249
1775900 250
1775910 250
1775920 250
1775930 251
1775940 251
1775950 251
1775960 251
1775970 251
1775980 252
1775990 252
1776000 252
1776010 253
1776020 253
1776030 253
1776040 254
1776050 254
1776060 254
1776070 254
1776080 254
1776090 254
1776100 254
1776110 254
1776120 255
1776130 255
1776140 255
1776150 255
1776160 255
1776170 256
1776180 256
1776190 256
1776200 256
1776210 257
1776220 257
1776230 257
1776240 258
1776250 258
1776260 258
1776270 258
1776280 258
1776290 259
1776300 259
1776310 259
1776320 260
1776330 260
1776340 260
1776350 261
1776360 261
1776370 261
1776380 261
1776390 261
1776400 261
1776410 261
1776420 261
1776430 262
1776440 262
1776450 262
1776460 262
1776470 263
1776480 263
1776490 263
1776500 264
1776510 264
1776520 264
1776530 264
1776540 264
1776550 264
1776560 264
1776570 264
1776580 264
1776590 264
1776600 264
1776610 264
1776620 264
1776630 264
1776640 264
1776650 264
1776660 265
1776670 265
1776680 264
1776690 264
1776700 263
1776710 262
1776720 261
1776730 261
1776740 262
1776750 264
1776760 265
1776770 266
1776780 267
1776790 268
1776800 269
1776810 269
1776820 269
1776830 270
1776840 270
1776850 270
1776860 270
1776870 270
1776880 270
1776890 270
1776900 270
1776910 270
1776920 270
1776930 271
1776940 271
1776950 271
1776960 271
1776970 271
1776980 271
1776990 271
1777000 272
1777010 272
1777020 273
1777030 274
1777040 274
1777050 274
1777060 274
1777070 274
1777080 275
1777090 275
1777100 275
1777110 276
1777120 276
1777130 276
1777140 276
1777150 277
1777160 277
1777170 277
1777180 277
1777190 277
1777200 277
1777210 277
1777220 276
1777230 276
1777240 275
1777250 275
1777260 274
1777270 273
1777280 273
1777290 272
1777300 272
1777310 272
1777320 271
1777330 271
1777340 271
1777350 271
1777360 271
1777370 272
1777380 274
1777390 276
1777400 277
1777410 278
1777420 278
1777430 279
1777440 279
1777450 280
1777460 281
1777470 281
1777480 282
1777490 282
1777500 283
1777510 283
1777520 283
1777530 283
1777540 283
1777550 283
1777560 284
1777570 285
1777580 286
1777590 286
1777600 286
1777610 286
1777620 286
1777630 287
1777640 287
1777650 287
1777660 287
1777670 287
1777680 287
1777690 287
1777700 287
1777710 287
1777720 287
1777730 287
1777740 287
1777750 287
1777760 286
1777770 286
1777780 286
1777790 286
1777800 285
1777810 285
1777820 285
1777830 285
1777840 284
1777850 284
1777860 284
1777870 283
1777880 283
1777890 283
1777900 282
1777910 282
1777920 282
1777930 281
1777940 281
1777950 280
1777960 280
1777970 279
1777980 279
1777990 277
1778000 275
1778010 273
1778020 270
1778030 268
1778040 267
1778050 267
1778060 268
1778070 268
1778080 269
1778090 269
1778100 269
1778110 269
1778120 269
1778130 269
1778140 270
1778150 270
1778160 271
1778170 272
1778180 273
1778190 275
1778200 276
1778210 278
1778220 279
1778230 281
1778240 283
1778250 285
1778260 287
1778270 289
1778280 290
1778290 292
1778300 293
1778310 294
1778320 295
1778330 296
1778340 296
1778350 297
1778360 298
1778370 299
1778380 300
1778390 300
1778400 301
1778410 302
1778420 303
1778430 304
1778440 305
1778450 306
1778460 306
1778470 307
1778480 307
1778490 308
1778500 308
1778510 309
1778520 309
1778530 310
1778540 310
1778550 311
1778560 311
1778570 312
1778580 313
1778590 313
1778600 314
1778610 314
1778620 315
1778630 315
1778640 316
1778650 316
1778660 317
1778670 317
1778680 318
1778690 318
1778700 318
1778710 319
1778720 319
1778730 319
1778740 319
1778750 319
1778760 319
1778770 319
1778780 319
1778790 319
1778800 319
1778810 319
1778820 319
1778830 319
1778840 318
1778850 318
1778860 318
1778870 318
1778880 317
1778890 317
1778900 317
1778910 317
1778920 317
1778930 317
1778940 317
1778950 317
1778960 317
1778970 317
1778980 317
1778990 317
1779000 317
1779010 317
1779020 317
1779030 317
1779040 318
1779050 318
1779060 318
1779070 318
1779080 318
1779090 318
1779100 318
1779110 318
1779120 318
1779130 318
1779140 318
1779150 318
1779160 318
1779170 318
1779180 318
1779190 317
1779200 317
1779210 317
1779220 316
1779230 316
1779240 315
1779250 315
1779260 314
1779270 313
1779280 313
1779290 313
1779300 312
1779310 312
1779320 311
1779330 310
1779340 310
1779350 309
1779360 308
1779370 307
1779380 306
1779390 305
1779400 304
1779410 303
1779420 302
1779430 300
1779440 298
1779450 297
1779460 296
1779470 297
1779480 299
1779490 301
1779500 303
1779510 305
1779520 307
1779530 308
1779540 309
1779550 311
1779560 312
1779570 313
1779580 314
1779590 314
1779600 315
1779610 316
1779620 316
1779630 317
1779640 317
1779650 318
1779660 318
1779670 318
1779680 319
1779690 319
1779700 319
1779710 319
1779720 319
1779730 318
1779740 318
1779750 318
1779760 318
1779770 317
1779780 317
1779790 317
1779800 317
1779810 316
1779820 316
1779830 316
1779840 315
1779850 314
1779860 314
1779870 314
1779880 313
1779890 312
1779900 312
1779910 311
1779920 310
1779930 310
1779940 309
1779950 309
1779960 309
1779970 307
1779980 305
1779990 305
1760000 253
1760010 253
1760020 253
1760030 253
1760040 253
1760050 253
1760060 253
1760070 253
1760080 253
1760090 253
1760100 253
1760110 253
1760120 253
1760130 253
1760140 253
1760150 252
1760160 252
1760170 253
1760180 253
1760190 254
1760200 254
1760210 254
1760220 254
1760230 254
1760240 254
1760250 254
1760260 254
1760270 255
1760280 255
1760290 255
1760300 255
1760310 255
1760320 256
1760330 256
1760340 256
1760350 256
1760360 256
1760370 257
1760380 257
1760390 257
1760400 258
1760410 258
1760420 259
1760430 259
1760440 259
1760450 260
1760460 260
1760470 260
1760480 261
1760490 261
1760500 261
1760510 262
1760520 262
1760530 262
1760540 263
1760550 265
1760560 266
1760570 266
1760580 264
1760590 264
1760600 264
1760610 264
1760620 264
1760630 264
1760640 265
1760650 265
1760660 265
1760670 265
1760680 266
1760690 266
1760700 266
1760710 266
1760720 266
1760730 266
1760740 266
1760750 267
1760760 267
1760770 267
1760780 267
1760790 267
1760800 267
1760810 267
1760820 267
1760830 267
1760840 267
1760850 267
1760860 268
1760870 268
1760880 268
1760890 268
1760900 268
1760910 268
1760920 268
1760930 268
1760940 268
1760950 268
1760960 268
1760970 269
1760980 269
1760990 269
1761000 268
1761010 268
1761020 268
1761030 268
1761040 268
1761050 268
1761060 268
1761070 268
1761080 268
1761090 268
1761100 268
1761110 268
1761120 268
1761130 268
1761140 268
1761150 268
1761160 268
1761170 269
1761180 269
1761190 269
1761200 269
1761210 269
1761220 269
1761230 269
1761240 269
1761250 269
1761260 269
1761270 270
1761280 270
1761290 270
1761300 270
1761310 270
1761320 270
1761330 271
1761340 271
1761350 271
1761360 271
1761370 271
1761380 271
1761390 272
1761400 272
1761410 272
1761420 272
1761430 273
1761440 273
1761450 273
1761460 273
1761470 273
1761480 273
1761490 273
1761500 273
1761510 273
1761520 273
1761530 273
1761540 273
1761550 273
1761560 272
1761570 272
1761580 272
1761590 272
1761600 271
1761610 271
1761620 271
1761630 270
1761640 270
1761650 270
1761660 269
1761670 269
1761680 269
1761690 269
1761700 268
1761710 268
1761720 268
1761730 267
1761740 267
1761750 267
1761760 267
1761770 267
1761780 266
1761790 266
1761800 266
1761810 266
1761820 265
1761830 265
1761840 265
1761850 265
1761860 264
1761870 264
1761880 264
1761890 264
1761900 264
1761910 263
1761920 263
1761930 263
1761940 263
1761950 262
1761960 262
1761970 262
1761980 262
1761990 262
1762000 261
1762010 261
1762020 261
1762030 261
1762040 260
1762050 260
1762060 260
1762070 260
1762080 259
1762090 259
1762100 259
1762110 259
1762120 258
1762130 258
1762140 258
1762150 258
1762160 258
1762170 257
1762180 257
1762190 257
1762200 257
1762210 256
1762220 256
1762230 256
1762240 255
1762250 255
1762260 255
1762270 255
1762280 255
1762290 255
1762300 254
1762310 254
1762320 254
1762330 254
1762340 254
1762350 254
1762360 254
1762370 254
1762380 254
1762390 254
1762400 253
1762410 253
1762420 253
1762430 253
1762440 253
1762450 253
1762460 253
1762470 253
1762480 253
1762490 253
1762500 253
1762510 253
1762520 252
1762530 252
1762540 252
1762550 252
1762560 252
1762570 252
1762580 252
1762590 252
1762600 252
1762610 252
1762620 252
1762630 252
1762640 252
1762650 252
1762660 252
1762670 252
1762680 252
1762690 252
1762700 252
1762710 252
1762720 252
1762730 251
1762740 251
1762750 251
1762760 251
1762770 251
1762780 251
1762790 251
1762800 251
1762810 251
1762820 251
1762830 251
1762840 251
1762850 251
1762860 251
1762870 251
1762880 251
1762890 251
1762900 251
1762910 251
1762920 251
1762930 251
1762940 251
1762950 251
1762960 251
1762970 251
1762980 251
1762990 251
1763000 251
1763010 251
1763020 251
1763030 251
1763040 251
1763050 251
1763060 251
1763070 251
1763080 251
1763090 251
1763100 251
1763110 251
1763120 251
1763130 251
1763140 251
1763150 251
1763160 251
1763170 251
1763180 251
1763190 251
1763200 251
1763210 251
1763220 251
1763230 251
1763240 251
1763250 251
1763260 251
1763270 251
1763280 251
1763290 251
1763300 251
1763310 251
1763320 251
1763330 251
1763340 251
1763350 251
1763360 251
1763370 251
1763380 251
1763390 251
1763400 251
1763410 251
1763420 251
1763430 251
1763440 251
1763450 251
1763460 252
1763470 252
1763480 252
1763490 251
1763500 251
1763510 252
1763520 252
1763530 252
1763540 252
1763550 252
1763560 252
1763570 252
1763580 252
1763590 252
1763600 252
1763610 252
1763620 252
1763630 252
1763640 252
1763650 252
1763660 252
1763670 252
1763680 253
1763690 253
1763700 253
1763710 253
1763720 253
1763730 253
1763740 253
1763750 253
1763760 253
1763770 253
1763780 253
1763790 253
1763800 253
1763810 254
1763820 254
1763830 254
1763840 254
1763850 254
1763860 255
1763870 255
1763880 255
1763890 255
1763900 255
1763910 256
1763920 256
1763930 256
1763940 256
1763950 256
1763960 257
1763970 257
1763980 257
1763990 257
1764000 257
1764010 258
1764020 258
1764030 258
1764040 258
1764050 259
1764060 259
1764070 259
1764080 259
1764090 260
1764100 260
1764110 260
1764120 261
1764130 261
1764140 261
1764150 261
1764160 262
1764170 262
1764180 262
1764190 262
1764200 263
1764210 263
1764220 264
1764230 264
1764240 264
1764250 265
1764260 265
1764270 266
1764280 266
1764290 266
1764300 266
1764310 266
1764320 267
1764330 268
1764340 268
1764350 268
1764360 268
1764370 268
1764380 268
1764390 269
1764400 269
1764410 270
1764420 270
1764430 270
1764440 271
1764450 271
1764460 272
1764470 272
1764480 273
1764490 273
1764500 274
1764510 274
1764520 274
1764530 274
1764540 275
1764550 275
1764560 275
1764570 275
1764580 276
1764590 276
1764600 276
1764610 276
1764620 276
1764630 277
1764640 277
1764650 277
1764660 277
1764670 277
1764680 278
1764690 278
1764700 278
1764710 279
1764720 279
1764730 279
1764740 279
1764750 280
1764760 280
1764770 281
1764780 281
1764790 282
1764800 282
1764810 282
1764820 282
1764830 282
1764840 282
1764850 283
1764860 283
1764870 283
1764880 284
1764890 284
1764900 284
1764910 284
1764920 285
1764930 285
1764940 286
1764950 286
1764960 286
1764970 286
1764980 287
1764990 287
1765000 287
1765010 287
1765020 287
1765030 287
1765040 287
1765050 287
1765060 287
1765070 287
1765080 287
1765090 287
1765100 287
1765110 287
1765120 286
1765130 286
1765140 286
1765150 286
1765160 286
1765170 286
1765180 286
1765190 286
1765200 286
1765210 286
1765220 286
1765230 286
1765240 285
1765250 285
1765260 285
1765270 285
1765280 285
1765290 285
1765300 285
1765310 285
1765320 285
1765330 285
1765340 285
1765350 285
1765360 285
1765370 285
1765380 285
1765390 284
1765400 284
1765410 284
1765420 284
1765430 284
1765440 284
1765450 284
1765460 285
1765470 285
1765480 284
1765490 284
1765500 284
1765510 283
1765520 283
1765530 283
1765540 282
1765550 282
1765560 282
1765570 282
1765580 282
1765590 282
1765600 282
1765610 282
1765620 282
1765630 282
1765640 282
1765650 282
1765660 282
1765670 282
1765680 282
1765690 282
1765700 282
1765710 283
1765720 282
1765730 282
1765740 282
1765750 282
1765760 282
1765770 282
1765780 282
1765790 282
1765800 282
1765810 282
1765820 282
1765830 282
1765840 282
1765850 282
1765860 281
1765870 281
1765880 281
1765890 282
1765900 282
1765910 283
1765920 283
1765930 283
1765940 284
1765950 284
1765960 284
1765970 284
1765980 284
1765990 284
1766000 284
1766010 284
1766020 284
1766030 284
1766040 284
1766050 284
1766060 285
1766070 285
1766080 285
1766090 285
1766100 285
1766110 285
1766120 285
1766130 286
1766140 286
1766150 286
1766160 286
1766170 286
1766180 286
1766190 286
1766200 287
1766210 287
1766220 287
1766230 287
1766240 288
1766250 288
1766260 288
1766270 289
1766280 288
1766290 288
1766300 288
1766310 288
1766320 289
1766330 289
1766340 289
1766350 290
1766360 290
1766370 290
1766380 291
1766390 291
1766400 292
1766410 292
1766420 292
1766430 292
1766440 292
1766450 292
1766460 292
1766470 292
1766480 292
1766490 292
1766500 292
1766510 292
1766520 292
1766530 292
1766540 292
1766550 291
1766560 291
1766570 291
1766580 291
1766590 291
1766600 291
1766610 291
1766620 291
1766630 290
1766640 290
1766650 290
1766660 288
1766670 287
1766680 285
1766690 285
1766700 284
1766710 283
1766720 281
1766730 279
1766740 277
1766750 276
1766760 276
1766770 278
1766780 279
1766790 280
1766800 280
1766810 281
1766820 281
1766830 282
1766840 284
1766850 285
1766860 287
1766870 289
1766880 291
1766890 293
1766900 293
1766910 294
1766920 296
1766930 297
1766940 298
1766950 299
1766960 301
1766970 302
1766980 303
1766990 304
1767000 304
1767010 304
1767020 305
1767030 305
1767040 305
1767050 305
1767060 305
1767070 305
1767080 305
1767090 305
1767100 304
1767110 304
1767120 304
1767130 304
1767140 304
1767150 303
1767160 303
1767170 303
1767180 303
1767190 303
1767200 303
1767210 303
1767220 304
1767230 304
1767240 304
1767250 303
1767260 303
1767270 303
1767280 303
1767290 303
1767300 303
1767310 302
1767320 302
1767330 302
1767340 302
1767350 302
1767360 301
1767370 301
1767380 301
1767390 301
1767400 300
1767410 300
1767420 300
1767430 300
1767440 300
1767450 300
1767460 299
1767470 299
1767480 299
1767490 299
1767500 299
1767510 299
1767520 299
1767530 299
1767540 299
1767550 298
1767560 298
1767570 298
1767580 298
1767590 297
1767600 297
1767610 297
1767620 297
1767630 297
1767640 297
1767650 296
1767660 296
1767670 296
1767680 296
1767690 296
1767700 297
1767710 297
1767720 297
1767730 297
1767740 297
1767750 297
1767760 297
1767770 297
1767780 297
1767790 296
1767800 295
1767810 295
1767820 294
1767830 293
1767840 293
1767850 292
1767860 291
1767870 291
1767880 290
1767890 290
1767900 289
1767910 289
1767920 288
1767930 288
1767940 287
1767950 287
1767960 286
1767970 286
1767980 285
1767990 285
1768000 284
1768010 284
1768020 283
1768030 283
1768040 282
1768050 282
1768060 281
1768070 281
1768080 280
1768090 279
1768100 279
1768110 278
1768120 278
1768130 277
1768140 277
1768150 276
1768160 276
1768170 275
1768180 275
1768190 274
1768200 274
1768210 273
1768220 273
1768230 273
1768240 272
1768250 272
1768260 271
1768270 271
1768280 271
1768290 270
1768300 270
1768310 269
1768320 269
1768330 268
1768340 267
1768350 267
1768360 266
1768370 266
1768380 265
1768390 265
1768400 264
1768410 263
1768420 263
1768430 262
1768440 261
1768450 261
1768460 260
1768470 260
1768480 259
1768490 258
1768500 258
1768510 257
1768520 256
1768530 256
1768540 255
1768550 254
1768560 254
1768570 253
1768580 252
1768590 251
1768600 250
1768610 250
1768620 249
1768630 248
1768640 247
1768650 246
1768660 245
1768670 244
1768680 243
1768690 242
1768700 241
1768710 240
1768720 239
1768730 239
1768740 238
1768750 238
1768760 238
1768770 237
1768780 236
1768790 236
1768800 236
1768810 236
1768820 236
1768830 236
1768840 235
1768850 235
1768860 235
1768870 235
1768880 235
1768890 235
1768900 235
1768910 235
1768920 235
1768930 235
1768940 235
1768950 235
1768960 235
1768970 235
1768980 235
1768990 235
1769000 235
1769010 234
1769020 234
1769030 234
1769040 233
1769050 233
1769060 233
1769070 233
1769080 233
1769090 233
1769100 233
1769110 233
1769120 233
1769130 233
1769140 232
1769150 231
1769160 231
1769170 232
1769180 232
1769190 232
1769200 232
1769210 232
1769220 231
1769230 231
1769240 230
1769250 230
1769260 231
1769270 231
1769280 232
1769290 232
1769300 232
1769310 233
1769320 233
1769330 233
1769340 233
1769350 233
1769360 233
1769370 233
1769380 233
1769390 232
1769400 232
1769410 232
1769420 232
1769430 232
1769440 233
1769450 233
1769460 233
1769470 233
1769480 233
1769490 233
1769500 233
1769510 233
1769520 233
1769530 233
1769540 233
1769550 233
1769560 233
1769570 233
1769580 233
1769590 233
1769600 235
1769610 236
1769620 238
1769630 239
1769640 240
1769650 241
1769660 242
1769670 242
1769680 243
1769690 244
1769700 245
1769710 247
1769720 248
1769730 249
1769740 250
1769750 251
1769760 252
1769770 253
1769780 254
1769790 254
1769800 255
1769810 256
1769820 257
1769830 257
1769840 258
1769850 258
1769860 259
1769870 259
1769880 260
1769890 261
1769900 261
1769910 262
1769920 263
1769930 263
1769940 264
1769950 265
1769960 265
1769970 265
1769980 266
1769990 266
1770000 266
1770010 267
1770020 267
1770030 267
1770040 268
1770050 268
1770060 269
1770070 269
1770080 270
1770090 270
1770100 271
1770110 271
1770120 271
1770130 272
1770140 272
1770150 273
1770160 273
1770170 274
1770180 275
1770190 275
1770200 276
1770210 276
1770220 276
1770230 277
1770240 277
1770250 278
1770260 278
1770270 278
1770280 279
1770290 279
1770300 279
1770310 279
1770320 279
1770330 278
1770340 278
1770350 278
1770360 278
1770370 278
1770380 278
1770390 278
1770400 277
1770410 277
1770420 277
1770430 276
1770440 276
1770450 275
1770460 274
1770470 273
1770480 273
1770490 272
1770500 271
1770510 270
1770520 269
1770530 268
1770540 267
1770550 266
1770560 265
1770570 263
1770580 262
1770590 261
1770600 260
1770610 259
1770620 259
1770630 259
1770640 260
1770650 261
1770660 262
1770670 263
1770680 265
1770690 267
1770700 270
1770710 272
1770720 274
1770730 276
1770740 277
1770750 279
1770760 280
1770770 282
1770780 284
1770790 285
1770800 287
1770810 289
1770820 291
1770830 293
1770840 295
1770850 297
1770860 298
1770870 300
1770880 302
1770890 303
1770900 305
1770910 306
1770920 307
1770930 308
1770940 309
1770950 309
1770960 309
1770970 309
1770980 309
1770990 309
1771000 309
1771010 309
1771020 309
1771030 309
1771040 309
1771050 308
1771060 308
1771070 308
1771080 307
1771090 306
1771100 306
1771110 305
1771120 305
1771130 304
1771140 304
1771150 304
1771160 304
1771170 303
1771180 303
1771190 302
1771200 302
1771210 301
1771220 301
1771230 300
1771240 300
1771250 300
1771260 299
1771270 299
1771280 299
1771290 298
1771300 298
1771310 298
1771320 297
1771330 297
1771340 297
1771350 297
1771360 297
1771370 296
1771380 296
1771390 295
1771400 295
1771410 295
1771420 295
1771430 294
1771440 294
1771450 294
1771460 294
1771470 293
1771480 293
1771490 293
1771500 293
1771510 292
1771520 292
1771530 292
1771540 292
1771550 292
1771560 292
1771570 291
1771580 291
1771590 291
1771600 291
1771610 291
1771620 291
1771630 290
1771640 290
1771650 290
1771660 290
1771670 290
1771680 289
1771690 289
1771700 289
1771710 289
1771720 289
1771730 288
1771740 288
1771750 288
1771760 288
1771770 287
1771780 287
1771790 286
1771800 285
1771810 284
1771820 283
1771830 282
1771840 281
1771850 282
1771860 282
1771870 283
1771880 283
1771890 283
1771900 283
1771910 283
1771920 283
1771930 282
1771940 282
1771950 282
1771960 281
1771970 281
1771980 280
1771990 280
1772000 280
1772010 279
1772020 279
1772030 279
1772040 278
1772050 278
1772060 277
1772070 277
1772080 276
1772090 276
1772100 276
1772110 275
1772120 275
1772130 275
1772140 274
1772150 274
1772160 274
1772170 273
1772180 273
1772190 273
1772200 272
1772210 272
1772220 272
1772230 271
1772240 271
1772250 271
1772260 270
1772270 270
1772280 270
1772290 269
1772300 269
1772310 268
1772320 268
1772330 268
1772340 267
1772350 267
1772360 266
1772370 266
1772380 265
1772390 265
1772400 264
1772410 264
1772420 263
1772430 262
1772440 262
1772450 261
1772460 261
1772470 261
1772480 260
1772490 260
1772500 259
1772510 258
1772520 258
1772530 258
1772540 257
1772550 258
1772560 259
1772570 259
1772580 261
1772590 261
1772600 262
1772610 262
1772620 261
1772630 261
1772640 261
1772650 261
1772660 262
1772670 262
1772680 263
1772690 263
1772700 263
1772710 264
1772720 264
1772730 265
1772740 265
1772750 265
1772760 265
1772770 265
1772780 265
1772790 265
1772800 265
1772810 266
1772820 266
1772830 266
1772840 266
1772850 265
1772860 265
1772870 265
1772880 265
1772890 265
1772900 265
1772910 265
1772920 264
1772930 264
1772940 264
1772950 264
1772960 264
1772970 263
1772980 263
1772990 263
1773000 263
1773010 261
1773020 258
1773030 255
1773040 255
1773050 256
1773060 256
1773070 257
1773080 259
1773090 260
1773100 261
1773110 261
1773120 261
1773130 261
1773140 261
1773150 261
1773160 260
1773170 260
1773180 261
1773190 261
1773200 262
1773210 263
1773220 264
1773230 265
1773240 266
1773250 266
1773260 266
1773270 266
1773280 266
1773290 265
1773300 265
1773310 265
1773320 265
1773330 264
1773340 264
1773350 264
1773360 264
1773370 264
1773380 264
1773390 265
1773400 266
1773410 267
1773420 267
1773430 267
1773440 267
1773450 267
1773460 267
1773470 268
1773480 268
1773490 267
1773500 266
1773510 267
1773520 267
1773530 266
1773540 265
1773550 263
1773560 262
1773570 261
1773580 261
1773590 261
1773600 262
1773610 261
1773620 261
1773630 261
1773640 262
1773650 263
1773660 265
1773670 267
1773680 270
1773690 271
1773700 274
1773710 275
1773720 276
1773730 277
1773740 278
1773750 280
1773760 281
1773770 282
1773780 283
1773790 283
1773800 284
1773810 284
1773820 285
1773830 285
1773840 284
1773850 284
1773860 284
1773870 283
1773880 282
1773890 281
1773900 281
1773910 280
1773920 280
1773930 280
1773940 279
1773950 279
1773960 278
1773970 276
1773980 276
1773990 275
1774000 274
1774010 274
1774020 273
1774030 273
1774040 273
1774050 273
1774060 272
1774070 271
1774080 270
1774090 269
1774100 267
1774110 266
1774120 265
1774130 264
1774140 263
1774150 262
1774160 261
1774170 260
1774180 260
1774190 259
1774200 258
1774210 258
1774220 257
1774230 257
1774240 256
1774250 256
1774260 255
1774270 255
1774280 254
1774290 253
1774300 253
1774310 252
1774320 252
1774330 251
1774340 251
1774350 251
1774360 250
1774370 250
1774380 250
1774390 249
1774400 249
1774410 249
1774420 248
1774430 248
1774440 248
1774450 247
1774460 247
1774470 246
1774480 246
1774490 246
1774500 246
1774510 246
1774520 246
1774530 246
1774540 246
1774550 246
1774560 246
1774570 245
1774580 245
1774590 245
1774600 245
1774610 244
1774620 244
1774630 244
1774640 244
1774650 244
1774660 244
1774670 244
1774680 244
1774690 245
1774700 246
1774710 246
1774720 246
1774730 246
1774740 246
1774750 246
1774760 245
1774770 245
1774780 245
1774790 245
1774800 245
1774810 245
1774820 245
1774830 245
1774840 245
1774850 245
1774860 244
1774870 244
1774880 244
1774890 244
1774900 244
1774910 244
1774920 244
1774930 244
1774940 244
1774950 244
1774960 244
1774970 244
1774980 244
1774990 244
1775000 244
1775010 244
1775020 244
1775030 244
1775040 244
1775050 245
1775060 245
1775070 245
1775080 245
1775090 245
1775100 245
1775110 245
1775120 245
1775130 245
1775140 245
1775150 245
1775160 245
1775170 245
1775180 245
1775190 245
1775200 245
1775210 245
1775220 245
1775230 245
1775240 244
1775250 244
1775260 244
1775270 244
1775280 244
1775290 244
1775300 244
1775310 244
1775320 243
1775330 242
1775340 241
1775350 242
1775360 242
1775370 242
1775380 243
1775390 243
1775400 243
1775410 244
1775420 244
1775430 244
1775440 244
1775450 244
1775460 245
1775470 245
1775480 245
1775490 245
1775500 245
1775510 246
1775520 246
1775530 246
1775540 245
1775550 245
1775560 245
1775570 245
1775580 245
1775590 245
1775600 245
1775610 245
1775620 245
1775630 245
1775640 245
1775650 245
1775660 245
1775670 245
1775680 245
1775690 245
1775700 245
1775710 245
1775720 245
1775730 245
1775740 246
1775750 246
1775760 246
1775770 246
1775780 247
1775790 247
1775800 247
1775810 247
1775820 247
1775830 247
1775840 247
1775850 247
1775860 248
1775870 248
1775880 249
1775890 249
1775900 250
1775910 250
1775920 250
1775930 251
1775940 251
1775950 251
1775960 251
1775970 251
1775980 252
1775990 252
1776000 252
1776010 253
1776020 253
1776030 253
1776040 254
1776050 254
1776060 254
1776070 254
1776080 254
1776090 254
1776100 254
1776110 254
1776120 255
1776130 255
1776140 255
1776150 255
1776160 255
1776170 256
1776180 256
1776190 256
1776200 256
1776210 257
1776220 257
1776230 257
1776240 258
1776250 258
1776260 258
1776270 258
1776280 258
1776290 259
1776300 259
1776310 259
1776320 260
1776330 260
1776340 260
1776350 261
1776360 261
1776370 261
1776380 261
1776390 261
1776400 261
1776410 261
1776420 261
1776430 262
1776440 262
1776450 262
1776460 262
1776470 263
1776480 263
1776490 263
1776500 264
1776510 264
1776520 264
1776530 264
1776540 264
1776550 264
1776560 264
1776570 264
1776580 264
1776590 264
1776600 264
1776610 264
1776620 264
1776630 264
1776640 264
1776650 264
1776660 265
1776670 265
1776680 264
1776690 264
1776700 263
1776710 262
1776720 261
1776730 261
1776740 262
1776750 264
1776760 265
1776770 266
1776780 267
1776790 268
1776800 269
1776810 269
1776820 269
1776830 270
1776840 270
1776850 270
1776860 270
1776870 270
1776880 270
1776890 270
1776900 270
1776910 270
1776920 270
1776930 271
1776940 271
1776950 271
1776960 271
1776970 271
1776980 271
1776990 271
1777000 272
1777010 272
1777020 273
1777030 274
1777040 274
1777050 274
1777060 274
1777070 274
1777080 275
1777090 275
1777100 275
1777110 276
1777120 276
1777130 276
1777140 276
1777150 277
1777160 277
1777170 277
1777180 277
1777190 277
1777200 277
1777210 277
1777220 276
1777230 276
1777240 275
1777250 275
1777260 274
1777270 273
1777280 273
1777290 272
1777300 272
1777310 272
1777320 271
1777330 271
1777340 271
1777350 271
1777360 271
1777370 272
1777380 274
1777390 276
1777400 277
1777410 278
1777420 278
1777430 279
1777440 279
1777450 280
1777460 281
1777470 281
1777480 282
1777490 282
1777500 283
1777510 283
1777520 283
1777530 283
1777540 283
1777550 283
1777560 284
1777570 285
1777580 286
1777590 286
1777600 286
1777610 286
1777620 286
1777630 287
1777640 287
1777650 287
1777660 287
1777670 287
1777680 287
1777690 287
1777700 287
1777710 287
1777720 287
1777730 287
1777740 287
1777750 287
1777760 286
1777770 286
1777780 286
1777790 286
1777800 285
1777810 285
1777820 285
1777830 285
1777840 284
1777850 284
1777860 284
1777870 283
1777880 283
1777890 283
1777900 282
1777910 282
1777920 282
1777930 281
1777940 281
1777950 280
1777960 280
1777970 279
1777980 279
1777990 277
1778000 275
1778010 273
1778020 270
1778030 268
1778040 267
1778050 267
1778060 268
1778070 268
1778080 269
1778090 269
1778100 269
1778110 269
1778120 269
1778130 269
1778140 270
1778150 270
1778160 271
1778170 272
1778180 273
1778190 275
1778200 276
1778210 278
1778220 279
1778230 281
1778240 283
1778250 285
1778260 287
1778270 289
1778280 290
1778290 292
1778300 293
1778310 294
1778320 295
1778330 296
1778340 296
1778350 297
1778360 298
1778370 299
1778380 300
1778390 300
1778400 301
1778410 302
1778420 303
1778430 304
1778440 305
1778450 306
1778460 306
1778470 307
1778480 307
1778490 308
1778500 308
1778510 309
1778520 309
1778530 310
1778540 310
1778550 311
1778560 311
1778570 312
1778580 313
1778590 313
1778600 314
1778610 314
1778620 315
1778630 315
1778640 316
1778650 316
1778660 317
1778670 317
1778680 318
1778690 318
1778700 318
1778710 319
1778720 319
1778730 319
1778740 319
1778750 319
1778760 319
1778770 319
1778780 319
1778790 319
1778800 319
1778810 319
1778820 319
1778830 319
1778840 318
1778850 318
1778860 318
1778870 318
1778880 317
1778890 317
1778900 317
1778910 317
1778920 317
1778930 317
1778940 317
1778950 317
1778960 317
1778970 317
1778980 317
1778990 317
1779000 317
1779010 317
1779020 317
1779030 317
1779040 318
1779050 318
1779060 318
1779070 318
1779080 318
1779090 318
1779100 318
1779110 318
1779120 318
1779130 318
1779140 318
1779150 318
1779160 318
1779170 318
1779180 318
1779190 317
1779200 317
1779210 317
1779220 316
1779230 316
1779240 315
1779250 315
1779260 314
1779270 313
1779280 313
1779290 313
1779300 312
1779310 312
1779320 311
1779330 310
1779340 310
1779350 309
1779360 308
1779370 307
1779380 306
1779390 305
1779400 304
1779410 303
1779420 302
1779430 300
1779440 298
1779450 297
1779460 296
1779470 297
1779480 299
1779490 301
1779500 303
1779510 305
1779520 307
1779530 308
1779540 309
1779550 311
1779560 312
1779570 313
1779580 314
1779590 314
1779600 315
1779610 316
1779620 316
1779630 317
1779640 317
1779650 318
1779660 318
1779670 318
1779680 319
1779690 319
1779700 319
1779710 319
1779720 319
1779730 318
1779740 318
1779750 318
1779760 318
1779770 317
1779780 317
1779790 317
1779800 317
1779810 316
1779820 316
1779830 316
1779840 315
1779850 314
1779860 314
1779870 314
1779880 313
1779890 312
1779900 312
1779910 311
1779920 310
1779930 310
1779940 309
1779950 309
1779960 309
1779970 307
1779980 305
1779990 305
