1760000 261
1760010 261
1760020 261
1760030 262
1760040 262
1760050 262
1760060 262
1760070 262
1760080 262
1760090 262
1760100 262
1760110 262
1760120 262
1760130 262
1760140 262
1760150 262
1760160 262
1760170 262
1760180 262
1760190 262
1760200 263
1760210 263
1760220 263
1760230 263
1760240 263
1760250 263
1760260 263
1760270 263
1760280 263
1760290 263
1760300 263
1760310 262
1760320 262
1760330 262
1760340 262
1760350 262
1760360 262
1760370 262
1760380 262
1760390 261
1760400 261
1760410 261
1760420 260
1760430 260
1760440 260
1760450 259
1760460 259
1760470 259
1760480 258
1760490 258
1760500 258
1760510 257
1760520 257
1760530 257
1760540 256
1760550 256
1760560 256
1760570 255
1760580 255
1760590 255
1760600 254
1760610 254
1760620 254
1760630 254
1760640 253
1760650 253
1760660 253
1760670 253
1760680 252
1760690 252
1760700 252
1760710 252
1760720 252
1760730 252
1760740 252
1760750 252
1760760 252
1760770 252
1760780 252
1760790 252
1760800 252
1760810 252
1760820 252
1760830 253
1760840 253
1760850 253
1760860 253
1760870 253
1760880 253
1760890 253
1760900 253
1760910 253
1760920 254
1760930 254
1760940 255
1760950 256
1760960 257
1760970 257
1760980 258
1760990 258
1761000 259
1761010 259
1761020 260
1761030 260
1761040 261
1761050 261
1761060 261
1761070 262
1761080 262
1761090 262
1761100 262
1761110 262
1761120 262
1761130 262
1761140 262
1761150 262
1761160 262
1761170 262
1761180 262
1761190 262
1761200 262
1761210 262
1761220 262
1761230 262
1761240 262
1761250 262
1761260 262
1761270 262
1761280 261
1761290 261
1761300 261
1761310 260
1761320 260
1761330 260
1761340 260
1761350 259
1761360 259
1761370 259
1761380 259
1761390 258
1761400 258
1761410 258
1761420 258
1761430 258
1761440 257
1761450 257
1761460 257
1761470 257
1761480 257
1761490 256
1761500 256
1761510 256
1761520 256
1761530 256
1761540 256
1761550 255
1761560 255
1761570 255
1761580 255
1761590 254
1761600 254
1761610 254
1761620 254
1761630 254
1761640 254
1761650 254
1761660 253
1761670 253
1761680 253
1761690 253
1761700 253
1761710 253
1761720 253
1761730 253
1761740 253
1761750 253
1761760 253
1761770 253
1761780 253
1761790 253
1761800 253
1761810 253
1761820 253
1761830 253
1761840 253
1761850 253
1761860 253
1761870 253
1761880 253
1761890 253
1761900 253
1761910 253
1761920 253
1761930 253
1761940 253
1761950 253
1761960 253
1761970 253
1761980 253
1761990 253
1762000 253
1762010 253
1762020 253
1762030 253
1762040 253
1762050 253
1762060 253
1762070 253
1762080 253
1762090 253
1762100 253
1762110 253
1762120 253
1762130 253
1762140 253
1762150 253
1762160 252
1762170 252
1762180 252
1762190 252
1762200 252
1762210 252
1762220 252
1762230 252
1762240 252
1762250 252
1762260 252
1762270 252
1762280 252
1762290 252
1762300 252
1762310 252
1762320 253
1762330 253
1762340 253
1762350 253
1762360 253
1762370 253
1762380 253
1762390 253
1762400 253
1762410 253
1762420 253
1762430 253
1762440 253
1762450 253
1762460 254
1762470 254
1762480 254
1762490 254
1762500 255
1762510 255
1762520 255
1762530 256
1762540 256
1762550 257
1762560 257
1762570 258
1762580 258
1762590 258
1762600 258
1762610 258
1762620 259
1762630 259
1762640 259
1762650 260
1762660 260
1762670 261
1762680 261
1762690 262
1762700 262
1762710 262
1762720 263
1762730 263
1762740 264
1762750 264
1762760 265
1762770 266
1762780 266
1762790 267
1762800 267
1762810 268
1762820 268
1762830 269
1762840 269
1762850 270
1762860 271
1762870 271
1762880 272
1762890 272
1762900 273
1762910 273
1762920 274
1762930 274
1762940 275
1762950 275
1762960 276
1762970 276
1762980 276
1762990 277
1763000 277
1763010 277
1763020 277
1763030 277
1763040 278
1763050 278
1763060 278
1763070 278
1763080 278
1763090 278
1763100 278
1763110 278
1763120 278
1763130 278
1763140 278
1763150 278
1763160 278
1763170 278
1763180 278
1763190 278
1763200 277
1763210 277
1763220 277
1763230 277
1763240 277
1763250 277
1763260 277
1763270 276
1763280 276
1763290 276
1763300 276
1763310 275
1763320 275
1763330 275
1763340 275
1763350 274
1763360 274
1763370 274
1763380 274
1763390 273
1763400 273
1763410 273
1763420 273
1763430 272
1763440 272
1763450 272
1763460 272
1763470 271
1763480 271
1763490 271
1763500 270
1763510 270
1763520 270
1763530 269
1763540 269
1763550 269
1763560 269
1763570 268
1763580 268
1763590 268
1763600 268
1763610 267
1763620 267
1763630 267
1763640 266
1763650 266
1763660 266
1763670 266
1763680 265
1763690 265
1763700 265
1763710 264
1763720 264
1763730 264
1763740 263
1763750 263
1763760 263
1763770 262
1763780 262
1763790 262
1763800 261
1763810 261
1763820 261
1763830 261
1763840 261
1763850 260
1763860 260
1763870 260
1763880 260
1763890 259
1763900 259
1763910 259
1763920 259
1763930 258
1763940 258
1763950 258
1763960 257
1763970 257
1763980 257
1763990 257
1764000 256
1764010 256
1764020 255
1764030 255
1764040 255
1764050 255
1764060 254
1764070 254
1764080 254
1764090 253
1764100 253
1764110 253
1764120 253
1764130 252
1764140 252
1764150 252
1764160 252
1764170 251
1764180 251
1764190 251
1764200 251
1764210 250
1764220 250
1764230 250
1764240 250
1764250 249
1764260 249
1764270 249
1764280 249
1764290 249
1764300 249
1764310 249
1764320 248
1764330 248
1764340 248
1764350 248
1764360 248
1764370 248
1764380 247
1764390 247
1764400 247
1764410 247
1764420 247
1764430 247
1764440 246
1764450 246
1764460 246
1764470 246
1764480 246
1764490 246
1764500 246
1764510 246
1764520 246
1764530 246
1764540 246
1764550 245
1764560 245
1764570 245
1764580 245
1764590 245
1764600 245
1764610 245
1764620 244
1764630 244
1764640 244
1764650 244
1764660 244
1764670 244
1764680 244
1764690 244
1764700 244
1764710 244
1764720 244
1764730 243
1764740 243
1764750 243
1764760 243
1764770 243
1764780 243
1764790 243
1764800 243
1764810 243
1764820 243
1764830 243
1764840 243
1764850 243
1764860 243
1764870 242
1764880 242
1764890 242
1764900 242
1764910 242
1764920 242
1764930 242
1764940 242
1764950 242
1764960 242
1764970 242
1764980 242
1764990 242
1765000 242
1765010 242
1765020 242
1765030 242
1765040 242
1765050 242
1765060 241
1765070 241
1765080 241
1765090 241
1765100 241
1765110 241
1765120 240
1765130 240
1765140 240
1765150 240
1765160 240
1765170 240
1765180 239
1765190 239
1765200 239
1765210 239
1765220 239
1765230 239
1765240 239
1765250 239
1765260 239
1765270 238
1765280 238
1765290 238
1765300 238
1765310 238
1765320 238
1765330 238
1765340 238
1765350 238
1765360 238
1765370 237
1765380 237
1765390 237
1765400 237
1765410 237
1765420 237
1765430 237
1765440 237
1765450 237
1765460 237
1765470 236
1765480 236
1765490 236
1765500 236
1765510 236
1765520 235
1765530 235
1765540 235
1765550 235
1765560 235
1765570 235
1765580 234
1765590 234
1765600 234
1765610 234
1765620 234
1765630 234
1765640 234
1765650 234
1765660 234
1765670 234
1765680 234
1765690 234
1765700 234
1765710 234
1765720 234
1765730 234
1765740 234
1765750 234
1765760 234
1765770 234
1765780 234
1765790 233
1765800 233
1765810 234
1765820 234
1765830 234
1765840 234
1765850 234
1765860 234
1765870 234
1765880 233
1765890 233
1765900 233
1765910 233
1765920 233
1765930 233
1765940 233
1765950 233
1765960 233
1765970 233
1765980 233
1765990 233
1766000 233
1766010 233
1766020 234
1766030 234
1766040 234
1766050 234
1766060 234
1766070 234
1766080 234
1766090 234
1766100 234
1766110 234
1766120 234
1766130 234
1766140 234
1766150 234
1766160 234
1766170 234
1766180 234
1766190 234
1766200 234
1766210 234
1766220 234
1766230 234
1766240 235
1766250 235
1766260 235
1766270 235
1766280 235
1766290 236
1766300 236
1766310 236
1766320 236
1766330 237
1766340 237
1766350 237
1766360 237
1766370 238
1766380 238
1766390 238
1766400 238
1766410 238
1766420 238
1766430 238
1766440 238
1766450 239
1766460 239
1766470 239
1766480 239
1766490 239
1766500 239
1766510 239
1766520 239
1766530 239
1766540 239
1766550 240
1766560 240
1766570 240
1766580 240
1766590 241
1766600 241
1766610 241
1766620 241
1766630 241
1766640 242
1766650 242
1766660 242
1766670 242
1766680 242
1766690 242
1766700 242
1766710 242
1766720 242
1766730 242
1766740 242
1766750 242
1766760 242
1766770 242
1766780 242
1766790 243
1766800 243
1766810 243
1766820 243
1766830 243
1766840 243
1766850 243
1766860 243
1766870 243
1766880 243
1766890 243
1766900 243
1766910 243
1766920 243
1766930 242
1766940 242
1766950 242
1766960 242
1766970 242
1766980 242
1766990 242
1767000 243
1767010 244
1767020 245
1767030 245
1767040 245
1767050 245
1767060 243
1767070 241
1767080 240
1767090 239
1767100 239
1767110 238
1767120 238
1767130 238
1767140 238
1767150 238
1767160 238
1767170 238
1767180 239
1767190 239
1767200 239
1767210 239
1767220 240
1767230 240
1767240 241
1767250 242
1767260 242
1767270 242
1767280 243
1767290 243
1767300 243
1767310 243
1767320 243
1767330 243
1767340 243
1767350 243
1767360 244
1767370 244
1767380 244
1767390 245
1767400 246
1767410 247
1767420 248
1767430 248
1767440 249
1767450 250
1767460 251
1767470 252
1767480 253
1767490 254
1767500 255
1767510 256
1767520 257
1767530 257
1767540 258
1767550 259
1767560 259
1767570 260
1767580 260
1767590 261
1767600 261
1767610 262
1767620 262
1767630 263
1767640 264
1767650 264
1767660 265
1767670 266
1767680 266
1767690 267
1767700 268
1767710 268
1767720 269
1767730 270
1767740 270
1767750 271
1767760 272
1767770 272
1767780 273
1767790 274
1767800 274
1767810 275
1767820 275
1767830 276
1767840 277
1767850 278
1767860 278
1767870 279
1767880 280
1767890 280
1767900 281
1767910 282
1767920 283
1767930 283
1767940 284
1767950 285
1767960 285
1767970 286
1767980 287
1767990 287
1768000 288
1768010 288
1768020 289
1768030 289
1768040 290
1768050 290
1768060 291
1768070 291
1768080 292
1768090 292
1768100 293
1768110 293
1768120 294
1768130 294
1768140 295
1768150 295
1768160 296
1768170 296
1768180 297
1768190 297
1768200 297
1768210 297
1768220 297
1768230 298
1768240 298
1768250 297
1768260 297
1768270 297
1768280 297
1768290 297
1768300 297
1768310 298
1768320 299
1768330 299
1768340 299
1768350 298
1768360 298
1768370 298
1768380 298
1768390 298
1768400 297
1768410 296
1768420 296
1768430 296
1768440 295
1768450 295
1768460 295
1768470 294
1768480 294
1768490 293
1768500 293
1768510 292
1768520 292
1768530 292
1768540 291
1768550 291
1768560 290
1768570 290
1768580 289
1768590 289
1768600 288
1768610 288
1768620 287
1768630 286
1768640 286
1768650 285
1768660 284
1768670 284
1768680 283
1768690 282
1768700 281
1768710 281
1768720 280
1768730 279
1768740 278
1768750 277
1768760 276
1768770 276
1768780 275
1768790 274
1768800 273
1768810 272
1768820 272
1768830 271
1768840 270
1768850 270
1768860 270
1768870 269
1768880 269
1768890 269
1768900 270
1768910 270
1768920 269
1768930 269
1768940 269
1768950 269
1768960 269
1768970 269
1768980 269
1768990 270
1769000 270
1769010 270
1769020 270
1769030 271
1769040 271
1769050 271
1769060 271
1769070 271
1769080 271
1769090 271
1769100 271
1769110 271
1769120 272
1769130 272
1769140 272
1769150 272
1769160 272
1769170 272
1769180 272
1769190 272
1769200 272
1769210 272
1769220 272
1769230 271
1769240 271
1769250 271
1769260 271
1769270 270
1769280 270
1769290 269
1769300 269
1769310 268
1769320 268
1769330 267
1769340 267
1769350 267
1769360 266
1769370 266
1769380 265
1769390 265
1769400 265
1769410 264
1769420 264
1769430 264
1769440 263
1769450 262
1769460 261
1769470 260
1769480 259
1769490 259
1769500 258
1769510 257
1769520 256
1769530 255
1769540 254
1769550 253
1769560 252
1769570 251
1769580 251
1769590 250
1769600 249
1769610 248
1769620 247
1769630 246
1769640 245
1769650 244
1769660 242
1769670 240
1769680 239
1769690 237
1769700 235
1769710 235
1769720 234
1769730 234
1769740 233
1769750 233
1769760 231
1769770 230
1769780 228
1769790 228
1769800 228
1769810 228
1769820 227
1769830 227
1769840 227
1769850 227
1769860 227
1769870 227
1769880 227
1769890 227
1769900 227
1769910 226
1769920 226
1769930 226
1769940 226
1769950 226
1769960 226
1769970 226
1769980 226
1769990 226
1770000 226
1770010 226
1770020 226
1770030 226
1770040 226
1770050 226
1770060 226
1770070 225
1770080 224
1770090 223
1770100 223
1770110 223
1770120 225
1770130 225
1770140 225
1770150 225
1770160 226
1770170 226
1770180 226
1770190 226
1770200 227
1770210 228
1770220 231
1770230 234
1770240 237
1770250 240
1770260 241
1770270 242
1770280 241
1770290 241
1770300 240
1770310 240
1770320 239
1770330 237
1770340 236
1770350 235
1770360 233
1770370 232
1770380 231
1770390 231
1770400 230
1770410 230
1770420 231
1770430 231
1770440 231
1770450 231
1770460 232
1770470 232
1770480 232
1770490 233
1770500 233
1770510 233
1770520 235
1770530 238
1770540 240
1770550 242
1770560 244
1770570 246
1770580 247
1770590 247
1770600 248
1770610 249
1770620 249
1770630 250
1770640 250
1770650 251
1770660 252
1770670 252
1770680 253
1770690 254
1770700 254
1770710 255
1770720 255
1770730 256
1770740 256
1770750 256
1770760 256
1770770 256
1770780 255
1770790 256
1770800 256
1770810 256
1770820 256
1770830 256
1770840 256
1770850 256
1770860 256
1770870 257
1770880 257
1770890 258
1770900 259
1770910 259
1770920 259
1770930 259
1770940 260
1770950 260
1770960 260
1770970 260
1770980 260
1770990 261
1771000 261
1771010 261
1771020 261
1771030 262
1771040 263
1771050 263
1771060 263
1771070 263
1771080 262
1771090 262
1771100 263
1771110 263
1771120 262
1771130 262
1771140 262
1771150 262
1771160 261
1771170 261
1771180 260
1771190 259
1771200 258
1771210 257
1771220 256
1771230 255
1771240 254
1771250 253
1771260 253
1771270 252
1771280 251
1771290 250
1771300 249
1771310 248
1771320 248
1771330 247
1771340 246
1771350 245
1771360 244
1771370 243
1771380 242
1771390 242
1771400 241
1771410 240
1771420 239
1771430 239
1771440 238
1771450 237
1771460 236
1771470 236
1771480 235
1771490 234
1771500 234
1771510 233
1771520 233
1771530 232
1771540 232
1771550 232
1771560 231
1771570 231
1771580 231
1771590 231
1771600 230
1771610 230
1771620 230
1771630 229
1771640 229
1771650 229
1771660 229
1771670 228
1771680 228
1771690 228
1771700 228
1771710 228
1771720 228
1771730 228
1771740 227
1771750 227
1771760 227
1771770 227
1771780 227
1771790 227
1771800 227
1771810 227
1771820 227
1771830 227
1771840 227
1771850 227
1771860 227
1771870 227
1771880 227
1771890 227
1771900 227
1771910 227
1771920 226
1771930 226
1771940 226
1771950 226
1771960 225
1771970 225
1771980 224
1771990 224
1772000 224
1772010 224
1772020 224
1772030 224
1772040 223
1772050 224
1772060 225
1772070 226
1772080 228
1772090 230
1772100 233
1772110 234
1772120 236
1772130 238
1772140 239
1772150 240
1772160 241
1772170 242
1772180 243
1772190 244
1772200 244
1772210 245
1772220 246
1772230 247
1772240 248
1772250 249
1772260 250
1772270 251
1772280 251
1772290 252
1772300 253
1772310 254
1772320 255
1772330 256
1772340 256
1772350 257
1772360 258
1772370 258
1772380 259
1772390 260
1772400 260
1772410 261
1772420 261
1772430 262
1772440 262
1772450 262
1772460 263
1772470 263
1772480 263
1772490 264
1772500 264
1772510 265
1772520 265
1772530 265
1772540 266
1772550 266
1772560 266
1772570 267
1772580 267
1772590 268
1772600 268
1772610 269
1772620 269
1772630 270
1772640 270
1772650 271
1772660 271
1772670 271
1772680 272
1772690 272
1772700 273
1772710 273
1772720 274
1772730 274
1772740 274
1772750 275
1772760 275
1772770 275
1772780 275
1772790 275
1772800 275
1772810 276
1772820 276
1772830 276
1772840 277
1772850 277
1772860 278
1772870 278
1772880 278
1772890 279
1772900 279
1772910 279
1772920 280
1772930 280
1772940 281
1772950 280
1772960 280
1772970 280
1772980 280
1772990 280
1773000 281
1773010 281
1773020 281
1773030 281
1773040 281
1773050 281
1773060 281
1773070 280
1773080 280
1773090 280
1773100 280
1773110 280
1773120 280
1773130 280
1773140 280
1773150 280
1773160 280
1773170 280
1773180 280
1773190 280
1773200 281
1773210 281
1773220 281
1773230 281
1773240 281
1773250 281
1773260 281
1773270 280
1773280 280
1773290 280
1773300 280
1773310 279
1773320 279
1773330 279
1773340 279
1773350 279
1773360 279
1773370 279
1773380 278
1773390 277
1773400 277
1773410 276
1773420 276
1773430 276
1773440 275
1773450 275
1773460 275
1773470 275
1773480 275
1773490 274
1773500 274
1773510 274
1773520 274
1773530 273
1773540 273
1773550 271
1773560 270
1773570 269
1773580 271
1773590 271
1773600 271
1773610 271
1773620 271
1773630 271
1773640 270
1773650 270
1773660 269
1773670 269
1773680 269
1773690 269
1773700 269
1773710 269
1773720 269
1773730 268
1773740 268
1773750 268
1773760 269
1773770 269
1773780 269
1773790 269
1773800 269
1773810 269
1773820 269
1773830 269
1773840 269
1773850 269
1773860 269
1773870 269
1773880 269
1773890 269
1773900 269
1773910 270
1773920 270
1773930 270
1773940 269
1773950 269
1773960 269
1773970 269
1773980 269
1773990 269
1774000 270
1774010 270
1774020 270
1774030 270
1774040 270
1774050 270
1774060 270
1774070 270
1774080 270
1774090 270
1774100 269
1774110 269
1774120 269
1774130 269
1774140 269
1774150 268
1774160 268
1774170 268
1774180 268
1774190 268
1774200 267
1774210 267
1774220 267
1774230 266
1774240 266
1774250 264
1774260 263
1774270 264
1774280 265
1774290 265
1774300 265
1774310 265
1774320 265
1774330 265
1774340 264
1774350 263
1774360 262
1774370 262
1774380 262
1774390 261
1774400 261
1774410 260
1774420 257
1774430 255
1774440 253
1774450 252
1774460 252
1774470 251
1774480 251
1774490 251
1774500 251
1774510 251
1774520 252
1774530 254
1774540 256
1774550 258
1774560 260
1774570 262
1774580 264
1774590 265
1774600 266
1774610 267
1774620 268
1774630 269
1774640 270
1774650 271
1774660 272
1774670 274
1774680 275
1774690 276
1774700 277
1774710 278
1774720 279
1774730 279
1774740 280
1774750 280
1774760 280
1774770 280
1774780 281
1774790 281
1774800 281
1774810 281
1774820 281
1774830 281
1774840 281
1774850 281
1774860 281
1774870 280
1774880 279
1774890 278
1774900 278
1774910 279
1774920 280
1774930 281
1774940 281
1774950 282
1774960 282
1774970 283
1774980 284
1774990 284
1775000 286
1775010 287
1775020 288
1775030 289
1775040 289
1775050 290
1775060 291
1775070 291
1775080 292
1775090 292
1775100 293
1775110 294
1775120 295
1775130 295
1775140 296
1775150 297
1775160 297
1775170 298
1775180 299
1775190 299
1775200 300
1775210 300
1775220 301
1775230 301
1775240 301
1775250 301
1775260 302
1775270 302
1775280 303
1775290 303
1775300 303
1775310 304
1775320 304
1775330 304
1775340 304
1775350 305
1775360 305
1775370 305
1775380 306
1775390 306
1775400 306
1775410 306
1775420 307
1775430 307
1775440 307
1775450 307
1775460 307
1775470 308
1775480 308
1775490 308
1775500 308
1775510 308
1775520 309
1775530 309
1775540 309
1775550 309
1775560 309
1775570 310
1775580 310
1775590 310
1775600 310
1775610 310
1775620 311
1775630 311
1775640 311
1775650 311
1775660 312
1775670 312
1775680 312
1775690 312
1775700 313
1775710 313
1775720 313
1775730 314
1775740 314
1775750 314
1775760 314
1775770 314
1775780 315
1775790 314
1775800 314
1775810 314
1775820 314
1775830 314
1775840 313
1775850 313
1775860 312
1775870 312
1775880 311
1775890 311
1775900 310
1775910 309
1775920 309
1775930 309
1775940 308
1775950 309
1775960 309
1775970 308
1775980 308
1775990 310
1776000 312
1776010 314
1776020 315
1776030 317
1776040 318
1776050 319
1776060 320
1776070 321
1776080 322
1776090 323
1776100 324
1776110 325
1776120 326
1776130 327
1776140 328
1776150 329
1776160 330
1776170 331
1776180 332
1776190 333
1776200 333
1776210 334
1776220 335
1776230 336
1776240 337
1776250 338
1776260 339
1776270 340
1776280 340
1776290 340
1776300 341
1776310 342
1776320 342
1776330 343
1776340 343
1776350 344
1776360 344
1776370 344
1776380 345
1776390 345
1776400 345
1776410 346
1776420 346
1776430 346
1776440 347
1776450 347
1776460 347
1776470 347
1776480 347
1776490 347
1776500 348
1776510 348
1776520 348
1776530 348
1776540 348
1776550 349
1776560 349
1776570 349
1776580 348
1776590 348
1776600 348
1776610 348
1776620 348
1776630 347
1776640 347
1776650 347
1776660 347
1776670 347
1776680 347
1776690 347
1776700 346
1776710 347
1776720 347
1776730 347
1776740 347
1776750 347
1776760 347
1776770 347
1776780 347
1776790 347
1776800 348
1776810 348
1776820 348
1776830 348
1776840 348
1776850 349
1776860 349
1776870 349
1776880 350
1776890 350
1776900 350
1776910 350
1776920 351
1776930 351
1776940 351
1776950 352
1776960 352
1776970 353
1776980 353
1776990 353
1777000 354
1777010 354
1777020 355
1777030 355
1777040 355
1777050 356
1777060 356
1777070 357
1777080 357
1777090 357
1777100 358
1777110 358
1777120 359
1777130 359
1777140 360
1777150 360
1777160 361
1777170 361
1777180 361
1777190 362
1777200 362
1777210 362
1777220 362
1777230 362
1777240 362
1777250 362
1777260 362
1777270 362
1777280 362
1777290 362
1777300 362
1777310 362
1777320 362
1777330 361
1777340 361
1777350 361
1777360 361
1777370 360
1777380 360
1777390 360
1777400 360
1777410 359
1777420 359
1777430 359
1777440 359
1777450 358
1777460 358
1777470 358
1777480 357
1777490 357
1777500 357
1777510 356
1777520 356
1777530 355
1777540 355
1777550 354
1777560 353
1777570 353
1777580 352
1777590 352
1777600 351
1777610 350
1777620 350
1777630 349
1777640 348
1777650 348
1777660 347
1777670 346
1777680 345
1777690 344
1777700 343
1777710 342
1777720 341
1777730 340
1777740 339
1777750 338
1777760 337
1777770 336
1777780 334
1777790 332
1777800 330
1777810 328
1777820 327
1777830 326
1777840 325
1777850 324
1777860 324
1777870 324
1777880 324
1777890 323
1777900 322
1777910 320
1777920 319
1777930 318
1777940 318
1777950 319
1777960 321
1777970 324
1777980 326
1777990 329
1778000 331
1778010 333
1778020 336
1778030 338
1778040 341
1778050 343
1778060 345
1778070 346
1778080 348
1778090 349
1778100 350
1778110 351
1778120 353
1778130 354
1778140 355
1778150 356
1778160 357
1778170 358
1778180 359
1778190 360
1778200 360
1778210 361
1778220 362
1778230 363
1778240 363
1778250 364
1778260 365
1778270 365
1778280 366
1778290 367
1778300 367
1778310 368
1778320 369
1778330 369
1778340 370
1778350 371
1778360 371
1778370 372
1778380 373
1778390 373
1778400 374
1778410 375
1778420 375
1778430 376
1778440 376
1778450 377
1778460 377
1778470 378
1778480 378
1778490 379
1778500 379
1778510 379
1778520 378
1778530 378
1778540 378
1778550 378
1778560 379
1778570 380
1778580 381
1778590 381
1778600 381
1778610 381
1778620 381
1778630 382
1778640 382
1778650 382
1778660 382
1778670 382
1778680 382
1778690 382
1778700 383
1778710 383
1778720 383
1778730 383
1778740 383
1778750 383
1778760 383
1778770 383
1778780 383
1778790 383
1778800 383
1778810 382
1778820 382
1778830 382
1778840 381
1778850 381
1778860 381
1778870 380
1778880 380
1778890 380
1778900 380
1778910 380
1778920 379
1778930 379
1778940 379
1778950 379
1778960 379
1778970 379
1778980 378
1778990 378
1779000 378
1779010 377
1779020 377
1779030 377
1779040 377
1779050 377
1779060 377
1779070 376
1779080 376
1779090 376
1779100 376
1779110 376
1779120 376
1779130 375
1779140 375
1779150 375
1779160 375
1779170 375
1779180 375
1779190 375
1779200 375
1779210 375
1779220 375
1779230 375
1779240 375
1779250 375
1779260 376
1779270 376
1779280 376
1779290 376
1779300 376
1779310 376
1779320 376
1779330 377
1779340 377
1779350 377
1779360 378
1779370 378
1779380 378
1779390 379
1779400 379
1779410 380
1779420 380
1779430 380
1779440 379
1779450 379
1779460 379
1779470 379
1779480 379
1779490 379
1779500 379
1779510 378
1779520 378
1779530 378
1779540 377
1779550 377
1779560 377
1779570 376
1779580 375
1779590 374
1779600 373
1779610 372
1779620 372
1779630 372
1779640 372
1779650 372
1779660 372
1779670 371
1779680 371
1779690 371
1779700 371
1779710 372
1779720 372
1779730 372
1779740 372
1779750 372
1779760 372
1779770 372
1779780 372
1779790 372
1779800 373
1779810 373
1779820 373
1779830 373
1779840 374
1779850 374
1779860 375
1779870 375
1779880 375
1779890 376
1779900 376
1779910 376
1779920 376
1779930 376
1779940 376
1779950 376
1779960 376
1779970 376
1779980 376
1779990 376
1760000 261
1760010 261
1760020 261
1760030 262
1760040 262
1760050 262
1760060 262
1760070 262
1760080 262
1760090 262
1760100 262
1760110 262
1760120 262
1760130 262
1760140 262
1760150 262
1760160 262
1760170 262
1760180 262
1760190 262
1760200 263
1760210 263
1760220 263
1760230 263
1760240 263
1760250 263
1760260 263
1760270 263
1760280 263
1760290 263
1760300 263
1760310 262
1760320 262
1760330 262
1760340 262
1760350 262
1760360 262
1760370 262
1760380 262
1760390 261
1760400 261
1760410 261
1760420 260
1760430 260
1760440 260
1760450 259
1760460 259
1760470 259
1760480 258
1760490 258
1760500 258
1760510 257
1760520 257
1760530 257
1760540 256
1760550 256
1760560 256
1760570 255
1760580 255
1760590 255
1760600 254
1760610 254
1760620 254
1760630 254
1760640 253
1760650 253
1760660 253
1760670 253
1760680 252
1760690 252
1760700 252
1760710 252
1760720 252
1760730 252
1760740 252
1760750 252
1760760 252
1760770 252
1760780 252
1760790 252
1760800 252
1760810 252
1760820 252
1760830 253
1760840 253
1760850 253
1760860 253
1760870 253
1760880 253
1760890 253
1760900 253
1760910 253
1760920 254
1760930 254
1760940 255
1760950 256
1760960 257
1760970 257
1760980 258
1760990 258
1761000 259
1761010 259
1761020 260
1761030 260
1761040 261
1761050 261
1761060 261
1761070 262
1761080 262
1761090 262
1761100 262
1761110 262
1761120 262
1761130 262
1761140 262
1761150 262
1761160 262
1761170 262
1761180 262
1761190 262
1761200 262
1761210 262
1761220 262
1761230 262
1761240 262
1761250 262
1761260 262
1761270 262
1761280 261
1761290 261
1761300 261
1761310 260
1761320 260
1761330 260
1761340 260
1761350 259
1761360 259
1761370 259
1761380 259
1761390 258
1761400 258
1761410 258
1761420 258
1761430 258
1761440 257
1761450 257
1761460 257
1761470 257
1761480 257
1761490 256
1761500 256
1761510 256
1761520 256
1761530 256
1761540 256
1761550 255
1761560 255
1761570 255
1761580 255
1761590 254
1761600 254
1761610 254
1761620 254
1761630 254
1761640 254
1761650 254
1761660 253
1761670 253
1761680 253
1761690 253
1761700 253
1761710 253
1761720 253
1761730 253
1761740 253
1761750 253
1761760 253
1761770 253
1761780 253
1761790 253
1761800 253
1761810 253
1761820 253
1761830 253
1761840 253
1761850 253
1761860 253
1761870 253
1761880 253
1761890 253
1761900 253
1761910 253
1761920 253
1761930 253
1761940 253
1761950 253
1761960 253
1761970 253
1761980 253
1761990 253
1762000 253
1762010 253
1762020 253
1762030 253
1762040 253
1762050 253
1762060 253
1762070 253
1762080 253
1762090 253
1762100 253
1762110 253
1762120 253
1762130 253
1762140 253
1762150 253
1762160 252
1762170 252
1762180 252
1762190 252
1762200 252
1762210 252
1762220 252
1762230 252
1762240 252
1762250 252
1762260 252
1762270 252
1762280 252
1762290 252
1762300 252
1762310 252
1762320 253
1762330 253
1762340 253
1762350 253
1762360 253
1762370 253
1762380 253
1762390 253
1762400 253
1762410 253
1762420 253
1762430 253
1762440 253
1762450 253
1762460 254
1762470 254
1762480 254
1762490 254
1762500 255
1762510 255
1762520 255
1762530 256
1762540 256
1762550 257
1762560 257
1762570 258
1762580 258
1762590 258
1762600 258
1762610 258
1762620 259
1762630 259
1762640 259
1762650 260
1762660 260
1762670 261
1762680 261
1762690 262
1762700 262
1762710 262
1762720 263
1762730 263
1762740 264
1762750 264
1762760 265
1762770 266
1762780 266
1762790 267
1762800 267
1762810 268
1762820 268
1762830 269
1762840 269
1762850 270
1762860 271
1762870 271
1762880 272
1762890 272
1762900 273
1762910 273
1762920 274
1762930 274
1762940 275
1762950 275
1762960 276
1762970 276
1762980 276
1762990 277
1763000 277
1763010 277
1763020 277
1763030 277
1763040 278
1763050 278
1763060 278
1763070 278
1763080 278
1763090 278
1763100 278
1763110 278
1763120 278
1763130 278
1763140 278
1763150 278
1763160 278
1763170 278
1763180 278
1763190 278
1763200 277
1763210 277
1763220 277
1763230 277
1763240 277
1763250 277
1763260 277
1763270 276
1763280 276
1763290 276
1763300 276
1763310 275
1763320 275
1763330 275
1763340 275
1763350 274
1763360 274
1763370 274
1763380 274
1763390 273
1763400 273
1763410 273
1763420 273
1763430 272
1763440 272
1763450 272
1763460 272
1763470 271
1763480 271
1763490 271
1763500 270
1763510 270
1763520 270
1763530 269
1763540 269
1763550 269
1763560 269
1763570 268
1763580 268
1763590 268
1763600 268
1763610 267
1763620 267
1763630 267
1763640 266
1763650 266
1763660 266
1763670 266
1763680 265
1763690 265
1763700 265
1763710 264
1763720 264
1763730 264
1763740 263
1763750 263
1763760 263
1763770 262
1763780 262
1763790 262
1763800 261
1763810 261
1763820 261
1763830 261
1763840 261
1763850 260
1763860 260
1763870 260
1763880 260
1763890 259
1763900 259
1763910 259
1763920 259
1763930 258
1763940 258
1763950 258
1763960 257
1763970 257
1763980 257
1763990 257
1764000 256
1764010 256
1764020 255
1764030 255
1764040 255
1764050 255
1764060 254
1764070 254
1764080 254
1764090 253
1764100 253
1764110 253
1764120 253
1764130 252
1764140 252
1764150 252
1764160 252
1764170 251
1764180 251
1764190 251
1764200 251
1764210 250
1764220 250
1764230 250
1764240 250
1764250 249
1764260 249
1764270 249
1764280 249
1764290 249
1764300 249
1764310 249
1764320 248
1764330 248
1764340 248
1764350 248
1764360 248
1764370 248
1764380 247
1764390 247
1764400 247
1764410 247
1764420 247
1764430 247
1764440 246
1764450 246
1764460 246
1764470 246
1764480 246
1764490 246
1764500 246
1764510 246
1764520 246
1764530 246
1764540 246
1764550 245
1764560 245
1764570 245
1764580 245
1764590 245
1764600 245
1764610 245
1764620 244
1764630 244
1764640 244
1764650 244
1764660 244
1764670 244
1764680 244
1764690 244
1764700 244
1764710 244
1764720 244
1764730 243
1764740 243
1764750 243
1764760 243
1764770 243
1764780 243
1764790 243
1764800 243
1764810 243
1764820 243
1764830 243
1764840 243
1764850 243
1764860 243
1764870 242
1764880 242
1764890 242
1764900 242
1764910 242
1764920 242
1764930 242
1764940 242
1764950 242
1764960 242
1764970 242
1764980 242
1764990 242
1765000 242
1765010 242
1765020 242
1765030 242
1765040 242
1765050 242
1765060 241
1765070 241
1765080 241
1765090 241
1765100 241
1765110 241
1765120 240
1765130 240
1765140 240
1765150 240
1765160 240
1765170 240
1765180 239
1765190 239
1765200 239
1765210 239
1765220 239
1765230 239
1765240 239
1765250 239
1765260 239
1765270 238
1765280 238
1765290 238
1765300 238
1765310 238
1765320 238
1765330 238
1765340 238
1765350 238
1765360 238
1765370 237
1765380 237
1765390 237
1765400 237
1765410 237
1765420 237
1765430 237
1765440 237
1765450 237
1765460 237
1765470 236
1765480 236
1765490 236
1765500 236
1765510 236
1765520 235
1765530 235
1765540 235
1765550 235
1765560 235
1765570 235
1765580 234
1765590 234
1765600 234
1765610 234
1765620 234
1765630 234
1765640 234
1765650 234
1765660 234
1765670 234
1765680 234
1765690 234
1765700 234
1765710 234
1765720 234
1765730 234
1765740 234
1765750 234
1765760 234
1765770 234
1765780 234
1765790 233
1765800 233
1765810 234
1765820 234
1765830 234
1765840 234
1765850 234
1765860 234
1765870 234
1765880 233
1765890 233
1765900 233
1765910 233
1765920 233
1765930 233
1765940 233
1765950 233
1765960 233
1765970 233
1765980 233
1765990 233
1766000 233
1766010 233
1766020 234
1766030 234
1766040 234
1766050 234
1766060 234
1766070 234
1766080 234
1766090 234
1766100 234
1766110 234
1766120 234
1766130 234
1766140 234
1766150 234
1766160 234
1766170 234
1766180 234
1766190 234
1766200 234
1766210 234
1766220 234
1766230 234
1766240 235
1766250 235
1766260 235
1766270 235
1766280 235
1766290 236
1766300 236
1766310 236
1766320 236
1766330 237
1766340 237
1766350 237
1766360 237
1766370 238
1766380 238
1766390 238
1766400 238
1766410 238
1766420 238
1766430 238
1766440 238
1766450 239
1766460 239
1766470 239
1766480 239
1766490 239
1766500 239
1766510 239
1766520 239
1766530 239
1766540 239
1766550 240
1766560 240
1766570 240
1766580 240
1766590 241
1766600 241
1766610 241
1766620 241
1766630 241
1766640 242
1766650 242
1766660 242
1766670 242
1766680 242
1766690 242
1766700 242
1766710 242
1766720 242
1766730 242
1766740 242
1766750 242
1766760 242
1766770 242
1766780 242
1766790 243
1766800 243
1766810 243
1766820 243
1766830 243
1766840 243
1766850 243
1766860 243
1766870 243
1766880 243
1766890 243
1766900 243
1766910 243
1766920 243
1766930 242
1766940 242
1766950 242
1766960 242
1766970 242
1766980 242
1766990 242
1767000 243
1767010 244
1767020 245
1767030 245
1767040 245
1767050 245
1767060 243
1767070 241
1767080 240
1767090 239
1767100 239
1767110 238
1767120 238
1767130 238
1767140 238
1767150 238
1767160 238
1767170 238
1767180 239
1767190 239
1767200 239
1767210 239
1767220 240
1767230 240
1767240 241
1767250 242
1767260 242
1767270 242
1767280 243
1767290 243
1767300 243
1767310 243
1767320 243
1767330 243
1767340 243
1767350 243
1767360 244
1767370 244
1767380 244
1767390 245
1767400 246
1767410 247
1767420 248
1767430 248
1767440 249
1767450 250
1767460 251
1767470 252
1767480 253
1767490 254
1767500 255
1767510 256
1767520 257
1767530 257
1767540 258
1767550 259
1767560 259
1767570 260
1767580 260
1767590 261
1767600 261
1767610 262
1767620 262
1767630 263
1767640 264
1767650 264
1767660 265
1767670 266
1767680 266
1767690 267
1767700 268
1767710 268
1767720 269
1767730 270
1767740 270
1767750 271
1767760 272
1767770 272
1767780 273
1767790 274
1767800 274
1767810 275
1767820 275
1767830 276
1767840 277
1767850 278
1767860 278
1767870 279
1767880 280
1767890 280
1767900 281
1767910 282
1767920 283
1767930 283
1767940 284
1767950 285
1767960 285
1767970 286
1767980 287
1767990 287
1768000 288
1768010 288
1768020 289
1768030 289
1768040 290
1768050 290
1768060 291
1768070 291
1768080 292
1768090 292
1768100 293
1768110 293
1768120 294
1768130 294
1768140 295
1768150 295
1768160 296
1768170 296
1768180 297
1768190 297
1768200 297
1768210 297
1768220 297
1768230 298
1768240 298
1768250 297
1768260 297
1768270 297
1768280 297
1768290 297
1768300 297
1768310 298
1768320 299
1768330 299
1768340 299
1768350 298
1768360 298
1768370 298
1768380 298
1768390 298
1768400 297
1768410 296
1768420 296
1768430 296
1768440 295
1768450 295
1768460 295
1768470 294
1768480 294
1768490 293
1768500 293
1768510 292
1768520 292
1768530 292
1768540 291
1768550 291
1768560 290
1768570 290
1768580 289
1768590 289
1768600 288
1768610 288
1768620 287
1768630 286
1768640 286
1768650 285
1768660 284
1768670 284
1768680 283
1768690 282
1768700 281
1768710 281
1768720 280
1768730 279
1768740 278
1768750 277
1768760 276
1768770 276
1768780 275
1768790 274
1768800 273
1768810 272
1768820 272
1768830 271
1768840 270
1768850 270
1768860 270
1768870 269
1768880 269
1768890 269
1768900 270
1768910 270
1768920 269
1768930 269
1768940 269
1768950 269
1768960 269
1768970 269
1768980 269
1768990 270
1769000 270
1769010 270
1769020 270
1769030 271
1769040 271
1769050 271
1769060 271
1769070 271
1769080 271
1769090 271
1769100 271
1769110 271
1769120 272
1769130 272
1769140 272
1769150 272
1769160 272
1769170 272
1769180 272
1769190 272
1769200 272
1769210 272
1769220 272
1769230 271
1769240 271
1769250 271
1769260 271
1769270 270
1769280 270
1769290 269
1769300 269
1769310 268
1769320 268
1769330 267
1769340 267
1769350 267
1769360 266
1769370 266
1769380 265
1769390 265
1769400 265
1769410 264
1769420 264
1769430 264
1769440 263
1769450 262
1769460 261
1769470 260
1769480 259
1769490 259
1769500 258
1769510 257
1769520 256
1769530 255
1769540 254
1769550 253
1769560 252
1769570 251
1769580 251
1769590 250
1769600 249
1769610 248
1769620 247
1769630 246
1769640 245
1769650 244
1769660 242
1769670 240
1769680 239
1769690 237
1769700 235
1769710 235
1769720 234
1769730 234
1769740 233
1769750 233
1769760 231
1769770 230
1769780 228
1769790 228
1769800 228
1769810 228
1769820 227
1769830 227
1769840 227
1769850 227
1769860 227
1769870 227
1769880 227
1769890 227
1769900 227
1769910 226
1769920 226
1769930 226
1769940 226
1769950 226
1769960 226
1769970 226
1769980 226
1769990 226
1770000 226
1770010 226
1770020 226
1770030 226
1770040 226
1770050 226
1770060 226
1770070 225
1770080 224
1770090 223
1770100 223
1770110 223
1770120 225
1770130 225
1770140 225
1770150 225
1770160 226
1770170 226
1770180 226
1770190 226
1770200 227
1770210 228
1770220 231
1770230 234
1770240 237
1770250 240
1770260 241
1770270 242
1770280 241
1770290 241
1770300 240
1770310 240
1770320 239
1770330 237
1770340 236
1770350 235
1770360 233
1770370 232
1770380 231
1770390 231
1770400 230
1770410 230
1770420 231
1770430 231
1770440 231
1770450 231
1770460 232
1770470 232
1770480 232
1770490 233
1770500 233
1770510 233
1770520 235
1770530 238
1770540 240
1770550 242
1770560 244
1770570 246
1770580 247
1770590 247
1770600 248
1770610 249
1770620 249
1770630 250
1770640 250
1770650 251
1770660 252
1770670 252
1770680 253
1770690 254
1770700 254
1770710 255
1770720 255
1770730 256
1770740 256
1770750 256
1770760 256
1770770 256
1770780 255
1770790 256
1770800 256
1770810 256
1770820 256
1770830 256
1770840 256
1770850 256
1770860 256
1770870 257
1770880 257
1770890 258
1770900 259
1770910 259
1770920 259
1770930 259
1770940 260
1770950 260
1770960 260
1770970 260
1770980 260
1770990 261
1771000 261
1771010 261
1771020 261
1771030 262
1771040 263
1771050 263
1771060 263
1771070 263
1771080 262
1771090 262
1771100 263
1771110 263
1771120 262
1771130 262
1771140 262
1771150 262
1771160 261
1771170 261
1771180 260
1771190 259
1771200 258
1771210 257
1771220 256
1771230 255
1771240 254
1771250 253
1771260 253
1771270 252
1771280 251
1771290 250
1771300 249
1771310 248
1771320 248
1771330 247
1771340 246
1771350 245
1771360 244
1771370 243
1771380 242
1771390 242
1771400 241
1771410 240
1771420 239
1771430 239
1771440 238
1771450 237
1771460 236
1771470 236
1771480 235
1771490 234
1771500 234
1771510 233
1771520 233
1771530 232
1771540 232
1771550 232
1771560 231
1771570 231
1771580 231
1771590 231
1771600 230
1771610 230
1771620 230
1771630 229
1771640 229
1771650 229
1771660 229
1771670 228
1771680 228
1771690 228
1771700 228
1771710 228
1771720 228
1771730 228
1771740 227
1771750 227
1771760 227
1771770 227
1771780 227
1771790 227
1771800 227
1771810 227
1771820 227
1771830 227
1771840 227
1771850 227
1771860 227
1771870 227
1771880 227
1771890 227
1771900 227
1771910 227
1771920 226
1771930 226
1771940 226
1771950 226
1771960 225
1771970 225
1771980 224
1771990 224
1772000 224
1772010 224
1772020 224
1772030 224
1772040 223
1772050 224
1772060 225
1772070 226
1772080 228
1772090 230
1772100 233
1772110 234
1772120 236
1772130 238
1772140 239
1772150 240
1772160 241
1772170 242
1772180 243
1772190 244
1772200 244
1772210 245
1772220 246
1772230 247
1772240 248
1772250 249
1772260 250
1772270 251
1772280 251
1772290 252
1772300 253
1772310 254
1772320 255
1772330 256
1772340 256
1772350 257
1772360 258
1772370 258
1772380 259
1772390 260
1772400 260
1772410 261
1772420 261
1772430 262
1772440 262
1772450 262
1772460 263
1772470 263
1772480 263
1772490 264
1772500 264
1772510 265
1772520 265
1772530 265
1772540 266
1772550 266
1772560 266
1772570 267
1772580 267
1772590 268
1772600 268
1772610 269
1772620 269
1772630 270
1772640 270
1772650 271
1772660 271
1772670 271
1772680 272
1772690 272
1772700 273
1772710 273
1772720 274
1772730 274
1772740 274
1772750 275
1772760 275
1772770 275
1772780 275
1772790 275
1772800 275
1772810 276
1772820 276
1772830 276
1772840 277
1772850 277
1772860 278
1772870 278
1772880 278
1772890 279
1772900 279
1772910 279
1772920 280
1772930 280
1772940 281
1772950 280
1772960 280
1772970 280
1772980 280
1772990 280
1773000 281
1773010 281
1773020 281
1773030 281
1773040 281
1773050 281
1773060 281
1773070 280
1773080 280
1773090 280
1773100 280
1773110 280
1773120 280
1773130 280
1773140 280
1773150 280
1773160 280
1773170 280
1773180 280
1773190 280
1773200 281
1773210 281
1773220 281
1773230 281
1773240 281
1773250 281
1773260 281
1773270 280
1773280 280
1773290 280
1773300 280
1773310 279
1773320 279
1773330 279
1773340 279
1773350 279
1773360 279
1773370 279
1773380 278
1773390 277
1773400 277
1773410 276
1773420 276
1773430 276
1773440 275
1773450 275
1773460 275
1773470 275
1773480 275
1773490 274
1773500 274
1773510 274
1773520 274
1773530 273
1773540 273
1773550 271
1773560 270
1773570 269
1773580 271
1773590 271
1773600 271
1773610 271
1773620 271
1773630 271
1773640 270
1773650 270
1773660 269
1773670 269
1773680 269
1773690 269
1773700 269
1773710 269
1773720 269
1773730 268
1773740 268
1773750 268
1773760 269
1773770 269
1773780 269
1773790 269
1773800 269
1773810 269
1773820 269
1773830 269
1773840 269
1773850 269
1773860 269
1773870 269
1773880 269
1773890 269
1773900 269
1773910 270
1773920 270
1773930 270
1773940 269
1773950 269
1773960 269
1773970 269
1773980 269
1773990 269
1774000 270
1774010 270
1774020 270
1774030 270
1774040 270
1774050 270
1774060 270
1774070 270
1774080 270
1774090 270
1774100 269
1774110 269
1774120 269
1774130 269
1774140 269
1774150 268
1774160 268
1774170 268
1774180 268
1774190 268
1774200 267
1774210 267
1774220 267
1774230 266
1774240 266
1774250 264
1774260 263
1774270 264
1774280 265
1774290 265
1774300 265
1774310 265
1774320 265
1774330 265
1774340 264
1774350 263
1774360 262
1774370 262
1774380 262
1774390 261
1774400 261
1774410 260
1774420 257
1774430 255
1774440 253
1774450 252
1774460 252
1774470 251
1774480 251
1774490 251
1774500 251
1774510 251
1774520 252
1774530 254
1774540 256
1774550 258
1774560 260
1774570 262
1774580 264
1774590 265
1774600 266
1774610 267
1774620 268
1774630 269
1774640 270
1774650 271
1774660 272
1774670 274
1774680 275
1774690 276
1774700 277
1774710 278
1774720 279
1774730 279
1774740 280
1774750 280
1774760 280
1774770 280
1774780 281
1774790 281
1774800 281
1774810 281
1774820 281
1774830 281
1774840 281
1774850 281
1774860 281
1774870 280
1774880 279
1774890 278
1774900 278
1774910 279
1774920 280
1774930 281
1774940 281
1774950 282
1774960 282
1774970 283
1774980 284
1774990 284
1775000 286
1775010 287
1775020 288
1775030 289
1775040 289
1775050 290
1775060 291
1775070 291
1775080 292
1775090 292
1775100 293
1775110 294
1775120 295
1775130 295
1775140 296
1775150 297
1775160 297
1775170 298
1775180 299
1775190 299
1775200 300
1775210 300
1775220 301
1775230 301
1775240 301
1775250 301
1775260 302
1775270 302
1775280 303
1775290 303
1775300 303
1775310 304
1775320 304
1775330 304
1775340 304
1775350 305
1775360 305
1775370 305
1775380 306
1775390 306
1775400 306
1775410 306
1775420 307
1775430 307
1775440 307
1775450 307
1775460 307
1775470 308
1775480 308
1775490 308
1775500 308
1775510 308
1775520 309
1775530 309
1775540 309
1775550 309
1775560 309
1775570 310
1775580 310
1775590 310
1775600 310
1775610 310
1775620 311
1775630 311
1775640 311
1775650 311
1775660 312
1775670 312
1775680 312
1775690 312
1775700 313
1775710 313
1775720 313
1775730 314
1775740 314
1775750 314
1775760 314
1775770 314
1775780 315
1775790 314
1775800 314
1775810 314
1775820 314
1775830 314
1775840 313
1775850 313
1775860 312
1775870 312
1775880 311
1775890 311
1775900 310
1775910 309
1775920 309
1775930 309
1775940 308
1775950 309
1775960 309
1775970 308
1775980 308
1775990 310
1776000 312
1776010 314
1776020 315
1776030 317
1776040 318
1776050 319
1776060 320
1776070 321
1776080 322
1776090 323
1776100 324
1776110 325
1776120 326
1776130 327
1776140 328
1776150 329
1776160 330
1776170 331
1776180 332
1776190 333
1776200 333
1776210 334
1776220 335
1776230 336
1776240 337
1776250 338
1776260 339
1776270 340
1776280 340
1776290 340
1776300 341
1776310 342
1776320 342
1776330 343
1776340 343
1776350 344
1776360 344
1776370 344
1776380 345
1776390 345
1776400 345
1776410 346
1776420 346
1776430 346
1776440 347
1776450 347
1776460 347
1776470 347
1776480 347
1776490 347
1776500 348
1776510 348
1776520 348
1776530 348
1776540 348
1776550 349
1776560 349
1776570 349
1776580 348
1776590 348
1776600 348
1776610 348
1776620 348
1776630 347
1776640 347
1776650 347
1776660 347
1776670 347
1776680 347
1776690 347
1776700 346
1776710 347
1776720 347
1776730 347
1776740 347
1776750 347
1776760 347
1776770 347
1776780 347
1776790 347
1776800 348
1776810 348
1776820 348
1776830 348
1776840 348
1776850 349
1776860 349
1776870 349
1776880 350
1776890 350
1776900 350
1776910 350
1776920 351
1776930 351
1776940 351
1776950 352
1776960 352
1776970 353
1776980 353
1776990 353
1777000 354
1777010 354
1777020 355
1777030 355
1777040 355
1777050 356
1777060 356
1777070 357
1777080 357
1777090 357
1777100 358
1777110 358
1777120 359
1777130 359
1777140 360
1777150 360
1777160 361
1777170 361
1777180 361
1777190 362
1777200 362
1777210 362
1777220 362
1777230 362
1777240 362
1777250 362
1777260 362
1777270 362
1777280 362
1777290 362
1777300 362
1777310 362
1777320 362
1777330 361
1777340 361
1777350 361
1777360 361
1777370 360
1777380 360
1777390 360
1777400 360
1777410 359
1777420 359
1777430 359
1777440 359
1777450 358
1777460 358
1777470 358
1777480 357
1777490 357
1777500 357
1777510 356
1777520 356
1777530 355
1777540 355
1777550 354
1777560 353
1777570 353
1777580 352
1777590 352
1777600 351
1777610 350
1777620 350
1777630 349
1777640 348
1777650 348
1777660 347
1777670 346
1777680 345
1777690 344
1777700 343
1777710 342
1777720 341
1777730 340
1777740 339
1777750 338
1777760 337
1777770 336
1777780 334
1777790 332
1777800 330
1777810 328
1777820 327
1777830 326
1777840 325
1777850 324
1777860 324
1777870 324
1777880 324
1777890 323
1777900 322
1777910 320
1777920 319
1777930 318
1777940 318
1777950 319
1777960 321
1777970 324
1777980 326
1777990 329
1778000 331
1778010 333
1778020 336
1778030 338
1778040 341
1778050 343
1778060 345
1778070 346
1778080 348
1778090 349
1778100 350
1778110 351
1778120 353
1778130 354
1778140 355
1778150 356
1778160 357
1778170 358
1778180 359
1778190 360
1778200 360
1778210 361
1778220 362
1778230 363
1778240 363
1778250 364
1778260 365
1778270 365
1778280 366
1778290 367
1778300 367
1778310 368
1778320 369
1778330 369
1778340 370
1778350 371
1778360 371
1778370 372
1778380 373
1778390 373
1778400 374
1778410 375
1778420 375
1778430 376
1778440 376
1778450 377
1778460 377
1778470 378
1778480 378
1778490 379
1778500 379
1778510 379
1778520 378
1778530 378
1778540 378
1778550 378
1778560 379
1778570 380
1778580 381
1778590 381
1778600 381
1778610 381
1778620 381
1778630 382
1778640 382
1778650 382
1778660 382
1778670 382
1778680 382
1778690 382
1778700 383
1778710 383
1778720 383
1778730 383
1778740 383
1778750 383
1778760 383
1778770 383
1778780 383
1778790 383
1778800 383
1778810 382
1778820 382
1778830 382
1778840 381
1778850 381
1778860 381
1778870 380
1778880 380
1778890 380
1778900 380
1778910 380
1778920 379
1778930 379
1778940 379
1778950 379
1778960 379
1778970 379
1778980 378
1778990 378
1779000 378
1779010 377
1779020 377
1779030 377
1779040 377
1779050 377
1779060 377
1779070 376
1779080 376
1779090 376
1779100 376
1779110 376
1779120 376
1779130 375
1779140 375
1779150 375
1779160 375
1779170 375
1779180 375
1779190 375
1779200 375
1779210 375
1779220 375
1779230 375
1779240 375
1779250 375
1779260 376
1779270 376
1779280 376
1779290 376
1779300 376
1779310 376
1779320 376
1779330 377
1779340 377
1779350 377
1779360 378
1779370 378
1779380 378
1779390 379
1779400 379
1779410 380
1779420 380
1779430 380
1779440 379
1779450 379
1779460 379
1779470 379
1779480 379
1779490 379
1779500 379
1779510 378
1779520 378
1779530 378
1779540 377
1779550 377
1779560 377
1779570 376
1779580 375
1779590 374
1779600 373
1779610 372
1779620 372
1779630 372
1779640 372
1779650 372
1779660 372
1779670 371
1779680 371
1779690 371
1779700 371
1779710 372
1779720 372
1779730 372
1779740 372
1779750 372
1779760 372
1779770 372
1779780 372
1779790 372
1779800 373
1779810 373
1779820 373
1779830 373
1779840 374
1779850 374
1779860 375
1779870 375
1779880 375
1779890 376
1779900 376
1779910 376
1779920 376
1779930 376
1779940 376
1779950 376
1779960 376
1779970 376
1779980 376
1779990 376
