1760000 270
1760010 270
1760020 270
1760030 270
1760040 270
1760050 270
1760060 270
1760070 270
1760080 270
1760090 270
1760100 270
1760110 270
1760120 270
1760130 270
1760140 270
1760150 270
1760160 270
1760170 270
1760180 270
1760190 269
1760200 269
1760210 269
1760220 269
1760230 268
1760240 268
1760250 268
1760260 268
1760270 267
1760280 267
1760290 267
1760300 266
1760310 266
1760320 266
1760330 265
1760340 265
1760350 264
1760360 264
1760370 264
1760380 263
1760390 263
1760400 263
1760410 262
1760420 262
1760430 261
1760440 261
1760450 260
1760460 259
1760470 259
1760480 259
1760490 258
1760500 258
1760510 257
1760520 257
1760530 257
1760540 256
1760550 256
1760560 256
1760570 255
1760580 255
1760590 255
1760600 255
1760610 254
1760620 254
1760630 254
1760640 253
1760650 254
1760660 254
1760670 254
1760680 254
1760690 254
1760700 254
1760710 254
1760720 254
1760730 254
1760740 254
1760750 254
1760760 254
1760770 254
1760780 254
1760790 254
1760800 254
1760810 254
1760820 254
1760830 254
1760840 254
1760850 254
1760860 254
1760870 254
1760880 254
1760890 254
1760900 254
1760910 254
1760920 254
1760930 254
1760940 254
1760950 254
1760960 255
1760970 255
1760980 255
1760990 255
1761000 255
1761010 256
1761020 256
1761030 256
1761040 256
1761050 256
1761060 257
1761070 257
1761080 257
1761090 257
1761100 258
1761110 258
1761120 258
1761130 259
1761140 259
1761150 259
1761160 260
1761170 260
1761180 260
1761190 260
1761200 261
1761210 261
1761220 261
1761230 262
1761240 262
1761250 262
1761260 262
1761270 262
1761280 263
1761290 263
1761300 263
1761310 263
1761320 263
1761330 263
1761340 263
1761350 263
1761360 263
1761370 263
1761380 263
1761390 264
1761400 264
1761410 264
1761420 264
1761430 263
1761440 263
1761450 263
1761460 263
1761470 263
1761480 263
1761490 263
1761500 263
1761510 263
1761520 263
1761530 263
1761540 263
1761550 263
1761560 263
1761570 263
1761580 263
1761590 263
1761600 264
1761610 264
1761620 264
1761630 264
1761640 264
1761650 264
1761660 265
1761670 265
1761680 265
1761690 266
1761700 266
1761710 266
1761720 266
1761730 267
1761740 267
1761750 267
1761760 267
1761770 267
1761780 267
1761790 266
1761800 266
1761810 266
1761820 266
1761830 266
1761840 266
1761850 265
1761860 265
1761870 265
1761880 264
1761890 264
1761900 264
1761910 263
1761920 263
1761930 262
1761940 262
1761950 261
1761960 261
1761970 260
1761980 259
1761990 259
1762000 258
1762010 257
1762020 256
1762030 257
1762040 257
1762050 258
1762060 258
1762070 259
1762080 259
1762090 260
1762100 260
1762110 261
1762120 262
1762130 262
1762140 263
1762150 263
1762160 264
1762170 264
1762180 265
1762190 265
1762200 265
1762210 265
1762220 265
1762230 264
1762240 264
1762250 264
1762260 263
1762270 263
1762280 263
1762290 262
1762300 262
1762310 262
1762320 261
1762330 261
1762340 261
1762350 260
1762360 260
1762370 259
1762380 259
1762390 259
1762400 258
1762410 258
1762420 257
1762430 257
1762440 256
1762450 256
1762460 256
1762470 256
1762480 256
1762490 256
1762500 256
1762510 256
1762520 256
1762530 255
1762540 255
1762550 255
1762560 255
1762570 255
1762580 255
1762590 255
1762600 255
1762610 255
1762620 255
1762630 255
1762640 255
1762650 255
1762660 254
1762670 254
1762680 254
1762690 254
1762700 254
1762710 254
1762720 254
1762730 254
1762740 254
1762750 254
1762760 254
1762770 254
1762780 254
1762790 254
1762800 254
1762810 255
1762820 255
1762830 255
1762840 255
1762850 255
1762860 255
1762870 255
1762880 255
1762890 256
1762900 256
1762910 257
1762920 257
1762930 258
1762940 258
1762950 258
1762960 259
1762970 259
1762980 260
1762990 260
1763000 261
1763010 262
1763020 262
1763030 263
1763040 264
1763050 265
1763060 266
1763070 267
1763080 268
1763090 269
1763100 269
1763110 270
1763120 271
1763130 272
1763140 273
1763150 273
1763160 274
1763170 274
1763180 275
1763190 275
1763200 276
1763210 277
1763220 277
1763230 278
1763240 278
1763250 279
1763260 279
1763270 279
1763280 279
1763290 279
1763300 279
1763310 279
1763320 279
1763330 279
1763340 279
1763350 279
1763360 279
1763370 279
1763380 279
1763390 278
1763400 278
1763410 278
1763420 278
1763430 278
1763440 278
1763450 277
1763460 277
1763470 277
1763480 277
1763490 276
1763500 276
1763510 276
1763520 276
1763530 276
1763540 275
1763550 275
1763560 275
1763570 275
1763580 274
1763590 274
1763600 274
1763610 274
1763620 274
1763630 273
1763640 273
1763650 273
1763660 272
1763670 272
1763680 272
1763690 272
1763700 271
1763710 271
1763720 271
1763730 270
1763740 270
1763750 270
1763760 270
1763770 269
1763780 269
1763790 269
1763800 269
1763810 268
1763820 268
1763830 268
1763840 267
1763850 267
1763860 267
1763870 266
1763880 266
1763890 266
1763900 265
1763910 265
1763920 265
1763930 264
1763940 264
1763950 264
1763960 263
1763970 263
1763980 263
1763990 262
1764000 262
1764010 262
1764020 261
1764030 261
1764040 261
1764050 261
1764060 260
1764070 260
1764080 260
1764090 260
1764100 259
1764110 259
1764120 259
1764130 259
1764140 259
1764150 259
1764160 259
1764170 258
1764180 258
1764190 258
1764200 258
1764210 258
1764220 257
1764230 257
1764240 257
1764250 256
1764260 256
1764270 256
1764280 256
1764290 256
1764300 255
1764310 255
1764320 255
1764330 254
1764340 254
1764350 254
1764360 253
1764370 253
1764380 253
1764390 253
1764400 252
1764410 252
1764420 252
1764430 251
1764440 251
1764450 251
1764460 251
1764470 251
1764480 251
1764490 251
1764500 251
1764510 251
1764520 250
1764530 250
1764540 250
1764550 250
1764560 250
1764570 250
1764580 250
1764590 250
1764600 249
1764610 249
1764620 249
1764630 249
1764640 249
1764650 249
1764660 248
1764670 248
1764680 248
1764690 248
1764700 248
1764710 248
1764720 248
1764730 247
1764740 247
1764750 247
1764760 247
1764770 247
1764780 247
1764790 247
1764800 246
1764810 246
1764820 246
1764830 246
1764840 246
1764850 246
1764860 246
1764870 245
1764880 245
1764890 245
1764900 245
1764910 245
1764920 245
1764930 245
1764940 245
1764950 245
1764960 245
1764970 245
1764980 245
1764990 245
1765000 244
1765010 244
1765020 244
1765030 244
1765040 244
1765050 244
1765060 244
1765070 244
1765080 244
1765090 244
1765100 244
1765110 244
1765120 243
1765130 243
1765140 243
1765150 243
1765160 243
1765170 243
1765180 243
1765190 243
1765200 243
1765210 243
1765220 243
1765230 243
1765240 243
1765250 243
1765260 243
1765270 242
1765280 242
1765290 242
1765300 242
1765310 242
1765320 242
1765330 242
1765340 242
1765350 242
1765360 241
1765370 241
1765380 241
1765390 241
1765400 241
1765410 241
1765420 240
1765430 240
1765440 240
1765450 240
1765460 239
1765470 239
1765480 239
1765490 239
1765500 239
1765510 238
1765520 238
1765530 238
1765540 238
1765550 238
1765560 237
1765570 237
1765580 237
1765590 237
1765600 237
1765610 237
1765620 237
1765630 236
1765640 236
1765650 236
1765660 236
1765670 236
1765680 236
1765690 236
1765700 236
1765710 236
1765720 235
1765730 235
1765740 235
1765750 235
1765760 235
1765770 235
1765780 235
1765790 235
1765800 235
1765810 235
1765820 235
1765830 235
1765840 235
1765850 235
1765860 235
1765870 235
1765880 234
1765890 234
1765900 234
1765910 234
1765920 234
1765930 234
1765940 234
1765950 234
1765960 234
1765970 234
1765980 234
1765990 234
1766000 234
1766010 234
1766020 233
1766030 233
1766040 233
1766050 233
1766060 233
1766070 233
1766080 233
1766090 233
1766100 233
1766110 233
1766120 233
1766130 233
1766140 233
1766150 233
1766160 232
1766170 232
1766180 232
1766190 232
1766200 232
1766210 232
1766220 232
1766230 232
1766240 232
1766250 232
1766260 232
1766270 232
1766280 232
1766290 232
1766300 232
1766310 232
1766320 232
1766330 232
1766340 232
1766350 233
1766360 233
1766370 233
1766380 233
1766390 233
1766400 233
1766410 233
1766420 233
1766430 233
1766440 233
1766450 233
1766460 233
1766470 234
1766480 234
1766490 234
1766500 234
1766510 234
1766520 234
1766530 234
1766540 234
1766550 234
1766560 234
1766570 234
1766580 234
1766590 234
1766600 234
1766610 234
1766620 234
1766630 234
1766640 234
1766650 234
1766660 234
1766670 235
1766680 235
1766690 235
1766700 235
1766710 235
1766720 235
1766730 235
1766740 235
1766750 235
1766760 236
1766770 236
1766780 236
1766790 236
1766800 236
1766810 236
1766820 236
1766830 236
1766840 236
1766850 236
1766860 237
1766870 237
1766880 237
1766890 237
1766900 237
1766910 237
1766920 237
1766930 237
1766940 237
1766950 237
1766960 237
1766970 237
1766980 237
1766990 238
1767000 238
1767010 238
1767020 238
1767030 238
1767040 238
1767050 237
1767060 237
1767070 237
1767080 237
1767090 236
1767100 236
1767110 236
1767120 236
1767130 235
1767140 235
1767150 235
1767160 235
1767170 235
1767180 235
1767190 235
1767200 235
1767210 236
1767220 236
1767230 236
1767240 237
1767250 238
1767260 239
1767270 240
1767280 241
1767290 243
1767300 245
1767310 245
1767320 244
1767330 243
1767340 243
1767350 243
1767360 244
1767370 245
1767380 247
1767390 248
1767400 249
1767410 249
1767420 249
1767430 249
1767440 250
1767450 251
1767460 252
1767470 252
1767480 253
1767490 253
1767500 254
1767510 254
1767520 254
1767530 255
1767540 255
1767550 255
1767560 256
1767570 256
1767580 256
1767590 257
1767600 257
1767610 257
1767620 257
1767630 257
1767640 258
1767650 258
1767660 259
1767670 259
1767680 260
1767690 261
1767700 262
1767710 263
1767720 263
1767730 264
1767740 265
1767750 265
1767760 266
1767770 267
1767780 267
1767790 268
1767800 268
1767810 269
1767820 270
1767830 270
1767840 271
1767850 271
1767860 272
1767870 272
1767880 273
1767890 274
1767900 274
1767910 275
1767920 275
1767930 276
1767940 276
1767950 277
1767960 278
1767970 278
1767980 279
1767990 280
1768000 280
1768010 281
1768020 282
1768030 283
1768040 283
1768050 284
1768060 285
1768070 285
1768080 286
1768090 287
1768100 287
1768110 287
1768120 288
1768130 288
1768140 289
1768150 290
1768160 290
1768170 291
1768180 291
1768190 291
1768200 291
1768210 291
1768220 291
1768230 291
1768240 292
1768250 292
1768260 292
1768270 292
1768280 292
1768290 292
1768300 292
1768310 292
1768320 292
1768330 291
1768340 291
1768350 291
1768360 290
1768370 290
1768380 289
1768390 289
1768400 289
1768410 288
1768420 288
1768430 287
1768440 287
1768450 286
1768460 286
1768470 286
1768480 285
1768490 285
1768500 284
1768510 283
1768520 282
1768530 282
1768540 282
1768550 281
1768560 280
1768570 280
1768580 279
1768590 279
1768600 278
1768610 277
1768620 277
1768630 276
1768640 276
1768650 275
1768660 275
1768670 274
1768680 273
1768690 272
1768700 272
1768710 271
1768720 270
1768730 270
1768740 269
1768750 268
1768760 267
1768770 267
1768780 266
1768790 264
1768800 264
1768810 263
1768820 262
1768830 261
1768840 261
1768850 260
1768860 260
1768870 260
1768880 259
1768890 258
1768900 258
1768910 257
1768920 257
1768930 257
1768940 257
1768950 256
1768960 256
1768970 256
1768980 256
1768990 255
1769000 255
1769010 255
1769020 255
1769030 254
1769040 254
1769050 253
1769060 252
1769070 252
1769080 253
1769090 253
1769100 254
1769110 254
1769120 255
1769130 255
1769140 255
1769150 256
1769160 256
1769170 256
1769180 256
1769190 256
1769200 257
1769210 257
1769220 257
1769230 257
1769240 258
1769250 258
1769260 259
1769270 259
1769280 259
1769290 259
1769300 259
1769310 259
1769320 259
1769330 259
1769340 259
1769350 259
1769360 259
1769370 259
1769380 259
1769390 259
1769400 259
1769410 259
1769420 258
1769430 258
1769440 257
1769450 257
1769460 256
1769470 255
1769480 254
1769490 253
1769500 252
1769510 251
1769520 250
1769530 248
1769540 247
1769550 246
1769560 245
1769570 244
1769580 244
1769590 244
1769600 244
1769610 244
1769620 244
1769630 244
1769640 243
1769650 243
1769660 243
1769670 243
1769680 243
1769690 242
1769700 242
1769710 242
1769720 243
1769730 242
1769740 242
1769750 242
1769760 242
1769770 242
1769780 242
1769790 242
1769800 241
1769810 241
1769820 240
1769830 239
1769840 238
1769850 236
1769860 235
1769870 234
1769880 232
1769890 231
1769900 230
1769910 230
1769920 229
1769930 228
1769940 227
1769950 227
1769960 226
1769970 226
1769980 226
1769990 225
1770000 225
1770010 225
1770020 225
1770030 226
1770040 226
1770050 226
1770060 226
1770070 226
1770080 226
1770090 225
1770100 225
1770110 225
1770120 225
1770130 224
1770140 223
1770150 222
1770160 221
1770170 221
1770180 223
1770190 224
1770200 225
1770210 225
1770220 224
1770230 224
1770240 224
1770250 224
1770260 224
1770270 224
1770280 224
1770290 224
1770300 224
1770310 224
1770320 224
1770330 224
1770340 224
1770350 225
1770360 225
1770370 226
1770380 226
1770390 226
1770400 226
1770410 226
1770420 226
1770430 226
1770440 226
1770450 226
1770460 226
1770470 226
1770480 226
1770490 226
1770500 226
1770510 226
1770520 226
1770530 226
1770540 226
1770550 227
1770560 227
1770570 228
1770580 229
1770590 230
1770600 232
1770610 234
1770620 235
1770630 237
1770640 238
1770650 240
1770660 242
1770670 243
1770680 244
1770690 245
1770700 246
1770710 247
1770720 247
1770730 248
1770740 248
1770750 249
1770760 250
1770770 252
1770780 253
1770790 254
1770800 255
1770810 255
1770820 256
1770830 256
1770840 256
1770850 257
1770860 258
1770870 259
1770880 259
1770890 260
1770900 260
1770910 261
1770920 261
1770930 262
1770940 262
1770950 264
1770960 266
1770970 268
1770980 270
1770990 273
1771000 276
1771010 279
1771020 281
1771030 283
1771040 283
1771050 284
1771060 285
1771070 288
1771080 291
1771090 294
1771100 297
1771110 298
1771120 298
1771130 298
1771140 298
1771150 297
1771160 294
1771170 290
1771180 287
1771190 285
1771200 281
1771210 277
1771220 272
1771230 268
1771240 265
1771250 261
1771260 258
1771270 256
1771280 253
1771290 250
1771300 247
1771310 244
1771320 242
1771330 241
1771340 239
1771350 238
1771360 237
1771370 236
1771380 235
1771390 234
1771400 233
1771410 232
1771420 232
1771430 230
1771440 230
1771450 229
1771460 229
1771470 228
1771480 228
1771490 228
1771500 227
1771510 227
1771520 226
1771530 225
1771540 225
1771550 223
1771560 223
1771570 222
1771580 222
1771590 222
1771600 222
1771610 222
1771620 222
1771630 222
1771640 222
1771650 223
1771660 223
1771670 223
1771680 223
1771690 223
1771700 224
1771710 224
1771720 224
1771730 224
1771740 224
1771750 224
1771760 224
1771770 224
1771780 224
1771790 224
1771800 224
1771810 224
1771820 224
1771830 224
1771840 224
1771850 224
1771860 224
1771870 224
1771880 224
1771890 224
1771900 224
1771910 224
1771920 224
1771930 224
1771940 224
1771950 224
1771960 224
1771970 225
1771980 225
1771990 226
1772000 227
1772010 228
1772020 229
1772030 230
1772040 231
1772050 232
1772060 233
1772070 234
1772080 235
1772090 236
1772100 236
1772110 237
1772120 238
1772130 239
1772140 240
1772150 241
1772160 242
1772170 243
1772180 244
1772190 245
1772200 246
1772210 247
1772220 247
1772230 248
1772240 249
1772250 250
1772260 250
1772270 251
1772280 252
1772290 253
1772300 253
1772310 254
1772320 255
1772330 256
1772340 256
1772350 257
1772360 258
1772370 259
1772380 259
1772390 260
1772400 261
1772410 262
1772420 262
1772430 263
1772440 264
1772450 265
1772460 265
1772470 266
1772480 266
1772490 267
1772500 268
1772510 268
1772520 269
1772530 270
1772540 271
1772550 271
1772560 272
1772570 273
1772580 273
1772590 274
1772600 275
1772610 275
1772620 276
1772630 277
1772640 277
1772650 278
1772660 278
1772670 279
1772680 279
1772690 280
1772700 280
1772710 280
1772720 281
1772730 281
1772740 281
1772750 281
1772760 282
1772770 282
1772780 282
1772790 282
1772800 283
1772810 283
1772820 283
1772830 283
1772840 283
1772850 284
1772860 284
1772870 284
1772880 284
1772890 284
1772900 284
1772910 284
1772920 285
1772930 285
1772940 285
1772950 285
1772960 285
1772970 285
1772980 286
1772990 286
1773000 286
1773010 286
1773020 286
1773030 286
1773040 286
1773050 286
1773060 287
1773070 287
1773080 287
1773090 287
1773100 287
1773110 287
1773120 287
1773130 287
1773140 287
1773150 287
1773160 286
1773170 286
1773180 286
1773190 286
1773200 286
1773210 286
1773220 286
1773230 286
1773240 286
1773250 286
1773260 286
1773270 286
1773280 286
1773290 286
1773300 286
1773310 285
1773320 285
1773330 285
1773340 285
1773350 285
1773360 285
1773370 285
1773380 285
1773390 285
1773400 285
1773410 285
1773420 285
1773430 285
1773440 285
1773450 285
1773460 285
1773470 285
1773480 285
1773490 285
1773500 285
1773510 284
1773520 285
1773530 285
1773540 285
1773550 286
1773560 285
1773570 285
1773580 285
1773590 285
1773600 285
1773610 285
1773620 285
1773630 284
1773640 284
1773650 284
1773660 284
1773670 284
1773680 284
1773690 284
1773700 284
1773710 284
1773720 284
1773730 284
1773740 284
1773750 284
1773760 284
1773770 284
1773780 284
1773790 284
1773800 284
1773810 284
1773820 284
1773830 284
1773840 284
1773850 284
1773860 284
1773870 284
1773880 284
1773890 284
1773900 284
1773910 284
1773920 284
1773930 284
1773940 283
1773950 283
1773960 283
1773970 283
1773980 283
1773990 283
1774000 283
1774010 282
1774020 282
1774030 282
1774040 282
1774050 282
1774060 281
1774070 281
1774080 281
1774090 281
1774100 281
1774110 280
1774120 280
1774130 280
1774140 280
1774150 280
1774160 279
1774170 279
1774180 279
1774190 279
1774200 279
1774210 278
1774220 278
1774230 278
1774240 277
1774250 277
1774260 277
1774270 276
1774280 276
1774290 276
1774300 275
1774310 275
1774320 275
1774330 275
1774340 274
1774350 274
1774360 274
1774370 274
1774380 274
1774390 274
1774400 274
1774410 273
1774420 273
1774430 273
1774440 272
1774450 272
1774460 272
1774470 271
1774480 271
1774490 270
1774500 270
1774510 270
1774520 269
1774530 269
1774540 268
1774550 268
1774560 267
1774570 266
1774580 265
1774590 263
1774600 262
1774610 261
1774620 261
1774630 260
1774640 260
1774650 258
1774660 256
1774670 254
1774680 254
1774690 254
1774700 254
1774710 255
1774720 256
1774730 257
1774740 258
1774750 259
1774760 259
1774770 259
1774780 259
1774790 260
1774800 261
1774810 261
1774820 262
1774830 263
1774840 264
1774850 266
1774860 267
1774870 267
1774880 267
1774890 267
1774900 268
1774910 268
1774920 269
1774930 270
1774940 271
1774950 273
1774960 274
1774970 276
1774980 277
1774990 277
1775000 278
1775010 279
1775020 279
1775030 280
1775040 280
1775050 280
1775060 281
1775070 281
1775080 282
1775090 282
1775100 282
1775110 283
1775120 283
1775130 283
1775140 283
1775150 284
1775160 284
1775170 284
1775180 284
1775190 284
1775200 284
1775210 284
1775220 284
1775230 283
1775240 283
1775250 283
1775260 283
1775270 283
1775280 284
1775290 284
1775300 284
1775310 284
1775320 284
1775330 285
1775340 285
1775350 285
1775360 285
1775370 285
1775380 285
1775390 286
1775400 286
1775410 286
1775420 286
1775430 287
1775440 287
1775450 287
1775460 287
1775470 288
1775480 288
1775490 288
1775500 288
1775510 289
1775520 289
1775530 289
1775540 290
1775550 290
1775560 290
1775570 290
1775580 290
1775590 291
1775600 291
1775610 291
1775620 291
1775630 290
1775640 291
1775650 292
1775660 293
1775670 293
1775680 293
1775690 293
1775700 294
1775710 294
1775720 294
1775730 294
1775740 294
1775750 294
1775760 294
1775770 295
1775780 295
1775790 295
1775800 295
1775810 295
1775820 294
1775830 294
1775840 294
1775850 294
1775860 294
1775870 294
1775880 294
1775890 294
1775900 293
1775910 290
1775920 290
1775930 292
1775940 295
1775950 297
1775960 298
1775970 299
1775980 300
1775990 302
1776000 303
1776010 305
1776020 306
1776030 307
1776040 308
1776050 308
1776060 309
1776070 310
1776080 310
1776090 311
1776100 312
1776110 312
1776120 313
1776130 314
1776140 315
1776150 315
1776160 316
1776170 317
1776180 318
1776190 318
1776200 319
1776210 320
1776220 320
1776230 321
1776240 321
1776250 322
1776260 323
1776270 323
1776280 324
1776290 324
1776300 324
1776310 325
1776320 325
1776330 326
1776340 326
1776350 326
1776360 327
1776370 327
1776380 327
1776390 327
1776400 327
1776410 328
1776420 328
1776430 328
1776440 327
1776450 327
1776460 327
1776470 328
1776480 328
1776490 327
1776500 327
1776510 327
1776520 327
1776530 327
1776540 327
1776550 327
1776560 327
1776570 327
1776580 326
1776590 326
1776600 326
1776610 326
1776620 325
1776630 325
1776640 325
1776650 324
1776660 324
1776670 324
1776680 324
1776690 324
1776700 324
1776710 325
1776720 325
1776730 325
1776740 324
1776750 325
1776760 326
1776770 326
1776780 326
1776790 326
1776800 326
1776810 326
1776820 326
1776830 327
1776840 328
1776850 329
1776860 331
1776870 333
1776880 335
1776890 336
1776900 337
1776910 338
1776920 339
1776930 340
1776940 341
1776950 341
1776960 342
1776970 343
1776980 344
1776990 344
1777000 345
1777010 345
1777020 346
1777030 347
1777040 347
1777050 348
1777060 349
1777070 349
1777080 350
1777090 351
1777100 351
1777110 352
1777120 352
1777130 353
1777140 353
1777150 354
1777160 355
1777170 356
1777180 356
1777190 357
1777200 357
1777210 357
1777220 358
1777230 358
1777240 359
1777250 359
1777260 359
1777270 359
1777280 360
1777290 360
1777300 360
1777310 360
1777320 360
1777330 360
1777340 360
1777350 360
1777360 360
1777370 360
1777380 360
1777390 360
1777400 360
1777410 359
1777420 359
1777430 359
1777440 359
1777450 359
1777460 358
1777470 358
1777480 358
1777490 358
1777500 357
1777510 357
1777520 357
1777530 356
1777540 356
1777550 356
1777560 355
1777570 355
1777580 354
1777590 354
1777600 354
1777610 353
1777620 353
1777630 352
1777640 352
1777650 351
1777660 350
1777670 350
1777680 349
1777690 348
1777700 348
1777710 347
1777720 347
1777730 346
1777740 345
1777750 345
1777760 344
1777770 343
1777780 342
1777790 341
1777800 340
1777810 339
1777820 339
1777830 338
1777840 337
1777850 336
1777860 335
1777870 334
1777880 333
1777890 332
1777900 332
1777910 331
1777920 330
1777930 329
1777940 327
1777950 325
1777960 325
1777970 324
1777980 323
1777990 325
1778000 326
1778010 328
1778020 329
1778030 330
1778040 332
1778050 333
1778060 334
1778070 335
1778080 336
1778090 337
1778100 339
1778110 340
1778120 342
1778130 343
1778140 344
1778150 345
1778160 347
1778170 348
1778180 349
1778190 350
1778200 351
1778210 352
1778220 353
1778230 354
1778240 355
1778250 356
1778260 357
1778270 357
1778280 359
1778290 360
1778300 361
1778310 362
1778320 363
1778330 364
1778340 365
1778350 366
1778360 368
1778370 369
1778380 370
1778390 370
1778400 371
1778410 372
1778420 373
1778430 374
1778440 375
1778450 375
1778460 376
1778470 377
1778480 378
1778490 379
1778500 379
1778510 380
1778520 381
1778530 381
1778540 382
1778550 383
1778560 383
1778570 384
1778580 385
1778590 386
1778600 387
1778610 387
1778620 387
1778630 388
1778640 389
1778650 389
1778660 390
1778670 390
1778680 390
1778690 391
1778700 391
1778710 391
1778720 392
1778730 392
1778740 392
1778750 392
1778760 393
1778770 393
1778780 393
1778790 393
1778800 393
1778810 393
1778820 393
1778830 393
1778840 393
1778850 393
1778860 393
1778870 393
1778880 393
1778890 393
1778900 393
1778910 393
1778920 393
1778930 392
1778940 392
1778950 392
1778960 392
1778970 392
1778980 392
1778990 392
1779000 392
1779010 392
1779020 392
1779030 392
1779040 392
1779050 392
1779060 392
1779070 391
1779080 391
1779090 391
1779100 391
1779110 391
1779120 390
1779130 390
1779140 390
1779150 389
1779160 389
1779170 389
1779180 388
1779190 388
1779200 388
1779210 387
1779220 387
1779230 387
1779240 386
1779250 386
1779260 385
1779270 385
1779280 385
1779290 384
1779300 384
1779310 384
1779320 384
1779330 383
1779340 383
1779350 382
1779360 382
1779370 381
1779380 381
1779390 380
1779400 379
1779410 379
1779420 378
1779430 377
1779440 377
1779450 376
1779460 375
1779470 375
1779480 374
1779490 373
1779500 372
1779510 371
1779520 369
1779530 367
1779540 365
1779550 363
1779560 362
1779570 361
1779580 360
1779590 360
1779600 360
1779610 359
1779620 357
1779630 356
1779640 355
1779650 355
1779660 354
1779670 353
1779680 351
1779690 349
1779700 347
1779710 345
1779720 344
1779730 342
1779740 341
1779750 340
1779760 338
1779770 337
1779780 336
1779790 336
1779800 336
1779810 338
1779820 340
1779830 342
1779840 345
1779850 347
1779860 347
1779870 347
1779880 346
1779890 345
1779900 345
1779910 345
1779920 346
1779930 346
1779940 346
1779950 346
1779960 346
1779970 347
1779980 347
1779990 348
