1760000 270
1760010 271
1760020 271
1760030 272
1760040 273
1760050 275
1760060 276
1760070 278
1760080 280
1760090 282
1760100 286
1760110 290
1760120 293
1760130 296
1760140 298
1760150 300
1760160 302
1760170 303
1760180 305
1760190 307
1760200 309
1760210 311
1760220 313
1760230 314
1760240 316
1760250 318
1760260 319
1760270 321
1760280 323
1760290 325
1760300 327
1760310 329
1760320 331
1760330 332
1760340 334
1760350 335
1760360 335
1760370 336
1760380 336
1760390 337
1760400 337
1760410 338
1760420 338
1760430 338
1760440 338
1760450 338
1760460 339
1760470 339
1760480 339
1760490 339
1760500 339
1760510 339
1760520 339
1760530 339
1760540 339
1760550 338
1760560 338
1760570 338
1760580 338
1760590 338
1760600 338
1760610 337
1760620 337
1760630 337
1760640 337
1760650 337
1760660 336
1760670 336
1760680 336
1760690 336
1760700 335
1760710 335
1760720 335
1760730 335
1760740 334
1760750 334
1760760 334
1760770 334
1760780 333
1760790 333
1760800 333
1760810 332
1760820 332
1760830 332
1760840 331
1760850 331
1760860 331
1760870 330
1760880 330
1760890 330
1760900 329
1760910 329
1760920 329
1760930 329
1760940 328
1760950 328
1760960 328
1760970 327
1760980 327
1760990 327
1761000 327
1761010 327
1761020 326
1761030 326
1761040 326
1761050 326
1761060 325
1761070 325
1761080 325
1761090 324
1761100 324
1761110 324
1761120 324
1761130 323
1761140 323
1761150 323
1761160 322
1761170 322
1761180 322
1761190 322
1761200 321
1761210 321
1761220 321
1761230 320
1761240 320
1761250 320
1761260 320
1761270 320
1761280 319
1761290 319
1761300 319
1761310 319
1761320 319
1761330 319
1761340 319
1761350 319
1761360 318
1761370 318
1761380 318
1761390 317
1761400 317
1761410 317
1761420 316
1761430 315
1761440 314
1761450 314
1761460 313
1761470 312
1761480 311
1761490 310
1761500 309
1761510 308
1761520 308
1761530 307
1761540 306
1761550 306
1761560 305
1761570 304
1761580 303
1761590 303
1761600 302
1761610 301
1761620 300
1761630 300
1761640 299
1761650 298
1761660 297
1761670 297
1761680 296
1761690 295
1761700 294
1761710 293
1761720 293
1761730 292
1761740 291
1761750 290
1761760 290
1761770 289
1761780 288
1761790 288
1761800 287
1761810 286
1761820 286
1761830 285
1761840 285
1761850 285
1761860 285
1761870 285
1761880 285
1761890 285
1761900 285
1761910 285
1761920 284
1761930 285
1761940 286
1761950 288
1761960 289
1761970 290
1761980 290
1761990 290
1762000 291
1762010 291
1762020 291
1762030 291
1762040 292
1762050 292
1762060 292
1762070 292
1762080 293
1762090 293
1762100 293
1762110 293
1762120 294
1762130 294
1762140 294
1762150 294
1762160 295
1762170 295
1762180 296
1762190 296
1762200 296
1762210 297
1762220 297
1762230 297
1762240 297
1762250 297
1762260 297
1762270 297
1762280 297
1762290 297
1762300 297
1762310 297
1762320 297
1762330 297
1762340 298
1762350 298
1762360 299
1762370 299
1762380 299
1762390 300
1762400 300
1762410 301
1762420 301
1762430 302
1762440 302
1762450 302
1762460 303
1762470 303
1762480 304
1762490 304
1762500 304
1762510 305
1762520 305
1762530 304
1762540 304
1762550 304
1762560 304
1762570 304
1762580 304
1762590 303
1762600 303
1762610 303
1762620 303
1762630 303
1762640 302
1762650 302
1762660 302
1762670 302
1762680 301
1762690 301
1762700 301
1762710 301
1762720 301
1762730 301
1762740 301
1762750 301
1762760 300
1762770 300
1762780 300
1762790 300
1762800 300
1762810 300
1762820 300
1762830 300
1762840 300
1762850 300
1762860 300
1762870 300
1762880 300
1762890 300
1762900 300
1762910 300
1762920 300
1762930 300
1762940 300
1762950 300
1762960 300
1762970 299
1762980 299
1762990 299
1763000 299
1763010 299
1763020 299
1763030 299
1763040 299
1763050 299
1763060 299
1763070 299
1763080 298
1763090 298
1763100 298
1763110 298
1763120 298
1763130 298
1763140 298
1763150 298
1763160 298
1763170 298
1763180 298
1763190 298
1763200 298
1763210 298
1763220 298
1763230 298
1763240 298
1763250 297
1763260 297
1763270 297
1763280 297
1763290 297
1763300 297
1763310 297
1763320 297
1763330 296
1763340 296
1763350 296
1763360 296
1763370 296
1763380 296
1763390 295
1763400 295
1763410 295
1763420 295
1763430 294
1763440 294
1763450 294
1763460 294
1763470 293
1763480 293
1763490 293
1763500 292
1763510 292
1763520 292
1763530 291
1763540 291
1763550 291
1763560 290
1763570 290
1763580 290
1763590 289
1763600 289
1763610 289
1763620 288
1763630 288
1763640 288
1763650 288
1763660 287
1763670 287
1763680 287
1763690 286
1763700 286
1763710 286
1763720 286
1763730 285
1763740 285
1763750 285
1763760 285
1763770 285
1763780 284
1763790 284
1763800 284
1763810 284
1763820 283
1763830 283
1763840 283
1763850 283
1763860 282
1763870 282
1763880 282
1763890 282
1763900 282
1763910 282
1763920 281
1763930 281
1763940 281
1763950 281
1763960 281
1763970 280
1763980 280
1763990 280
1764000 280
1764010 280
1764020 279
1764030 279
1764040 279
1764050 279
1764060 278
1764070 278
1764080 278
1764090 278
1764100 278
1764110 277
1764120 277
1764130 277
1764140 276
1764150 276
1764160 276
1764170 275
1764180 275
1764190 275
1764200 274
1764210 274
1764220 273
1764230 273
1764240 272
1764250 272
1764260 272
1764270 271
1764280 271
1764290 270
1764300 270
1764310 269
1764320 268
1764330 267
1764340 266
1764350 266
1764360 266
1764370 266
1764380 266
1764390 266
1764400 265
1764410 265
1764420 265
1764430 264
1764440 264
1764450 264
1764460 264
1764470 264
1764480 264
1764490 264
1764500 264
1764510 264
1764520 264
1764530 264
1764540 265
1764550 266
1764560 267
1764570 268
1764580 269
1764590 270
1764600 271
1764610 272
1764620 273
1764630 274
1764640 275
1764650 275
1764660 275
1764670 275
1764680 275
1764690 275
1764700 275
1764710 275
1764720 275
1764730 275
1764740 275
1764750 275
1764760 275
1764770 275
1764780 275
1764790 275
1764800 275
1764810 274
1764820 274
1764830 274
1764840 273
1764850 273
1764860 273
1764870 272
1764880 272
1764890 272
1764900 271
1764910 271
1764920 270
1764930 270
1764940 270
1764950 269
1764960 269
1764970 268
1764980 268
1764990 268
1765000 267
1765010 267
1765020 267
1765030 267
1765040 266
1765050 266
1765060 266
1765070 266
1765080 266
1765090 265
1765100 265
1765110 265
1765120 265
1765130 265
1765140 265
1765150 264
1765160 264
1765170 264
1765180 264
1765190 263
1765200 263
1765210 263
1765220 263
1765230 262
1765240 262
1765250 262
1765260 261
1765270 261
1765280 261
1765290 261
1765300 260
1765310 260
1765320 260
1765330 260
1765340 259
1765350 259
1765360 259
1765370 259
1765380 259
1765390 259
1765400 258
1765410 258
1765420 258
1765430 258
1765440 257
1765450 257
1765460 257
1765470 257
1765480 257
1765490 257
1765500 257
1765510 256
1765520 256
1765530 256
1765540 256
1765550 256
1765560 256
1765570 256
1765580 256
1765590 256
1765600 257
1765610 257
1765620 257
1765630 257
1765640 257
1765650 257
1765660 257
1765670 257
1765680 257
1765690 257
1765700 257
1765710 257
1765720 257
1765730 257
1765740 257
1765750 257
1765760 257
1765770 257
1765780 257
1765790 257
1765800 257
1765810 257
1765820 257
1765830 257
1765840 257
1765850 257
1765860 257
1765870 257
1765880 257
1765890 257
1765900 257
1765910 257
1765920 257
1765930 257
1765940 257
1765950 257
1765960 257
1765970 257
1765980 257
1765990 257
1766000 257
1766010 256
1766020 256
1766030 256
1766040 256
1766050 256
1766060 256
1766070 256
1766080 256
1766090 256
1766100 256
1766110 256
1766120 256
1766130 256
1766140 256
1766150 256
1766160 256
1766170 256
1766180 255
1766190 255
1766200 255
1766210 255
1766220 255
1766230 255
1766240 255
1766250 255
1766260 254
1766270 254
1766280 254
1766290 254
1766300 254
1766310 253
1766320 253
1766330 253
1766340 253
1766350 253
1766360 252
1766370 252
1766380 252
1766390 252
1766400 251
1766410 251
1766420 251
1766430 251
1766440 251
1766450 250
1766460 250
1766470 250
1766480 249
1766490 249
1766500 249
1766510 248
1766520 248
1766530 248
1766540 247
1766550 247
1766560 247
1766570 246
1766580 246
1766590 246
1766600 245
1766610 245
1766620 245
1766630 245
1766640 244
1766650 244
1766660 244
1766670 244
1766680 243
1766690 243
1766700 243
1766710 243
1766720 242
1766730 242
1766740 242
1766750 242
1766760 242
1766770 242
1766780 242
1766790 242
1766800 242
1766810 242
1766820 242
1766830 241
1766840 241
1766850 241
1766860 241
1766870 241
1766880 241
1766890 241
1766900 241
1766910 241
1766920 241
1766930 241
1766940 240
1766950 240
1766960 240
1766970 239
1766980 239
1766990 239
1767000 239
1767010 238
1767020 238
1767030 238
1767040 238
1767050 237
1767060 237
1767070 236
1767080 236
1767090 236
1767100 236
1767110 236
1767120 235
1767130 235
1767140 235
1767150 235
1767160 235
1767170 234
1767180 234
1767190 234
1767200 234
1767210 234
1767220 234
1767230 234
1767240 234
1767250 234
1767260 234
1767270 234
1767280 234
1767290 234
1767300 234
1767310 234
1767320 234
1767330 234
1767340 233
1767350 233
1767360 233
1767370 233
1767380 232
1767390 232
1767400 232
1767410 232
1767420 232
1767430 231
1767440 231
1767450 231
1767460 231
1767470 231
1767480 231
1767490 231
1767500 230
1767510 230
1767520 230
1767530 230
1767540 230
1767550 230
1767560 230
1767570 230
1767580 230
1767590 230
1767600 229
1767610 229
1767620 229
1767630 229
1767640 229
1767650 229
1767660 229
1767670 229
1767680 229
1767690 229
1767700 229
1767710 228
1767720 228
1767730 228
1767740 228
1767750 228
1767760 228
1767770 228
1767780 228
1767790 228
1767800 228
1767810 228
1767820 227
1767830 227
1767840 227
1767850 227
1767860 227
1767870 227
1767880 227
1767890 227
1767900 227
1767910 227
1767920 227
1767930 227
1767940 227
1767950 227
1767960 227
1767970 227
1767980 227
1767990 227
1768000 227
1768010 227
1768020 227
1768030 227
1768040 227
1768050 227
1768060 227
1768070 226
1768080 226
1768090 226
1768100 226
1768110 226
1768120 226
1768130 226
1768140 226
1768150 226
1768160 226
1768170 226
1768180 226
1768190 226
1768200 226
1768210 226
1768220 226
1768230 226
1768240 226
1768250 226
1768260 226
1768270 226
1768280 226
1768290 226
1768300 226
1768310 226
1768320 225
1768330 225
1768340 225
1768350 225
1768360 225
1768370 225
1768380 225
1768390 225
1768400 225
1768410 225
1768420 225
1768430 225
1768440 225
1768450 225
1768460 225
1768470 225
1768480 225
1768490 225
1768500 224
1768510 224
1768520 224
1768530 224
1768540 224
1768550 224
1768560 224
1768570 224
1768580 224
1768590 224
1768600 224
1768610 224
1768620 224
1768630 224
1768640 224
1768650 224
1768660 224
1768670 224
1768680 224
1768690 224
1768700 224
1768710 224
1768720 224
1768730 224
1768740 224
1768750 224
1768760 224
1768770 224
1768780 224
1768790 224
1768800 224
1768810 224
1768820 224
1768830 224
1768840 224
1768850 223
1768860 223
1768870 223
1768880 224
1768890 224
1768900 224
1768910 224
1768920 223
1768930 223
1768940 223
1768950 223
1768960 224
1768970 224
1768980 224
1768990 224
1769000 224
1769010 224
1769020 224
1769030 224
1769040 224
1769050 224
1769060 224
1769070 224
1769080 224
1769090 224
1769100 224
1769110 224
1769120 224
1769130 224
1769140 224
1769150 224
1769160 224
1769170 224
1769180 224
1769190 224
1769200 224
1769210 224
1769220 224
1769230 224
1769240 225
1769250 225
1769260 225
1769270 225
1769280 225
1769290 225
1769300 225
1769310 225
1769320 225
1769330 225
1769340 225
1769350 225
1769360 225
1769370 225
1769380 226
1769390 226
1769400 226
1769410 226
1769420 226
1769430 226
1769440 226
1769450 226
1769460 226
1769470 226
1769480 226
1769490 227
1769500 227
1769510 227
1769520 227
1769530 227
1769540 227
1769550 227
1769560 227
1769570 228
1769580 228
1769590 228
1769600 228
1769610 228
1769620 228
1769630 228
1769640 228
1769650 229
1769660 229
1769670 229
1769680 229
1769690 229
1769700 229
1769710 230
1769720 230
1769730 230
1769740 230
1769750 231
1769760 231
1769770 231
1769780 231
1769790 231
1769800 232
1769810 232
1769820 232
1769830 232
1769840 232
1769850 233
1769860 233
1769870 233
1769880 233
1769890 234
1769900 234
1769910 234
1769920 235
1769930 235
1769940 235
1769950 235
1769960 235
1769970 236
1769980 236
1769990 236
1770000 236
1770010 236
1770020 237
1770030 237
1770040 237
1770050 237
1770060 237
1770070 238
1770080 238
1770090 238
1770100 238
1770110 238
1770120 239
1770130 239
1770140 239
1770150 240
1770160 240
1770170 240
1770180 241
1770190 241
1770200 242
1770210 242
1770220 243
1770230 243
1770240 243
1770250 243
1770260 244
1770270 244
1770280 244
1770290 244
1770300 244
1770310 244
1770320 244
1770330 244
1770340 244
1770350 243
1770360 243
1770370 243
1770380 243
1770390 242
1770400 242
1770410 242
1770420 241
1770430 241
1770440 240
1770450 240
1770460 240
1770470 240
1770480 239
1770490 239
1770500 239
1770510 239
1770520 238
1770530 238
1770540 238
1770550 238
1770560 238
1770570 238
1770580 237
1770590 237
1770600 236
1770610 236
1770620 235
1770630 235
1770640 234
1770650 233
1770660 233
1770670 232
1770680 231
1770690 230
1770700 229
1770710 228
1770720 227
1770730 228
1770740 225
1770750 222
1770760 221
1770770 220
1770780 220
1770790 219
1770800 219
1770810 219
1770820 219
1770830 219
1770840 219
1770850 219
1770860 219
1770870 219
1770880 219
1770890 219
1770900 219
1770910 219
1770920 219
1770930 219
1770940 219
1770950 218
1770960 218
1770970 218
1770980 218
1770990 218
1771000 218
1771010 218
1771020 218
1771030 218
1771040 218
1771050 218
1771060 218
1771070 218
1771080 218
1771090 218
1771100 218
1771110 218
1771120 218
1771130 218
1771140 218
1771150 218
1771160 218
1771170 218
1771180 218
1771190 218
1771200 219
1771210 219
1771220 219
1771230 219
1771240 219
1771250 219
1771260 218
1771270 218
1771280 217
1771290 217
1771300 217
1771310 217
1771320 217
1771330 217
1771340 217
1771350 217
1771360 217
1771370 217
1771380 217
1771390 217
1771400 217
1771410 217
1771420 217
1771430 217
1771440 217
1771450 217
1771460 217
1771470 217
1771480 217
1771490 217
1771500 217
1771510 217
1771520 217
1771530 217
1771540 217
1771550 217
1771560 217
1771570 217
1771580 216
1771590 215
1771600 215
1771610 216
1771620 218
1771630 217
1771640 217
1771650 217
1771660 217
1771670 217
1771680 218
1771690 217
1771700 217
1771710 217
1771720 217
1771730 217
1771740 217
1771750 217
1771760 217
1771770 217
1771780 219
1771790 221
1771800 222
1771810 223
1771820 224
1771830 226
1771840 227
1771850 228
1771860 228
1771870 229
1771880 230
1771890 231
1771900 232
1771910 232
1771920 233
1771930 235
1771940 237
1771950 240
1771960 242
1771970 244
1771980 246
1771990 247
1772000 249
1772010 251
1772020 253
1772030 254
1772040 255
1772050 257
1772060 258
1772070 259
1772080 260
1772090 261
1772100 262
1772110 263
1772120 264
1772130 265
1772140 265
1772150 266
1772160 267
1772170 268
1772180 269
1772190 270
1772200 271
1772210 272
1772220 274
1772230 277
1772240 279
1772250 280
1772260 281
1772270 282
1772280 283
1772290 283
1772300 284
1772310 284
1772320 285
1772330 285
1772340 286
1772350 287
1772360 287
1772370 288
1772380 288
1772390 288
1772400 288
1772410 289
1772420 289
1772430 289
1772440 289
1772450 289
1772460 289
1772470 289
1772480 289
1772490 289
1772500 290
1772510 289
1772520 289
1772530 289
1772540 289
1772550 289
1772560 288
1772570 289
1772580 289
1772590 289
1772600 289
1772610 288
1772620 288
1772630 288
1772640 288
1772650 288
1772660 288
1772670 288
1772680 288
1772690 288
1772700 288
1772710 287
1772720 287
1772730 287
1772740 287
1772750 287
1772760 286
1772770 286
1772780 286
1772790 286
1772800 286
1772810 286
1772820 285
1772830 285
1772840 285
1772850 285
1772860 285
1772870 285
1772880 285
1772890 286
1772900 286
1772910 286
1772920 286
1772930 286
1772940 286
1772950 285
1772960 285
1772970 284
1772980 284
1772990 284
1773000 284
1773010 284
1773020 284
1773030 284
1773040 284
1773050 284
1773060 284
1773070 284
1773080 283
1773090 283
1773100 282
1773110 282
1773120 282
1773130 282
1773140 282
1773150 282
1773160 283
1773170 283
1773180 283
1773190 284
1773200 284
1773210 285
1773220 285
1773230 286
1773240 287
1773250 288
1773260 289
1773270 289
1773280 290
1773290 290
1773300 291
1773310 291
1773320 291
1773330 291
1773340 291
1773350 292
1773360 292
1773370 292
1773380 292
1773390 293
1773400 293
1773410 293
1773420 294
1773430 294
1773440 295
1773450 295
1773460 295
1773470 295
1773480 294
1773490 294
1773500 294
1773510 295
1773520 295
1773530 295
1773540 295
1773550 295
1773560 295
1773570 295
1773580 295
1773590 294
1773600 294
1773610 294
1773620 294
1773630 294
1773640 293
1773650 293
1773660 292
1773670 291
1773680 291
1773690 290
1773700 290
1773710 290
1773720 289
1773730 289
1773740 288
1773750 287
1773760 286
1773770 287
1773780 290
1773790 293
1773800 296
1773810 300
1773820 302
1773830 304
1773840 306
1773850 308
1773860 310
1773870 311
1773880 312
1773890 313
1773900 315
1773910 316
1773920 318
1773930 319
1773940 321
1773950 322
1773960 323
1773970 323
1773980 322
1773990 321
1774000 320
1774010 321
1774020 322
1774030 323
1774040 324
1774050 325
1774060 326
1774070 328
1774080 331
1774090 333
1774100 336
1774110 338
1774120 339
1774130 340
1774140 340
1774150 340
1774160 340
1774170 341
1774180 341
1774190 341
1774200 342
1774210 342
1774220 342
1774230 342
1774240 342
1774250 342
1774260 342
1774270 342
1774280 342
1774290 341
1774300 341
1774310 340
1774320 339
1774330 338
1774340 336
1774350 335
1774360 335
1774370 334
1774380 334
1774390 333
1774400 332
1774410 332
1774420 332
1774430 332
1774440 332
1774450 332
1774460 332
1774470 332
1774480 332
1774490 332
1774500 333
1774510 333
1774520 333
1774530 333
1774540 333
1774550 333
1774560 333
1774570 333
1774580 333
1774590 333
1774600 333
1774610 333
1774620 333
1774630 333
1774640 334
1774650 334
1774660 335
1774670 335
1774680 335
1774690 335
1774700 334
1774710 334
1774720 334
1774730 334
1774740 334
1774750 334
1774760 334
1774770 333
1774780 333
1774790 333
1774800 333
1774810 333
1774820 333
1774830 333
1774840 333
1774850 332
1774860 332
1774870 332
1774880 332
1774890 332
1774900 332
1774910 331
1774920 331
1774930 331
1774940 331
1774950 331
1774960 331
1774970 331
1774980 331
1774990 331
1775000 332
1775010 332
1775020 332
1775030 332
1775040 332
1775050 332
1775060 333
1775070 333
1775080 333
1775090 333
1775100 333
1775110 333
1775120 333
1775130 333
1775140 333
1775150 332
1775160 332
1775170 332
1775180 331
1775190 331
1775200 331
1775210 331
1775220 330
1775230 330
1775240 330
1775250 329
1775260 329
1775270 329
1775280 329
1775290 329
1775300 329
1775310 328
1775320 328
1775330 328
1775340 328
1775350 328
1775360 328
1775370 327
1775380 327
1775390 327
1775400 326
1775410 325
1775420 325
1775430 324
1775440 324
1775450 323
1775460 323
1775470 323
1775480 320
1775490 318
1775500 316
1775510 317
1775520 319
1775530 321
1775540 322
1775550 323
1775560 324
1775570 326
1775580 327
1775590 328
1775600 329
1775610 329
1775620 329
1775630 330
1775640 330
1775650 330
1775660 331
1775670 331
1775680 332
1775690 332
1775700 333
1775710 334
1775720 334
1775730 335
1775740 335
1775750 336
1775760 337
1775770 337
1775780 338
1775790 338
1775800 338
1775810 339
1775820 339
1775830 340
1775840 340
1775850 340
1775860 341
1775870 341
1775880 341
1775890 342
1775900 342
1775910 342
1775920 342
1775930 343
1775940 343
1775950 343
1775960 343
1775970 343
1775980 343
1775990 343
1776000 343
1776010 343
1776020 343
1776030 343
1776040 344
1776050 344
1776060 344
1776070 344
1776080 344
1776090 344
1776100 343
1776110 343
1776120 343
1776130 341
1776140 340
1776150 339
1776160 339
1776170 338
1776180 338
1776190 338
1776200 338
1776210 338
1776220 338
1776230 338
1776240 337
1776250 335
1776260 335
1776270 335
1776280 335
1776290 334
1776300 334
1776310 334
1776320 335
1776330 336
1776340 338
1776350 339
1776360 340
1776370 340
1776380 340
1776390 341
1776400 341
1776410 341
1776420 340
1776430 340
1776440 340
1776450 340
1776460 340
1776470 340
1776480 340
1776490 340
1776500 340
1776510 339
1776520 339
1776530 339
1776540 339
1776550 338
1776560 338
1776570 338
1776580 338
1776590 337
1776600 337
1776610 337
1776620 336
1776630 336
1776640 335
1776650 334
1776660 333
1776670 333
1776680 332
1776690 331
1776700 330
1776710 329
1776720 328
1776730 327
1776740 326
1776750 325
1776760 324
1776770 323
1776780 322
1776790 321
1776800 320
1776810 319
1776820 319
1776830 317
1776840 316
1776850 315
1776860 315
1776870 315
1776880 316
1776890 316
1776900 317
1776910 318
1776920 318
1776930 319
1776940 319
1776950 319
1776960 319
1776970 319
1776980 317
1776990 318
1777000 319
1777010 321
1777020 323
1777030 324
1777040 326
1777050 328
1777060 329
1777070 330
1777080 330
1777090 329
1777100 329
1777110 328
1777120 328
1777130 328
1777140 328
1777150 328
1777160 327
1777170 327
1777180 327
1777190 327
1777200 327
1777210 327
1777220 327
1777230 327
1777240 327
1777250 326
1777260 325
1777270 324
1777280 324
1777290 324
1777300 324
1777310 324
1777320 324
1777330 323
1777340 322
1777350 322
1777360 321
1777370 321
1777380 321
1777390 321
1777400 321
1777410 320
1777420 320
1777430 319
1777440 319
1777450 318
1777460 318
1777470 317
1777480 317
1777490 316
1777500 316
1777510 315
1777520 315
1777530 314
1777540 314
1777550 313
1777560 313
1777570 312
1777580 312
1777590 311
1777600 310
1777610 309
1777620 308
1777630 307
1777640 306
1777650 305
1777660 303
1777670 302
1777680 300
1777690 299
1777700 297
1777710 295
1777720 293
1777730 291
1777740 289
1777750 288
1777760 288
1777770 288
1777780 289
1777790 291
1777800 292
1777810 294
1777820 294
1777830 295
1777840 296
1777850 297
1777860 299
1777870 300
1777880 302
1777890 303
1777900 304
1777910 306
1777920 307
1777930 308
1777940 308
1777950 309
1777960 309
1777970 309
1777980 310
1777990 310
1778000 310
1778010 310
1778020 311
1778030 311
1778040 311
1778050 311
1778060 310
1778070 310
1778080 309
1778090 309
1778100 308
1778110 308
1778120 308
1778130 308
1778140 308
1778150 307
1778160 307
1778170 307
1778180 307
1778190 306
1778200 306
1778210 306
1778220 307
1778230 307
1778240 308
1778250 308
1778260 307
1778270 307
1778280 306
1778290 305
1778300 304
1778310 303
1778320 302
1778330 302
1778340 302
1778350 301
1778360 301
1778370 301
1778380 301
1778390 300
1778400 300
1778410 301
1778420 302
1778430 304
1778440 306
1778450 308
1778460 310
1778470 311
1778480 313
1778490 315
1778500 316
1778510 318
1778520 320
1778530 322
1778540 324
1778550 325
1778560 327
1778570 328
1778580 329
1778590 331
1778600 332
1778610 333
1778620 335
1778630 336
1778640 337
1778650 339
1778660 340
1778670 342
1778680 343
1778690 344
1778700 344
1778710 345
1778720 346
1778730 346
1778740 347
1778750 347
1778760 348
1778770 348
1778780 348
1778790 348
1778800 348
1778810 347
1778820 346
1778830 346
1778840 346
1778850 345
1778860 345
1778870 344
1778880 344
1778890 343
1778900 343
1778910 343
1778920 343
1778930 343
1778940 343
1778950 343
1778960 343
1778970 343
1778980 343
1778990 343
1779000 343
1779010 342
1779020 342
1779030 342
1779040 342
1779050 341
1779060 341
1779070 341
1779080 342
1779090 342
1779100 342
1779110 342
1779120 342
1779130 342
1779140 342
1779150 342
1779160 343
1779170 342
1779180 343
1779190 343
1779200 343
1779210 343
1779220 343
1779230 343
1779240 343
1779250 343
1779260 343
1779270 343
1779280 342
1779290 342
1779300 342
1779310 342
1779320 341
1779330 341
1779340 340
1779350 339
1779360 339
1779370 338
1779380 337
1779390 337
1779400 336
1779410 335
1779420 334
1779430 333
1779440 332
1779450 331
1779460 330
1779470 330
1779480 329
1779490 329
1779500 328
1779510 327
1779520 327
1779530 326
1779540 325
1779550 324
1779560 324
1779570 323
1779580 322
1779590 321
1779600 321
1779610 320
1779620 319
1779630 319
1779640 319
1779650 319
1779660 318
1779670 318
1779680 316
1779690 316
1779700 315
1779710 314
1779720 314
1779730 313
1779740 313
1779750 312
1779760 312
1779770 311
1779780 311
1779790 310
1779800 309
1779810 308
1779820 307
1779830 307
1779840 306
1779850 305
1779860 304
1779870 303
1779880 303
1779890 303
1779900 303
1779910 303
1779920 304
1779930 305
1779940 305
1779950 306
1779960 306
1779970 307
1779980 307
1779990 307
