1760000 304
1760010 304
1760020 303
1760030 303
1760040 302
1760050 302
1760060 301
1760070 300
1760080 300
1760090 300
1760100 299
1760110 299
1760120 298
1760130 298
1760140 297
1760150 297
1760160 296
1760170 296
1760180 296
1760190 295
1760200 293
1760210 290
1760220 289
1760230 288
1760240 288
1760250 288
1760260 289
1760270 289
1760280 289
1760290 290
1760300 291
1760310 293
1760320 293
1760330 294
1760340 294
1760350 295
1760360 295
1760370 297
1760380 298
1760390 299
1760400 300
1760410 301
1760420 302
1760430 302
1760440 303
1760450 304
1760460 304
1760470 305
1760480 305
1760490 306
1760500 306
1760510 306
1760520 307
1760530 307
1760540 308
1760550 308
1760560 309
1760570 310
1760580 311
1760590 312
1760600 313
1760610 314
1760620 315
1760630 316
1760640 317
1760650 318
1760660 319
1760670 319
1760680 320
1760690 321
1760700 322
1760710 323
1760720 323
1760730 324
1760740 324
1760750 325
1760760 325
1760770 326
1760780 327
1760790 327
1760800 328
1760810 329
1760820 330
1760830 330
1760840 331
1760850 331
1760860 332
1760870 333
1760880 333
1760890 334
1760900 335
1760910 336
1760920 337
1760930 337
1760940 338
1760950 339
1760960 340
1760970 341
1760980 341
1760990 342
1761000 343
1761010 344
1761020 345
1761030 346
1761040 346
1761050 347
1761060 347
1761070 348
1761080 348
1761090 349
1761100 349
1761110 350
1761120 350
1761130 351
1761140 351
1761150 352
1761160 352
1761170 353
1761180 353
1761190 353
1761200 353
1761210 354
1761220 354
1761230 354
1761240 355
1761250 355
1761260 356
1761270 356
1761280 356
1761290 356
1761300 356
1761310 357
1761320 357
1761330 357
1761340 357
1761350 357
1761360 357
1761370 357
1761380 358
1761390 358
1761400 358
1761410 358
1761420 358
1761430 358
1761440 359
1761450 359
1761460 359
1761470 359
1761480 359
1761490 359
1761500 359
1761510 359
1761520 359
1761530 359
1761540 359
1761550 359
1761560 359
1761570 359
1761580 359
1761590 359
1761600 359
1761610 359
1761620 358
1761630 358
1761640 358
1761650 358
1761660 358
1761670 357
1761680 357
1761690 357
1761700 356
1761710 356
1761720 356
1761730 355
1761740 355
1761750 355
1761760 354
1761770 354
1761780 353
1761790 353
1761800 353
1761810 352
1761820 352
1761830 352
1761840 351
1761850 351
1761860 350
1761870 349
1761880 349
1761890 349
1761900 349
1761910 348
1761920 348
1761930 348
1761940 347
1761950 347
1761960 347
1761970 346
1761980 346
1761990 346
1762000 345
1762010 345
1762020 344
1762030 344
1762040 343
1762050 343
1762060 343
1762070 342
1762080 342
1762090 341
1762100 341
1762110 340
1762120 340
1762130 339
1762140 339
1762150 338
1762160 338
1762170 338
1762180 337
1762190 337
1762200 336
1762210 336
1762220 335
1762230 335
1762240 334
1762250 333
1762260 333
1762270 332
1762280 332
1762290 331
1762300 330
1762310 329
1762320 329
1762330 328
1762340 327
1762350 325
1762360 324
1762370 324
1762380 324
1762390 323
1762400 323
1762410 321
1762420 320
1762430 319
1762440 319
1762450 318
1762460 318
1762470 318
1762480 317
1762490 317
1762500 317
1762510 316
1762520 316
1762530 316
1762540 316
1762550 315
1762560 314
1762570 313
1762580 312
1762590 312
1762600 312
1762610 311
1762620 311
1762630 310
1762640 309
1762650 309
1762660 308
1762670 307
1762680 307
1762690 307
1762700 306
1762710 306
1762720 305
1762730 304
1762740 304
1762750 303
1762760 303
1762770 302
1762780 301
1762790 300
1762800 298
1762810 296
1762820 295
1762830 294
1762840 294
1762850 294
1762860 293
1762870 292
1762880 291
1762890 290
1762900 290
1762910 289
1762920 289
1762930 289
1762940 289
1762950 290
1762960 290
1762970 290
1762980 290
1762990 290
1763000 290
1763010 290
1763020 290
1763030 290
1763040 290
1763050 290
1763060 290
1763070 290
1763080 291
1763090 291
1763100 291
1763110 292
1763120 292
1763130 293
1763140 293
1763150 293
1763160 294
1763170 294
1763180 295
1763190 295
1763200 296
1763210 296
1763220 297
1763230 297
1763240 297
1763250 298
1763260 298
1763270 298
1763280 299
1763290 299
1763300 299
1763310 299
1763320 299
1763330 299
1763340 299
1763350 299
1763360 299
1763370 299
1763380 299
1763390 298
1763400 298
1763410 298
1763420 298
1763430 298
1763440 297
1763450 297
1763460 297
1763470 296
1763480 296
1763490 296
1763500 295
1763510 295
1763520 295
1763530 295
1763540 294
1763550 294
1763560 293
1763570 292
1763580 292
1763590 291
1763600 291
1763610 290
1763620 290
1763630 290
1763640 289
1763650 289
1763660 290
1763670 290
1763680 290
1763690 289
1763700 289
1763710 288
1763720 288
1763730 287
1763740 287
1763750 286
1763760 285
1763770 284
1763780 283
1763790 284
1763800 284
1763810 283
1763820 283
1763830 282
1763840 282
1763850 280
1763860 279
1763870 277
1763880 275
1763890 275
1763900 274
1763910 275
1763920 275
1763930 275
1763940 276
1763950 277
1763960 277
1763970 278
1763980 278
1763990 278
1764000 278
1764010 279
1764020 279
1764030 279
1764040 280
1764050 280
1764060 281
1764070 283
1764080 284
1764090 285
1764100 287
1764110 288
1764120 289
1764130 290
1764140 291
1764150 292
1764160 293
1764170 294
1764180 295
1764190 296
1764200 296
1764210 297
1764220 299
1764230 300
1764240 301
1764250 301
1764260 302
1764270 302
1764280 302
1764290 303
1764300 303
1764310 303
1764320 303
1764330 303
1764340 303
1764350 303
1764360 302
1764370 302
1764380 302
1764390 302
1764400 301
1764410 301
1764420 301
1764430 301
1764440 300
1764450 300
1764460 300
1764470 300
1764480 299
1764490 299
1764500 299
1764510 299
1764520 298
1764530 298
1764540 298
1764550 298
1764560 297
1764570 297
1764580 297
1764590 297
1764600 296
1764610 296
1764620 296
1764630 296
1764640 295
1764650 295
1764660 295
1764670 295
1764680 294
1764690 293
1764700 293
1764710 292
1764720 292
1764730 291
1764740 291
1764750 291
1764760 290
1764770 290
1764780 290
1764790 289
1764800 289
1764810 288
1764820 287
1764830 287
1764840 286
1764850 286
1764860 285
1764870 285
1764880 284
1764890 284
1764900 284
1764910 284
1764920 284
1764930 283
1764940 283
1764950 283
1764960 283
1764970 283
1764980 282
1764990 282
1765000 282
1765010 281
1765020 281
1765030 281
1765040 280
1765050 280
1765060 280
1765070 279
1765080 279
1765090 278
1765100 278
1765110 278
1765120 277
1765130 277
1765140 276
1765150 276
1765160 276
1765170 275
1765180 275
1765190 274
1765200 274
1765210 274
1765220 273
1765230 273
1765240 273
1765250 272
1765260 272
1765270 272
1765280 272
1765290 271
1765300 271
1765310 271
1765320 270
1765330 270
1765340 270
1765350 269
1765360 269
1765370 269
1765380 269
1765390 269
1765400 269
1765410 268
1765420 268
1765430 268
1765440 268
1765450 267
1765460 267
1765470 267
1765480 266
1765490 266
1765500 265
1765510 265
1765520 264
1765530 264
1765540 263
1765550 263
1765560 262
1765570 262
1765580 261
1765590 261
1765600 260
1765610 260
1765620 260
1765630 259
1765640 259
1765650 259
1765660 258
1765670 258
1765680 258
1765690 258
1765700 257
1765710 257
1765720 257
1765730 257
1765740 257
1765750 257
1765760 257
1765770 256
1765780 256
1765790 256
1765800 255
1765810 255
1765820 255
1765830 254
1765840 254
1765850 254
1765860 253
1765870 253
1765880 253
1765890 253
1765900 252
1765910 252
1765920 252
1765930 252
1765940 252
1765950 252
1765960 252
1765970 252
1765980 253
1765990 253
1766000 253
1766010 254
1766020 254
1766030 254
1766040 255
1766050 255
1766060 255
1766070 255
1766080 255
1766090 255
1766100 256
1766110 256
1766120 256
1766130 257
1766140 257
1766150 257
1766160 257
1766170 258
1766180 258
1766190 258
1766200 259
1766210 259
1766220 260
1766230 260
1766240 261
1766250 261
1766260 262
1766270 262
1766280 263
1766290 263
1766300 264
1766310 264
1766320 264
1766330 264
1766340 264
1766350 265
1766360 265
1766370 265
1766380 265
1766390 265
1766400 265
1766410 266
1766420 266
1766430 266
1766440 266
1766450 266
1766460 266
1766470 266
1766480 266
1766490 266
1766500 266
1766510 266
1766520 266
1766530 266
1766540 266
1766550 265
1766560 265
1766570 265
1766580 265
1766590 264
1766600 264
1766610 264
1766620 264
1766630 263
1766640 263
1766650 263
1766660 263
1766670 262
1766680 262
1766690 262
1766700 261
1766710 261
1766720 261
1766730 260
1766740 260
1766750 259
1766760 259
1766770 258
1766780 258
1766790 258
1766800 257
1766810 257
1766820 256
1766830 256
1766840 256
1766850 255
1766860 255
1766870 254
1766880 254
1766890 253
1766900 253
1766910 253
1766920 252
1766930 252
1766940 251
1766950 251
1766960 251
1766970 250
1766980 250
1766990 250
1767000 249
1767010 249
1767020 249
1767030 248
1767040 248
1767050 248
1767060 247
1767070 247
1767080 247
1767090 247
1767100 247
1767110 247
1767120 247
1767130 247
1767140 246
1767150 246
1767160 246
1767170 246
1767180 246
1767190 246
1767200 246
1767210 246
1767220 246
1767230 246
1767240 246
1767250 246
1767260 246
1767270 246
1767280 246
1767290 246
1767300 246
1767310 246
1767320 246
1767330 246
1767340 246
1767350 245
1767360 245
1767370 245
1767380 245
1767390 245
1767400 245
1767410 245
1767420 245
1767430 245
1767440 244
1767450 244
1767460 244
1767470 244
1767480 244
1767490 244
1767500 244
1767510 243
1767520 243
1767530 243
1767540 243
1767550 243
1767560 243
1767570 243
1767580 243
1767590 243
1767600 243
1767610 243
1767620 243
1767630 243
1767640 243
1767650 243
1767660 243
1767670 242
1767680 242
1767690 242
1767700 242
1767710 242
1767720 242
1767730 242
1767740 241
1767750 241
1767760 241
1767770 241
1767780 241
1767790 241
1767800 241
1767810 240
1767820 240
1767830 240
1767840 240
1767850 240
1767860 240
1767870 240
1767880 240
1767890 240
1767900 239
1767910 239
1767920 239
1767930 239
1767940 239
1767950 239
1767960 239
1767970 239
1767980 239
1767990 238
1768000 238
1768010 238
1768020 238
1768030 238
1768040 237
1768050 237
1768060 237
1768070 237
1768080 236
1768090 236
1768100 236
1768110 235
1768120 235
1768130 235
1768140 234
1768150 234
1768160 233
1768170 233
1768180 233
1768190 233
1768200 233
1768210 233
1768220 233
1768230 233
1768240 233
1768250 233
1768260 233
1768270 233
1768280 233
1768290 233
1768300 233
1768310 233
1768320 233
1768330 233
1768340 232
1768350 232
1768360 232
1768370 232
1768380 231
1768390 231
1768400 231
1768410 231
1768420 232
1768430 233
1768440 233
1768450 232
1768460 232
1768470 232
1768480 232
1768490 232
1768500 232
1768510 231
1768520 231
1768530 231
1768540 231
1768550 231
1768560 231
1768570 231
1768580 231
1768590 230
1768600 231
1768610 231
1768620 231
1768630 230
1768640 230
1768650 230
1768660 230
1768670 230
1768680 230
1768690 229
1768700 229
1768710 229
1768720 229
1768730 229
1768740 229
1768750 229
1768760 229
1768770 229
1768780 229
1768790 229
1768800 229
1768810 228
1768820 228
1768830 228
1768840 228
1768850 228
1768860 228
1768870 228
1768880 228
1768890 227
1768900 227
1768910 227
1768920 227
1768930 227
1768940 227
1768950 227
1768960 227
1768970 227
1768980 227
1768990 227
1769000 227
1769010 228
1769020 228
1769030 228
1769040 228
1769050 228
1769060 228
1769070 228
1769080 228
1769090 228
1769100 229
1769110 229
1769120 229
1769130 229
1769140 229
1769150 230
1769160 230
1769170 230
1769180 230
1769190 230
1769200 230
1769210 230
1769220 230
1769230 231
1769240 231
1769250 231
1769260 231
1769270 231
1769280 231
1769290 231
1769300 231
1769310 231
1769320 232
1769330 232
1769340 232
1769350 232
1769360 232
1769370 232
1769380 233
1769390 233
1769400 233
1769410 233
1769420 233
1769430 234
1769440 234
1769450 234
1769460 234
1769470 234
1769480 235
1769490 235
1769500 235
1769510 235
1769520 235
1769530 235
1769540 236
1769550 236
1769560 236
1769570 236
1769580 236
1769590 237
1769600 237
1769610 237
1769620 237
1769630 237
1769640 237
1769650 237
1769660 237
1769670 238
1769680 238
1769690 238
1769700 238
1769710 238
1769720 238
1769730 238
1769740 238
1769750 238
1769760 238
1769770 239
1769780 239
1769790 239
1769800 239
1769810 239
1769820 239
1769830 239
1769840 239
1769850 239
1769860 240
1769870 240
1769880 240
1769890 240
1769900 240
1769910 240
1769920 240
1769930 240
1769940 240
1769950 240
1769960 240
1769970 240
1769980 240
1769990 240
1770000 240
1770010 240
1770020 240
1770030 241
1770040 241
1770050 241
1770060 241
1770070 241
1770080 241
1770090 241
1770100 242
1770110 242
1770120 242
1770130 242
1770140 242
1770150 243
1770160 243
1770170 243
1770180 243
1770190 243
1770200 244
1770210 244
1770220 244
1770230 244
1770240 244
1770250 244
1770260 244
1770270 244
1770280 244
1770290 245
1770300 245
1770310 245
1770320 245
1770330 245
1770340 245
1770350 245
1770360 245
1770370 245
1770380 245
1770390 245
1770400 245
1770410 245
1770420 245
1770430 245
1770440 246
1770450 246
1770460 246
1770470 246
1770480 246
1770490 246
1770500 246
1770510 247
1770520 247
1770530 247
1770540 247
1770550 247
1770560 247
1770570 247
1770580 247
1770590 247
1770600 247
1770610 247
1770620 247
1770630 247
1770640 247
1770650 246
1770660 246
1770670 246
1770680 246
1770690 245
1770700 245
1770710 245
1770720 244
1770730 244
1770740 244
1770750 243
1770760 243
1770770 243
1770780 242
1770790 242
1770800 242
1770810 241
1770820 241
1770830 241
1770840 240
1770850 240
1770860 239
1770870 239
1770880 238
1770890 238
1770900 237
1770910 237
1770920 236
1770930 236
1770940 235
1770950 235
1770960 234
1770970 234
1770980 234
1770990 233
1771000 233
1771010 233
1771020 232
1771030 232
1771040 232
1771050 231
1771060 231
1771070 231
1771080 231
1771090 231
1771100 231
1771110 230
1771120 230
1771130 230
1771140 229
1771150 229
1771160 229
1771170 229
1771180 228
1771190 228
1771200 228
1771210 227
1771220 227
1771230 227
1771240 227
1771250 227
1771260 227
1771270 226
1771280 223
1771290 220
1771300 219
1771310 219
1771320 218
1771330 218
1771340 217
1771350 216
1771360 216
1771370 216
1771380 215
1771390 215
1771400 215
1771410 215
1771420 215
1771430 215
1771440 215
1771450 215
1771460 215
1771470 215
1771480 215
1771490 215
1771500 214
1771510 214
1771520 214
1771530 214
1771540 214
1771550 214
1771560 214
1771570 214
1771580 214
1771590 214
1771600 214
1771610 214
1771620 214
1771630 215
1771640 215
1771650 214
1771660 214
1771670 214
1771680 214
1771690 214
1771700 214
1771710 214
1771720 214
1771730 214
1771740 214
1771750 214
1771760 214
1771770 214
1771780 214
1771790 214
1771800 214
1771810 214
1771820 214
1771830 214
1771840 214
1771850 213
1771860 212
1771870 212
1771880 213
1771890 214
1771900 214
1771910 214
1771920 214
1771930 214
1771940 214
1771950 214
1771960 214
1771970 214
1771980 214
1771990 214
1772000 214
1772010 214
1772020 214
1772030 214
1772040 214
1772050 214
1772060 214
1772070 214
1772080 214
1772090 214
1772100 214
1772110 214
1772120 214
1772130 214
1772140 214
1772150 214
1772160 214
1772170 214
1772180 215
1772190 215
1772200 217
1772210 219
1772220 222
1772230 223
1772240 223
1772250 224
1772260 224
1772270 225
1772280 225
1772290 226
1772300 226
1772310 227
1772320 227
1772330 228
1772340 229
1772350 230
1772360 230
1772370 231
1772380 232
1772390 232
1772400 233
1772410 234
1772420 234
1772430 235
1772440 236
1772450 237
1772460 237
1772470 238
1772480 239
1772490 239
1772500 240
1772510 240
1772520 241
1772530 241
1772540 242
1772550 242
1772560 243
1772570 243
1772580 244
1772590 244
1772600 245
1772610 245
1772620 246
1772630 247
1772640 247
1772650 248
1772660 248
1772670 249
1772680 250
1772690 251
1772700 251
1772710 251
1772720 252
1772730 252
1772740 253
1772750 253
1772760 254
1772770 254
1772780 255
1772790 255
1772800 256
1772810 256
1772820 257
1772830 259
1772840 260
1772850 262
1772860 263
1772870 264
1772880 265
1772890 266
1772900 267
1772910 268
1772920 269
1772930 270
1772940 271
1772950 272
1772960 273
1772970 274
1772980 275
1772990 276
1773000 276
1773010 277
1773020 277
1773030 277
1773040 278
1773050 278
1773060 278
1773070 279
1773080 279
1773090 279
1773100 279
1773110 279
1773120 278
1773130 278
1773140 278
1773150 278
1773160 278
1773170 279
1773180 279
1773190 279
1773200 280
1773210 281
1773220 281
1773230 281
1773240 280
1773250 281
1773260 281
1773270 282
1773280 282
1773290 283
1773300 283
1773310 284
1773320 284
1773330 285
1773340 286
1773350 287
1773360 288
1773370 288
1773380 289
1773390 289
1773400 290
1773410 290
1773420 291
1773430 291
1773440 292
1773450 292
1773460 293
1773470 294
1773480 294
1773490 295
1773500 295
1773510 296
1773520 297
1773530 299
1773540 300
1773550 300
1773560 301
1773570 301
1773580 302
1773590 303
1773600 304
1773610 305
1773620 306
1773630 307
1773640 308
1773650 309
1773660 310
1773670 311
1773680 312
1773690 313
1773700 314
1773710 315
1773720 315
1773730 316
1773740 316
1773750 317
1773760 317
1773770 318
1773780 318
1773790 319
1773800 319
1773810 319
1773820 319
1773830 320
1773840 320
1773850 320
1773860 321
1773870 321
1773880 322
1773890 323
1773900 323
1773910 323
1773920 324
1773930 324
1773940 324
1773950 324
1773960 325
1773970 324
1773980 324
1773990 324
1774000 324
1774010 323
1774020 323
1774030 322
1774040 322
1774050 321
1774060 321
1774070 320
1774080 319
1774090 318
1774100 318
1774110 319
1774120 320
1774130 320
1774140 321
1774150 321
1774160 321
1774170 321
1774180 321
1774190 320
1774200 320
1774210 319
1774220 319
1774230 319
1774240 320
1774250 320
1774260 321
1774270 321
1774280 322
1774290 323
1774300 324
1774310 325
1774320 326
1774330 327
1774340 327
1774350 328
1774360 328
1774370 328
1774380 329
1774390 329
1774400 329
1774410 329
1774420 329
1774430 330
1774440 330
1774450 331
1774460 331
1774470 332
1774480 333
1774490 333
1774500 334
1774510 335
1774520 336
1774530 337
1774540 338
1774550 339
1774560 340
1774570 341
1774580 342
1774590 343
1774600 344
1774610 345
1774620 346
1774630 347
1774640 348
1774650 349
1774660 350
1774670 351
1774680 352
1774690 353
1774700 354
1774710 355
1774720 356
1774730 357
1774740 357
1774750 358
1774760 359
1774770 360
1774780 360
1774790 361
1774800 363
1774810 365
1774820 368
1774830 371
1774840 374
1774850 377
1774860 379
1774870 381
1774880 383
1774890 385
1774900 387
1774910 389
1774920 391
1774930 393
1774940 396
1774950 399
1774960 402
1774970 405
1774980 408
1774990 412
1775000 416
1775010 420
1775020 424
1775030 428
1775040 432
1775050 435
1775060 438
1775070 440
1775080 442
1775090 443
1775100 443
1775110 443
1775120 442
1775130 441
1775140 440
1775150 438
1775160 437
1775170 435
1775180 434
1775190 433
1775200 432
1775210 430
1775220 429
1775230 427
1775240 425
1775250 423
1775260 421
1775270 419
1775280 417
1775290 415
1775300 413
1775310 412
1775320 410
1775330 408
1775340 406
1775350 404
1775360 402
1775370 399
1775380 397
1775390 394
1775400 392
1775410 389
1775420 387
1775430 384
1775440 381
1775450 379
1775460 376
1775470 374
1775480 371
1775490 369
1775500 368
1775510 366
1775520 365
1775530 363
1775540 362
1775550 361
1775560 360
1775570 360
1775580 360
1775590 360
1775600 360
1775610 360
1775620 359
1775630 359
1775640 358
1775650 356
1775660 355
1775670 353
1775680 351
1775690 349
1775700 347
1775710 347
1775720 347
1775730 347
1775740 347
1775750 348
1775760 348
1775770 349
1775780 349
1775790 349
1775800 349
1775810 349
1775820 349
1775830 348
1775840 347
1775850 347
1775860 346
1775870 345
1775880 345
1775890 344
1775900 344
1775910 343
1775920 343
1775930 343
1775940 343
1775950 342
1775960 342
1775970 342
1775980 341
1775990 341
1776000 341
1776010 340
1776020 339
1776030 338
1776040 337
1776050 336
1776060 335
1776070 333
1776080 333
1776090 332
1776100 331
1776110 331
1776120 330
1776130 330
1776140 329
1776150 329
1776160 328
1776170 328
1776180 327
1776190 327
1776200 326
1776210 326
1776220 326
1776230 325
1776240 325
1776250 324
1776260 324
1776270 323
1776280 323
1776290 322
1776300 321
1776310 321
1776320 320
1776330 320
1776340 319
1776350 319
1776360 318
1776370 318
1776380 317
1776390 317
1776400 316
1776410 316
1776420 315
1776430 315
1776440 314
1776450 314
1776460 313
1776470 313
1776480 312
1776490 312
1776500 311
1776510 310
1776520 310
1776530 309
1776540 309
1776550 308
1776560 307
1776570 307
1776580 306
1776590 306
1776600 305
1776610 304
1776620 304
1776630 303
1776640 303
1776650 302
1776660 301
1776670 301
1776680 300
1776690 299
1776700 298
1776710 298
1776720 297
1776730 296
1776740 295
1776750 295
1776760 294
1776770 293
1776780 293
1776790 292
1776800 291
1776810 290
1776820 290
1776830 289
1776840 288
1776850 287
1776860 286
1776870 285
1776880 284
1776890 283
1776900 282
1776910 281
1776920 281
1776930 280
1776940 279
1776950 279
1776960 278
1776970 278
1776980 277
1776990 276
1777000 276
1777010 275
1777020 275
1777030 274
1777040 274
1777050 274
1777060 273
1777070 273
1777080 272
1777090 272
1777100 272
1777110 272
1777120 272
1777130 271
1777140 271
1777150 271
1777160 270
1777170 270
1777180 269
1777190 269
1777200 268
1777210 268
1777220 267
1777230 267
1777240 267
1777250 266
1777260 266
1777270 266
1777280 265
1777290 265
1777300 265
1777310 265
1777320 264
1777330 264
1777340 264
1777350 264
1777360 263
1777370 263
1777380 263
1777390 263
1777400 262
1777410 262
1777420 261
1777430 261
1777440 261
1777450 261
1777460 260
1777470 260
1777480 260
1777490 260
1777500 260
1777510 259
1777520 259
1777530 259
1777540 259
1777550 259
1777560 258
1777570 258
1777580 258
1777590 258
1777600 258
1777610 258
1777620 258
1777630 258
1777640 258
1777650 258
1777660 258
1777670 258
1777680 258
1777690 257
1777700 258
1777710 259
1777720 260
1777730 260
1777740 260
1777750 260
1777760 261
1777770 261
1777780 261
1777790 261
1777800 261
1777810 261
1777820 261
1777830 261
1777840 261
1777850 260
1777860 260
1777870 260
1777880 259
1777890 259
1777900 259
1777910 258
1777920 258
1777930 257
1777940 257
1777950 256
1777960 256
1777970 256
1777980 256
1777990 255
1778000 255
1778010 256
1778020 256
1778030 256
1778040 256
1778050 256
1778060 256
1778070 257
1778080 257
1778090 257
1778100 257
1778110 258
1778120 258
1778130 258
1778140 258
1778150 258
1778160 258
1778170 258
1778180 259
1778190 259
1778200 260
1778210 260
1778220 260
1778230 261
1778240 261
1778250 261
1778260 262
1778270 262
1778280 263
1778290 263
1778300 263
1778310 264
1778320 264
1778330 264
1778340 265
1778350 265
1778360 266
1778370 266
1778380 266
1778390 267
1778400 267
1778410 267
1778420 267
1778430 267
1778440 267
1778450 266
1778460 266
1778470 266
1778480 266
1778490 265
1778500 265
1778510 265
1778520 264
1778530 264
1778540 264
1778550 263
1778560 263
1778570 263
1778580 263
1778590 262
1778600 262
1778610 262
1778620 261
1778630 261
1778640 261
1778650 260
1778660 260
1778670 260
1778680 260
1778690 259
1778700 259
1778710 258
1778720 258
1778730 258
1778740 258
1778750 257
1778760 257
1778770 256
1778780 255
1778790 255
1778800 254
1778810 254
1778820 253
1778830 253
1778840 253
1778850 252
1778860 252
1778870 251
1778880 251
1778890 250
1778900 250
1778910 250
1778920 249
1778930 249
1778940 248
1778950 248
1778960 248
1778970 247
1778980 247
1778990 246
1779000 246
1779010 246
1779020 246
1779030 245
1779040 245
1779050 245
1779060 245
1779070 245
1779080 245
1779090 245
1779100 245
1779110 245
1779120 245
1779130 245
1779140 245
1779150 245
1779160 244
1779170 244
1779180 244
1779190 244
1779200 243
1779210 243
1779220 243
1779230 243
1779240 243
1779250 243
1779260 243
1779270 243
1779280 243
1779290 243
1779300 242
1779310 242
1779320 242
1779330 241
1779340 240
1779350 237
1779360 235
1779370 234
1779380 234
1779390 234
1779400 234
1779410 234
1779420 234
1779430 233
1779440 233
1779450 232
1779460 232
1779470 232
1779480 232
1779490 232
1779500 232
1779510 231
1779520 231
1779530 232
1779540 233
1779550 235
1779560 235
1779570 235
1779580 236
1779590 237
1779600 238
1779610 239
1779620 239
1779630 240
1779640 240
1779650 240
1779660 241
1779670 241
1779680 241
1779690 241
1779700 241
1779710 241
1779720 241
1779730 240
1779740 240
1779750 239
1779760 239
1779770 239
1779780 239
1779790 239
1779800 239
1779810 239
1779820 238
1779830 236
1779840 236
1779850 237
1779860 237
1779870 237
1779880 237
1779890 237
1779900 237
1779910 236
1779920 235
1779930 235
1779940 234
1779950 232
1779960 230
1779970 229
1779980 228
1779990 227
1760000 304
1760010 304
1760020 303
1760030 303
1760040 302
1760050 302
1760060 301
1760070 300
1760080 300
1760090 300
1760100 299
1760110 299
1760120 298
1760130 298
1760140 297
1760150 297
1760160 296
1760170 296
1760180 296
1760190 295
1760200 293
1760210 290
1760220 289
1760230 288
1760240 288
1760250 288
1760260 289
1760270 289
1760280 289
1760290 290
1760300 291
1760310 293
1760320 293
1760330 294
1760340 294
1760350 295
1760360 295
1760370 297
1760380 298
1760390 299
1760400 300
1760410 301
1760420 302
1760430 302
1760440 303
1760450 304
1760460 304
1760470 305
1760480 305
1760490 306
1760500 306
1760510 306
1760520 307
1760530 307
1760540 308
1760550 308
1760560 309
1760570 310
1760580 311
1760590 312
1760600 313
1760610 314
1760620 315
1760630 316
1760640 317
1760650 318
1760660 319
1760670 319
1760680 320
1760690 321
1760700 322
1760710 323
1760720 323
1760730 324
1760740 324
1760750 325
1760760 325
1760770 326
1760780 327
1760790 327
1760800 328
1760810 329
1760820 330
1760830 330
1760840 331
1760850 331
1760860 332
1760870 333
1760880 333
1760890 334
1760900 335
1760910 336
1760920 337
1760930 337
1760940 338
1760950 339
1760960 340
1760970 341
1760980 341
1760990 342
1761000 343
1761010 344
1761020 345
1761030 346
1761040 346
1761050 347
1761060 347
1761070 348
1761080 348
1761090 349
1761100 349
1761110 350
1761120 350
1761130 351
1761140 351
1761150 352
1761160 352
1761170 353
1761180 353
1761190 353
1761200 353
1761210 354
1761220 354
1761230 354
1761240 355
1761250 355
1761260 356
1761270 356
1761280 356
1761290 356
1761300 356
1761310 357
1761320 357
1761330 357
1761340 357
1761350 357
1761360 357
1761370 357
1761380 358
1761390 358
1761400 358
1761410 358
1761420 358
1761430 358
1761440 359
1761450 359
1761460 359
1761470 359
1761480 359
1761490 359
1761500 359
1761510 359
1761520 359
1761530 359
1761540 359
1761550 359
1761560 359
1761570 359
1761580 359
1761590 359
1761600 359
1761610 359
1761620 358
1761630 358
1761640 358
1761650 358
1761660 358
1761670 357
1761680 357
1761690 357
1761700 356
1761710 356
1761720 356
1761730 355
1761740 355
1761750 355
1761760 354
1761770 354
1761780 353
1761790 353
1761800 353
1761810 352
1761820 352
1761830 352
1761840 351
1761850 351
1761860 350
1761870 349
1761880 349
1761890 349
1761900 349
1761910 348
1761920 348
1761930 348
1761940 347
1761950 347
1761960 347
1761970 346
1761980 346
1761990 346
1762000 345
1762010 345
1762020 344
1762030 344
1762040 343
1762050 343
1762060 343
1762070 342
1762080 342
1762090 341
1762100 341
1762110 340
1762120 340
1762130 339
1762140 339
1762150 338
1762160 338
1762170 338
1762180 337
1762190 337
1762200 336
1762210 336
1762220 335
1762230 335
1762240 334
1762250 333
1762260 333
1762270 332
1762280 332
1762290 331
1762300 330
1762310 329
1762320 329
1762330 328
1762340 327
1762350 325
1762360 324
1762370 324
1762380 324
1762390 323
1762400 323
1762410 321
1762420 320
1762430 319
1762440 319
1762450 318
1762460 318
1762470 318
1762480 317
1762490 317
1762500 317
1762510 316
1762520 316
1762530 316
1762540 316
1762550 315
1762560 314
1762570 313
1762580 312
1762590 312
1762600 312
1762610 311
1762620 311
1762630 310
1762640 309
1762650 309
1762660 308
1762670 307
1762680 307
1762690 307
1762700 306
1762710 306
1762720 305
1762730 304
1762740 304
1762750 303
1762760 303
1762770 302
1762780 301
1762790 300
1762800 298
1762810 296
1762820 295
1762830 294
1762840 294
1762850 294
1762860 293
1762870 292
1762880 291
1762890 290
1762900 290
1762910 289
1762920 289
1762930 289
1762940 289
1762950 290
1762960 290
1762970 290
1762980 290
1762990 290
1763000 290
1763010 290
1763020 290
1763030 290
1763040 290
1763050 290
1763060 290
1763070 290
1763080 291
1763090 291
1763100 291
1763110 292
1763120 292
1763130 293
1763140 293
1763150 293
1763160 294
1763170 294
1763180 295
1763190 295
1763200 296
1763210 296
1763220 297
1763230 297
1763240 297
1763250 298
1763260 298
1763270 298
1763280 299
1763290 299
1763300 299
1763310 299
1763320 299
1763330 299
1763340 299
1763350 299
1763360 299
1763370 299
1763380 299
1763390 298
1763400 298
1763410 298
1763420 298
1763430 298
1763440 297
1763450 297
1763460 297
1763470 296
1763480 296
1763490 296
1763500 295
1763510 295
1763520 295
1763530 295
1763540 294
1763550 294
1763560 293
1763570 292
1763580 292
1763590 291
1763600 291
1763610 290
1763620 290
1763630 290
1763640 289
1763650 289
1763660 290
1763670 290
1763680 290
1763690 289
1763700 289
1763710 288
1763720 288
1763730 287
1763740 287
1763750 286
1763760 285
1763770 284
1763780 283
1763790 284
1763800 284
1763810 283
1763820 283
1763830 282
1763840 282
1763850 280
1763860 279
1763870 277
1763880 275
1763890 275
1763900 274
1763910 275
1763920 275
1763930 275
1763940 276
1763950 277
1763960 277
1763970 278
1763980 278
1763990 278
1764000 278
1764010 279
1764020 279
1764030 279
1764040 280
1764050 280
1764060 281
1764070 283
1764080 284
1764090 285
1764100 287
1764110 288
1764120 289
1764130 290
1764140 291
1764150 292
1764160 293
1764170 294
1764180 295
1764190 296
1764200 296
1764210 297
1764220 299
1764230 300
1764240 301
1764250 301
1764260 302
1764270 302
1764280 302
1764290 303
1764300 303
1764310 303
1764320 303
1764330 303
1764340 303
1764350 303
1764360 302
1764370 302
1764380 302
1764390 302
1764400 301
1764410 301
1764420 301
1764430 301
1764440 300
1764450 300
1764460 300
1764470 300
1764480 299
1764490 299
1764500 299
1764510 299
1764520 298
1764530 298
1764540 298
1764550 298
1764560 297
1764570 297
1764580 297
1764590 297
1764600 296
1764610 296
1764620 296
1764630 296
1764640 295
1764650 295
1764660 295
1764670 295
1764680 294
1764690 293
1764700 293
1764710 292
1764720 292
1764730 291
1764740 291
1764750 291
1764760 290
1764770 290
1764780 290
1764790 289
1764800 289
1764810 288
1764820 287
1764830 287
1764840 286
1764850 286
1764860 285
1764870 285
1764880 284
1764890 284
1764900 284
1764910 284
1764920 284
1764930 283
1764940 283
1764950 283
1764960 283
1764970 283
1764980 282
1764990 282
1765000 282
1765010 281
1765020 281
1765030 281
1765040 280
1765050 280
1765060 280
1765070 279
1765080 279
1765090 278
1765100 278
1765110 278
1765120 277
1765130 277
1765140 276
1765150 276
1765160 276
1765170 275
1765180 275
1765190 274
1765200 274
1765210 274
1765220 273
1765230 273
1765240 273
1765250 272
1765260 272
1765270 272
1765280 272
1765290 271
1765300 271
1765310 271
1765320 270
1765330 270
1765340 270
1765350 269
1765360 269
1765370 269
1765380 269
1765390 269
1765400 269
1765410 268
1765420 268
1765430 268
1765440 268
1765450 267
1765460 267
1765470 267
1765480 266
1765490 266
1765500 265
1765510 265
1765520 264
1765530 264
1765540 263
1765550 263
1765560 262
1765570 262
1765580 261
1765590 261
1765600 260
1765610 260
1765620 260
1765630 259
1765640 259
1765650 259
1765660 258
1765670 258
1765680 258
1765690 258
1765700 257
1765710 257
1765720 257
1765730 257
1765740 257
1765750 257
1765760 257
1765770 256
1765780 256
1765790 256
1765800 255
1765810 255
1765820 255
1765830 254
1765840 254
1765850 254
1765860 253
1765870 253
1765880 253
1765890 253
1765900 252
1765910 252
1765920 252
1765930 252
1765940 252
1765950 252
1765960 252
1765970 252
1765980 253
1765990 253
1766000 253
1766010 254
1766020 254
1766030 254
1766040 255
1766050 255
1766060 255
1766070 255
1766080 255
1766090 255
1766100 256
1766110 256
1766120 256
1766130 257
1766140 257
1766150 257
1766160 257
1766170 258
1766180 258
1766190 258
1766200 259
1766210 259
1766220 260
1766230 260
1766240 261
1766250 261
1766260 262
1766270 262
1766280 263
1766290 263
1766300 264
1766310 264
1766320 264
1766330 264
1766340 264
1766350 265
1766360 265
1766370 265
1766380 265
1766390 265
1766400 265
1766410 266
1766420 266
1766430 266
1766440 266
1766450 266
1766460 266
1766470 266
1766480 266
1766490 266
1766500 266
1766510 266
1766520 266
1766530 266
1766540 266
1766550 265
1766560 265
1766570 265
1766580 265
1766590 264
1766600 264
1766610 264
1766620 264
1766630 263
1766640 263
1766650 263
1766660 263
1766670 262
1766680 262
1766690 262
1766700 261
1766710 261
1766720 261
1766730 260
1766740 260
1766750 259
1766760 259
1766770 258
1766780 258
1766790 258
1766800 257
1766810 257
1766820 256
1766830 256
1766840 256
1766850 255
1766860 255
1766870 254
1766880 254
1766890 253
1766900 253
1766910 253
1766920 252
1766930 252
1766940 251
1766950 251
1766960 251
1766970 250
1766980 250
1766990 250
1767000 249
1767010 249
1767020 249
1767030 248
1767040 248
1767050 248
1767060 247
1767070 247
1767080 247
1767090 247
1767100 247
1767110 247
1767120 247
1767130 247
1767140 246
1767150 246
1767160 246
1767170 246
1767180 246
1767190 246
1767200 246
1767210 246
1767220 246
1767230 246
1767240 246
1767250 246
1767260 246
1767270 246
1767280 246
1767290 246
1767300 246
1767310 246
1767320 246
1767330 246
1767340 246
1767350 245
1767360 245
1767370 245
1767380 245
1767390 245
1767400 245
1767410 245
1767420 245
1767430 245
1767440 244
1767450 244
1767460 244
1767470 244
1767480 244
1767490 244
1767500 244
1767510 243
1767520 243
1767530 243
1767540 243
1767550 243
1767560 243
1767570 243
1767580 243
1767590 243
1767600 243
1767610 243
1767620 243
1767630 243
1767640 243
1767650 243
1767660 243
1767670 242
1767680 242
1767690 242
1767700 242
1767710 242
1767720 242
1767730 242
1767740 241
1767750 241
1767760 241
1767770 241
1767780 241
1767790 241
1767800 241
1767810 240
1767820 240
1767830 240
1767840 240
1767850 240
1767860 240
1767870 240
1767880 240
1767890 240
1767900 239
1767910 239
1767920 239
1767930 239
1767940 239
1767950 239
1767960 239
1767970 239
1767980 239
1767990 238
1768000 238
1768010 238
1768020 238
1768030 238
1768040 237
1768050 237
1768060 237
1768070 237
1768080 236
1768090 236
1768100 236
1768110 235
1768120 235
1768130 235
1768140 234
1768150 234
1768160 233
1768170 233
1768180 233
1768190 233
1768200 233
1768210 233
1768220 233
1768230 233
1768240 233
1768250 233
1768260 233
1768270 233
1768280 233
1768290 233
1768300 233
1768310 233
1768320 233
1768330 233
1768340 232
1768350 232
1768360 232
1768370 232
1768380 231
1768390 231
1768400 231
1768410 231
1768420 232
1768430 233
1768440 233
1768450 232
1768460 232
1768470 232
1768480 232
1768490 232
1768500 232
1768510 231
1768520 231
1768530 231
1768540 231
1768550 231
1768560 231
1768570 231
1768580 231
1768590 230
1768600 231
1768610 231
1768620 231
1768630 230
1768640 230
1768650 230
1768660 230
1768670 230
1768680 230
1768690 229
1768700 229
1768710 229
1768720 229
1768730 229
1768740 229
1768750 229
1768760 229
1768770 229
1768780 229
1768790 229
1768800 229
1768810 228
1768820 228
1768830 228
1768840 228
1768850 228
1768860 228
1768870 228
1768880 228
1768890 227
1768900 227
1768910 227
1768920 227
1768930 227
1768940 227
1768950 227
1768960 227
1768970 227
1768980 227
1768990 227
1769000 227
1769010 228
1769020 228
1769030 228
1769040 228
1769050 228
1769060 228
1769070 228
1769080 228
1769090 228
1769100 229
1769110 229
1769120 229
1769130 229
1769140 229
1769150 230
1769160 230
1769170 230
1769180 230
1769190 230
1769200 230
1769210 230
1769220 230
1769230 231
1769240 231
1769250 231
1769260 231
1769270 231
1769280 231
1769290 231
1769300 231
1769310 231
1769320 232
1769330 232
1769340 232
1769350 232
1769360 232
1769370 232
1769380 233
1769390 233
1769400 233
1769410 233
1769420 233
1769430 234
1769440 234
1769450 234
1769460 234
1769470 234
1769480 235
1769490 235
1769500 235
1769510 235
1769520 235
1769530 235
1769540 236
1769550 236
1769560 236
1769570 236
1769580 236
1769590 237
1769600 237
1769610 237
1769620 237
1769630 237
1769640 237
1769650 237
1769660 237
1769670 238
1769680 238
1769690 238
1769700 238
1769710 238
1769720 238
1769730 238
1769740 238
1769750 238
1769760 238
1769770 239
1769780 239
1769790 239
1769800 239
1769810 239
1769820 239
1769830 239
1769840 239
1769850 239
1769860 240
1769870 240
1769880 240
1769890 240
1769900 240
1769910 240
1769920 240
1769930 240
1769940 240
1769950 240
1769960 240
1769970 240
1769980 240
1769990 240
1770000 240
1770010 240
1770020 240
1770030 241
1770040 241
1770050 241
1770060 241
1770070 241
1770080 241
1770090 241
1770100 242
1770110 242
1770120 242
1770130 242
1770140 242
1770150 243
1770160 243
1770170 243
1770180 243
1770190 243
1770200 244
1770210 244
1770220 244
1770230 244
1770240 244
1770250 244
1770260 244
1770270 244
1770280 244
1770290 245
1770300 245
1770310 245
1770320 245
1770330 245
1770340 245
1770350 245
1770360 245
1770370 245
1770380 245
1770390 245
1770400 245
1770410 245
1770420 245
1770430 245
1770440 246
1770450 246
1770460 246
1770470 246
1770480 246
1770490 246
1770500 246
1770510 247
1770520 247
1770530 247
1770540 247
1770550 247
1770560 247
1770570 247
1770580 247
1770590 247
1770600 247
1770610 247
1770620 247
1770630 247
1770640 247
1770650 246
1770660 246
1770670 246
1770680 246
1770690 245
1770700 245
1770710 245
1770720 244
1770730 244
1770740 244
1770750 243
1770760 243
1770770 243
1770780 242
1770790 242
1770800 242
1770810 241
1770820 241
1770830 241
1770840 240
1770850 240
1770860 239
1770870 239
1770880 238
1770890 238
1770900 237
1770910 237
1770920 236
1770930 236
1770940 235
1770950 235
1770960 234
1770970 234
1770980 234
1770990 233
1771000 233
1771010 233
1771020 232
1771030 232
1771040 232
1771050 231
1771060 231
1771070 231
1771080 231
1771090 231
1771100 231
1771110 230
1771120 230
1771130 230
1771140 229
1771150 229
1771160 229
1771170 229
1771180 228
1771190 228
1771200 228
1771210 227
1771220 227
1771230 227
1771240 227
1771250 227
1771260 227
1771270 226
1771280 223
1771290 220
1771300 219
1771310 219
1771320 218
1771330 218
1771340 217
1771350 216
1771360 216
1771370 216
1771380 215
1771390 215
1771400 215
1771410 215
1771420 215
1771430 215
1771440 215
1771450 215
1771460 215
1771470 215
1771480 215
1771490 215
1771500 214
1771510 214
1771520 214
1771530 214
1771540 214
1771550 214
1771560 214
1771570 214
1771580 214
1771590 214
1771600 214
1771610 214
1771620 214
1771630 215
1771640 215
1771650 214
1771660 214
1771670 214
1771680 214
1771690 214
1771700 214
1771710 214
1771720 214
1771730 214
1771740 214
1771750 214
1771760 214
1771770 214
1771780 214
1771790 214
1771800 214
1771810 214
1771820 214
1771830 214
1771840 214
1771850 213
1771860 212
1771870 212
1771880 213
1771890 214
1771900 214
1771910 214
1771920 214
1771930 214
1771940 214
1771950 214
1771960 214
1771970 214
1771980 214
1771990 214
1772000 214
1772010 214
1772020 214
1772030 214
1772040 214
1772050 214
1772060 214
1772070 214
1772080 214
1772090 214
1772100 214
1772110 214
1772120 214
1772130 214
1772140 214
1772150 214
1772160 214
1772170 214
1772180 215
1772190 215
1772200 217
1772210 219
1772220 222
1772230 223
1772240 223
1772250 224
1772260 224
1772270 225
1772280 225
1772290 226
1772300 226
1772310 227
1772320 227
1772330 228
1772340 229
1772350 230
1772360 230
1772370 231
1772380 232
1772390 232
1772400 233
1772410 234
1772420 234
1772430 235
1772440 236
1772450 237
1772460 237
1772470 238
1772480 239
1772490 239
1772500 240
1772510 240
1772520 241
1772530 241
1772540 242
1772550 242
1772560 243
1772570 243
1772580 244
1772590 244
1772600 245
1772610 245
1772620 246
1772630 247
1772640 247
1772650 248
1772660 248
1772670 249
1772680 250
1772690 251
1772700 251
1772710 251
1772720 252
1772730 252
1772740 253
1772750 253
1772760 254
1772770 254
1772780 255
1772790 255
1772800 256
1772810 256
1772820 257
1772830 259
1772840 260
1772850 262
1772860 263
1772870 264
1772880 265
1772890 266
1772900 267
1772910 268
1772920 269
1772930 270
1772940 271
1772950 272
1772960 273
1772970 274
1772980 275
1772990 276
1773000 276
1773010 277
1773020 277
1773030 277
1773040 278
1773050 278
1773060 278
1773070 279
1773080 279
1773090 279
1773100 279
1773110 279
1773120 278
1773130 278
1773140 278
1773150 278
1773160 278
1773170 279
1773180 279
1773190 279
1773200 280
1773210 281
1773220 281
1773230 281
1773240 280
1773250 281
1773260 281
1773270 282
1773280 282
1773290 283
1773300 283
1773310 284
1773320 284
1773330 285
1773340 286
1773350 287
1773360 288
1773370 288
1773380 289
1773390 289
1773400 290
1773410 290
1773420 291
1773430 291
1773440 292
1773450 292
1773460 293
1773470 294
1773480 294
1773490 295
1773500 295
1773510 296
1773520 297
1773530 299
1773540 300
1773550 300
1773560 301
1773570 301
1773580 302
1773590 303
1773600 304
1773610 305
1773620 306
1773630 307
1773640 308
1773650 309
1773660 310
1773670 311
1773680 312
1773690 313
1773700 314
1773710 315
1773720 315
1773730 316
1773740 316
1773750 317
1773760 317
1773770 318
1773780 318
1773790 319
1773800 319
1773810 319
1773820 319
1773830 320
1773840 320
1773850 320
1773860 321
1773870 321
1773880 322
1773890 323
1773900 323
1773910 323
1773920 324
1773930 324
1773940 324
1773950 324
1773960 325
1773970 324
1773980 324
1773990 324
1774000 324
1774010 323
1774020 323
1774030 322
1774040 322
1774050 321
1774060 321
1774070 320
1774080 319
1774090 318
1774100 318
1774110 319
1774120 320
1774130 320
1774140 321
1774150 321
1774160 321
1774170 321
1774180 321
1774190 320
1774200 320
1774210 319
1774220 319
1774230 319
1774240 320
1774250 320
1774260 321
1774270 321
1774280 322
1774290 323
1774300 324
1774310 325
1774320 326
1774330 327
1774340 327
1774350 328
1774360 328
1774370 328
1774380 329
1774390 329
1774400 329
1774410 329
1774420 329
1774430 330
1774440 330
1774450 331
1774460 331
1774470 332
1774480 333
1774490 333
1774500 334
1774510 335
1774520 336
1774530 337
1774540 338
1774550 339
1774560 340
1774570 341
1774580 342
1774590 343
1774600 344
1774610 345
1774620 346
1774630 347
1774640 348
1774650 349
1774660 350
1774670 351
1774680 352
1774690 353
1774700 354
1774710 355
1774720 356
1774730 357
1774740 357
1774750 358
1774760 359
1774770 360
1774780 360
1774790 361
1774800 363
1774810 365
1774820 368
1774830 371
1774840 374
1774850 377
1774860 379
1774870 381
1774880 383
1774890 385
1774900 387
1774910 389
1774920 391
1774930 393
1774940 396
1774950 399
1774960 402
1774970 405
1774980 408
1774990 412
1775000 416
1775010 420
1775020 424
1775030 428
1775040 432
1775050 435
1775060 438
1775070 440
1775080 442
1775090 443
1775100 443
1775110 443
1775120 442
1775130 441
1775140 440
1775150 438
1775160 437
1775170 435
1775180 434
1775190 433
1775200 432
1775210 430
1775220 429
1775230 427
1775240 425
1775250 423
1775260 421
1775270 419
1775280 417
1775290 415
1775300 413
1775310 412
1775320 410
1775330 408
1775340 406
1775350 404
1775360 402
1775370 399
1775380 397
1775390 394
1775400 392
1775410 389
1775420 387
1775430 384
1775440 381
1775450 379
1775460 376
1775470 374
1775480 371
1775490 369
1775500 368
1775510 366
1775520 365
1775530 363
1775540 362
1775550 361
1775560 360
1775570 360
1775580 360
1775590 360
1775600 360
1775610 360
1775620 359
1775630 359
1775640 358
1775650 356
1775660 355
1775670 353
1775680 351
1775690 349
1775700 347
1775710 347
1775720 347
1775730 347
1775740 347
1775750 348
1775760 348
1775770 349
1775780 349
1775790 349
1775800 349
1775810 349
1775820 349
1775830 348
1775840 347
1775850 347
1775860 346
1775870 345
1775880 345
1775890 344
1775900 344
1775910 343
1775920 343
1775930 343
1775940 343
1775950 342
1775960 342
1775970 342
1775980 341
1775990 341
1776000 341
1776010 340
1776020 339
1776030 338
1776040 337
1776050 336
1776060 335
1776070 333
1776080 333
1776090 332
1776100 331
1776110 331
1776120 330
1776130 330
1776140 329
1776150 329
1776160 328
1776170 328
1776180 327
1776190 327
1776200 326
1776210 326
1776220 326
1776230 325
1776240 325
1776250 324
1776260 324
1776270 323
1776280 323
1776290 322
1776300 321
1776310 321
1776320 320
1776330 320
1776340 319
1776350 319
1776360 318
1776370 318
1776380 317
1776390 317
1776400 316
1776410 316
1776420 315
1776430 315
1776440 314
1776450 314
1776460 313
1776470 313
1776480 312
1776490 312
1776500 311
1776510 310
1776520 310
1776530 309
1776540 309
1776550 308
1776560 307
1776570 307
1776580 306
1776590 306
1776600 305
1776610 304
1776620 304
1776630 303
1776640 303
1776650 302
1776660 301
1776670 301
1776680 300
1776690 299
1776700 298
1776710 298
1776720 297
1776730 296
1776740 295
1776750 295
1776760 294
1776770 293
1776780 293
1776790 292
1776800 291
1776810 290
1776820 290
1776830 289
1776840 288
1776850 287
1776860 286
1776870 285
1776880 284
1776890 283
1776900 282
1776910 281
1776920 281
1776930 280
1776940 279
1776950 279
1776960 278
1776970 278
1776980 277
1776990 276
1777000 276
1777010 275
1777020 275
1777030 274
1777040 274
1777050 274
1777060 273
1777070 273
1777080 272
1777090 272
1777100 272
1777110 272
1777120 272
1777130 271
1777140 271
1777150 271
1777160 270
1777170 270
1777180 269
1777190 269
1777200 268
1777210 268
1777220 267
1777230 267
1777240 267
1777250 266
1777260 266
1777270 266
1777280 265
1777290 265
1777300 265
1777310 265
1777320 264
1777330 264
1777340 264
1777350 264
1777360 263
1777370 263
1777380 263
1777390 263
1777400 262
1777410 262
1777420 261
1777430 261
1777440 261
1777450 261
1777460 260
1777470 260
1777480 260
1777490 260
1777500 260
1777510 259
1777520 259
1777530 259
1777540 259
1777550 259
1777560 258
1777570 258
1777580 258
1777590 258
1777600 258
1777610 258
1777620 258
1777630 258
1777640 258
1777650 258
1777660 258
1777670 258
1777680 258
1777690 257
1777700 258
1777710 259
1777720 260
1777730 260
1777740 260
1777750 260
1777760 261
1777770 261
1777780 261
1777790 261
1777800 261
1777810 261
1777820 261
1777830 261
1777840 261
1777850 260
1777860 260
1777870 260
1777880 259
1777890 259
1777900 259
1777910 258
1777920 258
1777930 257
1777940 257
1777950 256
1777960 256
1777970 256
1777980 256
1777990 255
1778000 255
1778010 256
1778020 256
1778030 256
1778040 256
1778050 256
1778060 256
1778070 257
1778080 257
1778090 257
1778100 257
1778110 258
1778120 258
1778130 258
1778140 258
1778150 258
1778160 258
1778170 258
1778180 259
1778190 259
1778200 260
1778210 260
1778220 260
1778230 261
1778240 261
1778250 261
1778260 262
1778270 262
1778280 263
1778290 263
1778300 263
1778310 264
1778320 264
1778330 264
1778340 265
1778350 265
1778360 266
1778370 266
1778380 266
1778390 267
1778400 267
1778410 267
1778420 267
1778430 267
1778440 267
1778450 266
1778460 266
1778470 266
1778480 266
1778490 265
1778500 265
1778510 265
1778520 264
1778530 264
1778540 264
1778550 263
1778560 263
1778570 263
1778580 263
1778590 262
1778600 262
1778610 262
1778620 261
1778630 261
1778640 261
1778650 260
1778660 260
1778670 260
1778680 260
1778690 259
1778700 259
1778710 258
1778720 258
1778730 258
1778740 258
1778750 257
1778760 257
1778770 256
1778780 255
1778790 255
1778800 254
1778810 254
1778820 253
1778830 253
1778840 253
1778850 252
1778860 252
1778870 251
1778880 251
1778890 250
1778900 250
1778910 250
1778920 249
1778930 249
1778940 248
1778950 248
1778960 248
1778970 247
1778980 247
1778990 246
1779000 246
1779010 246
1779020 246
1779030 245
1779040 245
1779050 245
1779060 245
1779070 245
1779080 245
1779090 245
1779100 245
1779110 245
1779120 245
1779130 245
1779140 245
1779150 245
1779160 244
1779170 244
1779180 244
1779190 244
1779200 243
1779210 243
1779220 243
1779230 243
1779240 243
1779250 243
1779260 243
1779270 243
1779280 243
1779290 243
1779300 242
1779310 242
1779320 242
1779330 241
1779340 240
1779350 237
1779360 235
1779370 234
1779380 234
1779390 234
1779400 234
1779410 234
1779420 234
1779430 233
1779440 233
1779450 232
1779460 232
1779470 232
1779480 232
1779490 232
1779500 232
1779510 231
1779520 231
1779530 232
1779540 233
1779550 235
1779560 235
1779570 235
1779580 236
1779590 237
1779600 238
1779610 239
1779620 239
1779630 240
1779640 240
1779650 240
1779660 241
1779670 241
1779680 241
1779690 241
1779700 241
1779710 241
1779720 241
1779730 240
1779740 240
1779750 239
1779760 239
1779770 239
1779780 239
1779790 239
1779800 239
1779810 239
1779820 238
1779830 236
1779840 236
1779850 237
1779860 237
1779870 237
1779880 237
1779890 237
1779900 237
1779910 236
1779920 235
1779930 235
1779940 234
1779950 232
1779960 230
1779970 229
1779980 228
1779990 227
