1778500 256
1778510 256
1778520 255
1778530 255
1778540 255
1778550 254
1778560 255
1778570 255
1778580 255
1778590 255
1778600 255
1778610 255
1778620 255
1778630 255
1778640 255
1778650 256
1778660 256
1778670 256
1778680 256
1778690 256
1778700 256
1778710 256
1778720 256
1778730 256
1778740 255
1778750 255
1778760 255
1778770 255
1778780 255
1778790 254
1778800 254
1778810 254
1778820 253
1778830 253
1778840 253
1778850 253
1778860 253
1778870 253
1778880 253
1778890 253
1778900 253
1778910 253
1778920 253
1778930 253
1778940 253
1778950 253
1778960 253
1778970 253
1778980 253
1778990 253
1779000 253
1779010 253
1779020 252
1779030 252
1779040 252
1779050 252
1779060 251
1779070 251
1779080 250
1779090 250
1779100 250
1779110 249
1779120 249
1779130 248
1779140 248
1779150 248
1779160 247
1779170 247
1779180 247
1779190 246
1779200 246
1779210 246
1779220 245
1779230 245
1779240 244
1779250 244
1779260 244
1779270 243
1779280 243
1779290 242
1779300 242
1779310 241
1779320 241
1779330 240
1779340 240
1779350 240
1779360 240
1779370 239
1779380 239
1779390 239
1779400 238
1779410 238
1779420 238
1779430 238
1779440 237
1779450 237
1779460 237
1779470 237
1779480 237
1779490 236
1779500 236
1779510 236
1779520 236
1779530 236
1779540 235
1779550 235
1779560 235
1779570 234
1779580 234
1779590 234
1779600 233
1779610 233
1779620 232
1779630 232
1779640 231
1779650 231
1779660 230
1779670 230
1779680 229
1779690 228
1779700 228
1779710 227
1779720 227
1779730 227
1779740 226
1779750 225
1779760 223
1779770 221
1779780 219
1779790 218
1779800 217
1779810 216
1779820 216
1779830 216
1779840 216
1779850 216
1779860 216
1779870 216
1779880 216
1779890 216
1779900 216
1779910 216
1779920 215
1779930 215
1779940 215
1779950 216
1779960 216
1779970 217
1779980 218
1779990 220
