1778540 268
1778550 268
1778560 267
1778570 267
1778580 267
1778590 267
1778600 267
1778610 267
1778620 267
1778630 266
1778640 266
1778650 266
1778660 266
1778670 266
1778680 266
1778690 266
1778700 266
1778710 266
1778720 265
1778730 265
1778740 265
1778750 265
1778760 265
1778770 265
1778780 264
1778790 264
1778800 264
1778810 264
1778820 264
1778830 264
1778840 264
1778850 264
1778860 264
1778870 263
1778880 263
1778890 263
1778900 263
1778910 263
1778920 263
1778930 263
1778940 263
1778950 263
1778960 263
1778970 262
1778980 262
1778990 262
1779000 261
1779010 261
1779020 261
1779030 260
1779040 260
1779050 260
1779060 260
1779070 259
1779080 259
1779090 258
1779100 258
1779110 257
1779120 257
1779130 256
1779140 256
1779150 255
1779160 254
1779170 254
1779180 253
1779190 253
1779200 252
1779210 252
1779220 252
1779230 251
1779240 251
1779250 251
1779260 250
1779270 250
1779280 250
1779290 250
1779300 250
1779310 249
1779320 249
1779330 249
1779340 248
1779350 248
1779360 248
1779370 247
1779380 247
1779390 246
1779400 246
1779410 245
1779420 245
1779430 244
1779440 244
1779450 243
1779460 243
1779470 242
1779480 242
1779490 241
1779500 240
1779510 239
1779520 238
1779530 238
1779540 237
1779550 236
1779560 235
1779570 234
1779580 234
1779590 233
1779600 232
1779610 231
1779620 230
1779630 229
1779640 229
1779650 228
1779660 228
1779670 229
1779680 229
1779690 230
1779700 230
1779710 230
1779720 229
1779730 229
1779740 229
1779750 228
1779760 226
1779770 224
1779780 221
1779790 220
1779800 219
1779810 219
1779820 219
1779830 218
1779840 217
1779850 217
1779860 216
1779870 215
1779880 216
1779890 217
1779900 218
1779910 219
1779920 220
1779930 220
1779940 221
1779950 221
1779960 221
1779970 222
1779980 222
1779990 222
