1778720 254
1778730 254
1778740 254
1778750 254
1778760 254
1778770 254
1778780 254
1778790 254
1778800 254
1778810 254
1778820 254
1778830 254
1778840 254
1778850 254
1778860 254
1778870 254
1778880 254
1778890 254
1778900 255
1778910 255
1778920 255
1778930 255
1778940 255
1778950 256
1778960 256
1778970 256
1778980 256
1778990 257
1779000 257
1779010 257
1779020 257
1779030 257
1779040 256
1779050 256
1779060 255
1779070 255
1779080 255
1779090 255
1779100 254
1779110 254
1779120 253
1779130 253
1779140 252
1779150 252
1779160 251
1779170 250
1779180 250
1779190 249
1779200 248
1779210 248
1779220 248
1779230 247
1779240 247
1779250 247
1779260 246
1779270 245
1779280 244
1779290 243
1779300 242
1779310 241
1779320 241
1779330 241
1779340 241
1779350 241
1779360 241
1779370 241
1779380 241
1779390 241
1779400 241
1779410 240
1779420 240
1779430 240
1779440 240
1779450 239
1779460 239
1779470 239
1779480 238
1779490 238
1779500 237
1779510 237
1779520 237
1779530 236
1779540 236
1779550 235
1779560 235
1779570 234
1779580 233
1779590 233
1779600 232
1779610 232
1779620 231
1779630 231
1779640 230
1779650 230
1779660 230
1779670 229
1779680 227
1779690 224
1779700 222
1779710 221
1779720 220
1779730 220
1779740 218
1779750 217
1779760 216
1779770 216
1779780 216
1779790 217
1779800 217
1779810 218
1779820 218
1779830 218
1779840 218
1779850 218
1779860 218
1779870 219
1779880 222
1779890 223
1779900 223
1779910 223
1779920 223
1779930 223
1779940 223
1779950 223
1779960 223
1779970 223
1779980 224
1779990 224
