1763630 350
1763640 348
1763650 346
1763660 343
1763670 341
1763680 339
1763690 338
1763700 337
1763710 337
1763720 336
1763730 335
1763740 334
1763750 333
1763760 332
1763770 332
1763780 331
1763790 330
1763800 329
1763810 328
1763820 327
1763830 326
1763840 325
1763850 324
1763860 324
1763870 323
1763880 322
1763890 321
1763900 320
1763910 319
1763920 319
1763930 318
1763940 317
1763950 317
1763960 316
1763970 316
1763980 315
1763990 315
1764000 314
1764010 314
1764020 313
1764030 313
1764040 312
1764050 311
1764060 310
1764070 309
1764080 307
1764090 304
1764100 300
1764110 296
1764120 295
1764130 296
1764140 298
1764150 301
1764160 303
1764170 305
1764180 306
1764190 307
1764200 308
1764210 309
1764220 311
1764230 312
1764240 313
1764250 315
1764260 316
1764270 317
1764280 318
1764290 319
1764300 320
1764310 322
1764320 323
1764330 325
1764340 327
1764350 329
1764360 330
1764370 331
1764380 333
1764390 334
1764400 335
1764410 337
1764420 338
1764430 339
1764440 340
1764450 341
1764460 342
1764470 343
1764480 344
1764490 345
1764500 345
1764510 346
1764520 346
1764530 347
1764540 348
1764550 348
1764560 349
1764570 349
1764580 350
1764590 350
1764600 350
1764610 351
1764620 351
1764630 351
1764640 351
1764650 351
1764660 352
1764670 352
1764680 352
1764690 352
1764700 352
1764710 351
1764720 351
1764730 351
1764740 351
1764750 351
1764760 351
1764770 350
1764780 350
1764790 350
1764800 349
1764810 349
1764820 348
1764830 348
1764840 347
1764850 346
1764860 346
1764870 345
1764880 345
1764890 344
1764900 344
1764910 343
1764920 342
1764930 342
1764940 341
1764950 341
1764960 340
1764970 340
1764980 339
1764990 339
1765000 339
1765010 338
1765020 338
1765030 337
1765040 337
1765050 336
1765060 336
1765070 335
1765080 335
1765090 334
1765100 334
1765110 333
1765120 333
1765130 333
1765140 332
1765150 332
1765160 332
1765170 331
1765180 331
1765190 331
1765200 330
1765210 330
1765220 330
1765230 329
1765240 329
1765250 329
1765260 328
1765270 328
1765280 327
1765290 327
1765300 326
1765310 326
1765320 325
1765330 325
1765340 324
1765350 323
1765360 323
1765370 322
1765380 321
1765390 321
1765400 320
1765410 320
1765420 319
1765430 319
1765440 319
1765450 318
1765460 318
1765470 317
1765480 317
1765490 317
1765500 317
1765510 317
1765520 317
1765530 317
1765540 318
1765550 318
1765560 319
1765570 319
1765580 320
1765590 321
1765600 321
1765610 322
1765620 322
1765630 323
1765640 323
1765650 324
1765660 325
1765670 325
1765680 326
1765690 326
1765700 327
1765710 328
1765720 328
1765730 329
1765740 329
1765750 329
1765760 330
1765770 330
1765780 330
1765790 331
1765800 331
1765810 331
1765820 330
1765830 330
1765840 330
1765850 330
1765860 330
1765870 329
1765880 329
1765890 328
1765900 328
1765910 327
1765920 325
1765930 323
1765940 320
1765950 318
1765960 316
1765970 315
1765980 316
1765990 317
1766000 318
1766010 318
1766020 318
1766030 318
1766040 317
1766050 317
1766060 317
1766070 316
1766080 316
1766090 316
1766100 316
1766110 316
1766120 316
1766130 315
1766140 315
1766150 315
1766160 314
1766170 314
1766180 315
1766190 315
1766200 315
1766210 316
1766220 316
1766230 316
1766240 316
1766250 316
1766260 316
1766270 316
1766280 316
1766290 316
1766300 316
1766310 317
1766320 317
1766330 318
1766340 318
1766350 318
1766360 319
1766370 319
1766380 320
1766390 320
1766400 320
1766410 321
1766420 321
1766430 321
1766440 322
1766450 322
1766460 322
1766470 322
1766480 322
1766490 322
1766500 322
1768000 300
1768010 301
1768020 301
1768030 301
1768040 301
1768050 301
1768060 301
1768070 301
1768080 301
1768090 301
1768100 300
1768110 300
1768120 300
1768130 300
1768140 300
1768150 300
1768160 300
1768170 300
1768180 300
1768190 300
1768200 300
1768210 299
1768220 299
1768230 299
1768240 299
1768250 299
1768260 299
1768270 299
1768280 299
1768290 298
1768300 298
1768310 298
1768320 298
1768330 298
1768340 297
1768350 297
1768360 297
1768370 297
1768380 297
1768390 296
1768400 296
1768410 296
1768420 296
1768430 295
1768440 295
1768450 295
1778830 245
1778840 245
1778850 244
1778860 244
1778870 244
1778880 243
1778890 243
1778900 243
1778910 243
1778920 242
1778930 242
1778940 241
1778950 241
1778960 241
1778970 240
1778980 240
1778990 239
1779000 238
1779010 237
1779020 237
1779030 236
1779040 235
1779050 234
1779060 234
1779070 233
1779080 232
1779090 232
1779100 231
1779110 231
1779120 230
1779130 230
1779140 230
1779150 230
1779160 230
1779170 229
1779180 229
1779190 229
1779200 229
1779210 229
1779220 229
1779230 229
1779240 230
1779250 230
1779260 231
1779270 231
1779280 231
1779290 231
1779300 231
1779310 231
1779320 231
1779330 232
1779340 232
1779350 232
1779360 232
1779370 233
1779380 233
1779390 233
1779400 234
1779410 235
1779420 235
1779430 236
1779440 236
1779450 237
1779460 237
1779470 238
1779480 238
1779490 239
1779500 239
1779510 240
1779520 240
1779530 240
1779540 241
1779550 241
1779560 241
1779570 241
1779580 241
1779590 242
1779600 242
1779610 242
1779620 242
1779630 242
1779640 242
1779650 242
1779660 242
1779670 242
1779680 242
1779690 242
1779700 242
1779710 242
1779720 242
1779730 242
1779740 242
1779750 242
1779760 242
1779770 241
1779780 241
1779790 241
1779800 240
1779810 240
1779820 240
1779830 239
1779840 239
1779850 239
1779860 238
1779870 238
1779880 237
1779890 237
1779900 237
1779910 236
1779920 236
1779930 235
1779940 235
1779950 234
1779960 234
1779970 233
1779980 233
1779990 232
