1763690 323
1763700 324
1763710 324
1763720 324
1763730 324
1763740 324
1763750 324
1763760 324
1763770 324
1763780 324
1763790 325
1763800 325
1763810 325
1763820 325
1763830 324
1763840 324
1763850 324
1763860 324
1763870 324
1763880 324
1763890 324
1763900 324
1763910 324
1763920 323
1763930 323
1763940 323
1763950 323
1763960 323
1763970 322
1763980 322
1763990 322
1764000 322
1764010 322
1764020 321
1764030 321
1764040 321
1764050 320
1764060 320
1764070 320
1764080 319
1764090 319
1764100 319
1764110 318
1764120 318
1764130 318
1764140 317
1764150 317
1764160 316
1764170 316
1764180 315
1764190 315
1764200 314
1764210 313
1764220 313
1764230 312
1764240 311
1764250 311
1764260 310
1764270 309
1764280 308
1764290 308
1764300 307
1764310 306
1764320 306
1764330 305
1764340 305
1764350 304
1764360 304
1764370 303
1764380 302
1764390 302
1764400 301
1764410 300
1764420 300
1764430 299
1764440 298
1764450 297
1764460 297
1764470 296
1764480 295
1764490 293
1764500 292
1764510 291
1764520 289
1764530 288
1764540 286
1764550 285
1764560 283
1764570 282
1764580 281
1764590 280
1764600 279
1764610 277
1764620 275
1764630 274
1764640 272
1764650 271
1764660 270
1764670 269
1764680 268
1764690 266
1764700 265
1764710 264
1764720 263
1764730 262
1764740 260
1764750 258
1764760 255
1764770 252
1764780 250
1764790 248
1764800 247
1764810 247
1764820 249
1764830 251
1764840 253
1764850 254
1764860 254
1764870 254
1764880 254
1764890 253
1764900 253
1764910 253
1764920 254
1764930 254
1764940 253
1764950 252
1764960 251
1764970 251
1764980 251
1764990 251
1765000 251
1765010 251
1765020 251
1765030 252
1765040 252
1765050 252
1765060 253
1765070 254
1765080 254
1765090 255
1765100 257
1765110 258
1765120 259
1765130 260
1765140 261
1765150 262
1765160 263
1765170 264
1765180 265
1765190 266
1765200 266
1765210 267
1765220 268
1765230 269
1765240 270
1765250 271
1765260 271
1765270 272
1765280 272
1765290 273
1765300 273
1765310 273
1765320 274
1765330 274
1765340 274
1765350 275
1765360 275
1765370 276
1765380 276
1765390 276
1765400 276
1765410 276
1765420 276
1765430 276
1765440 276
1765450 276
1765460 276
1765470 276
1765480 277
1765490 277
1765500 277
1765510 277
1765520 277
1765530 277
1765540 277
1765550 277
1765560 277
1765570 277
1765580 277
1765590 277
1765600 278
1765610 278
1765620 278
1765630 278
1765640 278
1765650 278
1765660 278
1765670 278
1765680 278
1765690 279
1765700 279
1765710 279
1765720 279
1765730 279
1765740 280
1765750 280
1765760 280
1765770 280
1765780 279
1765790 279
1765800 279
1765810 279
1765820 279
1765830 278
1765840 278
1765850 278
1765860 278
1765870 278
1765880 278
1765890 278
1765900 278
1765910 277
1765920 277
1765930 277
1765940 277
1765950 277
1765960 276
1765970 276
1765980 276
1765990 276
1766000 275
1766010 275
1766020 275
1766030 274
1766040 274
1766050 273
1766060 273
1766070 272
1766080 271
1766090 270
1766100 268
1766110 266
1766120 264
1766130 265
1766140 267
1766150 269
1766160 269
1766170 269
1766180 269
1766190 269
1766200 269
1766210 268
1766220 267
1766230 265
1766240 263
1766250 266
1766260 267
1766270 269
1766280 269
1766290 269
1766300 270
1766310 270
1766320 270
1766330 270
1766340 270
1766350 271
1766360 271
1766370 271
1766380 271
1766390 271
1766400 271
1766410 271
1766420 271
1766430 271
1766440 271
1766450 271
1766460 271
1766470 271
1766480 271
1766490 271
1766500 271
1766510 271
1766520 271
1766530 270
1766540 270
1766550 270
1766560 270
1766570 269
1766580 269
1766590 269
1766600 268
1766610 268
1766620 268
1766630 268
1766640 268
1766650 268
1766660 268
1766670 268
1766680 268
1766690 267
1766700 267
1766710 266
1766720 266
1766730 265
1766740 265
1766750 264
1766760 264
1766770 263
1766780 263
1766790 262
1766800 261
1766810 261
1766820 260
1766830 260
1766840 259
1766850 258
1766860 258
1766870 257
1766880 257
1766890 256
1766900 255
1766910 255
1766920 254
1766930 254
1766940 253
1766950 253
1766960 252
1766970 252
1766980 251
1766990 251
1767000 251
1767010 250
1767020 250
1767030 250
1767040 249
1767050 249
1767060 248
1767070 248
1767080 248
1767090 248
1767100 247
1767110 247
1767120 247
1767130 247
1767140 246
1767150 246
1767160 247
1767170 247
1767180 246
1767190 246
1767200 246
1767210 245
1767220 245
1767230 244
1767240 244
1767250 244
1767260 244
1767270 244
1767280 244
1767290 244
1767300 243
1767310 243
1767320 243
1767330 243
1767340 243
1767350 243
1767360 243
1767370 243
1767380 243
1767390 242
1767400 242
1767410 242
1767420 243
1767430 243
1767440 243
1767450 243
1767460 243
1767470 243
1767480 243
1767490 243
1767500 243
1767510 242
1767520 242
1767530 242
1767540 242
1767550 242
1767560 243
1767570 243
1767580 244
1767590 244
1767600 245
1767610 245
1767620 246
1767630 246
1767640 247
1767650 247
1767660 249
1767670 251
1767680 254
1767690 256
1767700 257
1767710 258
1767720 259
1767730 261
1767740 262
1767750 263
1767760 265
1767770 267
1767780 268
1767790 269
1767800 271
1767810 272
1767820 274
1767830 275
1767840 276
1767850 278
1767860 279
1767870 280
1767880 281
1767890 281
1767900 282
1767910 283
1767920 284
1767930 284
1767940 285
1767950 285
1767960 286
1767970 286
1767980 287
1767990 288
1768000 289
1768010 290
1768020 290
1768030 290
1768040 290
1768050 290
1768060 291
1768070 291
1768080 291
1768090 292
1768100 292
1768110 292
1768120 293
1768130 293
1768140 293
1768150 293
1768160 294
1768170 294
1768180 294
1768190 294
1768200 294
1768210 294
1768220 294
1768230 294
1768240 294
1768250 294
1768260 294
1768270 294
1768280 294
1768290 294
1768300 295
1768310 295
1768320 295
1768330 295
1768340 295
1768350 295
1768360 295
1768370 295
1768380 295
1768390 295
1768400 295
1768410 295
1768420 295
1768430 295
1768440 295
1768450 295
1768460 295
1768470 294
1775680 325
1775690 325
1775700 325
1775710 325
1775720 324
1775730 324
1775740 324
1775750 324
1775760 324
1775770 323
1775780 323
1775790 323
1775800 323
1775810 323
1775820 323
1775830 322
1775840 322
1775850 322
1775860 322
1775870 322
1775880 321
1775890 321
1775900 321
1775910 321
1775920 320
1775930 320
1775940 320
1775950 320
1775960 319
1775970 319
1775980 319
1775990 319
1776000 318
1776010 318
1776020 318
1776030 317
1776040 317
1776050 317
1776060 316
1776070 316
1776080 316
1776090 315
1776100 315
1776110 315
1776120 314
1776130 314
1776140 313
1776150 313
1776160 312
1776170 312
1776180 311
1776190 311
1776200 310
1776210 309
1776220 309
1776230 309
1776240 308
1776250 307
1776260 307
1776270 306
1776280 305
1776290 305
1776300 304
1776310 303
1776320 303
1776330 302
1776340 301
1776350 300
1776360 300
1776370 299
1776380 298
1776390 298
1776400 297
1776410 296
1776420 295
1776430 294
1776440 294
1776450 293
1776460 292
1776470 291
1776480 291
1776490 290
1776500 289
1776510 288
1776520 287
1776530 286
1776540 284
1776550 283
1776560 282
1776570 282
1776580 282
1776590 282
1776600 282
1776610 281
1776620 280
1776630 280
1776640 279
1776650 279
1776660 279
1776670 278
1776680 278
1776690 277
1776700 277
1776710 277
1776720 276
1776730 276
1776740 276
1776750 276
1776760 275
1776770 275
1776780 275
1776790 275
1776800 274
1776810 274
1776820 274
1776830 274
1776840 274
1776850 274
1776860 273
1776870 273
1776880 273
1776890 273
1776900 272
1776910 272
1776920 272
1776930 271
1776940 271
1776950 271
1776960 270
1776970 270
1776980 270
1776990 270
1777000 270
1777010 269
1777020 269
1777030 270
1777040 271
1777050 271
1777060 271
1777070 270
1777080 270
1777090 270
1777100 270
1777110 270
1777120 270
1777130 270
1777140 270
1777150 270
1777160 271
1777170 270
1777180 270
1777190 270
1777200 270
1777210 270
1777220 269
1777230 269
1777240 268
1777250 268
1777260 268
1777270 267
1777280 267
1777290 266
1777300 265
1777310 264
1777320 263
1777330 261
1777340 259
1777350 257
1777360 257
1777370 259
1777380 261
1777390 262
1777400 263
1777410 264
1777420 265
1777430 266
1777440 267
1777450 268
1777460 269
1777470 270
1777480 270
1777490 271
1777500 271
1777510 272
1777520 272
1777530 273
1777540 273
1777550 273
1777560 273
1777570 274
1777580 274
1777590 274
1777600 274
1777610 274
1777620 274
1777630 274
1777640 273
1777650 273
1777660 273
1777670 273
1777680 272
1777690 272
1777700 271
1777710 271
1777720 271
1777730 270
1777740 270
1777750 269
1777760 268
1777770 268
1777780 267
1777790 266
1777800 265
1777810 264
1777820 263
1777830 262
1777840 261
1777850 259
1777860 257
1777870 256
1777880 255
1777890 254
1777900 255
1777910 255
1777920 254
1777930 253
1777940 252
1777950 252
1777960 251
1777970 250
1777980 250
1777990 249
1778000 249
1778010 248
1778020 248
1778030 248
1778040 247
1778050 247
1778060 247
1778070 246
1778080 246
1778090 246
1778100 245
1778110 245
1778120 245
1778130 244
1778140 244
1778150 244
1778160 244
1778170 244
1778180 243
1778190 243
1778200 243
1778210 243
1778220 243
1778230 243
1778240 242
1778250 242
1778260 242
1778270 242
1778280 242
1778290 241
1778300 241
1778310 241
1778320 241
1778330 241
1778340 241
1778350 241
1778360 241
1778370 241
1778380 241
1778390 241
1778400 240
1778410 240
1778420 240
1778430 240
1778440 240
1778450 240
1778460 240
1778470 240
1778480 240
1778490 240
1778500 240
1778510 240
1778520 240
1778530 240
1778540 240
1778550 240
1778560 239
1778570 239
1778580 240
1778590 239
1778600 239
1778610 239
1778620 239
1778630 239
1778640 239
1778650 239
1778660 239
1778670 238
1778680 238
1778690 238
1778700 238
1778710 238
1778720 238
1778730 238
1778740 238
1778750 238
1778760 238
1778770 238
1778780 238
1778790 238
1778800 237
1778810 237
1778820 237
1778830 237
1778840 237
1778850 237
1778860 237
1778870 237
1778880 236
1778890 236
1778900 236
1778910 236
1778920 236
1778930 236
1778940 236
1778950 236
1778960 236
1778970 236
1778980 235
1778990 235
1779000 234
1779010 234
1779020 234
1779030 234
1779040 233
1779050 233
1779060 233
1779070 233
1779080 233
1779090 233
1779100 233
1779110 233
1779120 233
1779130 232
1779140 232
1779150 232
1779160 232
1779170 232
1779180 232
1779190 232
1779200 232
1779210 232
1779220 232
1779230 231
1779240 231
1779250 231
1779260 231
1779270 231
1779280 231
1779290 231
1779300 231
1779310 230
1779320 230
1779330 230
1779340 230
1779350 230
1779360 230
1779370 231
1779380 231
1779390 231
1779400 231
1779410 232
1779420 232
1779430 232
1779440 233
1779450 233
1779460 233
1779470 233
1779480 233
1779490 233
1779500 234
1779510 234
1779520 234
1779530 234
1779540 234
1779550 235
1779560 235
1779570 234
1779580 234
1779590 233
1779600 233
1779610 234
1779620 235
1779630 236
1779640 237
1779650 239
1779660 241
1779670 242
1779680 242
1779690 243
1779700 243
1779710 244
1779720 245
1779730 246
1779740 247
1779750 248
1779760 249
1779770 250
1779780 250
1779790 251
1779800 252
1779810 252
1779820 252
1779830 253
1779840 253
1779850 252
1779860 252
1779870 251
1779880 251
1779890 251
1779900 250
1779910 250
1779920 249
1779930 249
1779940 248
1779950 248
1779960 247
1779970 247
1779980 246
1779990 246
