1760000 205
1760010 205
1760020 205
1760030 205
1760040 206
1760050 206
1760060 206
1760070 206
1760080 206
1760090 206
1760100 206
1760110 207
1760120 207
1760130 207
1760140 207
1760150 207
1760160 207
1760170 207
1760180 208
1760190 208
1760200 208
1760210 208
1760220 209
1760230 209
1760240 209
1760250 209
1760260 209
1760270 209
1760280 209
1760290 209
1760300 209
1760310 209
1760320 209
1760330 209
1760340 209
1760350 209
1760360 209
1760370 209
1760380 209
1760390 209
1760400 209
1760410 209
1760420 209
1760430 209
1760440 209
1760450 209
1760460 209
1760470 209
1760480 209
1760490 209
1760500 209
1760510 209
1760520 209
1760530 209
1760540 209
1760550 209
1760560 209
1760570 209
1760580 209
1760590 209
1760600 209
1760610 209
1760620 209
1760630 209
1760640 209
1760650 209
1760660 210
1760670 210
1760680 210
1760690 210
1760700 210
1760710 210
1760720 210
1760730 210
1760740 210
1760750 210
1760760 210
1760770 210
1760780 210
1760790 210
1760800 210
1760810 210
1760820 210
1760830 210
1760840 210
1760850 210
1760860 210
1760870 210
1760880 210
1760890 210
1760900 211
1760910 211
1760920 211
1760930 211
1760940 211
1760950 211
1760960 211
1760970 212
1760980 212
1760990 212
1761000 212
1761010 212
1761020 213
1761030 213
1761040 213
1761050 213
1761060 213
1761070 213
1761080 214
1761090 214
1761100 214
1761110 215
1761120 215
1761130 215
1761140 215
1761150 216
1761160 216
1761170 216
1761180 216
1761190 217
1761200 217
1761210 217
1761220 218
1761230 218
1761240 218
1761250 219
1761260 219
1761270 220
1761280 221
1761290 221
1761300 222
1761310 223
1761320 223
1761330 224
1761340 225
1761350 226
1761360 227
1761370 228
1761380 229
1761390 230
1761400 231
1761410 232
1761420 233
1761430 234
1761440 235
1761450 236
1761460 236
1761470 237
1761480 238
1761490 239
1761500 240
1761510 241
1761520 242
1761530 243
1761540 244
1761550 246
1761560 247
1761570 248
1761580 250
1761590 250
1761600 251
1761610 252
1761620 252
1761630 253
1761640 254
1761650 255
1761660 256
1761670 256
1761680 257
1761690 258
1761700 258
1761710 259
1761720 259
1761730 260
1761740 260
1761750 261
1761760 261
1761770 261
1761780 261
1761790 261
1761800 261
1761810 262
1761820 262
1761830 261
1761840 261
1761850 261
1761860 261
1761870 261
1761880 261
1761890 261
1761900 261
1761910 261
1761920 260
1761930 260
1761940 260
1761950 260
1761960 259
1761970 259
1761980 259
1761990 258
1762000 258
1762010 257
1762020 257
1762030 257
1762040 256
1762050 256
1762060 255
1762070 255
1762080 255
1762090 255
1762100 255
1762110 254
1762120 254
1762130 254
1762140 253
1762150 253
1762160 253
1762170 252
1762180 252
1762190 252
1762200 251
1762210 251
1762220 250
1762230 250
1762240 250
1762250 249
1762260 249
1762270 248
1762280 248
1762290 248
1762300 247
1762310 247
1762320 246
1762330 246
1762340 246
1762350 246
1762360 245
1762370 245
1762380 245
1762390 245
1762400 245
1769620 303
1769630 303
1769640 303
1769650 303
1769660 303
1769670 303
1769680 303
1769690 303
1769700 303
1769710 303
1769720 303
1769730 303
1769740 304
1769750 304
1769760 304
1769770 304
1769780 304
1769790 304
1769800 304
1769810 304
1769820 304
1769830 304
1769840 304
1769850 304
1769860 304
1769870 304
1769880 304
1769890 304
1769900 304
1769910 304
1769920 304
1769930 303
1769940 303
1769950 302
1769960 301
1769970 300
1769980 302
1769990 303
1770000 303
1770010 304
1770020 304
1770030 304
1770040 304
1770050 304
1770060 304
1770070 304
1770080 305
1770090 305
1770100 305
1770110 305
1770120 305
1770130 305
1770140 305
1770150 305
1770160 305
1770170 305
1770180 305
1770190 305
1770200 305
1770210 305
1770220 305
1770230 305
1770240 305
1770250 305
1770260 305
1770270 305
1770280 305
1770290 305
1770300 305
1770310 305
1770320 304
1770330 304
1770340 304
1770350 305
1770360 305
1770370 305
1770380 305
1770390 305
1770400 305
1770410 305
1770420 305
1770430 305
1770440 305
1770450 305
1770460 304
1770470 304
1770480 305
1770490 305
1770500 305
1770510 305
1770520 305
1770530 305
1770540 305
1770550 305
1770560 305
1770570 305
1770580 305
1770590 305
1770600 305
1770610 305
1770620 305
1770630 305
1770640 305
1770650 305
1770660 305
1770670 305
1770680 305
1770690 305
1770700 305
1770710 305
1770720 305
1770730 304
1770740 304
1770750 304
1770760 303
1770770 303
1770780 303
1770790 302
1770800 302
1770810 302
1770820 302
1770830 301
1770840 301
1770850 301
1770860 301
1770870 301
1770880 301
1770890 300
1770900 300
1770910 300
1770920 300
1770930 300
1770940 300
1770950 300
1770960 300
1770970 300
1770980 299
1770990 299
1771000 299
1771010 299
1771020 299
1771030 299
1771040 299
1771050 299
1771060 299
1771070 298
1771080 298
1771090 298
1771100 298
1771110 298
1771120 298
1771130 298
1771140 298
1771150 298
1771160 298
1771170 298
1771180 298
1771190 298
1771200 298
1771210 298
1771220 298
1771230 298
1771240 297
1771250 297
1771260 297
1771270 297
1771280 297
1771290 297
1771300 297
1771310 297
1771320 297
1771330 297
1771340 297
1771350 297
1771360 297
1771370 297
1771380 297
1771390 297
1771400 297
1771410 296
1771420 297
1771430 297
1771440 296
1771450 296
1771460 296
1771470 296
1771480 296
1771490 296
1772020 291
1772030 291
1772040 291
1772050 291
1772060 291
1772070 291
1772080 291
1772090 291
1772100 290
1772110 290
1772120 290
1772130 290
1775010 199
1775020 198
1775030 196
1775040 195
1775050 195
1775060 196
1775070 197
1775080 198
1775090 199
1775100 199
1775110 199
1775120 199
1775130 198
1775140 198
1775150 198
1775160 198
1775170 198
1775180 198
1775190 198
1775200 198
1775210 198
1775220 198
1775230 198
1775240 198
1775250 198
1775260 198
1775270 198
1775280 198
1775290 198
1775300 198
1775310 198
1775320 198
1775330 198
1775340 198
1775350 198
1775360 198
1775370 198
1775380 198
1775390 198
1775400 198
1775410 198
1775420 198
1775430 198
1775440 197
1775450 197
1775460 198
1775470 198
1775480 198
1775490 198
1775500 198
1775510 198
1775520 198
1775530 198
1775540 198
1775550 198
1775560 198
1775570 199
1775580 200
1775590 201
1775600 202
1775610 202
1775620 204
1775630 205
1775640 206
1775650 207
1775660 207
1775670 207
1775680 209
1775690 211
1775700 214
1775710 217
1775720 220
1775730 222
1775740 223
1775750 224
1775760 226
1775770 227
1775780 228
1775790 230
1775800 231
1775810 232
1775820 233
1775830 235
1775840 236
1775850 237
1775860 238
