1760000 204
1760010 204
1760020 204
1760030 204
1760040 204
1760050 204
1760060 204
1760070 204
1760080 204
1760090 204
1760100 204
1760110 204
1760120 204
1760130 204
1760140 204
1760150 204
1760160 204
1760170 204
1760180 204
1760190 204
1760200 204
1760210 204
1760220 204
1760230 204
1760240 205
1760250 205
1760260 205
1760270 205
1760280 205
1760290 205
1760300 205
1760310 205
1760320 205
1760330 205
1760340 205
1760350 205
1760360 205
1760370 205
1760380 205
1760390 205
1760400 205
1760410 205
1760420 205
1760430 205
1760440 205
1760450 206
1760460 206
1760470 206
1760480 206
1760490 206
1760500 206
1760510 206
1760520 206
1760530 206
1760540 206
1760550 206
1760560 206
1760570 206
1760580 206
1760590 206
1760600 206
1760610 207
1760620 207
1760630 207
1760640 207
1760650 207
1760660 207
1760670 207
1760680 207
1760690 207
1760700 207
1760710 208
1760720 208
1760730 208
1760740 208
1760750 208
1760760 208
1760770 209
1760780 209
1760790 209
1760800 209
1760810 209
1760820 209
1760830 210
1760840 210
1760850 210
1760860 210
1760870 210
1760880 210
1760890 211
1760900 211
1760910 211
1760920 211
1760930 211
1760940 211
1760950 211
1760960 212
1760970 212
1760980 212
1760990 212
1761000 212
1761010 213
1761020 213
1761030 213
1761040 214
1761050 214
1761060 214
1761070 215
1761080 215
1761090 215
1761100 216
1761110 216
1761120 217
1761130 217
1761140 217
1761150 218
1761160 219
1761170 219
1761180 220
1761190 221
1761200 221
1761210 222
1761220 224
1761230 225
1761240 225
1761250 225
1761260 226
1761270 227
1761280 227
1761290 228
1761300 228
1761310 229
1761320 229
1761330 230
1761340 231
1761350 231
1761360 232
1761370 233
1761380 234
1761390 235
1761400 235
1761410 236
1761420 236
1761430 237
1761440 237
1761450 238
1761460 238
1761470 239
1761480 239
1761490 240
1761500 240
1761510 241
1761520 241
1761530 242
1761540 242
1761550 243
1761560 244
1761570 244
1761580 245
1761590 246
1761600 246
1761610 247
1761620 248
1761630 248
1761640 249
1761650 249
1761660 249
1761670 249
1761680 249
1761690 250
1761700 250
1761710 250
1761720 250
1761730 251
1761740 251
1761750 251
1761760 251
1761770 252
1761780 252
1761790 253
1761800 253
1761810 253
1761820 253
1761830 254
1761840 254
1761850 254
1761860 254
1761870 254
1761880 254
1761890 254
1761900 254
1761910 254
1761920 254
1761930 254
1761940 254
1761950 254
1761960 254
1761970 254
1761980 253
1761990 253
1762000 253
1762010 252
1762020 252
1762030 252
1762040 251
1762050 251
1762060 251
1762070 251
1762080 251
1762090 250
1762100 250
1762110 250
1762120 250
1762130 249
1762140 249
1769140 287
1769150 286
1769160 286
1769170 285
1769180 285
1769190 285
1769200 285
1769210 284
1769220 284
1769230 284
1769240 284
1769250 284
1769260 284
1769270 285
1769280 285
1769290 285
1769300 286
1769310 286
1769320 286
1769330 287
1769340 287
1769350 287
1769360 287
1769370 288
1769380 288
1769390 288
1769400 288
1769410 288
1769420 287
1769430 287
1769440 287
1769450 286
1769460 285
1769470 284
1769480 284
1769490 282
1769500 281
1769510 281
1769520 279
1769530 278
1769540 278
1769550 279
1769560 279
1769570 279
1769580 279
1769590 278
1769600 278
1769610 278
1769620 278
1769630 278
1769640 278
1769650 278
1769660 278
1769670 277
1769680 277
1769690 276
1769700 274
1769710 273
1769720 275
1769730 276
1769740 276
1769750 275
1769760 275
1769770 275
1769780 275
1769790 275
1769800 275
1769810 273
1769820 272
1769830 271
1769840 271
1769850 271
1769860 272
1769870 274
1769880 275
1769890 277
1769900 278
1769910 280
1769920 281
1769930 282
1769940 282
1769950 283
1769960 284
1769970 285
1769980 286
1769990 287
1770000 287
1770010 288
1770020 288
1770030 289
1770040 289
1770050 289
1770060 290
1770070 290
1770080 290
1770090 290
1770100 291
1770110 291
1770120 291
1770130 291
1770140 291
1770150 291
1770160 291
1770170 291
1770180 291
1770190 291
1770200 292
1770210 292
1770220 292
1770230 292
1770240 292
1770250 292
1770260 292
1770270 292
1770280 292
1770290 292
1770300 292
1770310 292
1770320 291
1770330 291
1770340 291
1770350 291
1770360 291
1770370 291
1770380 291
1770390 290
1770400 289
1770410 288
1770420 287
1770430 286
1770440 287
1770450 288
1770460 289
1770470 290
1770480 290
1770490 290
1770500 290
1770510 291
1770520 291
1770530 291
1770540 291
1770550 291
1770560 291
1770570 291
1770580 291
1770590 291
1770600 291
1770610 291
1770620 291
1770630 291
1770640 291
1770650 291
1770660 291
1770670 291
1770680 291
1770690 291
1770700 291
1770710 291
1770720 290
1770730 290
1770740 290
1770750 290
1770760 289
1770770 289
1770780 288
1770790 288
1770800 287
1770810 287
1770820 288
1770830 288
1770840 288
1770850 288
1770860 287
1770870 287
1770880 287
1770890 287
1770900 287
1770910 287
1770920 287
1770930 287
1770940 287
1770950 287
1770960 287
1770970 287
1770980 287
1770990 287
1771000 287
1771010 287
1771020 287
1771030 287
1771040 287
1771050 287
1771060 287
1771070 287
1771080 287
1771090 286
1771100 286
1771110 286
1771120 285
1771130 286
1771140 286
1771150 286
1771160 286
1771170 285
1771180 285
1771190 284
1771200 284
1771210 284
1771220 284
1771230 284
1771240 285
1771250 285
1771260 285
1771270 285
1771280 285
1771290 285
1771300 286
1771310 286
1771320 286
1771330 286
1771340 286
1771350 287
1771360 287
1771370 287
1771380 287
1771390 287
1771400 287
1771410 288
1771420 288
1771430 288
1771440 288
1771450 289
1771460 289
1771470 289
1771480 290
1771490 290
1771500 290
1771860 286
1771870 286
1771880 286
1771890 285
1771900 285
1771910 285
1771920 285
1771930 285
1771940 285
1771950 285
1771960 285
1771970 284
1771980 284
1771990 284
1772000 284
1772010 284
1772020 284
1772030 284
1772040 284
1772050 284
1772060 284
1772070 283
1772080 283
1772090 283
1772100 283
1772110 284
1772120 284
1772130 284
1772140 284
1772150 284
1772160 284
1772170 283
1772180 283
1772190 283
1772200 283
1772210 283
1772220 283
1772230 283
1772240 283
1772250 283
1772260 283
1772270 283
1772280 283
1772290 282
1772300 282
1772310 281
1772320 280
1772330 279
1772340 279
1772350 278
1772360 278
1772370 277
1772380 277
1772390 277
1772400 277
1772410 276
1772420 276
1772430 276
1772440 275
1772450 275
1772460 274
1772470 273
1772480 270
1772490 269
1772500 270
1772510 273
1772520 274
1772530 274
1772540 274
1772550 274
1772560 274
1772570 274
1772580 274
1772590 274
1772600 274
1772610 274
1772620 275
1772630 276
1772640 276
1774810 199
1774820 197
1774830 196
1774840 195
1774850 196
1774860 197
1774870 199
1774880 199
1774890 199
1774900 199
1774910 199
1774920 199
1774930 198
1774940 198
1774950 198
1774960 198
1774970 198
1774980 198
1774990 198
1775000 198
1775010 198
1775020 198
1775030 198
1775040 198
1775050 198
1775060 198
1775070 198
1775080 198
1775090 198
1775100 198
1775110 198
1775120 199
1775130 199
1775140 199
1775150 199
1775160 199
1775170 199
1775180 199
1775190 200
1775200 200
1775210 200
1775220 201
1775230 201
1775240 202
1775250 203
1775260 204
1775270 205
1775280 205
1775290 206
1775300 206
1775310 207
1775320 207
1775330 207
1775340 208
1775350 211
1775360 212
1775370 214
1775380 215
1775390 217
1775400 219
1775410 220
1775420 221
1775430 223
1775440 224
1775450 225
1775460 226
1775470 227
1775480 228
1775490 230
1775500 231
1775510 232
1775520 233
1775530 234
1775540 234
1775550 235
1775560 236
1775570 237
1775580 237
1775590 238
1775600 240
1775610 241
1775620 242
1775630 243
1775640 245
1775650 245
1775660 246
1775670 246
1775680 246
1775690 247
1775700 247
1775710 247
1775720 248
1775730 248
1775740 249
1775750 249
1775760 250
1775770 251
1775780 251
1775790 252
1775800 251
1775810 251
1775820 253
1775830 255
1775840 256
1775850 257
1775860 257
1775870 258
1775880 259
1775890 259
1775900 258
1775910 258
1775920 258
1775930 259
1775940 260
1775950 262
1775960 264
1775970 266
1775980 268
1775990 270
1776000 271
1776010 272
1776020 273
1776030 274
1776040 275
1776050 276
1776060 276
1776070 277
1776080 278
1776090 279
1776100 280
