1761660 229
1761670 228
1761680 228
1761690 228
1761700 228
1761710 228
1761720 228
1761730 228
1761740 228
1761750 229
1761760 229
1761770 230
1761780 230
1761790 230
1761800 231
1761810 232
1761820 232
1761830 233
1761840 233
1761850 233
1761860 234
1761870 234
1761880 234
1761890 235
1761900 235
1761910 235
1761920 236
1761930 236
1761940 236
1761950 237
1761960 237
1761970 238
1761980 238
1761990 239
1762000 239
1762010 240
1762020 240
1762030 241
1762040 241
1762050 242
1762060 242
1762070 243
1762080 243
1762090 244
1762100 244
1762110 244
1762120 245
1762130 245
1762140 246
1762150 246
1762160 246
1762170 247
1762180 247
1762190 247
1762200 247
1762210 247
1762220 248
1762230 248
1762240 248
1762250 249
1762260 249
1762270 249
1762280 249
1762290 249
1762300 249
1762310 250
1762320 250
1762330 250
1762340 250
1762350 251
1762360 251
1762370 252
1762380 252
1762390 253
1762400 253
1762410 254
1762420 254
1762430 255
1762440 255
1762450 256
1762460 256
1762470 257
1762480 257
1762490 257
1762500 257
1762510 257
1762520 257
1762530 256
1762540 256
1762550 256
1762560 256
1762570 256
1762580 255
1762590 255
1762600 255
1762610 255
1762620 255
1762630 255
1762640 255
1762650 256
1762660 256
1762670 256
1762680 256
1762690 257
1762700 257
1762710 258
1762720 258
1762730 259
1762740 259
1762750 260
1762760 260
1762770 261
1762780 261
1762790 262
1762800 262
1762810 262
1762820 262
1762830 262
1762840 262
1762850 262
1762860 261
1762870 261
1762880 260
1762890 260
1762900 259
1762910 258
1762920 257
1762930 256
1762940 255
1762950 254
1762960 253
1762970 252
1762980 251
1762990 250
1763000 249
1763010 248
1763020 247
1763030 247
1763040 246
1763050 245
1763060 244
1763070 243
1763080 243
1763090 242
1763100 242
1763110 241
1763120 241
1763130 241
1763140 241
1763150 240
1763160 240
1763170 240
1763180 240
1763190 239
1763200 239
1763210 239
1763220 239
1763230 238
1763240 238
1763250 238
1763260 237
1763270 236
1763280 236
1763290 236
1763300 235
1763310 235
1763320 234
1763330 234
1763340 233
1763350 233
1763360 232
1763370 232
1763380 232
1763390 231
1763400 231
1763410 230
1763420 230
1763430 230
1763440 230
1763450 230
1763460 229
1763470 229
1763480 229
1763490 229
1763500 229
1763510 229
1763520 229
1763530 229
1763540 229
1763550 229
1763560 228
1763570 228
1763580 228
1763590 228
1763600 228
1763610 228
1763620 228
1763630 228
1763640 228
1763650 227
1763660 227
1763670 227
1763680 227
1763690 227
1763700 227
1763710 227
1763720 227
1763730 227
1763740 227
1763750 227
1763760 227
1763770 227
1763780 227
1763790 227
1763800 227
1763810 227
1763820 227
1763830 227
1763840 227
1763850 227
1763860 227
1763870 227
1763880 227
1763890 227
1763900 227
1763910 227
1763920 227
1763930 227
1763940 227
1763950 227
1763960 227
1763970 227
1763980 227
1763990 227
1764000 227
1764010 228
1764020 228
1764030 228
1764040 228
1764050 228
1764060 228
1764070 228
1764080 228
1764090 228
1764100 229
1764110 229
1764120 229
1764130 230
1764140 230
1764150 230
1764160 230
1764170 231
1764180 231
1764190 232
1764200 232
1764210 232
1764220 232
1764230 233
1764240 233
1764250 233
1764260 233
1764270 233
1764280 234
1764290 234
1764300 234
1764310 234
1764320 235
1764330 235
1764340 235
1764350 236
1764360 236
1764370 236
1764380 237
1764390 237
1764400 238
1764410 239
1764420 240
1764430 241
1764440 242
1764450 243
1764460 244
1764470 244
1764480 245
1764490 246
1764500 247
1764510 249
1764520 251
1764530 252
1764540 253
1764550 253
1764560 254
1764570 255
1764580 256
1764590 257
1764600 258
1764610 259
1764620 260
1764630 260
1764640 261
1764650 261
1764660 261
1764670 262
1764680 262
1764690 262
1764700 262
1764710 262
1764720 262
1764730 262
1764740 261
1764750 261
1764760 261
1764770 261
1764780 261
1764790 261
1764800 261
1764810 261
1764820 261
1764830 263
1764840 264
1764850 265
1764860 266
1764870 267
1764880 268
1764890 268
1764900 269
1764910 269
1764920 269
1764930 270
1764940 270
1764950 270
1764960 270
1764970 270
1764980 269
1764990 269
1765000 269
1765010 269
1765020 269
1765030 268
1765040 268
1765050 268
1765060 267
1765070 267
1765080 266
1765090 266
1765100 266
1765110 265
1765120 265
1765130 265
1765140 264
1765150 264
1765160 264
1765170 263
1765180 263
1765190 263
1765200 262
1765210 262
1765220 261
1765230 261
1765240 260
1765250 260
1765260 259
1765270 259
1765280 258
1765290 258
1765300 257
1765310 257
1765320 256
1765330 256
1765340 256
1765350 255
1765360 255
1765370 254
1765380 254
1765390 253
1765400 252
1765410 252
1765420 251
1765430 250
1765440 250
1765450 249
1765460 248
1765470 248
1765480 247
1765490 246
1765500 246
1765510 245
1765520 244
1765530 244
1765540 243
1765550 243
1765560 242
1765570 241
1765580 241
1765590 240
1765600 240
1765610 240
1765620 239
1765630 239
1765640 240
1765650 241
1765660 241
1765670 240
1765680 240
1765690 240
1765700 240
1765710 240
1765720 239
1765730 239
1765740 238
1765750 239
1765760 239
1765770 239
1765780 239
1765790 239
1765800 239
1765810 239
1765820 239
1765830 239
1765840 240
1765850 240
1765860 240
1765870 240
1765880 240
1765890 240
1765900 241
1765910 241
1765920 241
1765930 241
1765940 241
1765950 242
1765960 242
1765970 242
1765980 242
1765990 242
1766000 242
1766010 243
1766020 243
1766030 243
1766040 243
1766050 243
1766060 243
1766070 243
1766080 244
1766090 244
1766100 244
1766110 245
1766120 245
1766130 245
1766140 245
1766150 245
1766160 245
1766170 245
1766180 245
1766190 245
1766200 245
1766210 245
1766220 244
1766230 244
1766240 244
1766250 244
1766260 244
1766270 244
1766280 244
1766290 244
1766300 244
1766310 244
1766320 244
1766330 244
1766340 244
1766350 244
1766360 244
1766370 244
1766380 245
1766390 245
1766400 245
1766410 245
1766420 245
1766430 245
1766440 245
1766450 245
1766460 245
1766470 245
1766480 246
1766490 246
1766500 246
1766510 247
1766520 247
1766530 247
1766540 248
1766550 248
1766560 248
1766570 249
1766580 249
1766590 249
1766600 250
1766610 250
1766620 251
1766630 251
1766640 252
1766650 252
1766660 253
1766670 253
1766680 254
1766690 254
1766700 255
1766710 256
1766720 257
1766730 258
1766740 259
1766750 259
1766760 260
1766770 261
1766780 262
1766790 263
1766800 263
1766810 264
1766820 265
1766830 265
1766840 265
1766850 265
1766860 265
1766870 265
1766880 265
1766890 265
1766900 266
1766910 266
1766920 266
1766930 266
1766940 266
1766950 266
1766960 266
1766970 266
1766980 266
1766990 266
1767000 266
1767010 266
1767020 266
1767030 266
1767040 266
1767050 266
1767060 266
1767070 266
1767080 266
1767090 266
1767100 266
1767110 267
1767120 267
1767130 266
1767140 266
1767150 267
1767160 267
1767170 267
1767180 267
1767190 267
1767200 267
1767210 267
1767220 267
1767230 267
1767240 267
1767250 268
1767260 268
1767270 268
1767280 268
1767290 268
1767300 269
1767310 269
1767320 269
1767330 269
1767340 269
1767350 269
1767360 269
1767370 269
1767380 270
1767390 270
1767400 270
1767410 270
1767420 270
1767430 270
1767440 271
1767450 271
1767460 271
1767470 271
1767480 271
1767490 271
1767500 271
1767510 270
1767520 270
1767530 270
1767540 271
1767550 271
1767560 271
1767570 271
1767580 271
1767590 271
1767600 271
1767610 271
1767620 271
1767630 271
1767640 271
1767650 271
1767660 271
1767670 271
1767680 271
1767690 271
1767700 271
1767710 271
1767720 271
1767730 271
1767740 271
1767750 271
1767760 270
1767770 271
1767780 271
1767790 271
1767800 271
1767810 271
1767820 272
1767830 272
1767840 272
1767850 272
1767860 272
1767870 272
1767880 272
1767890 272
1767900 271
1767910 271
1767920 271
1767930 271
1767940 271
1767950 271
1767960 271
1767970 272
1767980 272
1767990 272
1768000 272
1768010 272
1768020 272
1768030 272
1768040 271
1768050 271
1768060 271
1768070 271
1768080 271
1768090 271
1768100 271
1768110 271
1768120 270
1768130 270
1768140 270
1768150 270
1768160 270
1768170 270
1768180 269
1768190 268
1768200 267
1768210 266
1768220 264
1768230 263
1768240 262
1768250 265
1768260 269
1768270 269
1768280 269
1768290 269
1768300 269
1768310 269
1768320 269
1768330 269
1768340 269
1768350 269
1768360 269
1768370 268
1768380 269
1768390 269
1768400 270
1768410 270
1768420 270
1768430 270
1768440 270
1768450 270
1768460 270
1768470 270
1768480 270
1768490 269
1768500 269
1768510 268
1768520 267
1768530 266
1768540 265
1768550 264
1768560 264
1768570 263
1768580 262
1768590 260
1768600 259
1768610 258
1768620 257
1768630 257
1773400 268
1773410 267
1773420 267
1773430 266
1773440 265
1773450 264
1773460 263
1773470 262
1773480 261
1773490 260
1773500 259
1773510 257
1773520 256
1773530 255
1773540 254
1773550 252
1773560 251
1773570 250
1773580 248
1773590 247
1773600 245
1773610 244
1773620 244
1773630 243
1773640 241
1773650 239
1773660 237
1773670 233
1773680 230
1773690 227
1773700 226
1773710 226
1773720 226
1773730 225
1773740 225
1773750 225
1773760 224
1773770 224
1773780 224
1773790 225
1773800 225
1773810 225
1773820 225
1773830 224
1773840 223
1773850 223
1773860 222
1773870 221
1773880 219
1773890 217
1773900 215
1773910 216
1773920 217
1773930 217
1773940 216
1773950 216
1773960 215
1773970 215
1773980 215
1773990 214
1774000 214
1774010 214
1774020 213
1774030 213
1774040 212
1774050 212
1774060 211
1774070 210
1774080 209
1774090 208
1774100 207
1774110 208
1774120 210
1774130 212
1774140 214
1774150 215
1774160 217
1774170 218
1774180 218
1774190 219
1774200 219
1774210 219
1774220 218
1774230 218
1774240 217
1774250 217
1774260 216
1774270 214
1774280 213
1774290 212
1774300 211
1774310 211
1774320 210
1774330 210
1774340 209
1774350 209
1774360 209
1774370 208
1774380 208
1774390 208
1774400 208
1774410 208
1774420 208
1774430 208
1774440 207
1774450 207
1774460 206
1774470 205
1774480 204
1774490 204
1774500 204
1774510 203
1774520 202
1774530 201
1774540 201
1774550 200
1774560 200
1774570 199
1774580 199
1774590 198
1774600 199
1774610 198
1774620 198
1774630 196
1774640 196
1774650 196
1774660 198
1774670 199
1774680 199
1776580 299
1776590 298
1776600 296
1776610 295
1776620 294
1776630 293
1776640 292
1776650 290
1776660 289
1776670 286
1776680 284
1776690 282
1776700 281
1776710 279
1776720 278
1776730 279
1776740 280
1776750 281
1776760 280
1776770 279
1776780 278
1776790 277
1776800 276
1776810 275
1776820 274
1776830 272
1776840 269
1776850 263
1776860 257
1776870 251
1776880 250
1776890 249
1776900 249
1776910 251
1776920 252
1776930 251
1776940 252
1776950 252
1776960 251
1776970 250
1776980 249
1776990 247
1777000 245
1777010 243
1777020 242
1777030 241
1777040 241
1777050 240
1777060 238
1777070 237
1777080 236
1777090 235
1777100 234
1777110 233
1777120 232
1777130 231
1777140 230
1777150 229
1777160 229
1777170 228
1777180 228
1777190 227
1777200 226
1777210 225
1777220 224
1777230 223
1777240 223
1777250 222
1777260 221
1777270 220
1777280 219
1777290 219
1777300 218
1777310 218
1777320 218
1777330 217
1777340 216
1777350 216
1777360 216
1777370 215
1777380 214
1777390 214
1777400 214
1777410 213
1777420 213
1777430 213
1777440 213
1777450 213
1777460 213
1777470 212
1777480 212
1777490 212
1777500 212
1777510 212
1777520 212
1777530 213
1777540 213
1777550 214
1777560 214
1777570 215
1777580 215
1777590 216
1777600 217
1777610 218
1777620 217
1777630 217
1777640 216
1777650 216
1777660 217
1777670 217
1777680 217
1777690 217
1777700 217
1777710 216
1777720 215
1777730 214
1777740 214
1777750 213
1777760 213
1777770 212
1777780 212
1777790 211
1777800 211
1777810 210
1777820 210
1777830 209
1777840 209
1777850 209
1777860 208
1777870 208
1777880 208
1777890 208
1777900 208
1777910 208
1777920 207
1777930 207
1777940 207
1777950 207
1777960 207
1777970 207
1777980 207
1777990 207
1778000 207
1778010 207
1778020 207
1778030 207
1778040 207
1778050 206
1778060 206
1778070 206
1778080 206
1778090 206
1778100 205
1778110 205
1778120 205
1778130 205
1778140 205
1778150 205
1778160 206
1778170 206
1778180 206
1778190 206
1778200 206
1778210 206
1778220 206
1778230 206
1778240 206
1778250 206
1778260 206
1778270 207
1778280 207
1778290 207
1778300 207
1778310 207
1778320 207
1778330 208
1778340 208
1778350 208
1778360 208
1778370 208
1778380 208
1778390 208
1778400 209
1778410 209
1778420 210
1778430 211
1778440 211
1778450 212
1778460 213
1778470 213
1778480 214
1778490 214
1778500 215
1778510 215
1778520 216
1778530 216
1778540 216
1778550 216
1778560 216
1778570 217
1778580 217
1778590 217
1778600 217
1778610 218
1778620 218
1778630 218
1778640 218
1778650 219
1778660 219
1778670 219
1778680 219
1778690 219
1778700 219
1778710 218
1778720 218
1778730 218
1778740 218
1778750 218
1778760 218
1778770 218
1778780 218
1778790 218
1778800 218
1778810 218
1778820 218
1778830 219
1778840 219
1778850 219
1778860 219
1778870 219
1778880 219
1778890 220
1778900 220
1778910 220
1778920 220
1778930 220
1778940 219
1778950 219
1778960 219
1778970 218
1778980 218
1778990 218
1779000 218
1779010 218
1779020 218
1779030 219
1779040 219
1779050 219
1779060 219
1779070 219
1779080 219
1779090 219
1779100 219
1779110 218
1779120 218
1779130 218
1779140 217
1779150 217
1779160 216
1779170 216
1779180 215
1779190 215
1779200 215
1779210 215
1779220 216
1779230 216
1779240 216
1779250 216
1779260 216
1779270 217
1779280 217
1779290 217
1779300 217
1779310 217
1779320 217
1779330 217
1779340 218
1779350 218
1779360 218
1779370 218
1779380 218
1779390 218
1779400 218
1779410 219
1779420 219
1779430 219
1779440 219
1779450 219
1779460 219
1779470 219
1779480 219
1779490 220
1779500 220
1779510 220
1779520 220
1779530 220
1779540 220
1779550 220
1779560 220
1779570 220
1779580 220
1779590 221
1779600 221
1779610 221
1779620 221
1779630 220
1779640 220
1779650 220
1779660 220
1779670 220
1779680 220
1779690 221
1779700 221
1779710 221
1779720 221
1779730 221
1779740 221
1779750 221
1779760 221
1779770 221
1779780 221
1779790 220
1779800 220
1779810 220
1779820 220
1779830 220
1779840 220
1779850 220
1779860 220
1779870 220
1779880 220
1779890 221
1779900 221
1779910 221
1779920 221
1779930 221
1779940 221
1779950 221
1779960 220
1779970 220
1779980 220
1779990 220
1760000 204
1760010 204
1760020 204
1760030 204
1760040 204
1760050 204
1760060 204
1760070 204
1760080 204
1760090 204
1760100 204
1760110 204
1760120 204
1760130 204
1760140 204
1760150 204
1760160 204
1760170 204
1760180 204
1760190 204
1760200 204
1760210 204
1760220 204
1760230 204
1760240 204
1760250 204
1760260 204
1760270 204
1760280 204
1760290 204
1760300 204
1760310 204
1760320 204
1760330 204
1760340 204
1760350 204
1760360 204
1760370 204
1760380 204
1760390 204
1760400 204
1760410 204
1760420 204
1760430 204
1760440 204
1760450 205
1760460 205
1760470 205
1760480 205
1760490 205
1760500 205
1760510 205
1760520 205
1760530 206
1760540 206
1760550 206
1760560 206
1760570 206
1760580 206
1760590 206
1760600 207
1760610 207
1760620 207
1760630 207
1760640 207
1760650 207
1760660 207
1760670 207
1760680 207
1760690 208
1760700 208
1760710 208
1760720 208
1760730 208
1760740 208
1760750 208
1760760 208
1760770 208
1760780 208
1760790 208
1760800 208
1760810 208
1760820 208
1760830 208
1760840 208
1760850 209
1760860 209
1760870 210
1760880 211
1760890 212
1760900 211
1760910 210
1760920 209
1760930 209
1760940 209
1760950 209
1760960 210
1760970 210
1760980 211
1760990 211
1761000 211
1761010 210
1761020 211
1761030 211
1761040 211
1761050 211
1761060 211
1761070 212
1761080 212
1761090 212
1761100 212
1761110 212
1761120 213
1761130 213
1761140 213
1761150 213
1761160 214
1761170 214
1761180 214
1761190 215
1761200 215
1761210 215
1761220 215
1761230 215
1761240 215
1761250 216
1761260 216
1761270 216
1761280 216
1761290 216
1761300 216
1761310 217
1761320 217
1761330 217
1761340 217
1761350 217
1761360 217
1761370 218
1761380 218
1761390 218
1761400 218
1761410 218
1761420 219
1761430 219
1761440 219
1761450 219
1761460 220
1761470 220
1761480 220
1761490 221
1761500 221
1761510 222
1761520 222
1761530 223
1761540 224
1761550 224
1761560 225
1761570 225
1761580 226
1761590 226
1761600 227
1761610 228
1768600 259
1768610 258
1768620 257
1768630 257
1768640 257
1768650 257
1768660 257
1768670 257
1768680 258
1768690 259
1768700 261
1768710 262
1768720 263
1768730 264
1768740 264
1768750 266
1768760 267
1768770 269
1768780 271
1768790 273
1768800 274
1768810 276
1768820 278
1768830 280
1768840 281
1768850 283
1768860 284
1768870 285
1768880 286
1768890 287
1768900 287
1768910 287
1768920 288
1768930 288
1768940 289
1768950 289
1768960 290
1768970 290
1768980 290
1768990 290
1769000 291
1769010 291
1769020 291
1769030 291
1769040 291
1769050 291
1769060 291
1769070 291
1769080 291
1769090 291
1769100 291
1769110 291
1769120 291
1769130 291
1769140 291
1769150 290
1769160 290
1769170 290
1769180 289
1769190 289
1769200 289
1769210 288
1769220 288
1769230 287
1769240 287
1769250 286
1769260 286
1769270 285
1769280 285
1769290 284
1769300 283
1769310 283
1769320 282
1769330 281
1769340 280
1769350 280
1769360 279
1769370 279
1769380 278
1769390 278
1769400 277
1769410 276
1769420 276
1769430 275
1769440 274
1769450 274
1769460 273
1769470 272
1769480 272
1769490 271
1769500 270
1769510 270
1769520 269
1769530 268
1769540 267
1769550 267
1769560 266
1769570 265
1769580 264
1769590 263
1769600 262
1769610 261
1769620 260
1769630 260
1769640 259
1769650 259
1769660 259
1769670 258
1769680 258
1769690 258
1769700 257
1769710 257
1769720 257
1769730 257
1769740 256
1769750 256
1769760 256
1769770 255
1769780 255
1769790 255
1769800 255
1769810 255
1769820 255
1769830 255
1769840 255
1769850 255
1769860 256
1769870 256
1769880 256
1769890 257
1769900 258
1769910 259
1769920 261
1769930 262
1769940 264
1769950 265
1769960 267
1769970 268
1769980 270
1769990 271
1770000 272
1770010 273
1770020 272
1770030 272
1770040 274
1770050 275
1770060 275
1770070 276
1770080 277
1770090 279
1770100 281
1770110 281
1770120 282
1770130 282
1770140 282
1770150 282
1770160 283
1770170 283
1770180 283
1770190 283
1770200 283
1770210 283
1770220 283
1770230 283
1770240 283
1770250 283
1770260 283
1770270 283
1770280 283
1770290 283
1770300 283
1770310 283
1770320 283
1770330 283
1770340 282
1770350 282
1770360 282
1770370 282
1770380 281
1770390 281
1770400 281
1770410 280
1770420 280
1770430 280
1770440 279
1770450 279
1770460 278
1770470 278
1770480 277
1770490 276
1770500 276
1770510 275
1770520 274
1770530 274
1770540 272
1770550 271
1770560 268
1770570 265
1770580 263
1770590 262
1770600 262
1770610 263
1770620 264
1770630 265
1770640 265
1770650 265
1770660 266
1770670 266
1770680 267
1770690 267
1770700 267
1770710 267
1770720 267
1770730 266
1770740 266
1770750 266
1770760 266
1770770 265
1770780 265
1770790 264
1770800 263
1770810 263
1770820 262
1770830 261
1770840 261
1770850 260
1770860 259
1770870 257
1770880 255
1770890 255
1770900 255
1770910 257
1770920 260
1770930 262
1770940 263
1770950 265
1770960 266
1770970 267
1770980 267
1770990 268
1771000 268
1771010 269
1771020 269
1771030 270
1771040 270
1771050 270
1771060 271
1771070 271
1771080 272
1771090 272
1771100 272
1771110 272
1771120 272
1771130 272
1771140 273
1771150 273
1771160 274
1771170 274
1771180 274
1771190 275
1771200 275
1771210 275
1771220 276
1771230 276
1771240 276
1771250 276
1771260 276
1771270 277
1771280 277
1771290 277
1771300 277
1771310 277
1771320 278
1771330 278
1771340 278
1771350 278
1771360 278
1771370 278
1771380 278
1771390 278
1771400 278
1771410 279
1771420 279
1771430 279
1771440 279
1771450 279
1771460 279
1771470 279
1771480 279
1771490 279
1771500 279
1771510 279
1771520 279
1771530 279
1771540 279
1771550 279
1771560 278
1771570 278
1771580 278
1771590 278
1771600 278
1771610 278
1771620 278
1771630 278
1771640 278
1771650 278
1771660 278
1771670 278
1771680 278
1771690 279
1771700 279
1771710 279
1771720 279
1771730 280
1771740 280
1771750 280
1771760 280
1771770 280
1771780 281
1771790 281
1771800 281
1771810 281
1771820 281
1771830 281
1771840 281
1771850 281
1771860 281
1771870 281
1771880 281
1771890 281
1771900 281
1771910 281
1771920 281
1771930 281
1771940 281
1771950 281
1771960 281
1771970 281
1771980 281
1771990 281
1772000 281
1772010 281
1772020 281
1772030 281
1772040 281
1772050 281
1772060 281
1772070 281
1772080 281
1772090 281
1772100 281
1772110 281
1772120 281
1772130 281
1772140 281
1772150 280
1772160 280
1772170 280
1772180 279
1772190 279
1772200 279
1772210 279
1772220 279
1772230 278
1772240 278
1772250 277
1772260 276
1772270 276
1772280 275
1772290 274
1772300 274
1772310 274
1772320 274
1772330 274
1772340 273
1772350 273
1772360 273
1772370 272
1772380 272
1772390 272
1772400 271
1772410 271
1772420 270
1772430 270
1772440 269
1772450 269
1772460 269
1772470 268
1772480 268
1772490 267
1772500 267
1772510 266
1772520 265
1772530 265
1772540 264
1772550 263
1772560 263
1772570 262
1772580 261
1772590 260
1772600 259
1772610 258
1772620 257
1772630 256
1772640 255
1772650 254
1772660 254
1772670 253
1772680 252
1772690 250
1772700 248
1772710 246
1772720 246
1772730 248
1772740 250
1772750 251
1772760 252
1772770 253
1772780 254
1772790 254
1772800 255
1772810 256
1772820 257
1772830 257
1772840 258
1772850 259
1772860 260
1772870 261
1772880 262
1772890 263
1772900 264
1772910 266
1772920 266
1772930 267
1772940 266
1772950 267
1772960 267
1772970 267
1772980 267
1772990 268
1773000 268
1773010 269
1773020 270
1773030 271
1773040 271
1773050 272
1773060 272
1773070 272
1773080 273
1773090 273
1773100 273
1773110 274
1773120 274
1773130 274
1773140 274
1773150 274
1773160 274
1773170 274
1773180 274
1773190 274
1773200 274
1773210 274
1774610 198
1774620 198
1774630 196
1774640 196
1774650 196
1774660 198
1774670 199
1774680 199
1774690 198
1774700 198
1774710 198
1774720 198
1774730 198
1774740 199
1774750 199
1774760 199
1774770 200
1774780 200
1774790 201
1774800 201
1774810 202
1774820 202
1774830 203
1774840 204
1774850 206
1774860 207
1774870 208
1774880 209
1774890 210
1774900 210
1774910 211
1774920 211
1774930 211
1774940 211
1774950 211
1774960 211
1774970 210
1774980 210
1774990 209
1775000 209
1775010 210
1775020 210
1775030 212
1775040 213
1775050 215
1775060 216
1775070 218
1775080 220
1775090 221
1775100 222
1775110 224
1775120 225
1775130 227
1775140 229
1775150 230
1775160 231
1775170 232
1775180 233
1775190 234
1775200 234
1775210 235
1775220 236
1775230 236
1775240 237
1775250 238
1775260 238
1775270 239
1775280 239
1775290 240
1775300 240
1775310 241
1775320 241
1775330 242
1775340 242
1775350 243
1775360 244
1775370 244
1775380 245
1775390 246
1775400 246
1775410 247
1775420 248
1775430 249
1775440 250
1775450 251
1775460 251
1775470 253
1775480 254
1775490 255
1775500 255
1775510 256
1775520 257
1775530 258
1775540 259
1775550 260
1775560 261
1775570 261
1775580 262
1775590 263
1775600 264
1775610 265
1775620 266
1775630 267
1775640 268
1775650 269
1775660 270
1775670 271
1775680 272
1775690 273
1775700 274
1775710 275
1775720 276
1775730 277
1775740 278
1775750 278
1775760 279
1775770 281
1775780 282
1775790 283
1775800 284
1775810 286
1775820 287
1775830 288
1775840 289
1775850 291
1775860 292
1775870 293
1775880 294
1775890 295
1775900 296
1775910 297
1775920 298
1775930 300
1775940 301
1775950 302
1775960 303
1775970 304
1775980 304
1775990 305
1776000 305
1776010 306
1776020 306
1776030 307
1776040 307
1776050 307
1776060 308
1776070 308
1776080 309
1776090 310
1776100 310
1776110 311
1776120 311
1776130 312
1776140 312
1776150 313
1776160 313
1776170 313
1776180 313
1776190 313
1776200 314
1776210 314
1776220 314
1776230 314
1776240 314
1776250 314
1776260 314
1776270 313
1776280 313
1776290 313
1776300 313
1776310 313
1776320 312
1776330 312
1776340 312
1776350 312
1776360 311
1776370 311
1776380 311
1776390 311
