1762870 205
1762880 205
1762890 205
1762900 205
1762910 205
1762920 205
1762930 205
1762940 205
1762950 205
1762960 205
1762970 205
1762980 205
1762990 205
1763000 205
1763010 205
1763020 205
1763030 205
1763040 205
1763050 205
1763060 205
1763070 205
1763080 205
1763090 206
1763100 206
1763110 206
1763120 206
1763130 206
1763140 206
1763150 206
1763160 207
1763170 207
1763180 207
1763190 207
1763200 207
1763210 207
1763220 207
1763230 207
1763240 207
1763250 207
1763260 208
1763270 208
1763280 208
1763290 208
1763300 208
1763310 208
1763320 209
1763330 209
1763340 209
1763350 208
1763360 208
1763370 208
1763380 208
1763390 208
1763400 208
1763410 208
1763420 208
1763430 208
1763440 208
1763450 208
1763460 208
1763470 208
1763480 208
1763490 208
1763500 208
1763510 208
1763520 208
1763530 208
1763540 208
1763550 208
1763560 208
1763570 207
1763580 207
1763590 207
1763600 207
1763610 207
1763620 207
1763630 208
1763640 208
1763650 209
1763660 210
1763670 211
1763680 212
1763690 213
1763700 214
1763710 214
1763720 215
1763730 215
1763740 214
1763750 213
1763760 212
1763770 211
1763780 211
1763790 211
1763800 211
1763810 211
1763820 211
1763830 211
1763840 211
1763850 211
1763860 211
1763870 211
1763880 210
1763890 211
1763900 211
1763910 211
1763920 211
1763930 211
1763940 211
1763950 212
1763960 212
1763970 212
1763980 212
1763990 212
1764000 212
1764010 212
1764020 212
1764030 212
1764040 212
1764050 212
1764060 212
1764070 212
1764080 211
1764090 211
1764100 211
1764110 212
1764120 212
1764130 212
1764140 212
1764150 212
1764160 212
1764170 211
1764180 211
1764190 212
1764200 212
1764210 212
1764220 212
1764230 212
1764240 212
1764250 212
1764260 212
1764270 212
1764280 212
1764290 212
1764300 212
1764310 212
1764320 213
1764330 213
1764340 213
1764350 213
1764360 213
1764370 213
1764380 213
1764390 213
1764400 213
1764410 213
1764420 213
1764430 213
1764440 213
1764450 213
1764460 213
1764470 213
1764480 212
1764490 212
1764500 212
1764510 212
1764520 212
1764530 212
1764540 212
1764550 213
1764560 213
1764570 213
1764580 214
1764590 214
1764600 214
1764610 214
1764620 215
1764630 215
1764640 215
1764650 215
1764660 215
1764670 215
1764680 216
1764690 216
1764700 215
1764710 215
1764720 215
1764730 214
1764740 214
1764750 214
1764760 214
1764770 214
1764780 214
1764790 215
1764800 214
1764810 213
1764820 209
1764830 209
1764840 210
1764850 211
1764860 211
1764870 211
1764880 211
1764890 210
1764900 210
1764910 210
1764920 210
1764930 211
1764940 211
1764950 211
1764960 211
1764970 210
1764980 210
1764990 210
1765000 210
1765010 209
1765020 209
1765030 209
1765040 209
1765050 209
1765060 209
1765070 209
1765080 210
1765090 210
1765100 211
1765110 212
1765120 213
1765130 213
1765140 213
1765150 214
1765160 215
1765170 216
1765180 216
1765190 217
1765200 218
1765210 219
1765220 220
1765230 220
1765240 221
1765250 221
1765260 222
1765270 222
1765280 223
1765290 223
1765300 223
1765310 224
1765320 224
1765330 225
1765340 225
1765350 225
1765360 226
1765370 226
1765380 226
1765390 226
1765400 226
1765410 226
1765420 226
1765430 226
1765440 227
1765450 227
1765460 227
1765470 227
1765480 228
1765490 228
1765500 228
1765510 227
1765520 227
1765530 227
1765540 228
1765550 230
1765560 231
1765570 232
1765580 233
1765590 235
1765600 235
1765610 236
1765620 237
1765630 238
1765640 239
1765650 240
1765660 240
1765670 240
1765680 240
1765690 240
1765700 240
1765710 240
1765720 240
1765730 241
1765740 241
1765750 241
1765760 241
1765770 242
1765780 242
1765790 242
1765800 243
1765810 243
1765820 244
1765830 245
1765840 245
1765850 246
1765860 247
1765870 247
1765880 248
1765890 248
1765900 249
1765910 249
1765920 250
1765930 250
1765940 251
1765950 251
1765960 251
1765970 251
1765980 250
1765990 250
1766000 250
1766010 250
1766020 249
1766030 249
1766040 249
1766050 248
1766060 248
1766070 247
1766080 247
1766090 247
1766100 246
1766110 246
1766120 245
1766130 245
1766140 244
1766150 244
1766160 244
1766170 243
1766180 243
1766190 242
1766200 242
1766210 241
1766220 241
1766230 240
1766240 240
1766250 239
1766260 239
1766270 238
1766280 238
1766290 237
1766300 237
1766310 236
1766320 236
1766330 236
1766340 235
1766350 234
1766360 234
1766370 233
1766380 233
1766390 233
1766400 232
1766410 232
1766420 231
1766430 231
1766440 230
1766450 230
1766460 230
1766470 229
1766480 229
1766490 229
1766500 228
1766510 228
1766520 228
1766530 227
1766540 227
1766550 227
1766560 226
1766570 226
1766580 226
1766590 226
1766600 225
1766610 224
1766620 222
1766630 221
1766640 221
1766650 220
1766660 219
1766670 217
1766680 216
1766690 216
1766700 215
1766710 214
1766720 214
1766730 214
1766740 214
1766750 215
1766760 216
1766770 216
1766780 216
1766790 216
1766800 217
1766810 218
1766820 219
1766830 220
1766840 220
1766850 220
1766860 220
1766870 220
1766880 221
1766890 221
1766900 221
1766910 221
1766920 221
1766930 221
1766940 221
1766950 221
1766960 221
1766970 221
1766980 220
1766990 220
1767000 220
1767010 220
1767020 220
1767030 219
1767040 219
1767050 219
1767060 219
1767070 219
1767080 218
1767090 218
1767100 218
1767110 217
1767120 217
1767130 217
1767140 217
1767150 216
1767160 216
1767170 215
1767180 215
1767190 214
1767200 214
1767210 213
1767220 212
1767230 212
1767240 211
1767250 211
1767260 210
1767270 210
1767280 209
1767290 209
1767300 209
1767310 208
1767320 207
1767330 206
1767340 205
1767350 204
1767360 204
1767370 204
1767380 204
1767390 203
1767400 203
1767410 203
1767420 203
1767430 202
1767440 202
1767450 203
1767460 204
1767470 204
1767480 205
1767490 206
1767500 207
1767510 209
1767520 211
1767530 213
1767540 216
1767550 218
1767560 221
1767570 224
1767580 227
1767590 230
1767600 232
1767610 233
1767620 233
1767630 233
1767640 234
1767650 234
1767660 234
1767670 234
1767680 233
1767690 233
1767700 233
1767710 233
1767720 233
1767730 233
1767740 233
1767750 233
1767760 232
1767770 232
1767780 232
1767790 232
1767800 232
1767810 232
1767820 232
1767830 232
1767840 232
1767850 232
1767860 231
1767870 231
1767880 231
1767890 231
1767900 230
1767910 230
1767920 230
1767930 230
1767940 229
1767950 229
1767960 229
1767970 228
1767980 228
1767990 228
1768000 228
1768010 227
1768020 227
1768030 226
1768040 226
1768050 226
1768060 225
1768070 225
1768080 225
1768090 225
1768100 225
1768110 225
1768120 225
1768130 225
1768140 225
1768150 225
1768160 225
1768170 225
1768180 226
1768190 226
1768200 226
1768210 226
1768220 227
1768230 227
1768240 227
1768250 228
1768260 228
1768270 229
1768280 229
1768290 230
1768300 230
1768310 231
1768320 231
1768330 232
1768340 232
1768350 233
1768360 234
1768370 235
1768380 235
1768390 235
1768400 236
1768410 237
1768420 238
1768430 238
1768440 238
1768450 238
1768460 239
1768470 239
1768480 240
1768490 240
1768500 241
1768510 242
1768520 242
1768530 242
1768540 242
1768550 242
1768560 242
1768570 241
1768580 241
1768590 240
1768600 240
1768610 240
1768620 240
1768630 240
1768640 239
1768650 238
1768660 238
1768670 237
1768680 237
1768690 237
1768700 237
1768710 238
1768720 239
1768730 241
1768740 242
1768750 244
1768760 245
1768770 247
1768780 248
1768790 250
1768800 252
1768810 253
1768820 254
1768830 255
1768840 258
1768850 260
1768860 261
1768870 261
1768880 262
1768890 262
1768900 263
1768910 263
1768920 263
1768930 263
1768940 262
1768950 262
1768960 262
1768970 262
1768980 262
1768990 262
1769000 261
1769010 261
1769020 261
1769030 261
1769040 261
1769050 261
1769060 260
1769070 260
1769080 260
1769090 259
1769100 259
1769110 259
1769120 259
1769130 260
1769140 260
1769150 260
1769160 260
1769170 261
1769180 261
1769190 261
1769200 261
1769210 262
1769220 262
1769230 262
1769240 262
1769250 262
1769260 262
1769270 262
1769280 262
1769290 261
1769300 261
1769310 261
1769320 260
1769330 260
1769340 260
1769350 260
1769360 259
1769370 259
1769380 259
1769390 259
1769400 259
1769410 258
1769420 258
1769430 258
1769440 258
1769450 257
1769460 257
1769470 257
1769480 257
1769490 257
1769500 257
1769510 257
1769520 257
1769530 257
1769540 257
1769550 257
1769560 257
1769570 257
1769580 257
1769590 256
1769600 256
1769610 256
1769620 255
1769630 255
1769640 255
1769650 255
1769660 254
1769670 253
1769680 252
1769690 251
1769700 251
1769710 250
1769720 249
1769730 249
1769740 248
1769750 247
1769760 246
1769770 245
1769780 244
1769790 243
1769800 243
1769810 242
1769820 241
1769830 240
1769840 240
1769850 239
1769860 238
1769870 236
1769880 235
1769890 234
1769900 234
1769910 234
1769920 234
1769930 234
1769940 234
1769950 232
1769960 230
1769970 227
1769980 225
1769990 224
1770000 224
1770010 223
1770020 222
1770030 222
1770040 222
1770050 221
1770060 221
1770070 220
1770080 219
1770090 217
1770100 218
1770110 220
1770120 225
1770130 230
1770140 234
1770150 236
1770160 237
1770170 239
1770180 240
1770190 241
1770200 241
1770210 242
1770220 243
1770230 243
1770240 244
1770250 244
1770260 245
1770270 245
1770280 246
1770290 248
1770300 249
1770310 249
1770320 250
1770330 250
1770340 251
1770350 252
1770360 253
1770370 253
1770380 254
1770390 254
1770400 255
1770410 255
1770420 256
1770430 256
1770440 257
1770450 258
1770460 258
1770470 259
1770480 259
1770490 259
1770500 259
1770510 260
1770520 260
1770530 260
1770540 260
1770550 260
1770560 260
1770570 260
1770580 260
1770590 260
1770600 260
1770610 260
1770620 260
1770630 259
1770640 259
1770650 259
1770660 259
1770670 259
1770680 259
1770690 258
1770700 258
1770710 258
1770720 257
1770730 257
1770740 256
1770750 256
1770760 254
1770770 253
1770780 253
1770790 253
1770800 252
1770810 252
1770820 251
1770830 249
1770840 247
1770850 246
1770860 246
1770870 245
1770880 244
1770890 243
1770900 242
1770910 241
1770920 240
1770930 239
1770940 235
1770950 232
1770960 231
1770970 234
1770980 238
1770990 241
1771000 243
1771010 245
1771020 247
1771030 248
1771040 250
1771050 251
1771060 252
1771070 253
1771080 254
1771090 255
1771100 256
1771110 257
1771120 258
1771130 259
1771140 260
1771150 260
1771160 261
1771170 261
1771180 262
1771190 263
1771200 263
1771210 264
1771220 264
1771230 265
1771240 265
1771250 266
1771260 266
1771270 267
1771280 267
1771290 267
1771300 267
1771310 266
1771320 264
1771330 263
1771340 264
1771350 264
1771360 265
1771370 265
1771380 266
1771390 267
1771400 268
1771410 269
1771420 271
1771430 273
1771440 274
1771450 274
1771460 274
1771470 275
1771480 276
1771490 277
1771500 279
1771510 280
1771520 281
1771530 282
1771540 282
1771550 283
1771560 284
1771570 284
1771580 285
1771590 285
1771600 285
1771610 286
1771620 286
1771630 286
1771640 287
1771650 287
1771660 287
1771670 288
1771680 288
1771690 288
1771700 289
1771710 289
1771720 289
1771730 290
1771740 290
1771750 290
1771760 290
1771770 290
1771780 291
1771790 291
1771800 291
1771810 292
1771820 292
1771830 292
1771840 292
1771850 293
1771860 293
1771870 293
1771880 294
1771890 294
1771900 295
1771910 295
1771920 296
1771930 296
1771940 296
1771950 296
1771960 296
1771970 297
1771980 297
1771990 297
1772000 297
1772010 297
1772020 297
1772030 297
1772040 298
1772050 298
1772060 298
1772070 298
1772080 298
1772090 298
1772100 298
1772110 298
1772120 298
1772130 298
1772140 298
1772150 298
1772160 297
1772170 297
1772180 297
1772190 297
1772200 297
1772210 297
1772220 296
1772230 296
1772240 296
1772250 296
1772260 296
1772270 296
1772280 296
1772290 296
1772300 296
1772310 296
1772320 296
1772330 296
1772340 295
1772350 295
1772360 295
1772370 295
1772380 294
1772390 294
1772400 294
1772410 293
1772420 293
1772430 293
1772440 293
1772450 293
1772460 293
1772470 293
1772480 292
1772490 292
1772500 292
1772510 292
1772520 291
1772530 291
1772540 291
1772550 291
1772560 290
1772570 290
1772580 290
1772590 289
1772600 289
1772610 288
1772620 288
1772630 287
1772640 287
1772650 286
1772660 285
1772670 285
1772680 285
1772690 284
1772700 284
1772710 284
1772720 283
1772730 283
1772740 283
1772750 282
1772760 282
1772770 282
1772780 281
1772790 281
1772800 281
1772810 280
1772820 279
1772830 279
1772840 279
1772850 280
1772860 280
1772870 280
1772880 280
1772890 280
1772900 280
1772910 280
1772920 279
1772930 279
1772940 279
1772950 279
1772960 279
1772970 279
1772980 278
1772990 278
1773000 278
1773010 277
1773020 277
1773030 276
1773040 276
1773050 275
1773060 275
1773070 274
1773080 274
1773090 273
1773100 273
1773110 273
1773120 272
1773130 272
1773140 271
1773150 271
1773160 270
1773170 270
1773180 268
1773190 267
1773200 267
1773210 268
1773220 268
1773230 269
1773240 269
1773250 269
1773260 269
1773270 269
1773280 269
1773290 269
1773300 269
1773310 269
1773320 269
1773330 269
1773340 270
1773350 270
1773360 270
1773370 270
1773380 270
1773390 269
1773400 269
1773410 270
1773420 271
1773430 272
1773440 273
1773450 273
1773460 274
1773470 274
1773480 274
1773490 275
1773500 275
1773510 276
1773520 276
1773530 276
1773540 277
1773550 277
1773560 278
1773570 278
1773580 278
1773590 278
1773600 278
1773610 279
1773620 279
1773630 279
1773640 279
1773650 279
1773660 279
1773670 278
1773680 278
1773690 278
1773700 278
1773710 278
1773720 278
1773730 278
1773740 278
1773750 278
1773760 278
1773770 278
1773780 278
1773790 278
1773800 278
1773810 278
1773820 277
1773830 277
1773840 277
1773850 276
1773860 276
1773870 275
1773880 274
1773890 274
1773900 273
1773910 273
1773920 273
1773930 272
1773940 272
1773950 272
1773960 272
1773970 272
1773980 272
1773990 271
1774000 271
1774010 271
1774020 270
1774030 270
1774040 270
1774050 270
1774060 270
1774070 270
1774080 271
1774090 271
1774100 271
1774110 271
1774120 272
1774130 272
1774140 272
1774150 272
1774160 273
1774170 273
1774180 273
1774190 273
1774200 273
1774210 273
1774220 274
1774230 274
1774240 274
1774250 275
1774260 275
1774270 275
1774280 275
1774290 275
1774300 276
1774310 276
1774320 276
1774330 276
1774340 276
1774350 277
1774360 277
1774370 277
1774380 277
1774390 277
1774400 277
1774410 277
1774420 278
1774430 278
1774440 278
1774450 278
1774460 278
1774470 278
1774480 278
1774490 278
1774500 278
1774510 278
1774520 278
1774530 278
1774540 278
1774550 278
1774560 278
1774570 278
1774580 277
1774590 277
1774600 277
1774610 277
1774620 277
1774630 277
1774640 277
1774650 277
1774660 277
1774670 276
1774680 276
1774690 276
1774700 276
1774710 276
1774720 276
1774730 276
1774740 276
1774750 276
1774760 276
1774770 275
1774780 275
1774790 275
1774800 274
1774810 274
1774820 273
1774830 273
1774840 273
1774850 272
1774860 272
1774870 272
1774880 271
1774890 271
1774900 271
1774910 271
1774920 270
1774930 270
1774940 269
1774950 269
1774960 268
1774970 267
1774980 266
1774990 266
1775000 265
1775010 264
1775020 263
1775030 262
1775040 262
1775050 261
1775060 260
1775070 260
1775080 259
1775090 258
1775100 257
1775110 257
1775120 256
1775130 255
1775140 255
1775150 254
1775160 253
1775170 252
1775180 251
1775190 250
1775200 249
1775210 248
1775220 247
1775230 246
1775240 246
1775250 245
1775260 245
1775270 244
1775280 244
1775290 244
1775300 243
1775310 243
1775320 242
1775330 242
1775340 241
1775350 241
1775360 240
1775370 240
1775380 240
1775390 239
1775400 239
1775410 239
1775420 239
1775430 239
1775440 239
1775450 238
1775460 238
1775470 238
1775480 237
1775490 237
1775500 236
1775510 236
1775520 236
1775530 235
1775540 235
1775550 235
1775560 234
1775570 234
1775580 234
1775590 233
1775600 233
1775610 233
1775620 233
1775630 232
1775640 232
1775650 232
1775660 231
1775670 231
1775680 230
1775690 230
1775700 229
1775710 229
1775720 228
1775730 228
1775740 227
1775750 227
1775760 227
1775770 226
1775780 226
1775790 226
1775800 225
1775810 225
1775820 225
1775830 224
1775840 224
1775850 223
1775860 223
1775870 222
1775880 222
1775890 221
1775900 221
1775910 221
1775920 220
1775930 220
1775940 220
1775950 219
1775960 219
1775970 219
1775980 219
1775990 219
1776000 218
1776010 218
1776020 218
1776030 218
1776040 218
1776050 217
1776060 217
1776070 217
1776080 217
1776090 216
1776100 216
1776110 216
1776120 215
1776130 215
1776140 215
1776150 215
1776160 214
1776170 214
1776180 214
1776190 214
1776200 214
1776210 213
1776220 213
1776230 213
1776240 213
1776250 212
1776260 212
1776270 212
1776280 212
1776290 211
1776300 211
1776310 211
1776320 211
1776330 211
1776340 210
1776350 210
1776360 210
1776370 209
1776380 209
1776390 209
1776400 208
1776410 208
1776420 208
1776430 207
1776440 207
1776450 207
1776460 207
1776470 207
1776480 206
1776490 206
1776500 206
1776510 206
1776520 206
1776530 206
1776540 206
1776550 206
1776560 206
1776570 206
1776580 206
1776590 206
1776600 207
1776610 208
1776620 210
1776630 211
1776640 211
1776650 211
1776660 211
1776670 211
1776680 211
1776690 211
1776700 210
1776710 210
1776720 209
1776730 209
1776740 209
1776750 209
1776760 209
1776770 210
1776780 210
1776790 210
1776800 211
1776810 211
1776820 211
1776830 211
1776840 211
1776850 211
1776860 211
1776870 212
1776880 212
1776890 212
1776900 212
1776910 213
1776920 214
1776930 214
1776940 215
1776950 215
1776960 215
1776970 215
1776980 215
1776990 215
1777000 215
1777010 215
1777020 215
1777030 215
1777040 215
1777050 215
1777060 215
1777070 215
1777080 214
1777090 214
1777100 214
1777110 214
1777120 214
1777130 213
1777140 213
1777150 213
1777160 213
1777170 213
1777180 213
1777190 213
1777200 213
1777210 213
1777220 212
1777230 212
1777240 212
1777250 211
1777260 211
1777270 211
1777280 211
1777290 210
1777300 210
1777310 210
1777320 210
1777330 209
1777340 209
1777350 209
1777360 208
1777370 208
1777380 208
1777390 208
1777400 207
1777410 207
1777420 207
1777430 207
1777440 207
1777450 206
1777460 206
1777470 206
1777480 206
1777490 205
1777500 205
1777510 205
1777520 204
1777530 204
1777540 204
1777550 204
1777560 204
1777570 203
1777580 203
1777590 203
1777600 203
1777610 203
1777620 203
1777630 202
1777640 202
1777650 202
1777660 202
1777670 202
1777680 202
1777690 202
1777700 202
1777710 202
1777720 202
1777730 202
1777740 202
1777750 203
1777760 203
1777770 203
1777780 202
1777790 203
1777800 203
1777810 203
1777820 202
1777830 202
1777840 203
1777850 203
1777860 203
1777870 203
1777880 203
1777890 203
1777900 202
1777910 202
1777920 202
1777930 202
1777940 202
1777950 203
1777960 203
1777970 203
1777980 203
1777990 203
1778000 203
1778010 203
1778020 203
1778030 203
1778040 203
1778050 203
1778060 203
1778070 202
1778080 202
1778090 202
1778100 202
1778110 201
1778120 200
1778130 200
1778140 199
1778150 199
1778160 199
1778170 198
1778180 198
1778190 198
1778200 198
1778210 198
1778220 198
1778230 198
1778240 198
1778250 198
1778260 198
1778270 198
1778280 197
1778290 197
1778300 197
1778310 197
1778320 197
1778330 197
1778340 197
1778350 197
1778360 197
1778370 197
1778380 197
1778390 197
1778400 197
1778410 197
1778420 196
1778430 196
1778440 196
1778450 196
1778460 196
1778470 196
1778480 196
1778490 196
1778500 195
1778510 195
1778520 195
1778530 195
1778540 195
1778550 195
1778560 195
1778570 195
1778580 195
1778590 194
1778600 194
1778610 194
1778620 194
1778630 194
1778640 194
1778650 194
1778660 194
1778670 194
1778680 194
1778690 194
1778700 194
1778710 194
1778720 194
1778730 194
1778740 194
1778750 194
1778760 194
1778770 193
1778780 193
1778790 193
1778800 193
1778810 193
1778820 193
1778830 193
1778840 193
1778850 193
1778860 193
1778870 193
1778880 193
1778890 193
1778900 193
1778910 193
1778920 192
1778930 192
1778940 192
1778950 192
1778960 192
1778970 192
1778980 193
1778990 193
1779000 192
1779010 192
1779020 192
1779030 192
1779040 192
1779050 192
1779060 192
1779070 192
1779080 192
1779090 192
1779100 193
1779110 193
1779120 193
1779130 193
1779140 193
1779150 193
1779160 193
1779170 193
1779180 193
1779190 192
1779200 192
1779210 192
1779220 192
1779230 192
1779240 192
1779250 192
1779260 192
1779270 192
1779280 192
1779290 192
1779300 191
1779310 191
1779320 191
1779330 191
1779340 191
1779350 191
1779360 191
1779370 191
1779380 191
1779390 191
1779400 191
1779410 191
1779420 191
1779430 191
1779440 191
1779450 191
1779460 191
1779470 191
1779480 191
1779490 191
1779500 191
1779510 190
1779520 190
1779530 190
1779540 190
1779550 191
1779560 191
1779570 191
1779580 191
1779590 190
1779600 191
1779610 191
1779620 191
1779630 190
1779640 190
1779650 190
1779660 190
1779670 190
1779680 190
1779690 190
1779700 190
1779710 190
1779720 190
1779730 191
1779740 191
1779750 191
1779760 191
1779770 191
1779780 191
1779790 191
1779800 191
1779810 191
1779820 190
1779830 190
1779840 190
1779850 190
1779860 190
1779870 190
1779880 190
1779890 190
1779900 190
1779910 190
1779920 190
1779930 190
1779940 190
1779950 190
1779960 190
1779970 190
1779980 190
1779990 190
