1760000 217
1760010 217
1760020 217
1760030 217
1760040 217
1760050 217
1760060 217
1760070 217
1760080 217
1760090 217
1760100 217
1760110 217
1760120 217
1760130 217
1760140 217
1760150 217
1760160 217
1760170 217
1760180 217
1760190 217
1760200 217
1760210 217
1760220 217
1760230 217
1760240 217
1760250 217
1760260 217
1760270 217
1760280 216
1760290 216
1760300 216
1760310 217
1760320 217
1760330 216
1760340 216
1760350 216
1760360 216
1760370 216
1760380 216
1760390 216
1760400 216
1760410 216
1760420 216
1760430 216
1760440 216
1760450 216
1760460 216
1760470 216
1760480 215
1760490 215
1760500 215
1760510 215
1760520 215
1760530 215
1760540 216
1760550 215
1760560 215
1760570 215
1760580 215
1760590 215
1760600 215
1760610 215
1760620 215
1760630 215
1760640 214
1760650 214
1760660 214
1760670 214
1760680 214
1760690 214
1760700 214
1760710 214
1760720 214
1760730 214
1760740 214
1760750 214
1760760 214
1760770 214
1760780 214
1760790 214
1760800 214
1760810 215
1760820 215
1760830 215
1760840 215
1760850 215
1760860 215
1760870 215
1760880 215
1760890 215
1760900 215
1760910 215
1760920 215
1760930 215
1760940 215
1760950 215
1760960 215
1760970 215
1760980 215
1760990 215
1761000 215
1761010 215
1761020 215
1761030 215
1761040 214
1761050 214
1761060 214
1761070 214
1761080 214
1761090 214
1761100 214
1761110 214
1761120 214
1761130 213
1761140 213
1761150 213
1761160 213
1761170 213
1761180 213
1761190 213
1761200 213
1761210 213
1761220 213
1761230 213
1761240 213
1761250 213
1761260 213
1761270 213
1761280 213
1761290 213
1761300 213
1761310 213
1761320 213
1761330 213
1761340 213
1761350 213
1761360 214
1761370 214
1761380 214
1761390 214
1761400 213
1761410 213
1761420 213
1761430 213
1761440 213
1761450 214
1761460 214
1761470 214
1761480 214
1761490 214
1761500 214
1761510 214
1761520 214
1761530 214
1761540 214
1761550 214
1761560 214
1761570 214
1761580 214
1761590 213
1761600 213
1761610 213
1761620 213
1761630 213
1761640 213
1761650 213
1761660 213
1761670 213
1761680 213
1761690 213
1761700 213
1761710 213
1761720 213
1761730 213
1761740 212
1761750 212
1761760 212
1761770 212
1761780 212
1761790 212
1761800 212
1761810 212
1761820 212
1761830 212
1761840 212
1761850 212
1761860 212
1761870 212
1761880 212
1761890 212
1761900 212
1761910 212
1761920 212
1761930 212
1761940 212
1761950 212
1761960 212
1761970 212
1761980 212
1761990 212
1762000 212
1762010 211
1762020 211
1762030 211
1762040 211
1762050 211
1762060 211
1762070 211
1762080 211
1762090 210
1762100 210
1762110 210
1762120 210
1762130 210
1762140 209
1762150 209
1762160 209
1762170 208
1762180 208
1762190 208
1762200 208
1762210 208
1762220 207
1762230 207
1762240 207
1762250 206
1762260 206
1762270 206
1762280 206
1762290 206
1762300 206
1762310 205
1762320 205
1762330 205
1762340 205
1762350 206
1762360 206
1762370 206
1762380 206
1762390 206
1762400 206
1762410 206
1762420 206
1762430 205
1762440 205
1762450 205
1762460 205
1762470 204
1762480 203
1762490 203
1762500 203
1762510 203
1762520 203
1762530 203
1762540 203
1762550 203
1762560 203
1762570 203
1762580 203
1762590 203
1762600 203
1762610 203
1762620 203
1762630 202
1762640 202
1762650 202
1762660 202
1762670 202
1762680 202
1762690 202
1762700 201
1762710 201
1762720 201
1762730 201
1762740 201
1762750 201
1762760 201
1762770 201
1762780 201
1762790 201
1762800 201
1762810 201
1762820 201
1762830 201
1762840 201
1762850 201
1762860 201
1762870 201
1762880 201
1762890 201
1762900 201
1762910 201
1762920 201
1762930 200
1762940 200
1762950 200
1762960 200
1762970 199
1762980 199
1762990 198
1763000 197
1763010 197
1763020 198
1763030 199
1763040 199
1763050 200
1763060 200
1763070 200
1763080 200
1763090 200
1763100 199
1763110 199
1763120 199
1763130 199
1763140 199
1763150 199
1763160 199
1763170 199
1763180 199
1763190 199
1763200 199
1763210 199
1763220 199
1763230 199
1763240 199
1763250 199
1763260 199
1763270 199
1763280 199
1763290 199
1763300 199
1763310 199
1763320 199
1763330 199
1763340 199
1763350 199
1763360 199
1763370 199
1763380 199
1763390 199
1763400 199
1763410 199
1763420 199
1763430 199
1763440 199
1763450 199
1763460 199
1763470 199
1763480 199
1763490 199
1763500 199
1763510 199
1763520 198
1763530 198
1763540 198
1763550 198
1763560 198
1763570 198
1763580 198
1763590 198
1763600 198
1763610 198
1763620 198
1763630 198
1763640 198
1763650 198
1763660 198
1763670 198
1763680 198
1763690 198
1763700 198
1763710 198
1763720 198
1763730 198
1763740 198
1763750 198
1763760 198
1763770 198
1763780 198
1763790 198
1763800 198
1763810 198
1763820 198
1763830 198
1763840 198
1763850 198
1763860 198
1763870 198
