1760000 280
1760010 280
1760020 280
1760030 281
1760040 281
1760050 281
1760060 281
1760070 281
1760080 281
1760090 281
1760100 282
1760110 282
1760120 282
1760130 282
1760140 282
1760150 282
1760160 282
1760170 282
1760180 282
1760190 283
1760200 283
1760210 283
1760220 283
1760230 283
1760240 283
1760250 283
1760260 283
1760270 283
1760280 283
1760290 283
1760300 283
1760310 283
1760320 283
1760330 283
1760340 283
1760350 283
1760360 283
1760370 283
1760380 283
1760390 283
1760400 283
1760410 283
1760420 283
1760430 283
1760440 283
1760450 282
1760460 282
1760470 282
1760480 282
1760490 282
1760500 282
1760510 282
1760520 281
1760530 281
1760540 281
1760550 281
1760560 281
1760570 281
1760580 281
1760590 281
1760600 281
1760610 281
1760620 281
1760630 281
1760640 281
1760650 282
1760660 282
1760670 282
1760680 282
1760690 283
1760700 283
1760710 283
1760720 283
1760730 283
1760740 283
1760750 283
1760760 283
1760770 283
1760780 283
1760790 284
1760800 284
1760810 284
1760820 284
1760830 284
1760840 284
1760850 284
1760860 285
1760870 285
1760880 285
1761150 285
1761160 285
1761170 286
1761180 286
1761190 286
1761200 286
1761210 286
1761220 286
1761230 286
1761240 286
1761250 286
1761260 286
1761270 286
1761280 287
1761290 287
1761300 287
1761310 287
1761320 287
1761330 286
1761340 286
1761350 286
1761360 286
1761370 286
1761380 286
1761390 286
1761400 286
1761410 286
1761420 285
1761430 285
1761440 285
1761450 284
1761460 284
1761470 284
1761480 283
1761490 283
1761500 282
1761510 282
1761520 281
1761530 281
1761540 280
1761550 280
1761560 279
1761570 279
1761580 278
1761590 277
1761600 276
1761610 275
1761620 273
1761630 270
1761640 269
1761650 268
1761660 267
1761670 267
1761680 267
1761690 267
1761700 267
1761710 266
1761720 265
1761730 264
1761740 262
1761750 260
1761760 257
1761770 255
1761780 253
1761790 252
1761800 251
1761810 250
1761820 248
1761830 247
1761840 247
1761850 247
1761860 247
1761870 246
1761880 245
1761890 243
1761900 242
1761910 242
1761920 244
1761930 245
1761940 247
1762710 266
1762720 267
1762730 268
1762740 269
1762750 269
1762760 269
1762770 269
1762780 268
1762790 268
1762800 268
1762810 267
1762820 267
1762830 268
1762840 269
1762850 270
1762860 271
1762870 272
1762880 272
1762890 273
1762900 273
1762910 274
1762920 274
1762930 275
1762940 275
1762950 275
1762960 275
1762970 275
1762980 276
1762990 276
1763000 276
1763010 276
1763020 276
1763030 276
1763040 276
1763050 276
1763060 276
1763070 277
1763080 277
1763090 277
1763100 277
1763110 277
1763120 277
1763130 277
1763140 277
1763150 277
1763160 277
1763170 277
1763180 277
1763190 277
1763200 277
1763210 277
1763220 277
1763230 277
1763240 277
1763250 277
1763260 277
1763270 276
1763280 276
1763290 276
1763300 276
1763310 276
1763320 276
1763330 276
1763340 276
1763350 276
1763360 276
1763370 276
1763380 276
1763390 276
1763400 276
1763410 277
1763420 277
1763430 277
1763440 277
1763450 277
1763460 277
1763470 277
1763480 277
1763490 277
1763500 278
1763510 278
1763520 278
1763530 278
1763540 278
1763550 278
1763560 278
1763570 278
1763580 279
1763590 279
1763600 279
1763610 279
1763620 279
1763630 279
1763640 279
1763650 279
1763660 279
1763670 279
1763680 278
1763690 278
1763700 278
1763710 278
1763720 278
1763730 278
1763740 278
1763750 278
1763760 278
1763770 278
1763780 278
1763790 277
1763800 277
1763810 277
1763820 277
1763830 277
1763840 277
1763850 277
1763860 276
1763870 276
1763880 276
1763890 276
1763900 276
1763910 276
1763920 276
1763930 276
1763940 276
1763950 276
1763960 276
1763970 276
1763980 275
1763990 275
1764000 275
1764010 275
1764020 275
1764030 274
1764040 274
1764050 274
1764060 275
1764070 274
1764080 273
1764090 272
1764100 272
1764110 271
1764120 271
1764130 270
1764140 270
1764150 269
1764160 269
1764170 269
1764180 268
1764190 268
1764200 267
1764210 267
1764220 266
1764230 266
1764240 266
1764250 266
1764260 266
1764270 266
1764280 266
1764290 266
1764300 265
1764310 265
1764320 265
1764330 265
1764340 265
1764350 265
1764360 265
1764370 264
1764380 264
1764390 264
1764400 264
1764410 264
1764420 264
1764430 263
1764440 263
1764450 262
1764460 261
1764470 259
1764480 257
1764490 255
1764500 253
1764510 250
1764520 249
1764530 248
1764540 247
1764550 247
1764560 246
1764570 245
1764580 245
1764590 244
1764600 244
1764610 244
1764620 244
1764630 244
1764640 244
1764650 243
1764660 243
1764670 242
1764680 242
1764690 242
1764700 241
1764710 241
1764720 241
1764730 241
1764740 240
1764750 240
1764760 240
1764770 240
1764780 240
1764790 241
1764800 241
1764810 240
1764820 241
1764830 241
1764840 241
1764850 241
1764860 241
1764870 241
1764880 241
1764890 241
1764900 241
1764910 241
1764920 241
1764930 241
1764940 241
1764950 240
1764960 240
1764970 240
1764980 240
1764990 240
1765000 240
1765010 239
1765020 239
1765030 238
1765040 238
1765050 237
1765060 235
1765070 234
1765080 233
1765090 232
1765100 231
1765110 230
1765120 230
1765130 230
1765140 230
1765150 230
1765160 230
1765170 229
1765180 228
1765190 228
1765200 226
1765210 225
1765220 223
1765230 223
1765240 226
1765250 229
1765260 231
1765270 232
1765280 234
1765290 236
1765300 238
1765310 240
1765320 241
1765330 241
1765340 242
1765350 242
1765360 243
1765370 243
1765380 243
1765390 243
1765400 243
1765410 243
1765420 244
1765430 244
1765440 244
1765450 244
1765460 244
1765470 244
1765480 244
1765490 244
1765500 244
1765510 244
1765520 244
1765530 244
1765540 244
1765550 243
1765560 242
1765570 240
1765580 239
1765590 238
1765600 237
1765610 236
1765620 236
1765630 235
1765640 235
1765650 234
1765660 233
1765670 233
1765680 232
1765690 231
1765700 230
1765710 229
1765720 228
1765730 227
1765740 226
1765750 224
1765760 223
1765770 221
1765780 221
1765790 220
1765800 219
1765810 218
1765820 218
1765830 218
1765840 218
1765850 219
1765860 220
1765870 220
1765880 221
1765890 222
1765900 222
1765910 222
1765920 222
1765930 221
1765940 220
1765950 218
1765960 217
1765970 217
1765980 219
1765990 220
1766000 220
1766010 219
1766020 218
1766030 217
1766040 220
1766050 222
1766060 224
1766070 226
1766080 228
1766090 229
1766100 230
1766110 230
1766120 231
1766130 231
1766140 230
1766150 230
1766160 230
1766170 232
1766180 234
1766190 236
1766200 238
1766210 239
1766220 239
1766230 240
1766240 242
1766250 243
1766260 243
1766270 244
1766280 244
1766290 244
1766300 244
1766310 245
1766320 245
1766330 245
1766340 245
1766350 245
1766360 245
1766370 245
1766380 245
1766390 245
1766400 244
1766410 242
1766420 241
1766430 241
1766440 241
1766450 241
1766460 240
1766470 238
1766480 236
1766490 234
1766500 233
1766510 232
1766520 232
1766530 231
1766540 230
1766550 231
1766560 232
1766570 232
1766580 232
1766590 231
1766600 230
1766610 228
1766620 227
1766630 226
1766640 228
1766650 230
1766660 232
1766670 233
1766680 234
1766690 235
1766700 236
1766710 239
1766720 241
1766730 242
1766740 243
1766750 244
1766760 244
1766770 245
1766780 245
1766790 245
1766800 246
1766810 246
1766820 246
1766830 247
1766840 247
1766850 247
1766860 247
1766870 247
1766880 247
1766890 247
1766900 246
1766910 244
1766920 243
1766930 243
1766940 242
1766950 242
1766960 242
1766970 241
1766980 241
1766990 241
1767000 240
1767010 241
1767020 241
1767030 242
1767040 243
1767050 244
1767060 244
1767070 244
1767080 244
1767090 244
1767100 244
1767110 244
1767120 244
1767130 244
1767140 244
1767150 243
1767160 243
1767170 242
1767180 241
1767190 241
1767200 241
1767210 241
1767220 241
1767230 242
1767240 241
1767250 241
1767260 242
1767270 242
1767280 242
1767290 242
1767300 243
1767310 242
1767320 242
1767330 242
1767340 242
1767350 242
1767360 242
1767370 242
1767380 242
1767390 241
1767400 241
1767410 240
1767420 240
1767430 239
1767440 239
1767450 239
1767460 238
1767470 238
1767480 238
1767490 238
1767500 237
1767510 236
1767520 236
1767530 235
1767540 235
1767550 234
1767560 234
1767570 233
1767580 233
1767590 232
1767600 232
1767610 232
1767620 231
1767630 231
1767640 230
1767650 230
1767660 229
1767670 229
1767680 229
1767690 228
1767700 228
1767710 228
1767720 228
1767730 228
1767740 227
1767750 227
1767760 227
1767770 227
1767780 226
1767790 226
1767800 226
1767810 226
1767820 225
1767830 225
1767840 224
1767850 224
1767860 224
1767870 223
1767880 223
1767890 223
1767900 222
1767910 222
1767920 222
1767930 221
1767940 221
1767950 220
1767960 219
1767970 219
1767980 219
1767990 220
1768000 220
1768010 220
1768020 220
1768030 220
1768040 220
1768050 221
1768060 221
1768070 221
1768080 221
1768090 222
1768100 222
1768110 222
1768120 223
1768130 223
1768140 223
1768150 223
1768160 223
1768170 223
1768180 223
1768190 223
1768200 223
1768210 223
1768220 223
1768230 223
1768240 222
1768250 222
1768260 222
1768270 222
1768280 221
1768290 221
1768300 220
1768310 220
1768320 220
1768330 219
1768340 219
1768350 219
1768360 219
1768370 219
1768380 219
1768390 218
1768400 218
1768410 218
1768420 217
1768430 217
1768440 216
1768450 216
1768460 216
1768470 215
1768480 215
1768490 214
1768500 214
1768510 214
1768520 213
1768530 212
1768540 212
1768550 211
1768560 210
1768570 210
1768580 210
1768590 210
1768600 210
1768610 210
1768620 208
1768630 207
1768640 207
1768650 206
1768660 206
1768670 206
1768680 206
1768690 206
1768700 205
1768710 204
1768720 203
1768730 202
1768740 201
1768750 199
1768760 197
1768770 196
1768780 196
1768790 196
1768800 195
1768810 195
1768820 195
1768830 195
1768840 195
1768850 195
1768860 195
1768870 194
1768880 194
1768890 193
1768900 192
1768910 191
1768920 191
1768930 191
1768940 191
1768950 191
1768960 191
1768970 191
1768980 191
1768990 191
1769000 191
1769010 191
1769020 191
1769030 191
1769040 191
1769050 191
1769060 191
1769070 191
1769080 190
1769090 190
1769100 190
1769110 190
1769120 190
1769130 190
1769140 190
1769150 190
1769160 189
1769170 190
1769180 190
1769190 191
1769200 191
1769210 192
1769220 191
1769230 191
1769240 191
1769250 191
1769260 191
1769270 191
1769280 191
1769290 191
1769300 191
1769310 191
1769320 191
1769330 191
1769340 191
1769350 191
1769360 191
1769370 191
1769380 191
1769390 191
1769400 191
1769410 191
1769420 190
1769430 190
1769440 190
1769450 190
1769460 190
1769470 191
1769480 191
1769490 191
1769500 191
1769510 191
1769520 191
1769530 191
1769540 191
1769550 191
1769560 191
1769570 191
1769580 190
1769590 190
1769600 190
1769610 190
1769620 190
1769630 190
1769640 190
1769650 190
1769660 190
1769670 190
1769680 190
1769690 190
1769700 190
1769710 190
1769720 190
1769730 190
1769740 190
1769750 190
1769760 190
1769770 190
1769780 190
1769790 190
1769800 190
1769810 190
1769820 190
1769830 190
1769840 190
1769850 190
1769860 190
1769870 190
1769880 190
1769890 190
1769900 190
1769910 190
1769920 190
1769930 190
1769940 190
1769950 190
1769960 190
1769970 190
1769980 190
1769990 190
1770000 190
1770010 190
1770020 190
1770030 190
1770040 190
1770050 190
1770060 190
1770070 190
1770080 190
1770090 190
1770100 190
1770110 190
1770120 190
1770130 190
1770140 190
1770150 190
1770160 190
1770170 190
1770180 190
1770190 190
1770200 190
1770210 190
1770220 190
1770230 190
1770240 190
1770250 190
1770260 190
1770270 190
1770280 190
1770290 190
1770300 190
1770310 190
1770320 190
1770330 190
1770340 190
1770350 190
1770360 190
1770370 190
1770380 190
1770390 190
1770400 190
1770410 190
1770420 190
1770430 190
1770440 190
1770450 190
1770460 190
1770470 190
1770480 190
1770490 190
1770500 190
1770510 190
1770520 190
1770530 190
1770540 189
1770550 189
1770560 189
1770570 189
1770580 190
1770590 190
1770600 190
1770610 189
1770620 189
1770630 188
1770640 188
1770650 187
1770660 187
1770670 187
1770680 187
1770690 187
1770700 187
1770710 187
1770720 187
1770730 187
1770740 187
1770750 187
1770760 187
1770770 186
1770780 186
1770790 186
1770800 186
1770810 186
1770820 186
1770830 187
1770840 188
1770850 189
1770860 190
1770870 190
1770880 190
1770890 190
1770900 190
1770910 189
1770920 189
1770930 189
1770940 189
1770950 189
1770960 189
1770970 189
1770980 189
1770990 189
1771000 189
1771010 189
1771020 189
1771030 189
1771040 189
1771050 189
1771060 189
1771070 189
1771080 189
1771090 189
1771100 189
1771110 189
1771120 189
1771130 190
1771140 190
1771150 190
1771160 191
1771170 191
1771180 192
1771190 193
1771200 193
1771210 194
1771220 194
1771230 195
1771240 195
1771250 194
1771260 193
1771270 191
1771280 190
1771290 189
1771300 189
1771310 189
1771320 189
1771330 189
1771340 189
1771350 189
1771360 189
1771370 189
1771380 191
1771390 193
1771400 194
1771410 193
1771420 191
1771430 190
1771440 189
1771450 189
1771460 189
1771470 189
1771480 188
1771490 188
1771500 189
1771510 189
1771520 189
1771530 189
1771540 189
1771550 188
1771560 188
1771570 188
1771580 188
1771590 188
1771600 188
1771610 188
1771620 188
1771630 188
1771640 188
1771650 189
1771660 189
1771670 189
1771680 189
1771690 189
1771700 189
1771710 189
1771720 189
1771730 189
1771740 189
1771750 189
1771760 189
1771770 189
1771780 189
1771790 189
1771800 189
1771810 189
1771820 189
1771830 189
1771840 189
1771850 189
1771860 189
1771870 189
1771880 189
1771890 189
1771900 189
1771910 189
1771920 189
1771930 189
1771940 190
1771950 190
1771960 190
1771970 190
1771980 190
1771990 190
1772000 190
1772010 190
1772020 189
1772030 188
1772040 188
1772050 188
1772060 188
1772070 188
1772080 188
1772090 188
1772100 188
1772110 188
1772120 188
1772130 188
1772140 188
1772150 188
1772160 188
1772170 188
1772180 188
1772190 188
1772200 188
1772210 188
1772220 188
1772230 188
1772240 188
1772250 188
1772260 188
1772270 188
1772280 188
1772290 188
1772300 188
1772310 189
1772320 189
1772330 189
1772340 190
1772350 190
1772360 190
1772370 190
1772380 191
1772390 192
1772400 192
1772410 192
1772420 192
1772430 193
1772440 193
1772450 193
1772460 193
1772470 193
1772480 193
1772490 194
1772500 194
1772510 194
1772520 194
1772530 194
1772540 194
1772550 194
1772560 194
1772570 194
1772580 194
1772590 194
1772600 194
1772610 194
1772620 194
1772630 194
1772640 194
1772650 194
1772660 194
1772670 194
1772680 194
1772690 194
1772700 194
1772710 194
1772720 194
1772730 194
1772740 194
1772750 194
1772760 194
1772770 194
1772780 194
1772790 194
1772800 194
1772810 194
1772820 194
1772830 194
1772840 194
1772850 194
1772860 194
1772870 194
1772880 194
1772890 194
1772900 194
1772910 194
1772920 194
1772930 194
1772940 194
1772950 194
1772960 194
1772970 194
1772980 194
1772990 194
1773000 195
1773010 195
1773020 195
1773030 195
1773040 195
1773050 195
1773060 195
1773070 195
1773080 195
1773090 195
1773100 195
1773110 195
1773120 195
1773130 195
1773140 195
1773150 195
1773160 195
1773170 195
1773180 195
1773190 195
1773200 195
1773210 195
1773220 195
1773230 195
1773240 195
1773250 195
1773260 195
1773270 195
1773280 195
1773290 195
1773300 195
1773310 195
1773320 194
1773330 194
1773340 194
1773350 194
1773360 194
1773370 194
1773380 194
1773390 194
1773400 194
1773410 194
1773420 194
1773430 194
1773440 194
1773450 194
1773460 194
1773470 194
1773480 194
1773490 194
1773500 194
1773510 194
1773520 194
1773530 194
1773540 194
1773550 194
1773560 194
1773570 194
1773580 194
1773590 194
1773600 194
1773610 194
1773620 194
1773630 194
1773640 194
1773650 194
1773660 194
1773670 194
1773680 194
1773690 194
1773700 194
1773710 194
1773720 194
1773730 194
1773740 194
1773750 194
1773760 194
1773770 194
1773780 194
1773790 194
1773800 194
1773810 194
1773820 194
1773830 194
1773840 194
1773850 194
1773860 194
1773870 194
1773880 195
1773890 195
1773900 195
1773910 195
1773920 195
1773930 195
1773940 195
1773950 195
1773960 195
1773970 195
1773980 195
1773990 195
1774000 195
1774010 195
1774020 195
1774030 195
1774040 195
1774050 195
1774060 195
1774070 195
1774080 195
1774090 195
1774100 195
1774110 195
1774120 195
1774130 195
1774140 195
1774150 195
1774160 195
1774170 195
1774180 195
1774190 195
1774200 195
1774210 195
1774220 194
1774230 194
1774240 194
1774250 194
1774260 194
1774270 194
1774280 194
1774290 194
1774300 194
1774310 194
1774320 194
1774330 194
1774340 194
1774350 194
1774360 194
1774370 193
1774380 193
1774390 193
1774400 193
1774410 193
1774420 193
1774430 193
1774440 193
1774450 193
1774460 193
1774470 193
1774480 193
1774490 193
1774500 193
1774510 193
1774520 193
1774530 193
1774540 193
1774550 194
1774560 194
1774570 194
1774580 194
1774590 194
1774600 194
1774610 194
1774620 194
1774630 194
1774640 194
1774650 194
1774660 194
1774670 194
1774680 194
1774690 194
1774700 194
1774710 194
1774720 194
1774730 194
1774740 194
1774750 194
1774760 194
1774770 194
1774780 194
1774790 194
1774800 194
1774810 194
1774820 194
1774830 194
1774840 194
1774850 194
1774860 194
1774870 194
1774880 193
1774890 193
1774900 193
1774910 193
1774920 193
1774930 194
1774940 194
1774950 195
1774960 195
1774970 194
1774980 195
1774990 195
1775000 194
1775010 194
1775020 193
1775030 193
1775040 193
1775050 194
1775060 194
1775070 195
1775080 195
1775090 195
1775100 195
1775110 195
1775120 195
1775130 195
1775140 196
1775150 196
1775160 196
1775170 196
1775180 196
1775190 196
1775200 196
1775210 196
1775220 196
1775230 196
1775240 196
1775250 196
1775260 196
1775270 196
1775280 196
1775290 196
1775300 196
1775310 196
1775320 196
1775330 195
1775340 195
1775350 195
1775360 195
1775370 195
1775380 194
1775390 194
1775400 194
1775410 193
1775420 193
1775430 193
1775440 193
1775450 193
1775460 192
1775470 192
1775480 192
1775490 192
1775500 192
1775510 192
1775520 192
1775530 192
1775540 192
1775550 192
1775560 192
1775570 192
1775580 192
1775590 192
1775600 192
1775610 192
1775620 193
1775630 193
1775640 193
1775650 193
1775660 193
1775670 193
1775680 193
1775690 193
1775700 193
1775710 193
1775720 193
1775730 194
1775740 194
1775750 194
1775760 194
1775770 194
1775780 194
1775790 194
1775800 194
1775810 194
1775820 195
1775830 195
1775840 195
1775850 195
1775860 195
1775870 195
1775880 195
1775890 195
1775900 195
1775910 195
1775920 195
1775930 195
1775940 195
1775950 195
1775960 195
1775970 195
1775980 195
1775990 195
1776000 195
1776010 196
1776020 196
1776030 196
1776040 196
1776050 196
1776060 196
1776070 196
1776080 196
1776090 196
1776100 196
1776110 196
1776120 195
1776130 195
1776140 195
1776150 195
1776160 195
1776170 194
1776180 193
1776190 193
1776200 193
1776210 193
1776220 192
1776230 192
1776240 192
1776250 191
1776260 191
1776270 191
1776280 191
1776290 191
1776300 191
1776310 191
1776320 191
1776330 191
1776340 191
1776350 191
1776360 191
1776370 191
1776380 190
1776390 190
1776400 190
1776410 190
1776420 190
1776430 190
1776440 190
1776450 189
1776460 189
1776470 189
1776480 189
1776490 189
1776500 189
1776510 189
1776520 189
1776530 189
1776540 188
1776550 188
1776560 188
1776570 188
1776580 188
1776590 188
1776600 188
1776610 188
1776620 188
1776630 188
1776640 188
1776650 188
1776660 189
1776670 189
1776680 189
1776690 189
1776700 189
1776710 189
1776720 190
1776730 190
1776740 189
1776750 189
1776760 188
1776770 190
1776780 193
1776790 197
1776800 196
1776810 195
1776820 193
1776830 192
1776840 192
1776850 193
1776860 193
1776870 193
1776880 192
1776890 193
1776900 194
1776910 194
1776920 195
1776930 196
1776940 196
1776950 194
1776960 192
1776970 191
1776980 191
1776990 191
1777000 191
1777010 191
1777020 191
1777030 191
1777040 192
1777050 193
1777060 195
1777070 201
1777080 205
1777090 208
1777100 210
1777110 210
1777120 210
1777130 210
1777140 210
1777150 209
1777160 208
1777170 207
1777180 207
1777190 206
1777200 207
1777210 208
1777220 211
1777230 212
1777240 213
1777250 213
1777260 213
1777270 212
1777280 212
1777290 211
1777300 210
1777310 210
1777320 209
1777330 208
1777340 207
1777350 207
1777360 206
1777370 206
1777380 205
1777390 205
1777400 205
1777410 205
1777420 205
1777430 205
1777440 205
1777450 205
1777460 204
1777470 203
1777480 202
1777490 201
1777500 199
1777510 199
1777520 199
1777530 199
1777540 199
1777550 199
1777560 199
1777570 199
1777580 199
1777590 198
1777600 197
1777610 197
1777620 197
1777630 198
1777640 198
1777650 198
1777660 198
1777670 199
1777680 200
1777690 200
1777700 200
1777710 199
1777720 199
1777730 198
1777740 198
1777750 198
1777760 197
1777770 197
1777780 197
1777790 196
1777800 196
1777810 195
1777820 194
1777830 194
1777840 193
1777850 193
1777860 193
1777870 192
1777880 192
1777890 191
1777900 191
1777910 191
1777920 191
1777930 191
1777940 191
1777950 191
1777960 190
1777970 190
1777980 190
1777990 189
1778000 189
1778010 189
1778020 189
1778030 189
1778040 190
1778050 190
1778060 189
1778070 189
1778080 188
1778090 188
1778100 188
1778110 188
1778120 187
1778130 187
1778140 186
1778150 186
1778160 186
1778170 186
1778180 185
1778190 185
1778200 185
1778210 185
1778220 186
1778230 186
1778240 186
1778250 186
1778260 186
1778270 186
1778280 186
1778290 186
1778300 186
1778310 186
1778320 187
1778330 187
1778340 188
1778350 188
1778360 187
1778370 187
1778380 187
1778390 187
1778400 187
1778410 187
1778420 187
1778430 187
1778440 187
1778450 187
1778460 188
1778470 187
1778480 187
1778490 187
1778500 187
1778510 187
1778520 187
1778530 187
1778540 187
1778550 187
1778560 186
1778570 186
1778580 186
1778590 186
1778600 186
1778610 186
1778620 186
1778630 186
1778640 186
1778650 186
1778660 186
1778670 186
1778680 185
1778690 185
1778700 186
1778710 186
1778720 186
1778730 186
1778740 186
1778750 186
1778760 186
1778770 186
1778780 186
1778790 186
1778800 186
1778810 187
1778820 187
1778830 187
1778840 187
1778850 187
1778860 187
1778870 187
1778880 187
1778890 187
1778900 186
1778910 186
1778920 186
1778930 186
1778940 186
1778950 186
1778960 186
1778970 186
1778980 187
1778990 187
1779000 187
1779010 186
1779020 185
1779030 184
1779040 184
1779050 183
1779060 183
1779070 183
1779080 183
1779090 183
1779100 183
1779110 183
1779120 183
1779130 183
1779140 183
1779150 183
1779160 182
1779170 182
1779180 182
1779190 182
1779200 182
1779210 182
1779220 182
1779230 182
1779240 182
1779250 182
1779260 182
1779270 182
1779280 182
1779290 182
1779300 182
1779310 182
1779320 182
1779330 182
1779340 182
1779350 182
1779360 182
1779370 182
1779380 182
1779390 182
1779400 182
1779410 182
1779420 182
1779430 182
1779440 182
1779450 182
1779460 182
1779470 182
1779480 182
1779490 182
1779500 182
1779510 182
1779520 182
1779530 182
1779540 182
1779550 182
1779560 182
1779570 182
1779580 183
1779590 183
1779600 183
1779610 183
1779620 183
1779630 183
1779640 183
1779650 183
1779660 183
1779670 183
1779680 183
1779690 183
1779700 183
1779710 182
1779720 182
1779730 182
1779740 182
1779750 182
1779760 182
1779770 182
1779780 182
1779790 182
1779800 182
1779810 182
1779820 181
1779830 181
1779840 181
1779850 181
1779860 181
1779870 181
1779880 181
1779890 181
1779900 181
1779910 181
1779920 181
1779930 181
1779940 181
1779950 181
1779960 181
1779970 181
1779980 181
1779990 181
