1763660 223
1763670 221
1763680 218
1763690 216
1763700 215
1763710 216
1763720 218
1763730 218
1763740 219
1763750 219
1763760 219
1763770 219
1763780 218
1763790 217
1763800 216
1763810 216
1763820 216
1763830 215
1763840 215
1763850 214
1763860 214
1763870 214
1763880 213
1763890 213
1763900 213
1763910 213
1763920 212
1763930 212
1763940 211
1763950 211
1763960 211
1763970 211
1763980 210
1763990 210
1764000 210
1764010 210
1764020 209
1764030 209
1764040 209
1764050 208
1764060 208
1764070 208
1764080 207
1764090 207
1764100 207
1764110 207
1764120 206
1764130 206
1764140 206
1764150 206
1764160 205
1764170 205
1764180 205
1764190 205
1764200 205
1764210 205
1764220 205
1764230 205
1764240 205
1764250 205
1764260 205
1764270 205
1764280 205
1764290 205
1764300 205
1764310 205
1764320 205
1764330 204
1764340 204
1764350 203
1764360 203
1764370 203
1764380 202
1764390 202
1764400 202
1764410 202
1764420 202
1764430 202
1764440 202
1764450 202
1764460 202
1764470 202
1764480 202
1764490 202
1764500 202
1764510 202
1764520 202
1764530 202
1764540 202
1764550 201
1764560 201
1764570 201
1764580 201
1764590 201
1764600 201
1764610 201
1764620 201
1764630 201
1764640 201
1764650 202
1764660 202
1764670 202
1764680 202
1764690 201
1764700 201
1764710 201
1764720 201
1764730 201
1764740 200
1764750 200
1764760 199
1764770 199
1764780 199
1764790 199
1764800 199
1764810 199
1764820 199
1764830 199
1764840 199
1764850 199
1764860 199
1764870 199
1764880 199
1764890 199
1764900 199
1764910 199
1764920 199
1764930 199
1764940 199
1764950 199
1764960 199
1764970 199
1764980 199
1764990 199
1765000 199
1765010 199
1765020 199
1765030 199
1765040 199
1765050 199
1765060 199
1765070 199
1765080 199
1765090 199
1765100 199
1765110 199
1765120 199
1765130 199
1765140 199
1765150 199
1765160 199
1765170 199
1765180 198
1765190 198
1765200 198
1765210 198
1765220 198
1765230 198
1765240 198
1765250 198
1765260 197
1765270 197
1765280 197
1765290 197
1765300 197
1765310 197
1765320 197
1765330 196
1765340 196
1765350 196
1765360 195
1765370 196
1765380 196
1765390 196
1765400 196
1765410 196
1765420 196
1765430 196
1765440 196
1765450 196
1765460 196
1765470 196
1765480 196
1765490 196
1765500 196
1765510 196
1765520 196
1765530 196
1765540 196
1765550 196
1765560 196
1765570 196
1765580 196
1765590 196
1765600 195
1765610 193
1765620 193
1765630 194
1765640 195
1765650 196
1765660 196
1765670 196
1765680 196
1765690 196
1765700 196
1765710 195
1765720 195
1765730 195
1765740 195
1765750 195
1765760 195
1765770 195
1765780 195
1765790 196
1765800 196
1765810 196
1765820 196
1765830 196
1765840 196
1765850 196
1765860 196
1765870 196
1765880 196
1765890 196
1765900 196
1765910 195
1765920 196
1765930 196
1765940 196
1765950 196
1765960 196
1765970 196
1765980 196
1765990 196
1766000 196
1766010 196
1766020 196
1766030 196
1766040 196
1766050 196
1766060 195
1766070 194
1766080 193
1766090 193
1766100 194
1766110 195
1766120 196
1766130 196
1766140 196
1766150 196
1766160 195
1766170 195
1766180 195
1766190 195
1766200 196
1766210 196
1766220 196
1766230 196
1766240 196
1766250 196
1766260 196
1766270 196
1766280 196
1766290 196
1766300 196
1766310 196
1766320 195
1766330 195
1766340 195
1766350 195
1766360 195
1766370 195
1766380 195
1766390 195
1766400 195
1766410 195
1766420 195
1766430 195
1766440 195
1766450 195
1766460 194
1766470 194
1766480 194
1766490 194
1766500 194
1766510 194
1766520 194
1766530 194
1766540 194
1766550 194
1766560 194
1766570 194
1766580 193
1766590 193
1766600 193
1766610 193
1766620 192
1766630 192
1766640 192
1766650 192
1766660 192
1766670 193
1766680 193
1766690 194
1766700 194
1766710 195
1766720 195
1766730 195
1766740 195
1766750 195
1766760 195
1766770 195
1766780 195
1766790 195
1766800 195
1766810 194
1766820 194
1766830 192
1766840 192
1766850 192
1766860 194
1766870 194
1766880 194
1766890 194
1766900 194
1766910 194
1766920 194
1766930 194
1766940 194
1766950 194
1766960 194
1766970 194
1766980 194
1766990 194
1767000 194
1767010 193
1767020 193
1767030 193
1767040 193
1767050 193
1767060 193
1767070 193
1767080 193
1767090 193
1767100 193
1767110 193
1767120 193
1767130 193
1767140 193
1767150 193
1767160 193
1767170 193
1767180 193
1767190 193
1767200 193
1767210 193
1767220 193
1767230 193
1767240 193
1767250 193
1767260 193
1767270 193
1767280 193
1767290 193
1767300 193
1767310 193
1767320 193
1767330 193
1767340 193
1767350 193
1767360 193
1767370 193
1767380 193
1767390 193
1767400 193
1767410 193
1767420 193
1767430 193
1767440 193
1767450 193
1767460 193
1767470 193
1767480 193
1767490 193
1767500 193
1767510 193
1767520 193
1767530 193
1767540 193
1767550 193
1767560 193
1767570 193
1767580 193
1767590 193
1767600 193
1767610 193
1767620 193
1767630 193
1767640 193
1767650 193
1767660 193
1767670 193
1767680 193
1767690 193
1767700 193
1767710 193
1767720 193
1767730 193
1767740 193
1767750 193
1767760 193
1767770 193
1767780 193
1767790 193
1767800 193
1767810 193
1767820 193
1767830 193
1767840 193
1767850 193
1767860 193
1767870 193
1767880 193
1767890 193
1767900 193
1767910 193
1767920 193
1767930 193
1767940 193
1767950 193
1767960 193
1767970 193
1767980 193
1767990 193
1768000 193
1768010 193
1768020 193
1768030 193
1768040 193
1768050 193
1768060 193
1768070 193
1768080 193
1768090 193
1768100 193
1768110 193
1768120 193
1768130 193
1768140 193
1768150 193
1768160 193
1768170 193
1768180 193
1768190 193
1768200 193
1768210 193
1768220 193
1768230 193
1768240 193
1768250 193
1768260 193
1768270 193
1768280 193
1768290 193
1768300 193
1768310 193
1768320 193
1768330 192
1768340 192
1768350 192
1768360 192
1768370 192
1768380 192
1768390 193
1768400 193
1768410 193
1768420 193
1768430 193
1768440 193
1768450 193
1768460 193
1768470 193
1768480 193
1768490 193
1768500 193
1768510 193
1768520 193
1768530 192
1768540 192
1768550 192
1768560 192
1768570 192
1768580 192
1768590 192
1768600 192
1768610 192
1768620 192
1768630 192
1768640 192
1768650 192
1768660 192
1768670 192
1768680 192
1768690 192
1768700 191
1768710 191
1768720 191
1768730 191
1768740 191
1768750 191
1768760 191
1768770 191
1768780 191
1768790 191
1768800 191
1768810 191
1768820 191
1768830 191
1768840 191
1768850 191
1768860 191
1768870 191
1768880 191
1768890 191
1768900 191
1768910 191
1768920 191
1768930 191
1768940 191
1768950 191
1768960 191
1768970 191
1768980 191
1768990 191
1769000 191
1769010 191
1769020 191
1769030 191
1769040 191
1769050 191
1769060 191
1769070 191
1769080 191
1769090 191
1769100 191
1769110 191
1769120 191
1769130 191
1769140 191
1769150 191
1769160 191
1769170 191
1769180 190
1769190 190
1769200 190
1769210 190
1769220 190
1769230 190
1769240 190
1769250 190
1769260 190
1769270 190
1769280 190
1769290 190
1769300 190
1769310 191
1769320 192
1769330 192
1769340 192
1769350 191
1769360 191
1769370 191
1769380 191
1769390 191
1769400 191
1769410 191
1769420 192
1769430 192
1769440 192
1769450 192
1769460 192
1769470 191
1769480 190
1769490 189
1769500 189
1769510 188
1769520 188
1769530 188
1769540 188
1769550 189
1769560 189
1769570 190
1769580 191
1769590 191
1769600 192
1769610 191
1769620 191
1769630 191
1769640 191
1769650 190
1769660 190
1769670 190
1769680 190
1769690 190
1769700 190
1769710 190
1769720 190
1769730 190
1769740 190
1769750 190
1769760 190
1769770 190
1769780 190
1769790 190
1769800 190
1769810 190
1769820 190
1769830 190
1769840 190
1769850 190
1769860 190
1769870 190
1769880 190
1769890 190
1769900 190
1769910 190
1769920 190
1769930 190
1769940 190
1769950 190
1769960 190
1769970 190
1769980 190
1769990 190
1770000 190
1770010 190
1770020 190
1770030 190
1770040 190
1770050 190
1770060 190
1770070 190
1770080 190
1770090 190
1770100 190
1770110 190
1770120 190
1770130 190
1770140 190
1770150 190
1770160 190
1770170 190
1770180 190
1770190 190
1770200 190
1770210 190
1770220 190
1770230 190
1770240 190
1770250 190
1770260 190
1770270 190
1770280 190
1770290 190
1770300 190
1770310 190
1770320 190
1770330 190
1770340 190
1770350 190
1770360 190
1770370 190
1770380 190
1770390 190
1770400 190
1770410 190
1770420 190
1770430 190
1770440 190
1770450 190
1770460 190
1770470 190
1770480 190
1770490 190
1770500 190
1770510 191
1770520 192
1770530 192
1770540 193
1770550 193
1770560 193
1770570 193
1770580 193
1770590 193
1770600 194
1770610 194
1770620 194
1770630 195
1770640 195
1770650 196
1770660 197
1770670 197
1770680 196
1770690 195
1770700 194
1770710 193
1770720 192
1770730 192
1770740 192
1770750 192
1770760 192
1770770 192
1770780 193
1770790 193
1770800 193
1770810 193
1770820 193
1770830 193
1770840 193
1770850 193
1770860 193
1770870 193
1770880 194
1770890 194
1770900 194
1770910 194
1770920 194
1770930 194
1770940 194
1770950 194
1770960 194
1770970 195
1770980 195
1770990 195
1771000 194
1771010 194
1771020 195
1771030 195
1771040 195
1771050 195
1771060 195
1771070 195
1771080 195
1771090 195
1771100 194
1771110 194
1771120 194
1771130 194
1771140 194
1771150 194
1771160 194
1771170 194
1771180 194
1771190 194
1771200 194
1771210 194
1771220 194
1771230 194
1771240 194
1771250 194
1771260 194
1771270 194
1771280 194
1771290 194
1771300 194
1771310 194
1771320 194
1771330 194
1771340 194
1771350 194
1771360 194
1771370 194
1771380 194
1771390 194
1771400 194
1771410 193
1771420 193
1771430 193
1771440 193
1771450 193
1771460 193
1771470 193
1771480 193
1771490 193
1771500 193
1771510 192
1771520 192
1771530 192
1771540 192
1771550 192
1771560 192
1771570 193
1771580 193
1771590 193
1771600 193
1771610 193
1771620 193
1771630 193
1771640 194
1771650 194
1771660 194
1771670 194
1771680 194
1771690 194
1771700 195
1771710 195
1771720 195
1771730 195
1771740 195
1771750 195
1771760 195
1771770 195
1771780 195
1771790 195
1771800 195
1771810 195
1771820 195
1771830 195
1771840 195
1771850 195
1771860 195
1771870 195
1771880 195
1771890 195
1771900 195
1771910 195
1771920 195
1771930 195
1771940 195
1771950 195
1771960 195
1771970 195
1771980 195
1771990 195
1772000 195
1772010 195
1772020 195
1772030 195
1772040 194
1772050 194
1772060 194
1772070 194
1772080 194
1772090 194
1772100 194
1772110 194
1772120 195
1772130 195
1772140 195
1772150 195
1772160 195
1772170 195
1772180 195
1772190 195
1772200 195
1772210 195
1772220 195
1772230 195
1772240 195
1772250 195
1772260 195
1772270 195
1772280 195
1772290 195
1772300 195
1772310 195
1772320 195
1772330 195
1772340 195
1772350 195
1772360 195
1772370 196
1772380 196
1772390 196
1772400 196
1772410 196
1772420 197
1772430 197
1772440 197
1772450 197
1772460 197
1772470 197
1772480 197
1772490 197
1772500 197
1772510 198
1772520 198
1772530 198
1772540 198
1772550 199
1772560 199
1772570 199
1772580 199
1772590 199
1772600 200
1772610 200
1772620 200
1772630 200
1772640 199
1772650 198
1772660 199
1772670 201
1772680 201
1772690 201
1772700 200
1772710 200
1772720 199
1772730 199
1772740 199
1772750 199
1772760 199
1772770 199
1772780 199
1772790 199
1772800 198
1772810 198
1772820 196
1772830 197
1772840 197
1772850 197
1772860 197
1772870 197
1772880 197
1772890 196
1772900 196
1772910 196
1772920 196
1772930 196
1772940 196
1772950 196
1772960 196
1772970 196
1772980 196
1772990 196
1773000 196
1773010 196
1773020 196
1773030 196
1773040 196
1773050 196
1773060 196
1773070 196
1773080 196
1773090 196
1773100 196
1773110 196
1773120 196
1773130 196
1773140 196
1773150 196
1773160 196
1773170 196
1773180 196
1773190 196
1773200 196
1773210 196
1773220 196
1773230 196
1773240 196
1773250 196
1773260 196
1773270 196
1773280 196
1773290 196
1773300 196
1773310 196
1773320 196
1773330 196
1773340 196
1773350 196
1773360 196
1773370 196
1773380 196
1773390 196
1773400 196
1773410 196
1773420 196
1773430 196
1773440 196
1773450 196
1773460 196
1773470 196
1773480 196
1773490 196
1773500 196
1773510 196
1773520 196
1773530 197
1773540 197
1773550 197
1773560 197
1773570 197
1773580 197
1773590 197
1773600 197
1773610 198
1773620 198
1773630 198
1773640 198
1773650 198
1773660 198
1773670 198
1773680 198
1773690 198
1773700 198
1773710 198
1773720 198
1773730 198
1773740 198
1773750 198
1773760 198
1773770 198
1773780 198
1773790 198
1773800 198
1773810 198
1773820 198
1773830 198
1773840 198
1773850 198
1773860 198
1773870 198
1773880 198
1773890 198
1773900 198
1773910 197
1773920 197
1773930 197
1773940 197
1773950 197
1773960 197
1773970 197
1773980 197
1773990 196
1774000 196
1774010 196
1774020 196
1774030 196
1774040 196
1774050 196
1774060 196
1774070 196
1774080 196
1774090 196
1774100 196
1774110 196
1774120 196
1774130 196
1774140 196
1774150 196
1774160 196
1774170 196
1774180 196
1774190 196
1774200 196
1774210 196
1774220 196
1774230 196
1774240 196
1774250 196
1774260 196
1774270 196
1774280 196
1774290 196
1774300 196
1774310 196
1774320 196
1774330 196
1774340 196
1774350 196
1774360 196
1774370 196
1774380 196
1774390 196
1774400 196
1774410 196
1774420 196
1774430 196
1774440 196
1774450 196
1774460 196
1774470 196
1774480 196
1774490 196
1774500 196
1774510 196
1774520 196
1774530 196
1774540 196
1774550 196
1774560 196
1774570 196
1774580 196
1774590 196
1774600 196
1774610 196
1774620 196
1774630 196
1774640 196
1774650 196
1774660 196
1774670 196
1774680 197
1774690 197
1774700 197
1774710 197
1774720 197
1774730 197
1774740 197
1774750 197
1774760 197
1774770 197
1774780 197
1774790 197
1774800 197
1774810 197
1774820 197
1774830 197
1774840 197
1774850 197
1774860 198
1774870 198
1774880 198
1774890 198
1774900 198
1774910 198
1774920 198
1774930 198
1774940 198
1774950 198
1774960 198
1774970 198
1774980 198
1774990 198
1775000 198
1775010 198
1775020 198
1775030 198
1775040 198
1775050 198
1775060 198
1775070 198
1775080 199
1775090 199
1775100 199
1775110 199
1775120 199
1775130 199
1775140 200
1775150 200
1775160 200
1775170 200
1775180 201
1775190 201
1775200 201
1775210 202
1775220 202
1775230 202
1775240 202
1775250 202
1775260 203
1775270 203
1775280 203
1775290 203
1775300 203
1775310 204
1775320 204
1775330 204
1775340 204
1775350 204
1775360 205
1775370 205
1775380 205
1775390 205
1775400 206
1775410 206
1775420 206
1775430 206
1775440 206
1775450 207
1775460 207
1775470 207
1775480 207
1775490 208
1775500 208
1775510 208
1775520 208
1775530 209
1775540 209
1775550 209
1775560 209
1775570 210
1775580 210
1775590 210
1775600 210
1775610 211
1775620 211
1775630 211
1775640 211
1775650 211
1775660 212
1775670 212
1775680 212
1775690 212
1775700 213
1775710 213
1775720 213
1775730 214
1775740 214
1775750 214
1775760 215
1775770 215
1775780 215
1775790 216
1775800 216
1775810 217
1775820 217
1775830 218
1775840 218
1775850 218
1775860 218
1775870 218
1775880 218
1775890 219
1775900 219
1775910 219
1775920 219
1775930 220
1775940 220
1775950 221
1775960 221
1775970 221
1775980 222
1775990 222
1776000 223
1776010 223
1776020 223
1776030 223
1776040 224
1776050 224
1776060 224
1776070 224
1776080 224
1776090 224
1776100 224
1776110 225
1776120 225
1776130 225
1776140 225
1776150 226
1776160 226
1776170 226
1776180 226
1776190 227
1776200 227
1776210 228
1776220 228
1776230 228
1776240 229
1776250 229
1776260 229
1776270 230
1776280 230
1776290 231
1776300 231
1776310 231
1776320 232
1776330 232
1776340 233
1776350 233
1776360 233
1776370 234
1776380 234
1776390 235
1776400 235
1776410 236
1776420 236
1776430 237
1776440 237
1776450 237
1776460 238
1776470 239
1776480 239
1776490 240
1776500 240
1776510 241
1776520 241
1776530 242
1776540 243
1776550 243
1776560 244
1776570 245
1776580 245
1776590 246
1776600 246
1776610 247
1776620 248
1776630 248
1776640 249
1776650 250
1776660 250
1776670 251
1776680 252
1776690 252
1776700 253
1776710 254
1776720 254
1776730 255
1776740 255
1776750 256
1776760 256
1776770 257
1776780 257
1776790 257
1776800 258
1776810 258
1776820 258
1776830 257
1776840 257
1776850 257
1776860 257
1776870 257
1776880 256
1776890 255
1776900 253
1776910 253
1776920 252
1776930 252
1776940 252
1776950 252
1776960 252
1776970 251
1776980 251
1776990 250
1777000 249
1777010 248
1777020 248
1777030 248
1777040 248
1777050 249
1777060 249
1777070 249
1777080 248
1777090 249
1777100 249
1777110 250
1777120 250
1777130 251
1777140 251
1777150 251
1777160 251
1777170 252
1777180 252
1777190 253
1777200 253
1777210 254
1777220 254
1777230 255
1777240 255
1777250 255
1777260 256
1777270 256
1777280 257
1777290 257
1777300 257
1777310 258
1777320 258
1777330 258
1777340 258
1777350 258
1777360 258
1777370 258
1777380 257
1777390 257
1777400 257
1777410 256
1777420 256
1777430 255
1777440 255
1777450 254
1777460 254
1777470 254
1777480 253
1777490 253
1777500 252
1777510 252
1777520 251
1777530 251
1777540 250
1777550 250
1777560 250
1777570 250
1777580 251
1777590 251
1777600 253
1777610 254
1777620 255
1777630 255
1777640 255
1777650 256
1777660 256
1777670 256
1777680 256
1777690 256
1777700 255
1777710 253
1777720 250
1777730 248
1777740 247
1777750 246
1777760 245
1777770 245
1777780 245
1777790 245
1777800 246
1777810 246
1777820 245
1777830 245
1777840 245
1777850 246
1777860 246
1777870 247
1777880 248
1777890 248
1777900 249
1777910 249
1777920 250
1777930 251
1777940 251
1777950 252
1777960 253
1777970 253
1777980 254
1777990 254
1778000 255
1778010 255
1778020 256
1778030 257
1778040 257
1778050 258
1778060 259
1778070 259
1778080 259
1778090 259
1778100 259
1778110 258
1778120 258
1778130 257
1778140 256
1778150 256
1778160 255
1778170 255
1778180 254
1778190 254
1778200 254
1778210 255
1778220 256
1778230 256
1778240 257
1778250 258
1778260 259
1778270 259
1778280 259
1778290 259
1778300 259
1778310 259
1778320 259
1778330 259
1778340 259
1778350 259
1778360 259
1778370 258
1778380 258
1778390 258
1778400 257
1778410 257
1778420 256
1778430 256
1778440 256
1778450 255
1778460 255
1778470 254
1778480 254
1778490 254
1778500 253
1778510 253
1778520 252
1778530 252
1778540 251
1778550 251
1778560 251
1778570 250
1778580 250
1778590 249
1778600 249
1778610 248
1778620 248
1778630 247
1778640 247
1778650 247
1778660 246
1778670 246
1778680 245
1778690 245
1778700 244
1778710 244
1778720 243
1778730 242
1778740 242
1778750 241
1778760 240
1778770 239
1778780 238
1778790 237
1778800 236
1778810 236
1778820 235
1778830 234
1778840 232
1778850 230
1778860 228
1778870 225
1778880 222
1778890 219
1778900 217
1778910 217
1778920 216
1778930 215
1778940 214
1778950 215
1778960 218
1778970 217
1778980 218
1778990 220
1779000 224
1779010 227
1779020 230
1779030 231
1779040 232
1779050 234
1779060 235
1779070 236
1779080 237
1779090 238
1779100 239
1779110 240
1779120 240
1779130 241
1779140 242
1779150 242
1779160 243
1779170 243
1779180 244
1779190 244
1779200 245
1779210 245
1779220 245
1779230 245
1779240 244
1779250 244
1779260 244
1779270 243
1779280 243
1779290 243
1779300 243
1779310 243
1779320 243
1779330 243
1779340 243
1779350 243
1779360 243
1779370 243
1779380 244
1779390 244
1779400 244
1779410 245
1779420 245
1779430 245
1779440 245
1779450 246
1779460 246
1779470 246
1779480 246
1779490 246
1779500 247
1779510 247
1779520 247
1779530 247
1779540 247
1779550 247
1779560 247
1779570 246
1779580 246
1779590 246
1779600 246
1779610 246
1779620 246
1779630 246
1779640 245
1779650 244
1779660 244
1779670 245
1779680 246
1779690 246
1779700 246
1779710 246
1779720 247
1779730 247
1779740 247
1779750 248
1779760 248
1779770 249
1779780 249
1779790 249
1779800 249
1779810 249
1779820 249
1779830 249
1779840 249
1779850 249
1779860 249
1779870 249
1779880 249
1779890 249
1779900 249
1779910 249
1779920 249
1779930 249
1779940 249
1779950 249
1779960 249
1779970 249
1779980 249
1779990 249
