1760000 277
1760010 277
1760020 278
1760030 278
1760040 278
1760050 279
1760060 279
1760070 279
1760080 280
1760090 280
1760100 280
1760110 281
1760120 281
1760130 281
1760140 281
1760150 281
1760160 282
1760170 282
1760180 282
1760190 282
1760200 282
1760210 283
1760220 283
1760230 283
1760240 283
1760250 283
1760260 283
1760270 283
1760280 284
1760290 284
1760300 284
1760310 284
1760320 284
1760330 284
1760340 284
1760350 284
1760360 284
1760370 284
1760380 284
1760390 284
1760400 284
1760410 284
1760420 284
1760430 284
1760440 284
1760450 283
1760460 283
1760470 283
1760480 282
1760490 281
1760500 281
1760510 280
1760520 278
1760530 276
1760540 274
1760550 274
1760560 273
1760570 273
1760580 273
1760590 273
1760600 273
1760610 274
1760620 274
1760630 274
1760640 275
1760650 276
1760660 277
1760670 278
1760680 279
1760690 280
1760700 281
1760710 281
1760720 282
1760730 282
1760740 282
1760750 283
1760760 283
1760770 283
1760780 284
1760790 284
1760800 284
1760810 284
1760820 285
1760830 285
1760840 285
1760850 285
1760860 286
1761130 288
1761140 288
1761150 288
1761160 288
1761170 288
1761180 288
1761190 288
1761200 288
1761210 288
1761220 288
1761230 287
1761240 287
1761250 287
1761260 287
1761270 287
1761280 287
1761290 286
1761300 286
1761310 286
1761320 286
1761330 286
1761340 286
1761350 286
1761360 286
1761370 286
1761380 286
1761390 286
1761400 286
1761410 286
1761420 286
1761430 286
1761440 285
1761450 285
1761460 285
1761470 285
1761480 284
1761490 284
1761500 283
1761510 283
1761520 283
1761530 282
1761540 282
1761550 281
1761560 281
1761570 280
1761580 280
1761590 279
1761600 278
1761610 278
1761620 277
1761630 276
1761640 276
1761650 275
1761660 274
1761670 273
1761680 273
1761690 272
1761700 271
1761710 270
1761720 269
1761730 268
1761740 267
1761750 267
1761760 266
1761770 266
1761780 266
1761790 265
1761800 264
1761810 264
1761820 262
1761830 261
1761840 259
1761850 258
1761860 257
1761870 256
1761880 255
1761890 253
1761900 252
1761910 251
1761920 249
1761930 247
1761940 245
1761950 243
1761960 242
1761970 240
1761980 239
1761990 242
1762000 245
1762010 248
1762020 250
1762030 252
1762650 266
1762660 265
1762670 264
1762680 263
1762690 262
1762700 260
1762710 257
1762720 255
1762730 253
1762740 253
1762750 254
1762760 255
1762770 257
1762780 260
1762790 262
1762800 263
1762810 264
1762820 266
1762830 266
1762840 267
1762850 268
1762860 268
1762870 269
1762880 269
1762890 269
1762900 270
1762910 270
1762920 270
1762930 270
1762940 271
1762950 271
1762960 271
1762970 271
1762980 271
1762990 271
1763000 271
1763010 271
1763020 271
1763030 271
1763040 271
1763050 271
1763060 271
1763070 272
1763080 272
1763090 272
1763100 272
1763110 272
1763120 272
1763130 271
1763140 271
1763150 271
1763160 271
1763170 271
1763180 271
1763190 271
1763200 270
1763210 270
1763220 270
1763230 270
1763240 270
1763250 270
1763260 270
1763270 269
1763280 269
1763290 269
1763300 269
1763310 269
1763320 269
1763330 268
1763340 268
1763350 268
1763360 268
1763370 268
1763380 269
1763390 269
1763400 269
1763410 269
1763420 269
1763430 269
1763440 269
1763450 270
1763460 270
1763470 270
1763480 270
1763490 270
1763500 271
1763510 271
1763520 271
1763530 271
1763540 271
1763550 272
1763560 272
1763570 272
1763580 272
1763590 272
1763600 273
1763610 273
1763620 273
1763630 273
1763640 273
1763650 273
1763660 273
1763670 272
1763680 272
1763690 272
1763700 272
1763710 272
1763720 272
1763730 272
1763740 271
1763750 271
1763760 271
1763770 271
1763780 271
1763790 272
1763800 272
1763810 272
1763820 272
1763830 271
1763840 271
1763850 271
1763860 270
1763870 270
1763880 270
1763890 270
1763900 270
1763910 270
1763920 270
1763930 270
1763940 270
1763950 271
1763960 271
1763970 271
1763980 271
1763990 270
1764000 270
1764010 270
1764020 270
1764030 270
1764040 270
1764050 269
1764060 269
1764070 269
1764080 268
1764090 268
1764100 267
1764110 267
1764120 266
1764130 266
1764140 266
1764150 265
1764160 265
1764170 264
1764180 264
1764190 263
1764200 262
1764210 262
1764220 261
1764230 261
1764240 260
1764250 260
1764260 259
1764270 259
1764280 259
1764290 259
1764300 260
1764310 260
1764320 260
1764330 260
1764340 260
1764350 261
1764360 261
1764370 262
1764380 263
1764390 263
1764400 263
1764410 263
1764420 263
1764430 263
1764440 264
1764450 264
1764460 264
1764470 264
1764480 264
1764490 264
1764500 264
1764510 264
1764520 264
1764530 264
1764540 263
1764550 263
1764560 262
1764570 262
1764580 261
1764590 260
1764600 260
1764610 260
1764620 260
1764630 259
1764640 259
1764650 260
1764660 259
1764670 259
1764680 259
1764690 259
1764700 258
1764710 258
1764720 256
1764730 256
1764740 256
1764750 255
1764760 255
1764770 255
1764780 255
1764790 255
1764800 255
1764810 255
1764820 255
1764830 255
1764840 254
1764850 254
1764860 253
1764870 253
1764880 251
1764890 249
1764900 247
1764910 247
1764920 248
1764930 248
1764940 248
1764950 247
1764960 245
1764970 245
1764980 246
1764990 246
1765000 246
1765010 246
1765020 246
1765030 246
1765040 245
1765050 245
1765060 245
1765070 245
1765080 244
1765090 244
1765100 244
1765110 244
1765120 243
1765130 243
1765140 243
1765150 242
1765160 242
1765170 241
1765180 240
1765190 239
1765200 237
1765210 235
1765220 233
1765230 231
1765240 230
1765250 229
1765260 233
1765270 235
1765280 238
1765290 241
1765300 242
1765310 242
1765320 243
1765330 243
1765340 244
1765350 244
1765360 245
1765370 245
1765380 246
1765390 246
1765400 247
1765410 247
1765420 247
1765430 247
1765440 247
1765450 246
1765460 246
1765470 245
1765480 244
1765490 243
1765500 242
1765510 241
1765520 240
1765530 239
1765540 238
1765550 237
1765560 236
1765570 236
1765580 235
1765590 235
1765600 234
1765610 234
1765620 234
1765630 234
1765640 234
1765650 235
1765660 235
1765670 235
1765680 235
1765690 235
1765700 235
1765710 236
1765720 235
1765730 235
1765740 234
1765750 233
1765760 233
1765770 231
1765780 230
1765790 229
1765800 231
1765810 233
1765820 234
1765830 235
1765840 236
1765850 237
1765860 238
1765870 238
1765880 238
1765890 238
1765900 237
1765910 236
1765920 236
1765930 235
1765940 233
1765950 233
1765960 232
1765970 231
1765980 231
1765990 231
1766000 231
1766010 231
1766020 231
1766030 231
1766040 233
1766050 235
1766060 238
1766070 240
1766080 242
1766090 244
1766100 245
1766110 246
1766120 246
1766130 247
1766140 248
1766150 248
1766160 248
1766170 248
1766180 248
1766190 249
1766200 249
1766210 250
1766220 250
1766230 251
1766240 252
1766250 252
1766260 252
1766270 253
1766280 253
1766290 253
1766300 254
1766310 254
1766320 255
1766330 255
1766340 255
1766350 256
1766360 256
1766370 256
1766380 256
1766390 257
1766400 257
1766410 257
1766420 257
1766430 257
1766440 257
1766450 257
1766460 257
1766470 257
1766480 257
1766490 257
1766500 257
1766510 257
1766520 257
1766530 256
1766540 256
1766550 256
1766560 256
1766570 255
1766580 254
1766590 253
1766600 252
1766610 251
1766620 251
1766630 250
1766640 249
1766650 249
1766660 251
1766670 252
1766680 253
1766690 254
1766700 254
1766710 255
1766720 256
1766730 256
1766740 257
1766750 257
1766760 257
1766770 257
1766780 257
1766790 258
1766800 258
1766810 258
1766820 258
1766830 258
1766840 258
1766850 258
1766860 258
1766870 258
1766880 258
1766890 258
1766900 258
1766910 258
1766920 258
1766930 258
1766940 258
1766950 258
1766960 258
1766970 258
1766980 258
1766990 258
1767000 258
1767010 258
1767020 258
1767030 257
1767040 257
1767050 257
1767060 257
1767070 257
1767080 257
1767090 256
1767100 256
1767110 256
1767120 256
1767130 256
1767140 256
1767150 255
1767160 255
1767170 255
1767180 255
1767190 254
1767200 254
1767210 254
1767220 254
1767230 253
1767240 253
1767250 253
1767260 252
1767270 252
1767280 251
1767290 251
1767300 250
1767310 250
1767320 249
1767330 249
1767340 248
1767350 248
1767360 248
1767370 247
1767380 247
1767390 246
1767400 246
1767410 245
1767420 245
1767430 245
1767440 244
1767450 244
1767460 243
1767470 243
1767480 242
1767490 242
1767500 241
1767510 240
1767520 240
1767530 239
1767540 238
1767550 238
1767560 237
1767570 237
1767580 236
1767590 236
1767600 235
1767610 235
1767620 234
1767630 234
1767640 233
1767650 233
1767660 233
1767670 232
1767680 232
1767690 231
1767700 231
1767710 231
1767720 230
1767730 230
1767740 230
1767750 229
1767760 229
1767770 228
1767780 228
1767790 227
1767800 227
1767810 226
1767820 226
1767830 225
1767840 225
1767850 225
1767860 224
1767870 224
1767880 223
1767890 223
1767900 223
1767910 222
1767920 222
1767930 222
1767940 221
1767950 221
1767960 221
1767970 221
1767980 221
1767990 221
1768000 220
1768010 220
1768020 220
1768030 220
1768040 220
1768050 219
1768060 219
1768070 219
1768080 219
1768090 219
1768100 218
1768110 218
1768120 218
1768130 218
1768140 218
1768150 218
1768160 218
1768170 218
1768180 217
1768190 217
1768200 217
1768210 217
1768220 217
1768230 216
1768240 216
1768250 216
1768260 216
1768270 216
1768280 215
1768290 215
1768300 215
1768310 215
1768320 215
1768330 214
1768340 214
1768350 214
1768360 214
1768370 214
1768380 213
1768390 213
1768400 213
1768410 213
1768420 213
1768430 212
1768440 212
1768450 212
1768460 211
1768470 210
1768480 210
1768490 210
1768500 210
1768510 209
1768520 209
1768530 209
1768540 209
1768550 208
1768560 208
1768570 208
1768580 208
1768590 208
1768600 208
1768610 207
1768620 208
1768630 208
1768640 208
1768650 207
1768660 207
1768670 207
1768680 207
1768690 207
1768700 207
1768710 207
1768720 207
1768730 207
1768740 207
1768750 207
1768760 206
1768770 206
1768780 207
1768790 207
1768800 207
1768810 207
1768820 207
1768830 207
1768840 207
1768850 207
1768860 207
1768870 206
1768880 206
1768890 206
1768900 206
1768910 205
1768920 205
1768930 205
1768940 204
1768950 203
1768960 201
1768970 197
1768980 194
1768990 193
1769000 192
1769010 192
1769020 192
1769030 192
1769040 191
1769050 191
1769060 191
1769070 191
1769080 191
1769090 191
1769100 191
1769110 191
1769120 191
1769130 191
1769140 192
1769150 192
1769160 192
1769170 192
1769180 192
1769190 192
1769200 192
1769210 192
1769220 192
1769230 192
1769240 192
1769250 191
1769260 191
1769270 191
1769280 191
1769290 191
1769300 190
1769310 190
1769320 190
1769330 190
1769340 190
1769350 190
1769360 190
1769370 190
1769380 190
1769390 191
1769400 191
1769410 191
1769420 191
1769430 191
1769440 191
1769450 191
1769460 191
1769470 191
1769480 191
1769490 191
1769500 191
1769510 191
1769520 191
1769530 191
1769540 190
1769550 190
1769560 189
1769570 190
1769580 190
1769590 190
1769600 191
1769610 191
1769620 191
1769630 191
1769640 191
1769650 191
1769660 191
1769670 191
1769680 190
1769690 190
1769700 190
1769710 190
1769720 190
1769730 190
1769740 190
1769750 190
1769760 190
1769770 190
1769780 190
1769790 190
1769800 190
1769810 190
1769820 190
1769830 190
1769840 190
1769850 190
1769860 190
1769870 190
1769880 190
1769890 190
1769900 190
1769910 190
1769920 190
1769930 190
1769940 190
1769950 190
1769960 190
1769970 190
1769980 190
1769990 190
1770000 190
1770010 190
1770020 190
1770030 190
1770040 190
1770050 190
1770060 190
1770070 190
1770080 190
1770090 190
1770100 190
1770110 190
1770120 190
1770130 190
1770140 190
1770150 190
1770160 190
1770170 190
1770180 190
1770190 190
1770200 190
1770210 190
1770220 190
1770230 190
1770240 190
1770250 190
1770260 190
1770270 190
1770280 190
1770290 190
1770300 190
1770310 190
1770320 190
1770330 190
1770340 190
1770350 190
1770360 190
1770370 190
1770380 190
1770390 190
1770400 190
1770410 190
1770420 190
1770430 189
1770440 188
1770450 188
1770460 187
1770470 187
1770480 187
1770490 188
1770500 188
1770510 189
1770520 189
1770530 189
1770540 190
1770550 190
1770560 191
1770570 191
1770580 191
1770590 190
1770600 190
1770610 190
1770620 190
1770630 190
1770640 190
1770650 190
1770660 190
1770670 190
1770680 190
1770690 190
1770700 190
1770710 190
1770720 190
1770730 190
1770740 190
1770750 190
1770760 190
1770770 190
1770780 190
1770790 189
1770800 189
1770810 189
1770820 189
1770830 189
1770840 190
1770850 190
1770860 190
1770870 190
1770880 190
1770890 190
1770900 190
1770910 190
1770920 190
1770930 189
1770940 187
1770950 186
1770960 186
1770970 187
1770980 189
1770990 190
1771000 191
1771010 190
1771020 190
1771030 189
1771040 189
1771050 189
1771060 189
1771070 189
1771080 189
1771090 189
1771100 189
1771110 189
1771120 189
1771130 189
1771140 189
1771150 189
1771160 189
1771170 189
1771180 189
1771190 189
1771200 189
1771210 189
1771220 190
1771230 190
1771240 190
1771250 191
1771260 192
1771270 193
1771280 194
1771290 195
1771300 196
1771310 196
1771320 196
1771330 196
1771340 196
1771350 196
1771360 196
1771370 194
1771380 193
1771390 191
1771400 191
1771410 190
1771420 189
1771430 188
1771440 188
1771450 188
1771460 188
1771470 188
1771480 188
1771490 188
1771500 188
1771510 188
1771520 188
1771530 188
1771540 188
1771550 188
1771560 188
1771570 188
1771580 188
1771590 188
1771600 189
1771610 189
1771620 188
1771630 188
1771640 188
1771650 188
1771660 189
1771670 189
1771680 189
1771690 189
1771700 188
1771710 188
1771720 188
1771730 188
1771740 188
1771750 189
1771760 189
1771770 189
1771780 189
1771790 189
1771800 189
1771810 189
1771820 189
1771830 189
1771840 189
1771850 189
1771860 189
1771870 189
1771880 189
1771890 189
1771900 189
1771910 189
1771920 189
1771930 189
1771940 189
1771950 189
1771960 189
1771970 190
1771980 190
1771990 190
1772000 190
1772010 190
1772020 190
1772030 190
1772040 190
1772050 189
1772060 188
1772070 188
1772080 188
1772090 188
1772100 188
1772110 188
1772120 188
1772130 188
1772140 188
1772150 188
1772160 188
1772170 188
1772180 188
1772190 188
1772200 188
1772210 188
1772220 188
1772230 188
1772240 188
1772250 188
1772260 188
1772270 188
1772280 188
1772290 188
1772300 188
1772310 188
1772320 188
1772330 188
1772340 188
1772350 188
1772360 188
1772370 188
1772380 188
1772390 188
1772400 188
1772410 188
1772420 188
1772430 188
1772440 188
1772450 188
1772460 188
1772470 188
1772480 188
1772490 189
1772500 189
1772510 189
1772520 189
1772530 189
1772540 189
1772550 189
1772560 190
1772570 191
1772580 192
1772590 191
1772600 192
1772610 192
1772620 191
1772630 191
1772640 191
1772650 191
1772660 191
1772670 191
1772680 191
1772690 191
1772700 191
1772710 191
1772720 191
1772730 191
1772740 191
1772750 191
1772760 191
1772770 190
1772780 190
1772790 190
1772800 190
1772810 190
1772820 191
1772830 191
1772840 191
1772850 191
1772860 191
1772870 191
1772880 191
1772890 191
1772900 191
1772910 191
1772920 191
1772930 191
1772940 192
1772950 192
1772960 192
1772970 193
1772980 193
1772990 194
1773000 195
1773010 195
1773020 195
1773030 196
1773040 196
1773050 195
1773060 195
1773070 195
1773080 195
1773090 195
1773100 195
1773110 195
1773120 195
1773130 195
1773140 195
1773150 195
1773160 195
1773170 195
1773180 195
1773190 195
1773200 195
1773210 194
1773220 194
1773230 194
1773240 194
1773250 194
1773260 194
1773270 194
1773280 194
1773290 194
1773300 194
1773310 194
1773320 194
1773330 194
1773340 194
1773350 194
1773360 194
1773370 194
1773380 194
1773390 194
1773400 194
1773410 194
1773420 194
1773430 194
1773440 194
1773450 194
1773460 194
1773470 194
1773480 194
1773490 194
1773500 194
1773510 194
1773520 194
1773530 194
1773540 194
1773550 194
1773560 194
1773570 194
1773580 194
1773590 194
1773600 194
1773610 194
1773620 194
1773630 194
1773640 194
1773650 194
1773660 194
1773670 194
1773680 194
1773690 194
1773700 194
1773710 194
1773720 194
1773730 194
1773740 194
1773750 194
1773760 194
1773770 193
1773780 193
1773790 193
1773800 193
1773810 193
1773820 193
1773830 193
1773840 193
1773850 193
1773860 193
1773870 193
1773880 193
1773890 193
1773900 193
1773910 193
1773920 193
1773930 193
1773940 193
1773950 193
1773960 193
1773970 193
1773980 194
1773990 194
1774000 194
1774010 194
1774020 194
1774030 194
1774040 195
1774050 195
1774060 195
1774070 195
1774080 195
1774090 195
1774100 195
1774110 195
1774120 195
1774130 194
1774140 194
1774150 194
1774160 194
1774170 194
1774180 194
1774190 194
1774200 194
1774210 194
1774220 194
1774230 194
1774240 194
1774250 194
1774260 194
1774270 194
1774280 194
1774290 194
1774300 193
1774310 194
1774320 194
1774330 194
1774340 194
1774350 193
1774360 193
1774370 193
1774380 193
1774390 193
1774400 193
1774410 193
1774420 192
1774430 192
1774440 192
1774450 192
1774460 192
1774470 192
1774480 193
1774490 193
1774500 193
1774510 193
1774520 193
1774530 193
1774540 194
1774550 194
1774560 194
1774570 194
1774580 194
1774590 194
1774600 194
1774610 194
1774620 194
1774630 194
1774640 194
1774650 194
1774660 194
1774670 194
1774680 194
1774690 194
1774700 194
1774710 194
1774720 194
1774730 194
1774740 194
1774750 194
1774760 194
1774770 194
1774780 194
1774790 193
1774800 193
1774810 193
1774820 193
1774830 193
1774840 193
1774850 193
1774860 193
1774870 193
1774880 193
1774890 193
1774900 193
1774910 193
1774920 193
1774930 193
1774940 193
1774950 194
1774960 194
1774970 194
1774980 194
1774990 194
1775000 194
1775010 194
1775020 193
1775030 193
1775040 193
1775050 193
1775060 194
1775070 194
1775080 194
1775090 194
1775100 194
1775110 194
1775120 194
1775130 194
1775140 194
1775150 194
1775160 194
1775170 194
1775180 194
1775190 194
1775200 194
1775210 194
1775220 195
1775230 195
1775240 195
1775250 195
1775260 195
1775270 195
1775280 195
1775290 195
1775300 195
1775310 195
1775320 195
1775330 195
1775340 195
1775350 195
1775360 195
1775370 194
1775380 194
1775390 194
1775400 193
1775410 193
1775420 193
1775430 193
1775440 193
1775450 193
1775460 192
1775470 192
1775480 192
1775490 192
1775500 192
1775510 192
1775520 192
1775530 192
1775540 192
1775550 191
1775560 191
1775570 191
1775580 191
1775590 191
1775600 192
1775610 191
1775620 191
1775630 191
1775640 190
1775650 190
1775660 190
1775670 190
1775680 190
1775690 190
1775700 190
1775710 189
1775720 189
1775730 189
1775740 189
1775750 189
1775760 189
1775770 189
1775780 189
1775790 189
1775800 189
1775810 189
1775820 189
1775830 189
1775840 189
1775850 189
1775860 189
1775870 189
1775880 188
1775890 188
1775900 188
1775910 188
1775920 188
1775930 189
1775940 189
1775950 189
1775960 189
1775970 189
1775980 189
1775990 189
1776000 189
1776010 189
1776020 189
1776030 189
1776040 189
1776050 189
1776060 189
1776070 188
1776080 188
1776090 188
1776100 188
1776110 188
1776120 188
1776130 188
1776140 188
1776150 188
1776160 187
1776170 187
1776180 187
1776190 187
1776200 187
1776210 187
1776220 187
1776230 187
1776240 187
1776250 188
1776260 188
1776270 187
1776280 187
1776290 186
1776300 186
1776310 186
1776320 186
1776330 186
1776340 186
1776350 186
1776360 186
1776370 186
1776380 186
1776390 186
1776400 186
1776410 186
1776420 186
1776430 186
1776440 186
1776450 186
1776460 186
1776470 186
1776480 186
1776490 186
1776500 186
1776510 186
1776520 186
1776530 187
1776540 187
1776550 187
1776560 187
1776570 187
1776580 187
1776590 187
1776600 187
1776610 186
1776620 186
1776630 186
1776640 186
1776650 186
1776660 186
1776670 186
1776680 186
1776690 186
1776700 186
1776710 186
1776720 186
1776730 186
1776740 186
1776750 186
1776760 186
1776770 186
1776780 186
1776790 186
1776800 186
1776810 186
1776820 186
1776830 186
1776840 186
1776850 186
1776860 186
1776870 186
1776880 187
1776890 187
1776900 187
1776910 187
1776920 187
1776930 187
1776940 187
1776950 187
1776960 187
1776970 187
1776980 187
1776990 187
1777000 188
1777010 188
1777020 188
1777030 188
1777040 188
1777050 188
1777060 188
1777070 188
1777080 188
1777090 188
1777100 188
1777110 188
1777120 188
1777130 188
1777140 188
1777150 188
1777160 188
1777170 187
1777180 187
1777190 187
1777200 187
1777210 187
1777220 187
1777230 187
1777240 187
1777250 187
1777260 187
1777270 187
1777280 186
1777290 186
1777300 186
1777310 187
1777320 187
1777330 187
1777340 187
1777350 187
1777360 187
1777370 187
1777380 187
1777390 187
1777400 188
1777410 188
1777420 188
1777430 188
1777440 188
1777450 188
1777460 188
1777470 189
1777480 189
1777490 189
1777500 189
1777510 190
1777520 190
1777530 190
1777540 189
1777550 189
1777560 189
1777570 189
1777580 189
1777590 189
1777600 189
1777610 189
1777620 189
1777630 189
1777640 188
1777650 188
1777660 188
1777670 188
1777680 187
1777690 187
1777700 187
1777710 187
1777720 187
1777730 187
1777740 187
1777750 186
1777760 186
1777770 186
1777780 186
1777790 186
1777800 185
1777810 185
1777820 185
1777830 184
1777840 184
1777850 184
1777860 184
1777870 184
1777880 183
1777890 183
1777900 183
1777910 183
1777920 183
1777930 183
1777940 183
1777950 183
1777960 183
1777970 183
1777980 183
1777990 183
1778000 183
1778010 183
1778020 183
1778030 183
1778040 183
1778050 183
1778060 183
1778070 183
1778080 183
1778090 184
1778100 184
1778110 184
1778120 184
1778130 184
1778140 183
1778150 183
1778160 183
1778170 183
1778180 183
1778190 184
1778200 184
1778210 184
1778220 184
1778230 184
1778240 184
1778250 184
1778260 184
1778270 184
1778280 184
1778290 184
1778300 184
1778310 185
1778320 185
1778330 186
1778340 186
1778350 186
1778360 185
1778370 185
1778380 185
1778390 185
1778400 185
1778410 185
1778420 185
1778430 185
1778440 185
1778450 185
1778460 185
1778470 185
1778480 184
1778490 184
1778500 184
1778510 184
1778520 184
1778530 183
1778540 183
1778550 183
1778560 183
1778570 183
1778580 184
1778590 184
1778600 184
1778610 184
1778620 184
1778630 184
1778640 184
1778650 184
1778660 184
1778670 184
1778680 185
1778690 185
1778700 185
1778710 185
1778720 185
1778730 185
1778740 184
1778750 184
1778760 184
1778770 184
1778780 183
1778790 183
1778800 183
1778810 183
1778820 183
1778830 183
1778840 183
1778850 183
1778860 183
1778870 183
1778880 183
1778890 183
1778900 184
1778910 184
1778920 184
1778930 184
1778940 185
1778950 185
1778960 186
1778970 186
1778980 186
1778990 185
1779000 184
1779010 183
1779020 182
1779030 182
1779040 182
1779050 182
1779060 182
1779070 182
1779080 182
1779090 181
1779100 181
1779110 181
1779120 181
1779130 181
1779140 181
1779150 181
1779160 181
1779170 181
1779180 181
1779190 181
1779200 181
1779210 181
1779220 181
1779230 181
1779240 181
1779250 181
1779260 181
1779270 181
1779280 181
1779290 181
1779300 181
1779310 181
1779320 181
1779330 181
1779340 181
1779350 181
1779360 181
1779370 181
1779380 181
1779390 181
1779400 181
1779410 181
1779420 181
1779430 181
1779440 181
1779450 181
1779460 181
1779470 181
1779480 181
1779490 181
1779500 181
1779510 181
1779520 181
1779530 181
1779540 182
1779550 182
1779560 182
1779570 182
1779580 182
1779590 182
1779600 182
1779610 182
1779620 182
1779630 182
1779640 182
1779650 182
1779660 182
1779670 182
1779680 182
1779690 182
1779700 182
1779710 182
1779720 182
1779730 181
1779740 181
1779750 181
1779760 181
1779770 181
1779780 181
1779790 181
1779800 181
1779810 181
1779820 181
1779830 181
1779840 181
1779850 181
1779860 181
1779870 181
1779880 181
1779890 181
1779900 181
1779910 181
1779920 181
1779930 181
1779940 181
1779950 181
1779960 181
1779970 181
1779980 181
1779990 181
1760520 278
1760530 276
1760540 274
1760550 274
1760560 273
1760570 273
1760580 273
1760590 273
1760600 273
1760610 274
1760620 274
1760630 274
1760640 275
1760650 276
1760660 277
1760670 278
1760680 279
1760730 282
1760740 282
1760750 283
1760760 283
1760770 283
1760780 284
1760790 284
1760800 284
1760810 284
1760820 285
1760830 285
1760840 285
1760850 285
1760860 286
1760870 286
1760880 286
1760890 286
1760900 286
1760910 286
1760920 286
1760930 286
1760940 286
1760950 287
1760960 287
1760970 287
1760980 287
1761970 240
1761980 239
1761990 242
1762000 245
1762010 248
1762020 250
1762030 252
1762040 254
1762050 256
1762060 257
1762070 259
1762080 261
1762090 263
1762100 265
1762110 267
1762120 269
1762130 270
1762140 272
1762150 274
1762160 275
1762170 277
1762180 277
1762190 278
1762200 278
1762210 278
1762220 279
1762230 279
1762240 280
1762250 280
1762260 280
1762270 280
1762280 280
1762290 280
1762300 280
1762310 280
1762320 280
1762330 280
1762340 280
1762350 280
1762360 279
1762370 279
1762380 279
1762390 279
1762400 279
1762410 279
1762420 279
1762430 278
