1760000 238
1760010 239
1760020 240
1760030 242
1760040 243
1760050 244
1760060 246
1760070 247
1760080 248
1760090 250
1760100 251
1760110 253
1760120 253
1760130 255
1760140 256
1760150 257
1760160 259
1760170 261
1760180 263
1760190 264
1760200 264
1760210 265
1760220 265
1760230 265
1760240 266
1760250 266
1760260 267
1760270 267
1760280 267
1760290 267
1760300 268
1760310 268
1760320 268
1760330 269
1760340 269
1760350 269
1760360 270
1760370 270
1760380 270
1760390 270
1760400 270
1760410 270
1760420 270
1760430 270
1760440 270
1760450 270
1760460 270
1760470 270
1760480 270
1760490 270
1760500 270
1760510 270
1760520 270
1760530 270
1760540 270
1760550 269
1760560 269
1760570 269
1760580 268
1760590 268
1760600 268
1760610 267
1760620 267
1760630 267
1760640 266
1760650 265
1760660 265
1760670 264
1760680 263
1760690 263
1760700 262
1760710 261
1760720 261
1760730 260
1760740 260
1760750 259
1760760 258
1760770 257
1760780 256
1760790 254
1760800 252
1760810 251
1760820 249
1760830 246
1760000 238
1760010 239
1760020 240
1760030 242
1760040 243
1760050 244
1760060 246
1760070 247
1760080 248
1760090 250
1760100 251
1760110 253
1760120 253
1760130 255
1760140 256
1760150 257
1760160 259
1760170 261
1760180 263
1760190 264
1760200 264
1760210 265
1760220 265
1760230 265
1760240 266
1760250 266
1760260 267
1760270 267
1760280 267
1760290 267
1760300 268
1760310 268
1760320 268
1760330 269
1760340 269
1760350 269
1760360 270
1760370 270
1760380 270
1760390 270
1760400 270
1760410 270
1760420 270
1760430 270
1760440 270
1760450 270
1760460 270
1760470 270
1760480 270
1760490 270
1760500 270
1760510 270
1760520 270
1760530 270
1760540 270
1760550 269
1760560 269
1760570 269
1760580 268
1760590 268
1760600 268
1760610 267
1760620 267
1760630 267
1760640 266
1760650 265
1760660 265
1760670 264
1760680 263
1760690 263
1760700 262
1760710 261
1760720 261
1760730 260
1760740 260
1760750 259
1760760 258
1760770 257
1760780 256
1760790 254
1760800 252
1760810 251
1760820 249
1760830 246
