1760000 189
1760010 189
1760020 188
1760030 188
1760040 186
1760050 186
1760060 186
1760070 186
1760080 186
1760090 186
1760100 186
1760110 186
1760120 186
1760130 186
1760140 186
1760150 186
1760160 186
1760170 186
1760180 187
1760190 187
1760200 188
1760210 188
1760220 188
1760230 188
1760240 188
1760250 188
1760260 188
1760270 188
1760280 188
1760290 188
1760300 188
1760310 188
1760320 188
1760330 188
1760340 188
1760350 188
1760360 188
1760370 188
1760380 188
1760390 188
1760400 188
1760410 188
1760420 188
1760430 188
1760440 188
1760450 188
1760460 188
1760470 188
1760480 188
1760490 188
1760500 188
1760510 188
1760520 188
1760530 188
1760540 188
1760550 188
1760560 188
1760570 188
1760580 188
1760590 188
1760600 188
1760610 188
1760620 188
1760630 188
1760640 188
1760650 188
1760660 188
1760670 188
1760680 188
1760690 188
1760700 188
1760710 188
1760720 188
1760730 188
1760740 188
1760750 188
1760760 188
1760770 188
1760780 188
1760790 188
1760800 188
1760810 188
1760820 189
1760830 188
1760840 188
1760850 189
1760860 189
1760870 188
1760880 188
1760890 189
1760900 189
1760910 189
1760920 188
1760930 188
1760940 189
1760950 188
1760960 186
1760970 186
1760980 185
1760990 185
1761000 185
1761010 185
1761020 185
1761030 185
1761040 185
1761050 184
1761060 184
1761070 184
1761080 184
1761090 184
1761100 184
1761110 185
1761120 185
1761130 186
1761140 187
1761150 187
1761160 188
1760000 189
1760010 189
1760020 188
1760030 188
1760040 186
1760050 186
1760060 186
1760070 186
1760080 186
1760090 186
1760100 186
1760110 186
1760120 186
1760130 186
1760140 186
1760150 186
1760160 186
1760170 186
1760180 187
1760190 187
1760200 188
1760210 188
1760220 188
1760230 188
1760240 188
1760250 188
1760260 188
1760270 188
1760280 188
1760290 188
1760300 188
1760310 188
1760320 188
1760330 188
1760340 188
1760350 188
1760360 188
1760370 188
1760380 188
1760390 188
1760400 188
1760410 188
1760420 188
1760430 188
1760440 188
1760450 188
1760460 188
1760470 188
1760480 188
1760490 188
1760500 188
1760510 188
1760520 188
1760530 188
1760540 188
1760550 188
1760560 188
1760570 188
1760580 188
1760590 188
1760600 188
1760610 188
1760620 188
1760630 188
1760640 188
1760650 188
1760660 188
1760670 188
1760680 188
1760690 188
1760700 188
1760710 188
1760720 188
1760730 188
1760740 188
1760750 188
1760760 188
1760770 188
1760780 188
1760790 188
1760800 188
1760810 188
1760820 189
1760830 188
1760840 188
1760850 189
1760860 189
1760870 188
1760880 188
1760890 189
1760900 189
1760910 189
1760920 188
1760930 188
1760940 189
1760950 188
1760960 186
1760970 186
1760980 185
1760990 185
1761000 185
1761010 185
1761020 185
1761030 185
1761040 185
1761050 184
1761060 184
1761070 184
1761080 184
1761090 184
1761100 184
1761110 185
1761120 185
1761130 186
1761140 187
1761150 187
1761160 188
