1760000 186
1760010 186
1760020 186
1760030 186
1760040 186
1760050 186
1760060 186
1760070 186
1760080 186
1760090 186
1760100 186
1760110 186
1760120 186
1760130 186
1760140 186
1760150 186
1760160 186
1760170 186
1760180 186
1760190 186
1760200 186
1760210 186
1760220 186
1760230 186
1760240 186
1760250 185
1760260 185
1760270 185
1760280 185
1760290 185
1760300 185
1760310 185
1760320 185
1760330 185
1760340 185
1760350 185
1760360 185
1760370 185
1760380 185
1760390 185
1760400 185
1760410 186
1760420 185
1760430 185
1760440 184
1760450 184
1760460 185
1760470 185
1760480 185
1760490 185
1760500 185
1760510 185
1760520 185
1760530 185
1760540 185
1760550 185
1760560 185
1760570 185
1760580 185
1760590 185
1760600 185
1760610 185
1760620 185
1760630 185
1760640 185
1760650 185
1760660 185
1760670 185
1760680 185
1760690 185
1760700 185
1760710 185
1760720 185
1760730 185
1760740 185
1760750 185
1760760 185
1760770 185
1760780 185
1760790 185
1760800 185
1760810 185
1760820 185
1760830 185
1760840 185
1760850 185
1760860 185
1760870 185
1760880 185
1760890 185
1760900 185
1760910 185
1760920 185
1760930 185
1760940 185
1760950 185
1760960 185
1760970 185
1760980 185
1760990 185
1761000 185
1761010 185
1761020 185
1761030 185
1761040 185
1761050 185
1761060 185
1761070 185
1761080 185
1761090 185
1761100 185
1761110 185
1761120 185
1761130 185
1761140 185
1761150 185
1761160 185
1761170 185
1761180 185
1761190 185
1761200 185
1761210 185
1761220 185
1761230 185
1761240 185
1761250 185
1761260 185
1761270 185
1761280 185
1761290 186
1761300 186
1761310 186
1761320 186
1761330 186
1761340 186
1761350 186
1761360 186
1761370 186
1761380 186
1761390 186
1761400 186
1761410 186
1761420 186
1761430 186
1761440 186
1761450 186
1761460 186
1761470 186
1761480 186
1761490 186
1761500 186
1761510 186
1761520 186
1761530 186
1761540 186
1761550 186
1761560 186
1761570 186
1761580 186
1761590 186
1761600 186
1761610 186
1761620 186
1761630 186
1761640 185
1761650 185
1761660 185
1761670 185
1761680 185
1761690 185
1761700 185
1761710 185
1761720 185
1761730 185
1761740 185
1761750 185
1761760 185
1761770 185
1761780 185
1761790 185
1761800 185
1761810 185
1761820 185
1761830 185
1761840 185
1761850 185
1761860 185
1761870 185
1761880 185
1761890 185
1761900 185
1761910 185
1761920 186
1761930 186
1761940 186
1761950 186
1761960 186
1761970 186
1761980 186
1761990 186
1762000 185
1762010 185
1762020 185
1762030 185
1762040 185
1762050 185
1762060 185
1762070 185
1762080 185
1762090 184
1762100 184
1762110 184
1762120 184
1762130 184
1762140 185
1762150 185
1762160 186
1762170 187
1762180 187
1762190 187
1762200 187
1762210 187
1762220 187
1762230 187
1762240 186
1762250 186
1762260 186
1762270 186
1762280 186
1762290 186
1762300 186
1762310 186
1762320 186
1762330 186
1762340 186
1762350 186
1762360 186
1762370 186
1762380 186
1762390 186
1762400 186
1762410 186
1762420 186
1762430 186
1762440 186
1762450 186
1762460 186
1762470 186
1762480 186
1762490 186
1762500 186
1762510 186
1762520 185
1762530 185
1762540 185
1762550 185
1762560 185
1762570 185
1762580 185
1762590 185
1762600 185
1762610 185
1762620 185
1762630 185
1762640 185
1762650 185
1762660 185
1762670 185
1762680 185
1762690 185
1762700 185
1762710 185
1762720 185
1762730 185
1762740 185
1762750 185
1762760 185
1762770 185
1762780 185
1762790 185
1762800 185
1762810 185
1762820 185
1762830 184
1762840 184
1762850 184
1762860 184
1762870 184
1762880 184
1762890 185
1762900 184
1762910 184
1762920 184
1762930 184
1762940 184
1762950 184
1762960 184
1762970 184
1762980 184
1762990 184
1763000 184
1763010 184
1763020 184
1763030 184
1763040 184
1763050 184
1763060 185
1763070 185
1763080 186
1763090 186
1763100 186
1763110 186
1763120 185
1763130 185
1763140 185
1763150 185
1763160 185
1763170 185
1763180 185
1763190 185
1763200 185
1763210 185
1763220 185
1763230 185
1763240 185
1763250 185
1763260 185
1763270 185
1763280 185
1763290 185
1763300 185
1763310 185
1763320 185
1763330 185
1763340 184
1763350 184
1763360 184
1763370 184
1763380 184
1763390 184
1763400 184
1763410 184
1763420 184
1763430 184
1763440 185
1763450 185
1763460 185
1763470 185
1763480 185
1763490 185
1763500 185
1763510 185
1763520 185
1763530 185
1763540 185
1763550 185
1763560 185
1763570 185
1763580 185
1763590 185
1763600 185
1763610 185
1763620 185
1763630 185
1763640 185
1763650 185
1763660 185
1763670 185
1763680 185
1763690 185
1763700 185
1763710 185
1763720 185
1763730 185
1763740 185
1763750 184
1763760 184
1763770 184
1763780 185
1763790 185
1763800 185
1763810 185
1763820 184
1763830 184
1763840 184
1763850 184
1763860 184
1763870 183
1763880 183
1763890 184
1763900 184
1763910 184
1763920 184
1763930 184
1763940 184
1763950 184
1763960 184
1763970 184
1763980 184
1763990 183
1764000 183
1764010 183
1764020 183
1764030 183
1764040 183
1764050 183
1764060 184
1764070 184
1764080 184
1764090 184
1764100 184
1764110 184
1764120 184
1764130 184
1764140 184
1764150 184
1764160 184
1764170 184
1764180 184
1764190 184
1764200 184
1764210 184
1764220 183
1764230 183
1764240 183
1764250 184
1764260 184
1764270 184
1764280 184
1764290 184
1764300 184
1764310 184
1764320 184
1764330 184
1764340 184
1764350 184
1764360 184
1764370 184
1764380 184
1764390 184
1764400 184
1764410 184
1764420 184
1764430 184
1764440 184
1764450 184
1764460 184
1764470 184
1764480 184
1764490 184
1764500 184
1764510 185
1764520 185
1764530 185
1764540 185
1764550 185
1764560 185
1764570 185
1764580 185
1764590 185
1764600 185
1764610 185
1764620 185
1764630 185
1764640 185
1764650 185
1764660 185
1764670 185
1764680 185
1764690 185
1764700 185
1764710 185
1764720 184
1764730 184
1764740 184
1764750 184
1764760 184
1764770 184
1764780 184
1764790 184
1764800 184
1764810 184
1764820 184
1764830 184
1764840 184
1764850 184
1764860 184
1764870 184
1764880 185
1764890 185
1764900 185
1764910 185
1764920 185
1764930 184
1764940 184
1764950 184
1764960 184
1764970 184
1764980 184
1764990 184
1765000 184
1765010 185
1765020 185
1765030 185
1765040 185
1765050 185
1765060 185
1765070 185
1765080 185
1765090 185
1765100 185
1765110 185
1765120 185
1765130 185
1765140 185
1765150 185
1765160 185
1765170 185
1765180 185
1765190 185
1765200 185
1765210 185
1765220 185
1765230 185
1765240 185
1765250 185
1765260 185
1765270 185
1765280 185
1765290 185
1765300 185
1765310 185
1765320 185
1765330 185
1765340 185
1765350 185
1765360 185
1765370 185
1765380 185
1765390 185
1765400 185
1765410 185
1765420 185
1765430 185
1765440 185
1765450 185
1765460 185
1765470 185
1765480 185
1765490 185
1765500 185
1765510 185
1765520 185
1765530 185
1765540 185
1765550 185
1765560 185
1765570 185
1765580 185
1765590 185
1765600 185
1765610 185
1765620 185
1765630 185
1765640 185
1765650 185
1765660 185
1765670 185
1765680 185
1765690 185
1765700 185
1765710 185
1765720 185
1765730 185
1765740 185
1765750 185
1765760 185
1765770 185
1765780 185
1765790 185
1765800 185
1765810 185
1765820 185
1765830 185
1765840 185
1765850 185
1765860 185
1765870 185
1765880 185
1765890 185
1765900 185
1765910 185
1765920 185
1765930 185
1765940 185
1765950 185
1765960 185
1765970 184
1765980 184
1765990 184
1766000 184
1766010 184
1766020 184
1766030 184
1766040 184
1766050 184
1766060 184
1766070 184
1766080 184
1766090 184
1766100 184
1766110 184
1766120 184
1766130 184
1766140 184
1766150 184
1766160 184
1766170 184
1766180 184
1766190 184
1766200 184
1766210 184
1766220 184
1766230 184
1766240 184
1766250 184
1766260 184
1766270 184
1766280 184
1766290 184
1766300 184
1766310 184
1766320 184
1766330 184
1766340 184
1766350 184
1766360 184
1766370 184
1766380 184
1766390 184
1766400 184
1766410 184
1766420 184
1766430 184
1766440 184
1766450 184
1766460 184
1766470 184
1766480 184
1766490 184
1766500 184
1766510 184
1766520 184
1766530 184
1766540 184
1766550 184
1766560 184
1766570 184
1766580 184
1766590 184
1766600 183
1766610 183
1766620 183
1766630 183
1766640 183
1766650 183
1766660 183
1766670 183
1766680 183
1766690 183
1766700 183
1766710 184
1766720 184
1766730 184
1766740 184
1766750 184
1766760 184
1766770 184
1766780 184
1766790 184
1766800 184
1766810 184
1766820 184
1766830 184
1766840 184
1766850 184
1766860 184
1766870 184
1766880 184
1766890 184
1766900 184
1766910 184
1766920 184
1766930 184
1766940 184
1766950 184
1766960 184
1766970 184
1766980 184
1766990 184
1767000 184
1767010 184
1767020 184
1767030 184
1767040 184
1767050 184
1767060 184
1767070 184
1767080 183
1767090 183
1767100 183
1767110 183
1767120 183
1767130 183
1767140 183
1767150 183
1767160 183
1767170 183
1767180 183
1767190 183
1767200 183
1767210 183
1767220 183
1767230 183
1767240 183
1767250 183
1767260 183
1767270 183
1767280 183
1767290 183
1767300 183
1767310 183
1767320 183
1767330 183
1767340 183
1767350 183
1767360 183
1767370 183
1767380 183
1767390 183
1767400 183
1767410 183
1767420 183
1767430 183
1767440 183
1767450 183
1767460 183
1767470 183
1767480 183
1767490 183
1767500 183
1767510 183
1767520 183
1767530 183
1767540 183
1767550 183
1767560 183
1767570 183
1767580 183
1767590 183
1767600 183
1767610 183
1767620 183
1767630 183
1767640 183
1767650 183
1767660 184
1767670 184
1767680 183
1767690 183
1767700 183
1767710 183
1767720 183
1767730 183
1767740 183
1767750 183
1767760 183
1767770 183
1767780 183
1767790 183
1767800 183
1767810 183
1767820 183
1767830 183
1767840 183
1767850 183
1767860 182
1767870 182
1767880 183
1767890 183
1767900 183
1767910 183
1767920 183
1767930 183
1767940 183
1767950 183
1767960 183
1767970 183
1767980 183
1767990 183
1768000 183
1768010 183
1768020 182
1768030 182
1768040 182
1768050 182
1768060 182
1768070 182
1768080 182
1768090 182
1768100 182
1768110 182
1768120 182
1768130 182
1768140 182
1768150 182
1768160 182
1768170 182
1768180 182
1768190 182
1768200 182
1768210 182
1768220 182
1768230 182
1768240 182
1768250 182
1768260 182
1768270 182
1768280 182
1768290 182
1768300 182
1768310 182
1768320 182
1768330 182
1768340 182
1768350 183
1768360 184
1768370 185
1768380 185
1768390 185
1768400 185
1768410 185
1768420 185
1768430 185
1768440 184
1768450 184
1768460 184
1768470 184
1768480 184
1768490 184
1768500 184
1768510 184
1768520 184
1768530 184
1768540 184
1768550 185
1768560 185
1768570 185
1768580 185
1768590 185
1768600 185
1768610 185
1768620 185
1768630 185
1768640 185
1768650 185
1768660 185
1768670 185
1768680 185
1768690 185
1768700 185
1768710 185
1768720 185
1768730 185
1768740 185
1768750 185
1768760 185
1768770 185
1768780 184
1768790 184
1768800 184
1768810 184
1768820 184
1768830 184
1768840 184
1768850 184
1768860 184
1768870 184
1768880 184
1768890 185
1768900 185
1768910 185
1768920 185
1768930 185
1768940 185
1768950 185
1768960 185
1768970 185
1768980 185
1768990 185
1769000 185
1769010 185
1769020 185
1769030 185
1769040 185
1769050 185
1769060 185
1769070 185
1769080 185
1769090 185
1769100 185
1769110 185
1769120 185
1769130 185
1769140 185
1769150 185
1769160 185
1769170 185
1769180 185
1769190 185
1769200 185
1769210 186
1769220 186
1769230 186
1769240 186
1769250 186
1769260 186
1769270 186
1769280 185
1769290 185
1769300 185
1769310 185
1769320 185
1769330 185
1769340 185
1769350 185
1769360 185
1769370 185
1769380 185
1769390 186
1769400 186
1769410 186
1769420 186
1769430 186
1769440 186
1769450 187
1769460 187
1769470 187
1769480 187
1769490 187
1769500 187
1769510 187
1769520 187
1769530 187
1769540 186
1769550 186
1769560 186
1769570 186
1769580 186
1769590 185
1769600 185
1769610 185
1769620 185
1769630 185
1769640 185
1769650 185
1769660 185
1769670 185
1769680 185
1769690 185
1769700 185
1769710 185
1769720 185
1769730 185
1769740 185
1769750 185
1769760 185
1769770 184
1769780 184
1769790 184
1769800 185
1769810 185
1769820 185
1769830 185
1769840 186
1769850 186
1769860 185
1769870 185
1769880 185
1769890 185
1769900 185
1769910 185
1769920 185
1769930 185
1769940 185
1769950 185
1769960 185
1769970 185
1769980 184
1769990 184
1770000 184
1770010 184
1770020 184
1770030 184
1770040 184
1770050 184
1770060 184
1770070 184
1770080 184
1770090 184
1770100 184
1770110 184
1770120 184
1770130 184
1770140 184
1770150 184
1770160 184
1770170 184
1770180 184
1770190 184
1770200 184
1770210 184
1770220 184
1770230 184
1770240 184
1770250 183
1770260 183
1770270 183
1770280 184
1770290 184
1770300 184
1770310 184
1770320 184
1770330 185
1770340 185
1770350 185
1770360 185
1770370 185
1770380 184
1770390 184
1770400 184
1770410 184
1770420 184
1770430 183
1770440 182
1770450 181
1770460 180
1770470 180
1770480 180
1770490 180
1770500 180
1770510 180
1770520 180
1770530 180
1770540 180
1770550 180
1770560 180
1770570 180
1770580 180
1770590 180
1770600 180
1770610 180
1770620 180
1770630 180
1770640 180
1770650 180
1770660 180
1770670 180
1770680 180
1770690 180
1770700 180
1770710 180
1770720 180
1770730 180
1770740 180
1770750 180
1770760 180
1770770 180
1770780 180
1770790 180
1770800 180
1770810 180
1770820 180
1770830 181
1770840 181
1770850 181
1770860 180
1770870 180
1770880 180
1770890 182
1770900 185
1770910 186
1770920 186
1770930 185
1770940 185
1770950 185
1770960 185
1770970 185
1770980 185
1770990 185
1771000 184
1771010 184
1771020 183
1771030 182
1771040 181
1771050 181
1771060 180
1771070 180
1771080 180
1771090 180
1771100 180
1771110 180
1771120 180
1771130 180
1771140 180
1771150 180
1771160 180
1771170 180
1771180 180
1771190 180
1771200 180
1771210 180
1771220 180
1771230 180
1771240 180
1771250 180
1771260 180
1771270 180
1771280 180
1771290 180
1771300 180
1771310 181
1771320 182
1771330 183
1771340 184
1771350 184
1771360 184
1771370 184
1771380 184
1771390 184
1771400 184
1771410 184
1771420 184
1771430 184
1771440 184
1771450 184
1771460 184
1771470 184
1771480 184
1771490 184
1771500 184
1771510 184
1771520 183
1771530 183
1771540 183
1771550 183
1771560 183
1771570 183
1771580 183
1771590 183
1771600 183
1771610 183
1771620 183
1771630 183
1771640 183
1771650 183
1771660 183
1771670 183
1771680 183
1771690 183
1771700 183
1771710 183
1771720 183
1771730 183
1771740 183
1771750 183
1771760 183
1771770 183
1771780 183
1771790 183
1771800 183
1771810 183
1771820 183
1771830 183
1771840 183
1771850 183
1771860 183
1771870 183
1771880 183
1771890 183
1771900 183
1771910 183
1771920 183
1771930 183
1771940 184
1771950 184
1771960 184
1771970 183
1771980 183
1771990 183
1772000 183
1772010 183
1772020 183
1772030 183
1772040 183
1772050 183
1772060 183
1772070 183
1772080 183
1772090 183
1772100 183
1772110 183
1772120 183
1772130 183
1772140 183
1772150 184
1772160 184
1772170 184
1772180 184
1772190 184
1772200 184
1772210 184
1772220 184
1772230 184
1772240 184
1772250 184
1772260 184
1772270 184
1772280 184
1772290 184
1772300 184
1772310 184
1772320 184
1772330 184
1772340 184
1772350 184
1772360 184
1772370 184
1772380 184
1772390 184
1772400 184
1772410 184
1772420 184
1772430 184
1772440 184
1772450 184
1772460 184
1772470 184
1772480 184
1772490 184
1772500 184
1772510 184
1772520 184
1772530 184
1772540 184
1772550 184
1772560 184
1772570 184
1772580 184
1772590 184
1772600 184
1772610 184
1772620 184
1772630 184
1772640 184
1772650 184
1772660 184
1772670 184
1772680 184
1772690 184
1772700 184
1772710 184
1772720 183
1772730 184
1772740 184
1772750 184
1772760 184
1772770 184
1772780 184
1772790 184
1772800 184
1772810 184
1772820 184
1772830 184
1772840 184
1772850 184
1772860 184
1772870 184
1772880 184
1772890 184
1772900 184
1772910 184
1772920 184
1772930 184
1772940 184
1772950 184
1772960 184
1772970 184
1772980 184
1772990 184
1773000 184
1773010 184
1773020 184
1773030 184
1773040 184
1773050 184
1773060 184
1773070 184
1773080 184
1773090 184
1773100 184
1773110 184
1773120 184
1773130 184
1773140 184
1773150 184
1773160 184
1773170 184
1773180 184
1773190 184
1773200 184
1773210 184
1773220 184
1773230 184
1773240 184
1773250 184
1773260 184
1773270 184
1773280 184
1773290 184
1773300 183
1773310 183
1773320 183
1773330 184
1773340 184
1773350 184
1773360 184
1773370 183
1773380 183
1773390 183
1773400 183
1773410 183
1773420 183
1773430 183
1773440 183
1773450 183
1773460 183
1773470 183
1773480 183
1773490 183
1773500 183
1773510 183
1773520 183
1773530 183
1773540 183
1773550 183
1773560 183
1773570 183
1773580 183
1773590 183
1773600 183
1773610 183
1773620 183
1773630 183
1773640 183
1773650 183
1773660 183
1773670 183
1773680 183
1773690 183
1773700 183
1773710 183
1773720 183
1773730 183
1773740 183
1773750 183
1773760 183
1773770 183
1773780 183
1773790 183
1773800 183
1773810 183
1773820 183
1773830 183
1773840 183
1773850 183
1773860 183
1773870 183
1773880 183
1773890 184
1773900 184
1773910 184
1773920 184
1773930 184
1773940 184
1773950 184
1773960 184
1773970 184
1773980 184
1773990 184
1774000 184
1774010 184
1774020 184
1774030 184
1774040 184
1774050 184
1774060 184
1774070 184
1774080 184
1774090 183
1774100 184
1774110 184
1774120 184
1774130 184
1774140 184
1774150 184
1774160 184
1774170 184
1774180 184
1774190 183
1774200 183
1774210 183
1774220 183
1774230 183
1774240 183
1774250 183
1774260 183
1774270 183
1774280 183
1774290 183
1774300 183
1774310 183
1774320 183
1774330 183
1774340 183
1774350 183
1774360 183
1774370 183
1774380 183
1774390 183
1774400 183
1774410 183
1774420 183
1774430 183
1774440 183
1774450 183
1774460 183
1774470 183
1774480 183
1774490 183
1774500 183
1774510 183
1774520 183
1774530 183
1774540 183
1774550 183
1774560 183
1774570 183
1774580 183
1774590 183
1774600 183
1774610 183
1774620 183
1774630 183
1774640 183
1774650 183
1774660 183
1774670 183
1774680 183
1774690 183
1774700 183
1774710 183
1774720 183
1774730 183
1774740 183
1774750 183
1774760 183
1774770 183
1774780 183
1774790 183
1774800 183
1774810 183
1774820 183
1774830 183
1774840 183
1774850 183
1774860 183
1774870 183
1774880 183
1774890 183
1774900 183
1774910 183
1774920 183
1774930 183
1774940 183
1774950 183
1774960 183
1774970 183
1774980 183
1774990 183
1775000 183
1775010 183
1775020 183
1775030 183
1775040 183
1775050 182
1775060 182
1775070 182
1775080 182
1775090 182
1775100 182
1775110 182
1775120 182
1775130 182
1775140 182
1775150 182
1775160 182
1775170 182
1775180 182
1775190 182
1775200 182
1775210 182
1775220 182
1775230 182
1775240 182
1775250 182
1775260 182
1775270 182
1775280 182
1775290 182
1775300 182
1775310 182
1775320 182
1775330 182
1775340 182
1775350 182
1775360 182
1775370 182
1775380 182
1775390 182
1775400 182
1775410 182
1775420 182
1775430 182
1775440 182
1775450 182
1775460 182
1775470 182
1775480 182
1775490 182
1775500 182
1775510 182
1775520 182
1775530 182
1775540 182
1775550 182
1775560 182
1775570 182
1775580 182
1775590 182
1775600 182
1775610 182
1775620 182
1775630 182
1775640 182
1775650 182
1775660 182
1775670 182
1775680 182
1775690 182
1775700 182
1775710 182
1775720 182
1775730 182
1775740 182
1775750 182
1775760 182
1775770 182
1775780 182
1775790 182
1775800 182
1775810 182
1775820 182
1775830 182
1775840 182
1775850 182
1775860 182
1775870 182
1775880 182
1775890 182
1775900 182
1775910 182
1775920 182
1775930 182
1775940 182
1775950 182
1775960 182
1775970 182
1775980 182
1775990 182
1776000 182
1776010 182
1776020 182
1776030 182
1776040 182
1776050 182
1776060 182
1776070 182
1776080 182
1776090 182
1776100 182
1776110 182
1776120 182
1776130 182
1776140 182
1776150 182
1776160 182
1776170 182
1776180 183
1776190 182
1776200 182
1776210 182
1776220 182
1776230 182
1776240 182
1776250 182
1776260 182
1776270 182
1776280 182
1776290 182
1776300 182
1776310 182
1776320 182
1776330 182
1776340 182
1776350 182
1776360 182
1776370 182
1776380 182
1776390 182
1776400 182
1776410 182
1776420 182
1776430 182
1776440 182
1776450 182
1776460 182
1776470 182
1776480 182
1776490 182
1776500 182
1776510 181
1776520 181
1776530 181
1776540 181
1776550 181
1776560 181
1776570 181
1776580 182
1776590 182
1776600 182
1776610 182
1776620 182
1776630 182
1776640 182
1776650 182
1776660 182
1776670 182
1776680 182
1776690 182
1776700 182
1776710 182
1776720 182
1776730 182
1776740 182
1776750 182
1776760 182
1776770 182
1776780 182
1776790 182
1776800 182
1776810 182
1776820 182
1776830 182
1776840 182
1776850 182
1776860 182
1776870 182
1776880 182
1776890 182
1776900 182
1776910 182
1776920 182
1776930 182
1776940 182
1776950 182
1776960 182
1776970 182
1776980 182
1776990 182
1777000 182
1777010 182
1777020 182
1777030 182
1777040 182
1777050 182
1777060 182
1777070 182
1777080 182
1777090 182
1777100 182
1777110 182
1777120 182
1777130 182
1777140 182
1777150 182
1777160 182
1777170 182
1777180 182
1777190 182
1777200 182
1777210 182
1777220 182
1777230 182
1777240 182
1777250 182
1777260 182
1777270 182
1777280 182
1777290 182
1777300 182
1777310 182
1777320 182
1777330 182
1777340 182
1777350 182
1777360 182
1777370 182
1777380 182
1777390 182
1777400 182
1777410 182
1777420 182
1777430 182
1777440 182
1777450 182
1777460 182
1777470 182
1777480 182
1777490 182
1777500 182
1777510 182
1777520 182
1777530 182
1777540 182
1777550 182
1777560 182
1777570 182
1777580 182
1777590 182
1777600 182
1777610 182
1777620 182
1777630 182
1777640 182
1777650 182
1777660 182
1777670 182
1777680 182
1777690 182
1777700 182
1777710 181
1777720 181
1777730 181
1777740 181
1777750 181
1777760 181
1777770 181
1777780 181
1777790 181
1777800 181
1777810 181
1777820 181
1777830 181
1777840 181
1777850 181
1777860 181
1777870 181
1777880 181
1777890 181
1777900 181
1777910 181
1777920 181
1777930 181
1777940 181
1777950 181
1777960 181
1777970 181
1777980 181
1777990 181
1778000 181
1778010 181
1778020 181
1778030 181
1778040 181
1778050 181
1778060 181
1778070 181
1778080 181
1778090 181
1778100 181
1778110 181
1778120 181
1778130 181
1778140 181
1778150 181
1778160 181
1778170 182
1778180 182
1778190 182
1778200 182
1778210 182
1778220 182
1778230 182
1778240 182
1778250 182
1778260 182
1778270 182
1778280 182
1778290 182
1778300 182
1778310 182
1778320 182
1778330 182
1778340 182
1778350 182
1778360 182
1778370 182
1778380 182
1778390 182
1778400 182
1778410 182
1778420 182
1778430 182
1778440 182
1778450 182
1778460 182
1778470 182
1778480 182
1778490 182
1778500 182
1778510 182
1778520 182
1778530 182
1778540 182
1778550 182
1778560 182
1778570 182
1778580 182
1778590 182
1778600 182
1778610 182
1778620 182
1778630 182
1778640 182
1778650 182
1778660 182
1778670 182
1778680 182
1778690 182
1778700 182
1778710 182
1778720 182
1778730 182
1778740 182
1778750 181
1778760 181
1778770 181
1778780 181
1778790 181
1778800 181
1778810 181
1778820 181
1778830 181
1778840 182
1778850 182
1778860 182
1778870 182
1778880 182
1778890 182
1778900 182
1778910 182
1778920 182
1778930 182
1778940 182
1778950 182
1778960 182
1778970 182
1778980 182
1778990 182
1779000 183
1779010 183
1779020 183
1779030 183
1779040 183
1779050 183
1779060 183
1779070 183
1779080 183
1779090 183
1779100 183
1779110 183
1779120 183
1779130 183
1779140 183
1779150 182
1779160 182
1779170 182
1779180 182
1779190 182
1779200 182
1779210 182
1779220 182
1779230 182
1779240 182
1779250 182
1779260 182
1779270 182
1779280 182
1779290 182
1779300 182
1779310 183
1779320 183
1779330 183
1779340 183
1779350 183
1779360 183
1779370 183
1779380 183
1779390 183
1779400 183
1779410 183
1779420 183
1779430 182
1779440 182
1779450 182
1779460 182
1779470 182
1779480 182
1779490 182
1779500 182
1779510 182
1779520 182
1779530 182
1779540 182
1779550 182
1779560 182
1779570 182
1779580 182
1779590 182
1779600 182
1779610 182
1779620 182
1779630 182
1779640 182
1779650 182
1779660 182
1779670 182
1779680 182
1779690 182
1779700 182
1779710 182
1779720 182
1779730 182
1779740 182
1779750 182
1779760 182
1779770 182
1779780 182
1779790 182
1779800 182
1779810 182
1779820 181
1779830 181
1779840 181
1779850 181
1779860 182
1779870 182
1779880 182
1779890 182
1779900 183
1779910 183
1779920 183
1779930 183
1779940 184
1779950 184
1779960 183
1779970 183
1779980 182
1779990 182
