1760000 220
1760010 220
1760020 220
1760030 220
1760040 220
1760050 220
1760060 220
1760070 220
1760080 220
1760090 220
1760100 220
1760110 220
1760120 220
1760130 220
1760140 220
1760150 220
1760160 220
1760170 220
1760180 220
1760190 220
1760200 220
1760210 220
1760220 220
1760230 220
1760240 220
1760250 221
1760260 221
1760270 221
1760280 222
1760290 222
1760300 222
1760310 222
1760320 221
1760330 221
1760340 221
1760350 221
1760360 221
1760370 221
1760380 221
1760390 221
1760400 221
1760410 221
1760420 221
1760430 221
1760440 221
1760450 221
1760460 221
1760470 221
1760480 221
1760490 221
1760500 221
1760510 221
1760520 221
1760530 220
1760540 220
1760550 220
1760560 220
1760570 220
1760580 220
1760590 220
1760600 220
1760610 220
1760620 220
1760630 220
1760640 220
1760650 220
1760660 220
1760670 220
1760680 220
1760690 220
1760700 220
1760710 220
1760720 220
1760730 220
1760740 220
1760750 220
1760760 220
1760770 220
1760780 220
1760790 220
1760800 220
1760810 220
1760820 220
1760830 220
1760840 220
1760850 220
1760860 220
1760870 220
1760880 220
1760890 220
1760900 220
1760910 220
1760920 220
1760930 220
1760940 220
1760950 220
1760960 221
1760970 221
1760980 221
1760990 221
1761000 221
1761010 221
1761020 221
1761030 221
1761040 221
1761050 221
1761060 221
1761070 221
1761080 221
1761090 221
1761100 221
1761110 221
1761120 221
1761130 221
1761140 221
1761150 221
1761160 221
1761170 221
1761180 221
1761190 221
1761200 221
1761210 221
1761220 221
1761230 221
1761240 221
1761250 221
1761260 221
1761270 221
1761280 221
1761290 221
1761300 222
1761310 222
1761320 222
1761330 222
1761340 222
1761350 222
1761360 222
1761370 222
1761380 222
1761390 222
1761400 222
1761410 222
1761420 222
1761430 222
1761440 222
1761450 222
1761460 222
1761470 222
1761480 222
1761490 222
1761500 222
1761510 222
1761520 222
1761530 222
1761540 222
1761550 222
1761560 222
1761570 222
1761580 222
1761590 222
1761600 222
1761610 222
1761620 222
1761630 222
1761640 223
1761650 223
1761660 223
1761670 223
1761680 223
1761690 223
1761700 223
1761710 223
1761720 223
1761730 223
1761740 223
1761750 223
1761760 223
1761770 223
1761780 223
1761790 223
1761800 224
1761810 224
1761820 225
1761830 225
1761840 225
1761850 226
1761860 225
1761870 225
1761880 225
1761890 225
1761900 224
1761910 224
1761920 224
1761930 224
1761940 224
1761950 224
1761960 224
1761970 224
1761980 224
1761990 224
1762000 224
1762010 224
1762020 224
1762030 224
1762040 224
1762050 224
1762060 224
1762070 224
1762080 224
1762090 224
1762100 224
1762110 224
1762120 224
1762130 224
1762140 224
1762150 224
1762160 224
1762170 224
1762180 224
1762190 224
1762200 224
1762210 224
1762220 224
1762230 224
1762240 224
1762250 224
1762260 224
1762270 224
1762280 224
1762290 224
1762300 224
1762310 224
1762320 224
1762330 224
1762340 224
1762350 224
1762360 224
1762370 224
1762380 224
1762390 224
1762400 224
1762410 224
1762420 224
1762430 224
1762440 224
1762450 224
1762460 224
1762470 224
1762480 225
1762490 225
1762500 225
1762510 225
1762520 225
1762530 225
1762540 225
1762550 225
1762560 225
1762570 225
1762580 225
1762590 225
1762600 225
1762610 225
1762620 225
1762630 226
1762640 226
1762650 226
1762660 226
1762670 226
1762680 226
1762690 226
1762700 226
1762710 226
1762720 226
1762730 226
1762740 227
1762750 227
1762760 227
1762770 227
1762780 227
1762790 227
1762800 227
1762810 227
1762820 227
1762830 227
1762840 227
1762850 227
1762860 227
1762870 227
1762880 227
1762890 227
1762900 227
1762910 227
1762920 227
1762930 227
1762940 227
1762950 227
1762960 227
1762970 227
1762980 227
1762990 228
1763000 228
1763010 228
1763020 228
1763030 228
1763040 228
1763050 228
1763060 228
1763070 228
1763080 228
1763090 228
1763100 228
1763110 228
1763120 228
1763130 228
1763140 228
1763150 228
1763160 228
1763170 228
1763180 228
1763190 229
1763200 229
1763210 229
1763220 229
1763230 229
1763240 229
1763250 229
1763260 229
1763270 229
1763280 229
1763290 229
1763300 229
1763310 229
1763320 229
1763330 229
1763340 229
1763350 229
1763360 229
1763370 229
1763380 229
1763390 229
1763400 229
1763410 229
1763420 229
1763430 229
1763440 229
1763450 229
1763460 229
1763470 229
1763480 229
1763490 229
1763500 229
1763510 229
1763520 229
1763530 229
1763540 229
1763550 229
1763560 229
1763570 229
1763580 229
1763590 229
1763600 229
1763610 230
1763620 230
1763630 230
1763640 230
1763650 230
1763660 230
1763670 230
1763680 230
1763690 230
1763700 230
1763710 230
1763720 231
1763730 231
1763740 231
1763750 231
1763760 231
1763770 231
1763780 231
1763790 231
1763800 231
1763810 231
1763820 232
1763830 232
1763840 232
1763850 232
1763860 232
1763870 232
1763880 232
1763890 232
1763900 232
1763910 232
1763920 232
1763930 232
1763940 232
1763950 232
1763960 232
1763970 233
1763980 233
1763990 233
1764000 233
1764010 233
1764020 233
1764030 233
1764040 233
1764050 233
1764060 233
1764070 233
1764080 233
1764090 233
1764100 233
1764110 233
1764120 233
1764130 234
1764140 234
1764150 234
1764160 234
1764170 234
1764180 234
1764190 234
1764200 234
1764210 234
1764220 234
1764230 234
1764240 234
1764250 234
1764260 234
1764270 234
1764280 234
1764290 234
1764300 234
1764310 234
1764320 234
1764330 234
1764340 234
1764350 234
1764360 234
1764370 234
1764380 234
1764390 234
1764400 234
1764410 234
1764420 234
1764430 234
1764440 234
1764450 234
1764460 234
1764470 234
1764480 234
1764490 234
1764500 234
1764510 234
1764520 234
1764530 234
1764540 234
1764550 234
1764560 234
1764570 234
1764580 234
1764590 234
1764600 234
1764610 234
1764620 234
1764630 234
1764640 234
1764650 234
1764660 234
1764670 234
1764680 234
1764690 234
1764700 234
1764710 234
1764720 234
1764730 234
1764740 234
1764750 234
1764760 234
1764770 234
1764780 234
1764790 234
1764800 234
1764810 234
1764820 234
1764830 234
1764840 234
1764850 234
1764860 234
1764870 234
1764880 234
1764890 234
1764900 234
1764910 234
1764920 234
1764930 234
1764940 234
1764950 234
1764960 234
1764970 234
1764980 234
1764990 234
1765000 234
1765010 234
1765020 234
1765030 234
1765040 234
1765050 234
1765060 234
1765070 234
1765080 234
1765090 234
1765100 234
1765110 234
1765120 234
1765130 234
1765140 234
1765150 233
1765160 234
1765170 234
1765180 234
1765190 234
1765200 234
1765210 233
1765220 233
1765230 233
1765240 233
1765250 233
1765260 233
1765270 233
1765280 233
1765290 233
1765300 233
1765310 233
1765320 233
1765330 232
1765340 232
1765350 232
1765360 232
1765370 232
1765380 232
1765390 232
1765400 232
1765410 232
1765420 232
1765430 232
1765440 232
1765450 232
1765460 232
1765470 232
1765480 232
1765490 232
1765500 231
1765510 231
1765520 231
1765530 231
1765540 231
1765550 231
1765560 231
1765570 231
1765580 231
1765590 231
1765600 231
1765610 230
1765620 230
1765630 230
1765640 230
1765650 230
1765660 229
1765670 229
1765680 229
1765690 229
1765700 229
1765710 229
1765720 229
1765730 229
1765740 229
1765750 229
1765760 229
1765770 229
1765780 229
1765790 229
1765800 229
1765810 229
1765820 229
1765830 229
1765840 229
1765850 229
1765860 229
1765870 229
1765880 229
1765890 229
1765900 229
1765910 229
1765920 229
1765930 229
1765940 229
1765950 229
1765960 229
1765970 229
1765980 229
1765990 229
1766000 229
1766010 229
1766020 229
1766030 229
1766040 229
1766050 229
1766060 229
1766070 229
1766080 229
1766090 229
1766100 229
1766110 229
1766120 229
1766130 229
1766140 229
1766150 229
1766160 229
1766170 229
1766180 229
1766190 229
1766200 229
1766210 229
1766220 229
1766230 229
1766240 229
1766250 229
1766260 229
1766270 229
1766280 229
1766290 229
1766300 229
1766310 229
1766320 229
1766330 229
1766340 228
1766350 228
1766360 228
1766370 228
1766380 228
1766390 228
1766400 228
1766410 228
1766420 228
1766430 228
1766440 228
1766450 228
1766460 228
1766470 228
1766480 228
1766490 228
1766500 228
1766510 229
1766520 229
1766530 229
1766540 229
1766550 229
1766560 229
1766570 229
1766580 229
1766590 228
1766600 228
1766610 228
1766620 228
1766630 228
1766640 228
1766650 228
1766660 228
1766670 227
1766680 227
1766690 227
1766700 227
1766710 227
1766720 227
1766730 226
1766740 226
1766750 226
1766760 226
1766770 226
1766780 226
1766790 226
1766800 226
1766810 225
1766820 224
1766830 221
1766840 219
1766850 217
1766860 215
1766870 216
1766880 219
1766890 222
1766900 224
1766910 225
1766920 225
1766930 225
1766940 225
1766950 225
1766960 226
1766970 226
1766980 228
1766990 230
1767000 231
1767010 232
1767020 232
1767030 233
1767040 235
1767050 237
1767060 238
1767070 239
1767080 239
1767090 238
1767100 239
1767110 239
1767120 240
1767130 241
1767140 242
1767150 242
1767160 242
1767170 242
1767180 243
1767190 243
1767200 243
1767210 243
1767220 243
1767230 243
1767240 244
1767250 244
1767260 244
1767270 244
1767280 244
1767290 244
1767300 245
1767310 245
1767320 245
1767330 245
1767340 245
1767350 245
1767360 245
1767370 245
1767380 245
1767390 245
1767400 245
1767410 245
1767420 244
1767430 243
1767440 243
1767450 243
1767460 243
1767470 242
1767480 242
1767490 242
1767500 241
1767510 241
1767520 241
1767530 240
1767540 240
1767550 240
1767560 239
1767570 239
1767580 239
1767590 238
1767600 238
1767610 238
1767620 238
1767630 238
1767640 238
1767650 238
1767660 238
1767670 238
1767680 238
1767690 237
1767700 237
1767710 236
1767720 236
1767730 236
1767740 236
1767750 236
1767760 236
1767770 235
1767780 235
1767790 235
1767800 235
1767810 235
1767820 235
1767830 235
1767840 235
1767850 236
1767860 236
1767870 237
1767880 238
1767890 239
1767900 240
1767910 241
1767920 241
1767930 241
1767940 242
1767950 242
1767960 242
1767970 242
1767980 243
1767990 243
1768000 243
1768010 243
1768020 243
1768030 243
1768040 244
1768050 244
1768060 244
1768070 244
1768080 244
1768090 244
1768100 244
1768110 245
1768120 245
1768130 245
1768140 245
1768150 245
1768160 245
1768170 245
1768180 245
1768190 245
1768200 245
1768210 245
1768220 245
1768230 245
1768240 245
1768250 245
1768260 245
1768270 245
1768280 245
1768290 245
1768300 245
1768310 245
1768320 244
1768330 244
1768340 244
1768350 244
1768360 244
1768370 244
1768380 244
1768390 244
1768400 244
1768410 244
1768420 244
1768430 244
1768440 244
1768450 244
1768460 243
1768470 243
1768480 243
1768490 243
1768500 243
1768510 243
1768520 243
1768530 243
1768540 243
1768550 243
1768560 243
1768570 243
1768580 243
1768590 243
1768600 243
1768610 243
1768620 243
1768630 243
1768640 243
1768650 243
1768660 243
1768670 243
1768680 243
1768690 243
1768700 242
1768710 242
1768720 242
1768730 242
1768740 242
1768750 242
1768760 242
1768770 242
1768780 242
1768790 242
1768800 242
1768810 242
1768820 242
1768830 242
1768840 241
1768850 241
1768860 241
1768870 241
1768880 241
1768890 241
1768900 241
1768910 241
1768920 241
1768930 241
1768940 241
1768950 241
1768960 241
1768970 241
1768980 241
1768990 241
1769000 241
1769010 241
1769020 241
1769030 241
1769040 241
1769050 241
1769060 241
1769070 241
1769080 241
1769090 241
1769100 241
1769110 241
1769120 241
1769130 241
1769140 241
1769150 241
1769160 241
1769170 241
1769180 241
1769190 241
1769200 241
1769210 241
1769220 240
1769230 240
1769240 240
1769250 240
1769260 240
1769270 240
1769280 240
1769290 240
1769300 240
1769310 240
1769320 240
1769330 240
1769340 240
1769350 240
1769360 240
1769370 239
1769380 239
1769390 239
1769400 239
1769410 239
1769420 239
1769430 239
1769440 239
1769450 239
1769460 239
1769470 239
1769480 239
1769490 239
1769500 239
1769510 239
1769520 239
1769530 239
1769540 239
1769550 239
1769560 239
1769570 238
1769580 238
1769590 238
1769600 238
1769610 238
1769620 238
1769630 237
1769640 236
1769650 235
1769660 235
1769670 235
1769680 235
1769690 236
1769700 236
1769710 236
1769720 236
1769730 237
1769740 237
1769750 237
1769760 237
1769770 237
1769780 238
1769790 238
1769800 238
1769810 238
1769820 238
1769830 238
1769840 238
1769850 238
1769860 238
1769870 238
1769880 238
1769890 238
1769900 239
1769910 239
1769920 239
1769930 239
1769940 239
1769950 239
1769960 240
1769970 240
1769980 240
1769990 240
1770000 240
1770010 240
1770020 240
1770030 241
1770040 241
1770050 240
1770060 240
1770070 240
1770080 240
1770090 240
1770100 240
1770110 240
1770120 239
1770130 239
1770140 239
1770150 239
1770160 239
1770170 239
1770180 239
1770190 238
1770200 238
1770210 238
1770220 238
1770230 237
1770240 237
1770250 237
1770260 236
1770270 236
1770280 235
1770290 235
1770300 234
1770310 234
1770320 233
1770330 233
1770340 232
1770350 231
1770360 231
1770370 230
1770380 229
1770390 228
1770400 227
1770410 227
1770420 226
1770430 225
1770440 224
1770450 223
1770460 222
1770470 222
1770480 221
1770490 220
1770500 219
1770510 219
1770520 218
1770530 217
1770540 217
1770550 216
1770560 216
1770570 215
1770580 215
1770590 215
1770600 215
1770610 215
1770620 215
1770630 214
1770640 214
1770650 214
1770660 214
1770670 214
1770680 214
1770690 215
1770700 216
1770710 217
1770720 219
1770730 222
1770740 224
1770750 226
1770760 227
1770770 229
1770780 231
1770790 231
1770800 232
1770810 232
1770820 232
1770830 232
1770840 232
1770850 233
1770860 233
1770870 234
1770880 234
1770890 235
1770900 235
1770910 236
1770920 236
1770930 237
1770940 237
1770950 238
1770960 238
1770970 238
1770980 239
1770990 239
1771000 240
1771010 240
1771020 241
1771030 241
1771040 241
1771050 242
1771060 242
1771070 242
1771080 243
1771090 243
1771100 243
1771110 243
1771120 244
1771130 244
1771140 244
1771150 244
1771160 245
1771170 245
1771180 245
1771190 245
1771200 245
1771210 245
1771220 246
1771230 246
1771240 246
1771250 246
1771260 246
1771270 247
1771280 246
1771290 245
1771300 246
1771310 247
1771320 248
1771330 248
1771340 248
1771350 248
1771360 248
1771370 248
1771380 248
1771390 248
1771400 248
1771410 248
1771420 248
1771430 248
1771440 248
1771450 248
1771460 249
1771470 249
1771480 249
1771490 249
1771500 249
1771510 249
1771520 248
1771530 248
1771540 248
1771550 248
1771560 248
1771570 247
1771580 247
1771590 247
1771600 246
1771610 246
1771620 246
1771630 246
1771640 246
1771650 245
1771660 245
1771670 245
1771680 245
1771690 245
1771700 245
1771710 245
1771720 244
1771730 244
1771740 244
1771750 244
1771760 244
1771770 244
1771780 244
1771790 244
1771800 244
1771810 244
1771820 244
1771830 244
1771840 244
1771850 243
1771860 243
1771870 243
1771880 243
1771890 243
1771900 243
1771910 243
1771920 243
1771930 243
1771940 243
1771950 243
1771960 243
1771970 243
1771980 243
1771990 243
1772000 243
1772010 243
1772020 243
1772030 243
1772040 243
1772050 243
1772060 243
1772070 242
1772080 242
1772090 242
1772100 242
1772110 242
1772120 242
1772130 242
1772140 242
1772150 242
1772160 242
1772170 242
1772180 242
1772190 242
1772200 242
1772210 242
1772220 242
1772230 243
1772240 243
1772250 243
1772260 243
1772270 242
1772280 242
1772290 242
1772300 242
1772310 242
1772320 242
1772330 242
1772340 242
1772350 242
1772360 242
1772370 242
1772380 242
1772390 242
1772400 242
1772410 242
1772420 242
1772430 243
1772440 243
1772450 243
1772460 243
1772470 243
1772480 242
1772490 242
1772500 242
1772510 242
1772520 242
1772530 242
1772540 242
1772550 242
1772560 242
1772570 242
1772580 242
1772590 242
1772600 242
1772610 242
1772620 242
1772630 242
1772640 242
1772650 242
1772660 242
1772670 241
1772680 241
1772690 241
1772700 241
1772710 241
1772720 241
1772730 241
1772740 241
1772750 241
1772760 241
1772770 241
1772780 241
1772790 242
1772800 242
1772810 242
1772820 242
1772830 242
1772840 241
1772850 241
1772860 241
1772870 241
1772880 241
1772890 241
1772900 241
1772910 241
1772920 241
1772930 240
1772940 240
1772950 240
1772960 240
1772970 240
1772980 239
1772990 239
1773000 239
1773010 239
1773020 239
1773030 239
1773040 239
1773050 239
1773060 239
1773070 239
1773080 239
1773090 239
1773100 239
1773110 239
1773120 239
1773130 239
1773140 239
1773150 239
1773160 239
1773170 239
1773180 239
1773190 239
1773200 239
1773210 239
1773220 239
1773230 239
1773240 239
1773250 240
1773260 240
1773270 240
1773280 240
1773290 240
1773300 240
1773310 241
1773320 241
1773330 241
1773340 242
1773350 242
1773360 243
1773370 243
1773380 244
1773390 244
1773400 244
1773410 245
1773420 245
1773430 246
1773440 246
1773450 246
1773460 246
1773470 246
1773480 246
1773490 246
1773500 246
1773510 247
1773520 247
1773530 247
1773540 247
1773550 247
1773560 247
1773570 247
1773580 247
1773590 247
1773600 247
1773610 247
1773620 247
1773630 247
1773640 247
1773650 247
1773660 247
1773670 247
1773680 246
1773690 246
1773700 246
1773710 246
1773720 246
1773730 245
1773740 245
1773750 245
1773760 245
1773770 244
1773780 244
1773790 243
1773800 243
1773810 242
1773820 241
1773830 241
1773840 241
1773850 241
1773860 241
1773870 241
1773880 241
1773890 241
1773900 241
1773910 240
1773920 240
1773930 239
1773940 239
1773950 239
1773960 238
1773970 238
1773980 237
1773990 237
1774000 237
1774010 236
1774020 236
1774030 235
1774040 235
1774050 234
1774060 234
1774070 233
1774080 233
1774090 233
1774100 232
1774110 232
1774120 232
1774130 231
1774140 231
1774150 231
1774160 231
1774170 231
1774180 231
1774190 231
1774200 231
1774210 231
1774220 231
1774230 231
1774240 231
1774250 231
1774260 231
1774270 232
1774280 232
1774290 232
1774300 234
1774310 235
1774320 237
1774330 238
1774340 240
1774350 240
1774360 240
1774370 240
1774380 240
1774390 241
1774400 241
1774410 241
1774420 241
1774430 242
1774440 242
1774450 242
1774460 243
1774470 243
1774480 243
1774490 243
1774500 243
1774510 243
1774520 243
1774530 242
1774540 242
1774550 242
1774560 241
1774570 241
1774580 240
1774590 240
1774600 239
1774610 238
1774620 237
1774630 237
1774640 236
1774650 235
1774660 234
1774670 233
1774680 233
1774690 232
1774700 231
1774710 231
1774720 231
1774730 231
1774740 231
1774750 230
1774760 230
1774770 230
1774780 231
1774790 231
1774800 231
1774810 231
1774820 231
1774830 231
1774840 231
1774850 231
1774860 231
1774870 231
1774880 232
1774890 232
1774900 233
1774910 233
1774920 234
1774930 235
1774940 236
1774950 236
1774960 237
1774970 237
1774980 238
1774990 238
1775000 239
1775010 239
1775020 239
1775030 239
1775040 240
1775050 240
1775060 240
1775070 240
1775080 240
1775090 241
1775100 241
1775110 241
1775120 241
1775130 241
1775140 240
1775150 240
1775160 240
1775170 240
1775180 240
1775190 240
1775200 240
1775210 239
1775220 239
1775230 239
1775240 239
1775250 239
1775260 239
1775270 240
1775280 240
1775290 240
1775300 241
1775310 241
1775320 241
1775330 241
1775340 242
1775350 242
1775360 242
1775370 242
1775380 242
1775390 242
1775400 243
1775410 243
1775420 243
1775430 243
1775440 243
1775450 244
1775460 244
1775470 244
1775480 244
1775490 244
1775500 244
1775510 244
1775520 244
1775530 245
1775540 245
1775550 245
1775560 245
1775570 245
1775580 245
1775590 245
1775600 245
1775610 245
1775620 245
1775630 245
1775640 245
1775650 245
1775660 245
1775670 245
1775680 245
1775690 245
1775700 245
1775710 245
1775720 245
1775730 245
1775740 245
1775750 245
1775760 245
1775770 245
1775780 245
1775790 245
1775800 245
1775810 245
1775820 245
1775830 245
1775840 245
1775850 245
1775860 245
1775870 245
1775880 245
1775890 245
1775900 245
1775910 245
1775920 245
1775930 245
1775940 245
1775950 245
1775960 244
1775970 244
1775980 244
1775990 244
1776000 244
1776010 244
1776020 243
1776030 243
1776040 243
1776050 243
1776060 243
1776070 243
1776080 243
1776090 243
1776100 243
1776110 243
1776120 243
1776130 243
1776140 243
1776150 243
1776160 243
1776170 243
1776180 243
1776190 243
1776200 242
1776210 242
1776220 242
1776230 242
1776240 242
1776250 242
1776260 242
1776270 241
1776280 241
1776290 241
1776300 241
1776310 241
1776320 240
1776330 240
1776340 240
1776350 239
1776360 239
1776370 239
1776380 238
1776390 238
1776400 238
1776410 237
1776420 237
1776430 236
1776440 236
1776450 235
1776460 235
1776470 235
1776480 234
1776490 234
1776500 234
1776510 233
1776520 233
1776530 232
1776540 232
1776550 231
1776560 231
1776570 231
1776580 231
1776590 231
1776600 231
1776610 231
1776620 231
1776630 231
1776640 231
1776650 231
1776660 231
1776670 231
1776680 231
1776690 231
1776700 231
1776710 231
1776720 231
1776730 231
1776740 231
1776750 231
1776760 231
1776770 231
1776780 231
1776790 231
1776800 231
1776810 231
1776820 232
1776830 233
1776840 233
1776850 234
1776860 235
1776870 236
1776880 236
1776890 237
1776900 238
1776910 239
1776920 239
1776930 240
1776940 240
1776950 241
1776960 241
1776970 241
1776980 242
1776990 242
1777000 242
1777010 243
1777020 243
1777030 243
1777040 243
1777050 244
1777060 244
1777070 244
1777080 244
1777090 244
1777100 245
1777110 245
1777120 245
1777130 244
1777140 244
1777150 244
1777160 243
1777170 243
1777180 243
1777190 242
1777200 242
1777210 241
1777220 241
1777230 241
1777240 240
1777250 240
1777260 240
1777270 239
1777280 239
1777290 238
1777300 238
1777310 238
1777320 238
1777330 237
1777340 237
1777350 237
1777360 236
1777370 236
1777380 236
1777390 236
1777400 236
1777410 236
1777420 235
1777430 235
1777440 235
1777450 235
1777460 235
1777470 235
1777480 235
1777490 234
1777500 234
1777510 234
1777520 234
1777530 234
1777540 234
1777550 234
1777560 234
1777570 234
1777580 234
1777590 234
1777600 234
1777610 234
1777620 234
1777630 234
1777640 234
1777650 234
1777660 234
1777670 234
1777680 234
1777690 234
1777700 234
1777710 234
1777720 234
1777730 234
1777740 234
1777750 234
1777760 234
1777770 234
1777780 234
1777790 235
1777800 235
1777810 235
1777820 236
1777830 236
1777840 236
1777850 236
1777860 237
1777870 237
1777880 237
1777890 237
1777900 237
1777910 238
1777920 238
1777930 238
1777940 238
1777950 238
1777960 239
1777970 239
1777980 239
1777990 239
1778000 239
1778010 239
1778020 240
1778030 240
1778040 240
1778050 240
1778060 240
1778070 240
1778080 240
1778090 240
1778100 240
1778110 240
1778120 240
1778130 240
1778140 239
1778150 239
1778160 239
1778170 239
1778180 239
1778190 239
1778200 238
1778210 238
1778220 237
1778230 237
1778240 236
1778250 236
1778260 235
1778270 235
1778280 234
1778290 234
1778300 234
1778310 234
1778320 234
1778330 234
1778340 234
1778350 234
1778360 234
1778370 234
1778380 234
1778390 234
1778400 234
1778410 234
1778420 234
1778430 234
1778440 235
1778450 235
1778460 235
1778470 235
1778480 236
1778490 236
1778500 237
1778510 238
1778520 238
1778530 239
1778540 239
1778550 240
1778560 240
1778570 240
1778580 241
1778590 241
1778600 241
1778610 241
1778620 241
1778630 241
1778640 242
1778650 242
1778660 242
1778670 242
1778680 242
1778690 242
1778700 242
1778710 242
1778720 242
1778730 241
1778740 241
1778750 241
1778760 241
1778770 240
1778780 240
1778790 240
1778800 240
1778810 240
1778820 239
1778830 239
1778840 239
1778850 239
1778860 239
1778870 239
1778880 239
1778890 238
1778900 238
1778910 238
1778920 238
1778930 238
1778940 238
1778950 238
1778960 238
1778970 237
1778980 237
1778990 237
1779000 237
1779010 237
1779020 237
1779030 237
1779040 237
1779050 237
1779060 236
1779070 236
1779080 236
1779090 236
1779100 236
1779110 235
1779120 235
1779130 235
1779140 235
1779150 234
1779160 234
1779170 233
1779180 233
1779190 232
1779200 231
1779210 230
1779220 229
1779230 228
1779240 227
1779250 226
1779260 225
1779270 224
1779280 223
1779290 222
1779300 221
1779310 220
1779320 218
1779330 217
1779340 216
1779350 215
1779360 214
1779370 213
1779380 212
1779390 211
1779400 210
1779410 209
1779420 208
1779430 207
1779440 206
1779450 205
1779460 204
1779470 203
1779480 202
1779490 201
1779500 200
1779510 200
1779520 200
1779530 200
1779540 200
1779550 200
1779560 200
1779570 200
1779580 200
1779590 199
1779600 199
1779610 199
1779620 199
1779630 198
1779640 198
1779650 198
1779660 198
1779670 198
1779680 198
1779690 198
1779700 198
1779710 198
1779720 198
1779730 198
1779740 198
1779750 198
1779760 198
1779770 197
1779780 197
1779790 197
1779800 197
1779810 197
1779820 197
1779830 197
1779840 197
1779850 196
1779860 196
1779870 196
1779880 196
1779890 196
1779900 196
1779910 196
1779920 196
1779930 196
1779940 196
1779950 196
1779960 196
1779970 196
1779980 196
1779990 196
