1760000 231
1760010 231
1760020 231
1760030 231
1760040 231
1760050 231
1760060 231
1760070 232
1760080 232
1760090 232
1760100 232
1760110 232
1760120 232
1760130 232
1760140 232
1760150 232
1760160 232
1760170 232
1760180 232
1760190 232
1760200 232
1760210 233
1760220 233
1760230 233
1760240 233
1760250 232
1760260 232
1760270 232
1760280 232
1760290 232
1760300 233
1760310 233
1760320 232
1760330 231
1760340 229
1760350 231
1760360 233
1760370 233
1760380 233
1760390 233
1760400 233
1760410 232
1760420 232
1760430 232
1760440 232
1760450 232
1760460 232
1760470 232
1760480 232
1760490 232
1760500 232
1760510 233
1760520 233
1760530 233
1760540 234
1760550 234
1760560 234
1760570 234
1760580 234
1760590 234
1760600 234
1760610 235
1760620 235
1760630 235
1760640 235
1760650 235
1760660 235
1760670 235
1760680 235
1760690 235
1760700 235
1760710 235
1760720 235
1760730 235
1760740 235
1760750 235
1760760 235
1760770 235
1760780 235
1760790 236
1760800 236
1760810 236
1760820 235
1760830 235
1760840 236
1760850 236
1760860 236
1760870 236
1760880 236
1760890 236
1760900 235
1760910 234
1760920 233
1760930 234
1760940 236
1760950 236
1760960 236
1760970 236
1760980 236
1760990 237
1761000 237
1761010 237
1761020 237
1761030 237
1761040 237
1761050 237
1761060 237
1761070 237
1761080 237
1761090 237
1761100 237
1761110 237
1761120 237
1761130 237
1761140 237
1761150 237
1761160 237
1761170 238
1761180 238
1761190 238
1761200 238
1761210 238
1761220 238
1761230 238
1761240 238
1761250 238
1761260 237
1761270 236
1761280 237
1761290 239
1761300 239
1761310 239
1761320 239
1761330 239
1761340 239
1761350 239
1761360 239
1761370 239
1761380 239
1761390 240
1761400 240
1761410 240
1761420 240
1761430 240
1761440 240
1761450 241
1761460 241
1761470 241
1761480 241
1761490 241
1761500 241
1761510 241
1761520 241
1761530 241
1761540 241
1761550 241
1761560 240
1761570 239
1761580 238
1761590 237
1761600 238
1761610 240
1761620 241
1761630 241
1761640 241
1761650 241
1761660 241
1761670 241
1761680 241
1761690 241
1761700 241
1761710 241
1761720 241
1761730 241
1761740 240
1761750 240
1761760 240
1761770 239
1761780 236
1761790 234
1761800 236
1761810 238
1761820 240
1761830 240
1761840 240
1761850 240
1761860 240
1761870 240
1761880 240
1761890 240
1761900 240
1761910 240
1761920 240
1761930 240
1761940 240
1761950 240
1761960 240
1761970 241
1761980 241
1761990 241
1762000 240
1762010 240
1762020 240
1762030 240
1762040 240
1762050 240
1762060 240
1762070 240
1762080 240
1762090 241
1762100 241
1762110 241
1762120 241
1762130 241
1762140 241
1762150 241
1762160 241
1762170 241
1762180 241
1762190 241
1762200 241
1762210 242
1762220 242
1762230 242
1762240 242
1762250 242
1762260 242
1762270 241
1762280 240
1762290 239
1762300 239
1762310 241
1762320 241
1762330 241
1762340 241
1762350 241
1762360 241
1762370 241
1762380 241
1762390 241
1762400 241
1762410 241
1762420 241
1762430 240
1762440 240
1762450 240
1762460 240
1762470 240
1762480 241
1762490 241
1762500 241
1762510 241
1762520 241
1762530 242
1762540 242
1762550 242
1762560 242
1762570 242
1762580 242
1762590 242
1762600 242
1762610 242
1762620 242
1762630 242
1762640 242
1762650 241
1762660 241
1762670 241
1762680 241
1762690 241
1762700 241
1762710 241
1762720 241
1762730 241
1762740 242
1762750 242
1762760 242
1762770 242
1762780 242
1762790 242
1762800 242
1762810 242
1762820 242
1762830 242
1762840 242
1762850 242
1762860 242
1762870 242
1762880 242
1762890 242
1762900 242
1762910 242
1762920 242
1762930 242
1762940 242
1762950 242
1762960 243
1762970 243
1762980 243
1762990 243
1763000 242
1763010 242
1763020 242
1763030 242
1763040 242
1763050 242
1763060 242
1763070 242
1763080 242
1763090 242
1763100 242
1763110 242
1763120 242
1763130 242
1763140 242
1763150 242
1763160 242
1763170 242
1763180 242
1763190 242
1763200 242
1763210 242
1763220 242
1763230 242
1763240 242
1763250 242
1763260 242
1763270 242
1763280 242
1763290 241
1763300 241
1763310 241
1763320 241
1763330 241
1763340 241
1763350 241
1763360 241
1763370 240
1763380 240
1763390 240
1763400 240
1763410 240
1763420 240
1763430 240
1763440 240
1763450 240
1763460 239
1763470 239
1763480 239
1763490 239
1763500 239
1763510 239
1763520 239
1763530 239
1763540 239
1763550 239
1763560 239
1763570 239
1763580 239
1763590 239
1763600 239
1763610 239
1763620 239
1763630 239
1763640 239
1763650 239
1763660 239
1763670 239
1763680 239
1763690 239
1763700 239
1763710 240
1763720 240
1763730 240
1763740 240
1763750 240
1763760 240
1763770 240
1763780 240
1763790 240
1763800 240
1763810 240
1763820 240
1763830 240
1763840 240
1763850 240
1763860 240
1763870 240
1763880 240
1763890 240
1763900 240
1763910 240
1763920 240
1763930 240
1763940 240
1763950 241
1763960 241
1763970 241
1763980 241
1763990 241
1764000 241
1764010 241
1764020 241
1764030 241
1764040 241
1764050 241
1764060 241
1764070 241
1764080 241
1764090 241
1764100 241
1764110 242
1764120 241
1764130 242
1764140 242
1764150 242
1764160 242
1764170 242
1764180 242
1764190 242
1764200 242
1764210 242
1764220 242
1764230 242
1764240 242
1764250 242
1764260 242
1764270 242
1764280 242
1764290 242
1764300 242
1764310 242
1764320 242
1764330 243
1764340 243
1764350 243
1764360 243
1764370 243
1764380 243
1764390 243
1764400 243
1764410 243
1764420 243
1764430 243
1764440 243
1764450 243
1764460 243
1764470 243
1764480 243
1764490 243
1764500 243
1764510 243
1764520 243
1764530 243
1764540 243
1764550 243
1764560 243
1764570 242
1764580 243
1764590 243
1764600 243
1764610 243
1764620 243
1764630 243
1764640 243
1764650 243
1764660 243
1764670 243
1764680 243
1764690 243
1764700 243
1764710 243
1764720 242
1764730 242
1764740 242
1764750 242
1764760 242
1764770 242
1764780 242
1764790 242
1764800 242
1764810 241
1764820 241
1764830 241
1764840 241
1764850 241
1764860 241
1764870 241
1764880 241
1764890 241
1764900 241
1764910 241
1764920 241
1764930 241
1764940 241
1764950 241
1764960 241
1764970 241
1764980 241
1764990 241
1765000 241
1765010 241
1765020 241
1765030 241
1765040 241
1765050 241
1765060 241
1765070 241
1765080 241
1765090 240
1765100 240
1765110 240
1765120 240
1765130 240
1765140 240
1765150 240
1765160 240
1765170 240
1765180 240
1765190 240
1765200 240
1765210 240
1765220 240
1765230 240
1765240 240
1765250 240
1765260 241
1765270 241
1765280 241
1765290 241
1765300 241
1765310 241
1765320 241
1765330 241
1765340 241
1765350 241
1765360 241
1765370 241
1765380 241
1765390 241
1765400 241
1765410 241
1765420 241
1765430 241
1765440 242
1765450 242
1765460 242
1765470 242
1765480 242
1765490 242
1765500 242
1765510 243
1765520 243
1765530 243
1765540 243
1765550 243
1765560 243
1765570 243
1765580 243
1765590 243
1765600 243
1765610 243
1765620 243
1765630 243
1765640 243
1765650 243
1765660 242
1765670 242
1765680 242
1765690 241
1765700 241
1765710 240
1765720 240
1765730 240
1765740 239
1765750 239
1765760 238
1765770 238
1765780 238
1765790 237
1765800 237
1765810 237
1765820 236
1765830 236
1765840 236
1765850 235
1765860 235
1765870 235
1765880 235
1765890 235
1765900 235
1765910 235
1765920 235
1765930 235
1765940 236
1765950 237
1765960 237
1765970 237
1765980 237
1765990 238
1766000 239
1766010 239
1766020 240
1766030 240
1766040 241
1766050 241
1766060 241
1766070 242
1766080 242
1766090 242
1766100 243
1766110 243
1766120 243
1766130 244
1766140 244
1766150 245
1766160 245
1766170 246
1766180 246
1766190 246
1766200 246
1766210 247
1766220 247
1766230 248
1766240 248
1766250 248
1766260 248
1766270 248
1766280 248
1766290 249
1766300 249
1766310 249
1766320 249
1766330 249
1766340 249
1766350 249
1766360 249
1766370 249
1766380 249
1766390 249
1766400 249
1766410 248
1766420 249
1766430 249
1766440 249
1766450 249
1766460 248
1766470 248
1766480 248
1766490 248
1766500 247
1766510 247
1766520 247
1766530 246
1766540 246
1766550 245
1766560 245
1766570 244
1766580 244
1766590 244
1766600 243
1766610 243
1766620 242
1766630 242
1766640 241
1766650 240
1766660 240
1766670 239
1766680 239
1766690 239
1766700 239
1766710 239
1766720 239
1766730 238
1766740 238
1766750 239
1766760 239
1766770 241
1766780 243
1766790 244
1766800 245
1766810 246
1766820 247
1766830 248
1766840 248
1766850 249
1766860 249
1766870 250
1766880 250
1766890 250
1766900 251
1766910 251
1766920 251
1766930 251
1766940 251
1766950 251
1766960 251
1766970 251
1766980 251
1766990 251
1767000 251
1767010 251
1767020 251
1767030 251
1767040 251
1767050 251
1767060 251
1767070 251
1767080 251
1767090 251
1767100 252
1767110 252
1767120 252
1767130 252
1767140 252
1767150 252
1767160 252
1767170 252
1767180 252
1767190 252
1767200 252
1767210 252
1767220 252
1767230 252
1767240 252
1767250 252
1767260 252
1767270 252
1767280 252
1767290 252
1767300 252
1767310 253
1767320 253
1767330 253
1767340 253
1767350 253
1767360 253
1767370 253
1767380 252
1767390 252
1767400 252
1767410 252
1767420 252
1767430 252
1767440 251
1767450 251
1767460 250
1767470 250
1767480 249
1767490 249
1767500 249
1767510 249
1767520 248
1767530 248
1767540 248
1767550 248
1767560 247
1767570 247
1767580 247
1767590 246
1767600 246
1767610 246
1767620 245
1767630 245
1767640 245
1767650 244
1767660 244
1767670 243
1767680 243
1767690 243
1767700 242
1767710 242
1767720 242
1767730 242
1767740 242
1767750 242
1767760 242
1767770 241
1767780 241
1767790 241
1767800 241
1767810 241
1767820 241
1767830 242
1767840 242
1767850 243
1767860 244
1767870 245
1767880 245
1767890 246
1767900 246
1767910 246
1767920 247
1767930 247
1767940 247
1767950 248
1767960 248
1767970 248
1767980 248
1767990 248
1768000 248
1768010 248
1768020 248
1768030 248
1768040 248
1768050 248
1768060 248
1768070 249
1768080 248
1768090 248
1768100 248
1768110 249
1768120 249
1768130 249
1768140 249
1768150 249
1768160 249
1768170 249
1768180 249
1768190 250
1768200 250
1768210 250
1768220 250
1768230 250
1768240 250
1768250 251
1768260 251
1768270 251
1768280 251
1768290 251
1768300 251
1768310 251
1768320 251
1768330 251
1768340 252
1768350 252
1768360 252
1768370 252
1768380 252
1768390 252
1768400 252
1768410 252
1768420 252
1768430 252
1768440 252
1768450 252
1768460 252
1768470 252
1768480 252
1768490 252
1768500 252
1768510 252
1768520 252
1768530 252
1768540 252
1768550 252
1768560 252
1768570 252
1768580 251
1768590 252
1768600 252
1768610 252
1768620 252
1768630 251
1768640 251
1768650 251
1768660 251
1768670 251
1768680 251
1768690 251
1768700 251
1768710 251
1768720 251
1768730 251
1768740 251
1768750 251
1768760 251
1768770 251
1768780 251
1768790 251
1768800 251
1768810 251
1768820 251
1768830 251
1768840 251
1768850 251
1768860 251
1768870 251
1768880 251
1768890 251
1768900 251
1768910 251
1768920 251
1768930 251
1768940 251
1768950 251
1768960 251
1768970 251
1768980 251
1768990 251
1769000 251
1769010 251
1769020 251
1769030 251
1769040 251
1769050 251
1769060 251
1769070 251
1769080 251
1769090 251
1769100 251
1769110 251
1769120 251
1769130 251
1769140 251
1769150 251
1769160 251
1769170 251
1769180 251
1769190 251
1769200 251
1769210 251
1769220 251
1769230 251
1769240 251
1769250 251
1769260 251
1769270 251
1769280 251
1769290 251
1769300 251
1769310 251
1769320 251
1769330 251
1769340 251
1769350 251
1769360 251
1769370 251
1769380 251
1769390 251
1769400 251
1769410 251
1769420 251
1769430 251
1769440 251
1769450 251
1769460 251
1769470 251
1769480 250
1769490 250
1769500 250
1769510 250
1769520 250
1769530 250
1769540 250
1769550 250
1769560 250
1769570 250
1769580 249
1769590 249
1769600 249
1769610 249
1769620 249
1769630 248
1769640 248
1769650 248
1769660 247
1769670 247
1769680 247
1769690 246
1769700 246
1769710 246
1769720 245
1769730 245
1769740 245
1769750 244
1769760 244
1769770 244
1769780 243
1769790 242
1769800 241
1769810 241
1769820 241
1769830 240
1769840 240
1769850 240
1769860 240
1769870 239
1769880 239
1769890 239
1769900 238
1769910 238
1769920 238
1769930 237
1769940 237
1769950 236
1769960 236
1769970 236
1769980 235
1769990 235
1770000 234
1770010 234
1770020 234
1770030 233
1770040 233
1770050 233
1770060 232
1770070 232
1770080 232
1770090 231
1770100 231
1770110 231
1770120 230
1770130 230
1770140 230
1770150 229
1770160 229
1770170 229
1770180 229
1770190 228
1770200 228
1770210 228
1770220 227
1770230 227
1770240 227
1770250 226
1770260 226
1770270 226
1770280 225
1770290 225
1770300 225
1770310 224
1770320 224
1770330 224
1770340 223
1770350 223
1770360 223
1770370 223
1770380 223
1770390 222
1770400 222
1770410 222
1770420 222
1770430 222
1770440 222
1770450 221
1770460 221
1770470 221
1770480 221
1770490 221
1770500 221
1770510 222
1770520 222
1770530 222
1770540 222
1770550 223
1770560 224
1770570 225
1770580 226
1770590 227
1770600 229
1770610 230
1770620 232
1770630 232
1770640 233
1770650 233
1770660 233
1770670 233
1770680 233
1770690 233
1770700 233
1770710 233
1770720 233
1770730 233
1770740 233
1770750 233
1770760 233
1770770 233
1770780 233
1770790 233
1770800 233
1770810 233
1770820 233
1770830 233
1770840 233
1770850 233
1770860 233
1770870 233
1770880 233
1770890 233
1770900 233
1770910 233
1770920 233
1770930 232
1770940 232
1770950 232
1770960 232
1770970 231
1770980 231
1770990 230
1771000 229
1771010 228
1771020 227
1771030 226
1771040 225
1771050 224
1771060 223
1771070 223
1771080 222
1771090 221
1771100 221
1771110 220
1771120 220
1771130 220
1771140 219
1771150 219
1771160 219
1771170 219
1771180 219
1771190 219
1771200 219
1771210 219
1771220 219
1771230 219
1771240 220
1771250 220
1771260 220
1771270 221
1771280 223
1771290 225
1771300 226
1771310 227
1771320 228
1771330 230
1771340 231
1771350 233
1771360 235
1771370 237
1771380 240
1771390 241
1771400 241
1771410 242
1771420 242
1771430 243
1771440 244
1771450 244
1771460 245
1771470 245
1771480 245
1771490 246
1771500 246
1771510 246
1771520 247
1771530 247
1771540 247
1771550 247
1771560 247
1771570 247
1771580 247
1771590 247
1771600 247
1771610 247
1771620 247
1771630 246
1771640 246
1771650 246
1771660 246
1771670 247
1771680 247
1771690 247
1771700 246
1771710 246
1771720 246
1771730 245
1771740 244
1771750 244
1771760 243
1771770 242
1771780 242
1771790 241
1771800 241
1771810 240
1771820 240
1771830 239
1771840 239
1771850 239
1771860 238
1771870 238
1771880 238
1771890 238
1771900 238
1771910 238
1771920 238
1771930 238
1771940 237
1771950 237
1771960 237
1771970 237
1771980 237
1771990 237
1772000 237
1772010 238
1772020 238
1772030 238
1772040 238
1772050 238
1772060 238
1772070 238
1772080 238
1772090 238
1772100 238
1772110 238
1772120 238
1772130 239
1772140 239
1772150 239
1772160 240
1772170 240
1772180 240
1772190 241
1772200 241
1772210 242
1772220 243
1772230 243
1772240 243
1772250 244
1772260 244
1772270 244
1772280 245
1772290 245
1772300 245
1772310 246
1772320 246
1772330 246
1772340 246
1772350 246
1772360 246
1772370 246
1772380 247
1772390 247
1772400 247
1772410 247
1772420 247
1772430 247
1772440 247
1772450 247
1772460 247
1772470 247
1772480 247
1772490 247
1772500 247
1772510 247
1772520 247
1772530 247
1772540 247
1772550 247
1772560 247
1772570 247
1772580 247
1772590 247
1772600 248
1772610 248
1772620 247
1772630 247
1772640 247
1772650 247
1772660 247
1772670 247
1772680 247
1772690 247
1772700 247
1772710 246
1772720 246
1772730 246
1772740 246
1772750 246
1772760 246
1772770 245
1772780 245
1772790 245
1772800 245
1772810 244
1772820 244
1772830 244
1772840 243
1772850 243
1772860 242
1772870 242
1772880 241
1772890 241
1772900 241
1772910 240
1772920 240
1772930 240
1772940 240
1772950 240
1772960 240
1772970 240
1772980 240
1772990 241
1773000 241
1773010 241
1773020 241
1773030 241
1773040 241
1773050 242
1773060 242
1773070 242
1773080 243
1773090 243
1773100 244
1773110 245
1773120 245
1773130 246
1773140 247
1773150 247
1773160 248
1773170 248
1773180 248
1773190 249
1773200 249
1773210 249
1773220 250
1773230 250
1773240 250
1773250 250
1773260 251
1773270 251
1773280 251
1773290 251
1773300 251
1773310 252
1773320 252
1773330 252
1773340 252
1773350 252
1773360 253
1773370 253
1773380 253
1773390 253
1773400 253
1773410 253
1773420 253
1773430 253
1773440 253
1773450 252
1773460 252
1773470 252
1773480 252
1773490 252
1773500 252
1773510 252
1773520 252
1773530 252
1773540 252
1773550 252
1773560 252
1773570 251
1773580 251
1773590 251
1773600 251
1773610 251
1773620 251
1773630 251
1773640 251
1773650 251
1773660 250
1773670 250
1773680 250
1773690 250
1773700 250
1773710 249
1773720 249
1773730 249
1773740 249
1773750 249
1773760 248
1773770 248
1773780 248
1773790 248
1773800 248
1773810 248
1773820 248
1773830 248
1773840 248
1773850 248
1773860 248
1773870 247
1773880 247
1773890 247
1773900 247
1773910 247
1773920 247
1773930 247
1773940 247
1773950 247
1773960 246
1773970 246
1773980 246
1773990 246
1774000 245
1774010 245
1774020 244
1774030 244
1774040 244
1774050 243
1774060 243
1774070 242
1774080 242
1774090 242
1774100 241
1774110 241
1774120 240
1774130 240
1774140 240
1774150 239
1774160 239
1774170 239
1774180 238
1774190 238
1774200 238
1774210 238
1774220 238
1774230 237
1774240 237
1774250 237
1774260 237
1774270 237
1774280 237
1774290 237
1774300 238
1774310 238
1774320 238
1774330 238
1774340 238
1774350 239
1774360 239
1774370 239
1774380 240
1774390 240
1774400 241
1774410 241
1774420 241
1774430 242
1774440 242
1774450 243
1774460 243
1774470 244
1774480 244
1774490 244
1774500 244
1774510 245
1774520 245
1774530 245
1774540 245
1774550 245
1774560 246
1774570 246
1774580 246
1774590 246
1774600 246
1774610 246
1774620 246
1774630 246
1774640 247
1774650 247
1774660 247
1774670 247
1774680 247
1774690 247
1774700 247
1774710 247
1774720 247
1774730 247
1774740 247
1774750 247
1774760 247
1774770 247
1774780 246
1774790 246
1774800 246
1774810 245
1774820 245
1774830 244
1774840 243
1774850 243
1774860 242
1774870 241
1774880 241
1774890 240
1774900 240
1774910 239
1774920 239
1774930 239
1774940 239
1774950 239
1774960 239
1774970 239
1774980 239
1774990 240
1775000 240
1775010 241
1775020 241
1775030 242
1775040 243
1775050 244
1775060 245
1775070 245
1775080 246
1775090 247
1775100 247
1775110 248
1775120 248
1775130 249
1775140 249
1775150 249
1775160 249
1775170 250
1775180 250
1775190 250
1775200 250
1775210 250
1775220 250
1775230 250
1775240 250
1775250 250
1775260 250
1775270 250
1775280 250
1775290 250
1775300 250
1775310 250
1775320 250
1775330 250
1775340 250
1775350 250
1775360 250
1775370 250
1775380 250
1775390 250
1775400 250
1775410 250
1775420 250
1775430 250
1775440 250
1775450 250
1775460 250
1775470 250
1775480 250
1775490 250
1775500 250
1775510 250
1775520 250
1775530 250
1775540 250
1775550 250
1775560 250
1775570 250
1775580 250
1775590 250
1775600 250
1775610 250
1775620 250
1775630 250
1775640 249
1775650 249
1775660 249
1775670 249
1775680 249
1775690 249
1775700 249
1775710 249
1775720 249
1775730 248
1775740 248
1775750 248
1775760 248
1775770 247
1775780 247
1775790 247
1775800 246
1775810 246
1775820 246
1775830 245
1775840 245
1775850 245
1775860 244
1775870 244
1775880 244
1775890 244
1775900 243
1775910 243
1775920 243
1775930 242
1775940 242
1775950 242
1775960 242
1775970 241
1775980 241
1775990 241
1776000 241
1776010 241
1776020 240
1776030 240
1776040 240
1776050 240
1776060 239
1776070 239
1776080 239
1776090 238
1776100 238
1776110 238
1776120 238
1776130 237
1776140 237
1776150 237
1776160 237
1776170 237
1776180 236
1776190 236
1776200 236
1776210 236
1776220 236
1776230 236
1776240 236
1776250 236
1776260 236
1776270 236
1776280 236
1776290 236
1776300 236
1776310 236
1776320 236
1776330 236
1776340 236
1776350 236
1776360 236
1776370 236
1776380 236
1776390 236
1776400 236
1776410 236
1776420 236
1776430 237
1776440 237
1776450 237
1776460 238
1776470 238
1776480 238
1776490 238
1776500 239
1776510 240
1776520 241
1776530 242
1776540 243
1776550 244
1776560 245
1776570 245
1776580 246
1776590 247
1776600 248
1776610 248
1776620 249
1776630 249
1776640 250
1776650 250
1776660 251
1776670 251
1776680 251
1776690 252
1776700 252
1776710 252
1776720 252
1776730 253
1776740 253
1776750 253
1776760 253
1776770 253
1776780 253
1776790 254
1776800 254
1776810 254
1776820 254
1776830 254
1776840 254
1776850 255
1776860 255
1776870 255
1776880 255
1776890 256
1776900 256
1776910 256
1776920 256
1776930 256
1776940 257
1776950 257
1776960 257
1776970 257
1776980 257
1776990 257
1777000 257
1777010 257
1777020 257
1777030 257
1777040 257
1777050 257
1777060 257
1777070 257
1777080 257
1777090 257
1777100 257
1777110 257
1777120 257
1777130 257
1777140 256
1777150 256
1777160 256
1777170 255
1777180 255
1777190 254
1777200 254
1777210 253
1777220 253
1777230 252
1777240 252
1777250 251
1777260 250
1777270 250
1777280 250
1777290 249
1777300 249
1777310 248
1777320 248
1777330 247
1777340 247
1777350 247
1777360 247
1777370 247
1777380 247
1777390 247
1777400 247
1777410 247
1777420 247
1777430 247
1777440 248
1777450 248
1777460 249
1777470 249
1777480 249
1777490 249
1777500 249
1777510 250
1777520 250
1777530 251
1777540 251
1777550 252
1777560 252
1777570 252
1777580 253
1777590 253
1777600 254
1777610 254
1777620 254
1777630 255
1777640 255
1777650 255
1777660 256
1777670 256
1777680 256
1777690 257
1777700 257
1777710 257
1777720 257
1777730 258
1777740 258
1777750 258
1777760 258
1777770 258
1777780 258
1777790 258
1777800 258
1777810 257
1777820 257
1777830 257
1777840 257
1777850 257
1777860 256
1777870 256
1777880 256
1777890 256
1777900 255
1777910 255
1777920 255
1777930 254
1777940 254
1777950 253
1777960 253
1777970 252
1777980 251
1777990 251
1778000 250
1778010 250
1778020 249
1778030 247
1778040 246
1778050 244
1778060 243
1778070 242
1778080 242
1778090 241
1778100 241
1778110 241
1778120 240
1778130 240
1778140 240
1778150 240
1778160 239
1778170 239
1778180 239
1778190 239
1778200 239
1778210 240
1778220 240
1778230 240
1778240 240
1778250 240
1778260 240
1778270 241
1778280 241
1778290 242
1778300 242
1778310 242
1778320 243
1778330 243
1778340 244
1778350 244
1778360 245
1778370 245
1778380 245
1778390 246
1778400 246
1778410 246
1778420 246
1778430 246
1778440 246
1778450 247
1778460 247
1778470 247
1778480 248
1778490 248
1778500 249
1778510 250
1778520 250
1778530 251
1778540 251
1778550 252
1778560 252
1778570 253
1778580 253
1778590 254
1778600 254
1778610 255
1778620 255
1778630 256
1778640 256
1778650 256
1778660 256
1778670 256
1778680 256
1778690 256
1778700 256
1778710 256
1778720 255
1778730 255
1778740 254
1778750 253
1778760 252
1778770 252
1778780 251
1778790 250
1778800 250
1778810 249
1778820 248
1778830 248
1778840 247
1778850 247
1778860 246
1778870 246
1778880 246
1778890 246
1778900 245
1778910 245
1778920 244
1778930 244
1778940 243
1778950 243
1778960 243
1778970 242
1778980 242
1778990 242
1779000 241
1779010 241
1779020 240
1779030 240
1779040 240
1779050 239
1779060 239
1779070 238
1779080 238
1779090 237
1779100 237
1779110 236
1779120 236
1779130 235
1779140 235
1779150 234
1779160 234
1779170 233
1779180 232
1779190 231
1779200 230
1779210 229
1779220 229
1779230 228
1779240 227
1779250 226
1779260 225
1779270 225
1779280 224
1779290 223
1779300 222
1779310 221
1779320 220
1779330 220
1779340 219
1779350 219
1779360 218
1779370 218
1779380 217
1779390 215
1779400 214
1779410 213
1779420 213
1779430 212
1779440 212
1779450 211
1779460 211
1779470 210
1779480 210
1779490 209
1779500 209
1779510 208
1779520 208
1779530 208
1779540 208
1779550 207
1779560 206
1779570 203
1779580 202
1779590 201
1779600 201
1779610 201
1779620 200
1779630 200
1779640 200
1779650 199
1779660 199
1779670 199
1779680 199
1779690 199
1779700 199
1779710 199
1779720 198
1779730 198
1779740 197
1779750 197
1779760 197
1779770 197
1779780 197
1779790 197
1779800 197
1779810 197
1779820 197
1779830 197
1779840 197
1779850 197
1779860 197
1779870 197
1779880 197
1779890 197
1779900 197
1779910 197
1779920 197
1779930 197
1779940 197
1779950 197
1779960 197
1779970 198
1779980 198
1779990 198
