1760000 361
1760010 361
1760020 360
1760030 360
1760040 360
1760050 360
1760060 360
1760070 360
1760080 360
1760090 360
1760100 359
1760110 359
1760120 359
1760130 359
1760140 359
1760150 359
1760160 359
1760170 359
1760180 359
1760190 358
1760200 358
1760210 358
1760220 357
1760230 357
1760240 357
1760250 357
1760260 357
1760270 357
1760280 357
1760290 357
1760300 357
1760310 357
1760320 357
1760330 356
1760340 356
1760350 356
1760360 356
1760370 356
1760380 356
1760390 356
1760400 355
1760410 355
1760420 355
1760430 355
1760440 355
1760450 354
1760460 354
1760470 354
1760480 354
1760490 353
1760500 353
1760510 353
1760520 352
1760530 352
1760540 352
1760550 351
1760560 351
1760570 351
1760580 351
1760590 351
1760600 351
1760610 350
1760620 349
1760630 349
1760640 348
1760650 348
1760660 347
1760670 347
1760680 346
1760690 345
1760700 345
1760710 345
1760720 344
1760730 344
1760740 343
1760750 343
1760760 342
1760770 342
1760780 341
1760790 341
1760800 340
1760810 340
1760820 340
1760830 339
1760840 339
1760850 339
1760860 338
1760870 338
1760880 338
1760890 337
1760900 337
1760910 336
1760920 336
1760930 336
1760940 335
1760950 335
1760960 335
1760970 334
1760980 334
1760990 334
1761000 333
1761010 333
1761020 333
1761030 332
1761040 332
1761050 332
1761060 331
1761070 331
1761080 331
1761090 331
1761100 330
1761110 330
1761120 330
1761130 329
1761140 329
1761150 329
1761160 328
1761170 328
1761180 328
1761190 327
1761200 327
1761210 327
1761220 326
1761230 326
1761240 325
1761250 325
1761260 325
1761270 324
1761280 324
1761290 323
1761300 323
1761310 323
1761320 322
1761330 322
1761340 321
1761350 321
1761360 321
1761370 320
1761380 320
1761390 319
1761400 319
1761410 318
1761420 318
1761430 317
1761440 317
1761450 316
1761460 316
1761470 315
1761480 315
1761490 315
1761500 314
1761510 314
1761520 314
1761530 313
1761540 313
1761550 312
1761560 311
1761570 310
1761580 309
1761590 309
1761600 308
1761610 307
1761620 306
1761630 306
1761640 305
1761650 304
1761660 304
1761670 303
1761680 303
1761690 302
1761700 302
1761710 302
1761720 301
1761730 301
1761740 300
1761750 300
1761760 300
1761770 299
1761780 299
1761790 299
1761800 298
1761810 298
1761820 298
1761830 297
1761840 297
1761850 297
1761860 296
1761870 296
1761880 296
1761890 296
1761900 295
1761910 295
1761920 295
1761930 294
1761940 294
1761950 294
1761960 294
1761970 293
1761980 293
1761990 293
1762000 292
1762010 292
1762020 292
1762030 291
1762040 291
1762050 291
1762060 290
1762070 290
1762080 290
1762090 290
1762100 290
1762110 289
1762120 289
1762130 289
1762140 288
1762150 288
1762160 288
1762170 287
1762180 287
1762190 287
1762200 287
1762210 287
1762220 287
1762230 286
1762240 286
1762250 286
1762260 286
1762270 286
1762280 286
1762290 286
1762300 286
1762310 286
1762320 285
1762330 283
1762340 281
1762350 282
1762360 283
1762370 285
1762380 285
1762390 285
1762400 285
1762410 284
1762420 284
1762430 284
1762440 284
1762450 284
1762460 284
1762470 284
1762480 284
1762490 284
1762500 284
1762510 284
1762520 284
1762530 284
1762540 284
1762550 284
1762560 283
1762570 283
1762580 283
1762590 284
1762600 284
1762610 285
1762620 286
1762630 287
1762640 289
1762650 291
1762660 293
1762670 295
1762680 296
1762690 296
1762700 296
1762710 296
1762720 296
1762730 295
1762740 292
1762750 290
1762760 290
1762770 292
1762780 294
1762790 296
1762800 300
1762810 303
1762820 308
1762830 312
1762840 315
1762850 317
1762860 317
1762870 318
1762880 318
1762890 318
1762900 317
1762910 317
1762920 317
1762930 317
1762940 317
1762950 317
1762960 317
1762970 317
1762980 317
1762990 317
1763000 317
1763010 317
1763020 317
1763030 317
1763040 317
1763050 317
1763060 317
1763070 317
1763080 317
1763090 317
1763100 317
1763110 317
1763120 317
1763130 317
1763140 317
1763150 317
1763160 317
1763170 317
1763180 317
1763190 317
1763200 317
1763210 317
1763220 317
1763230 317
1763240 317
1763250 317
1763260 317
1763270 317
1763280 317
1763290 317
1763300 317
1763310 317
1763320 317
1763330 317
1763340 316
1763350 316
1763360 316
1763370 316
1763380 316
1763390 316
1763400 315
1763410 315
1763420 315
1763430 314
1763440 314
1763450 314
1763460 314
1763470 313
1763480 313
1763490 313
1763500 312
1763510 312
1763520 311
1763530 311
1763540 311
1763550 311
1763560 310
1763570 310
1763580 310
1763590 310
1763600 309
1763610 309
1763620 309
1763630 309
1763640 309
1763650 309
1763660 309
1763670 309
1763680 309
1763690 309
1763700 309
1763710 309
1763720 309
1763730 309
1763740 309
1763750 309
1763760 309
1763770 309
1763780 309
1763790 309
1763800 309
1763810 309
1763820 309
1763830 309
1763840 308
1763850 308
1763860 308
1763870 308
1763880 307
1763890 307
1763900 307
1763910 307
1763920 306
1763930 306
1763940 305
1763950 305
1763960 304
1763970 304
1763980 303
1763990 303
1764000 303
1764010 302
1764020 302
1764030 302
1764040 301
1764050 301
1764060 300
1764070 300
1764080 300
1764090 300
1764100 299
1764110 299
1764120 299
1764130 298
1764140 298
1764150 297
1764160 297
1764170 297
1764180 296
1764190 296
1764200 296
1764210 295
1764220 295
1764230 295
1764240 294
1764250 294
1764260 294
1764270 294
1764280 293
1764290 293
1764300 292
1764310 292
1764320 291
1764330 291
1764340 291
1764350 290
1764360 290
1764370 289
1764380 289
1764390 288
1764400 288
1764410 287
1764420 286
1764430 286
1764440 286
1764450 285
1764460 285
1764470 285
1764480 284
1764490 284
1764500 283
1764510 282
1764520 282
1764530 281
1764540 280
1764550 280
1764560 280
1764570 279
1764580 279
1764590 279
1764600 279
1764610 278
1764620 278
1764630 278
1764640 278
1764650 278
1764660 278
1764670 278
1764680 278
1764690 278
1764700 278
1764710 279
1764720 279
1764730 280
1764740 280
1764750 280
1764760 281
1764770 281
1764780 281
1764790 282
1764800 282
1764810 283
1764820 283
1764830 284
1764840 284
1764850 284
1764860 285
1764870 285
1764880 285
1764890 285
1764900 285
1764910 285
1764920 286
1764930 286
1764940 286
1764950 286
1764960 286
1764970 287
1764980 287
1764990 287
1765000 288
1765010 288
1765020 288
1765030 288
1765040 288
1765050 289
1765060 289
1765070 288
1765080 287
1765090 288
1765100 289
1765110 289
1765120 289
1765130 290
1765140 290
1765150 290
1765160 290
1765170 290
1765180 291
1765190 291
1765200 291
1765210 291
1765220 291
1765230 291
1765240 291
1765250 291
1765260 291
1765270 291
1765280 291
1765290 291
1765300 290
1765310 290
1765320 290
1765330 290
1765340 290
1765350 290
1765360 290
1765370 290
1765380 290
1765390 290
1765400 290
1765410 290
1765420 290
1765430 290
1765440 290
1765450 290
1765460 289
1765470 289
1765480 289
1765490 289
1765500 289
1765510 289
1765520 289
1765530 289
1765540 289
1765550 289
1765560 289
1765570 290
1765580 290
1765590 290
1765600 290
1765610 290
1765620 290
1765630 290
1765640 290
1765650 289
1765660 289
1765670 289
1765680 289
1765690 289
1765700 289
1765710 289
1765720 289
1765730 289
1765740 289
1765750 289
1765760 289
1765770 289
1765780 289
1765790 289
1765800 289
1765810 289
1765820 289
1765830 288
1765840 288
1765850 288
1765860 288
1765870 288
1765880 288
1765890 287
1765900 287
1765910 287
1765920 287
1765930 287
1765940 287
1765950 287
1765960 286
1765970 286
1765980 286
1765990 286
1766000 286
1766010 286
1766020 285
1766030 285
1766040 285
1766050 285
1766060 285
1766070 284
1766080 284
1766090 284
1766100 284
1766110 284
1766120 284
1766130 284
1766140 283
1766150 283
1766160 283
1766170 283
1766180 283
1766190 283
1766200 283
1766210 283
1766220 282
1766230 282
1766240 282
1766250 282
1766260 281
1766270 281
1766280 280
1766290 278
1766300 278
1766310 279
1766320 280
1766330 280
1766340 279
1766350 279
1766360 279
1766370 279
1766380 278
1766390 278
1766400 278
1766410 278
1766420 278
1766430 277
1766440 277
1766450 277
1766460 277
1766470 276
1766480 276
1766490 276
1766500 276
1766510 276
1766520 275
1766530 275
1766540 275
1766550 275
1766560 275
1766570 275
1766580 275
1766590 274
1766600 274
1766610 274
1766620 274
1766630 274
1766640 274
1766650 274
1766660 274
1766670 274
1766680 274
1766690 273
1766700 273
1766710 273
1766720 273
1766730 272
1766740 272
1766750 272
1766760 272
1766770 272
1766780 272
1766790 271
1766800 271
1766810 271
1766820 271
1766830 271
1766840 271
1766850 271
1766860 271
1766870 271
1766880 271
1766890 270
1766900 270
1766910 270
1766920 270
1766930 270
1766940 270
1766950 270
1766960 270
1766970 270
1766980 270
1766990 270
1767000 270
1767010 270
1767020 270
1767030 270
1767040 270
1767050 270
1767060 270
1767070 270
1767080 270
1767090 269
1767100 269
1767110 269
1767120 269
1767130 269
1767140 269
1767150 268
1767160 268
1767170 268
1767180 268
1767190 268
1767200 268
1767210 268
1767220 267
1767230 267
1767240 267
1767250 267
1767260 267
1767270 267
1767280 267
1767290 267
1767300 267
1767310 267
1767320 266
1767330 266
1767340 266
1767350 266
1767360 266
1767370 266
1767380 266
1767390 266
1767400 266
1767410 266
1767420 266
1767430 266
1767440 266
1767450 266
1767460 266
1767470 266
1767480 265
1767490 265
1767500 265
1767510 265
1767520 265
1767530 265
1767540 265
1767550 265
1767560 265
1767570 265
1767580 265
1767590 265
1767600 265
1767610 265
1767620 264
1767630 264
1767640 264
1767650 264
1767660 264
1767670 264
1767680 263
1767690 263
1767700 263
1767710 263
1767720 263
1767730 263
1767740 262
1767750 262
1767760 262
1767770 262
1767780 261
1767790 261
1767800 261
1767810 261
1767820 260
1767830 260
1767840 260
1767850 259
1767860 259
1767870 258
1767880 258
1767890 257
1767900 257
1767910 257
1767920 257
1767930 257
1767940 258
1767950 258
1767960 258
1767970 258
1767980 258
1767990 257
1768000 257
1768010 257
1768020 257
1768030 257
1768040 257
1768050 257
1768060 256
1768070 256
1768080 256
1768090 255
1768100 255
1768110 255
1768120 254
1768130 254
1768140 254
1768150 254
1768160 253
1768170 253
1768180 253
1768190 252
1768200 252
1768210 252
1768220 252
1768230 252
1768240 252
1768250 252
1768260 251
1768270 251
1768280 251
1768290 251
1768300 251
1768310 251
1768320 251
1768330 251
1768340 250
1768350 250
1768360 251
1768370 251
1768380 251
1768390 251
1768400 251
1768410 251
1768420 251
1768430 251
1768440 251
1768450 251
1768460 251
1768470 252
1768480 252
1768490 252
1768500 252
1768510 254
1768520 256
1768530 258
1768540 260
1768550 260
1768560 260
1768570 260
1768580 260
1768590 260
1768600 260
1768610 259
1768620 258
1768630 258
1768640 257
1768650 257
1768660 257
1768670 257
1768680 257
1768690 257
1768700 257
1768710 257
1768720 256
1768730 255
1768740 254
1768750 254
1768760 254
1768770 254
1768780 254
1768790 254
1768800 254
1768810 254
1768820 255
1768830 254
1768840 254
1768850 255
1768860 256
1768870 258
1768880 259
1768890 260
1768900 261
1768910 261
1768920 263
1768930 265
1768940 267
1768950 268
1768960 269
1768970 270
1768980 271
1768990 271
1769000 272
1769010 272
1769020 273
1769030 273
1769040 274
1769050 275
1769060 275
1769070 276
1769080 276
1769090 276
1769100 277
1769110 277
1769120 277
1769130 278
1769140 278
1769150 278
1769160 279
1769170 279
1769180 279
1769190 279
1769200 280
1769210 280
1769220 280
1769230 280
1769240 280
1769250 281
1769260 281
1769270 281
1769280 281
1769290 281
1769300 281
1769310 281
1769320 281
1769330 281
1769340 281
1769350 281
1769360 281
1769370 281
1769380 281
1769390 281
1769400 281
1769410 281
1769420 282
1769430 281
1769440 281
1769450 281
1769460 281
1769470 281
1769480 281
1769490 281
1769500 280
1769510 280
1769520 280
1769530 279
1769540 279
1769550 278
1769560 277
1769570 276
1769580 274
1769590 272
1769600 271
1769610 270
1769620 270
1769630 269
1769640 269
1769650 269
1769660 269
1769670 269
1769680 269
1769690 270
1769700 272
1769710 275
1769720 277
1769730 278
1769740 279
1769750 279
1769760 279
1769770 279
1769780 280
1769790 280
1769800 280
1769810 281
1769820 282
1769830 282
1769840 283
1769850 283
1769860 284
1769870 284
1769880 285
1769890 285
1769900 286
1769910 286
1769920 287
1769930 288
1769940 288
1769950 289
1769960 289
1769970 290
1769980 291
1769990 292
1770000 292
1770010 293
1770020 293
1770030 293
1770040 294
1770050 294
1770060 294
1770070 295
1770080 295
1770090 296
1770100 296
1770110 296
1770120 297
1770130 297
1770140 297
1770150 298
1770160 298
1770170 298
1770180 298
1770190 298
1770200 299
1770210 299
1770220 299
1770230 299
1770240 299
1770250 299
1770260 300
1770270 300
1770280 300
1770290 300
1770300 300
1770310 300
1770320 300
1770330 300
1770340 300
1770350 300
1770360 300
1770370 300
1770380 300
1770390 300
1770400 300
1770410 300
1770420 299
1770430 299
1770440 299
1770450 299
1770460 299
1770470 299
1770480 298
1770490 298
1770500 298
1770510 297
1770520 297
1770530 297
1770540 296
1770550 296
1770560 296
1770570 296
1770580 295
1770590 295
1770600 295
1770610 294
1770620 294
1770630 294
1770640 293
1770650 293
1770660 292
1770670 292
1770680 292
1770690 291
1770700 291
1770710 290
1770720 290
1770730 290
1770740 290
1770750 289
1770760 289
1770770 289
1770780 289
1770790 289
1770800 288
1770810 288
1770820 288
1770830 287
1770840 287
1770850 287
1770860 286
1770870 286
1770880 285
1770890 285
1770900 284
1770910 283
1770920 283
1770930 282
1770940 281
1770950 281
1770960 280
1770970 279
1770980 278
1770990 277
1771000 277
1771010 276
1771020 276
1771030 276
1771040 274
1771050 272
1771060 271
1771070 270
1771080 269
1771090 270
1771100 271
1771110 272
1771120 273
1771130 274
1771140 275
1771150 276
1771160 276
1771170 276
1771180 277
1771190 278
1771200 278
1771210 279
1771220 280
1771230 281
1771240 282
1771250 282
1771260 282
1771270 282
1771280 282
1771290 283
1771300 283
1771310 284
1771320 284
1771330 285
1771340 286
1771350 287
1771360 288
1771370 290
1771380 292
1771390 294
1771400 295
1771410 296
1771420 297
1771430 298
1771440 298
1771450 299
1771460 300
1771470 301
1771480 303
1771490 305
1771500 307
1771510 307
1771520 307
1771530 307
1771540 307
1771550 307
1771560 308
1771570 308
1771580 308
1771590 308
1771600 309
1771610 309
1771620 310
1771630 311
1771640 311
1771650 311
1771660 311
1771670 311
1771680 311
1771690 311
1771700 311
1771710 311
1771720 311
1771730 311
1771740 311
1771750 311
1771760 311
1771770 311
1771780 310
1771790 310
1771800 310
1771810 310
1771820 311
1771830 311
1771840 311
1771850 310
1771860 310
1771870 310
1771880 309
1771890 309
1771900 309
1771910 309
1771920 309
1771930 308
1771940 308
1771950 308
1771960 308
1771970 308
1771980 308
1771990 308
1772000 308
1772010 308
1772020 307
1772030 307
1772040 307
1772050 306
1772060 306
1772070 306
1772080 305
1772090 305
1772100 304
1772110 304
1772120 303
1772130 303
1772140 302
1772150 301
1772160 301
1772170 301
1772180 300
1772190 300
1772200 299
1772210 298
1772220 297
1772230 297
1772240 296
1772250 295
1772260 294
1772270 293
1772280 292
1772290 290
1772300 289
1772310 290
1772320 292
1772330 295
1772340 298
1772350 301
1772360 304
1772370 309
1772380 312
1772390 315
1772400 316
1772410 316
1772420 316
1772430 316
1772440 316
1772450 316
1772460 316
1772470 316
1772480 316
1772490 316
1772500 316
1772510 316
1772520 316
1772530 316
1772540 316
1772550 314
1772560 312
1772570 308
1772580 306
1772590 306
1772600 308
1772610 310
1772620 312
1772630 313
1772640 314
1772650 314
1772660 314
1772670 314
1772680 314
1772690 314
1772700 315
1772710 315
1772720 317
1772730 318
1772740 319
1772750 319
1772760 319
1772770 319
1772780 320
1772790 320
1772800 321
1772810 321
1772820 322
1772830 323
1772840 324
1772850 325
1772860 325
1772870 326
1772880 326
1772890 327
1772900 327
1772910 327
1772920 328
1772930 328
1772940 328
1772950 328
1772960 328
1772970 328
1772980 328
1772990 328
1773000 328
1773010 328
1773020 327
1773030 327
1773040 327
1773050 327
1773060 327
1773070 328
1773080 328
1773090 328
1773100 328
1773110 328
1773120 328
1773130 328
1773140 328
1773150 329
1773160 329
1773170 329
1773180 329
1773190 329
1773200 329
1773210 329
1773220 329
1773230 329
1773240 329
1773250 329
1773260 329
1773270 329
1773280 329
1773290 329
1773300 329
1773310 329
1773320 329
1773330 329
1773340 330
1773350 330
1773360 330
1773370 330
1773380 330
1773390 330
1773400 330
1773410 330
1773420 330
1773430 330
1773440 330
1773450 330
1773460 330
1773470 329
1773480 329
1773490 329
1773500 329
1773510 329
1773520 329
1773530 329
1773540 329
1773550 329
1773560 329
1773570 329
1773580 329
1773590 328
1773600 328
1773610 328
1773620 327
1773630 327
1773640 326
1773650 326
1773660 325
1773670 325
1773680 325
1773690 324
1773700 324
1773710 324
1773720 324
1773730 324
1773740 324
1773750 324
1773760 323
1773770 323
1773780 323
1773790 323
1773800 323
1773810 323
1773820 322
1773830 322
1773840 322
1773850 322
1773860 322
1773870 322
1773880 322
1773890 322
1773900 321
1773910 321
1773920 320
1773930 320
1773940 319
1773950 319
1773960 319
1773970 318
1773980 318
1773990 318
1774000 318
1774010 318
1774020 317
1774030 317
1774040 317
1774050 317
1774060 317
1774070 317
1774080 317
1774090 317
1774100 317
1774110 317
1774120 316
1774130 316
1774140 316
1774150 315
1774160 315
1774170 314
1774180 314
1774190 314
1774200 313
1774210 313
1774220 312
1774230 312
1774240 312
1774250 312
1774260 312
1774270 312
1774280 312
1774290 312
1774300 312
1774310 312
1774320 312
1774330 312
1774340 312
1774350 312
1774360 312
1774370 312
1774380 313
1774390 313
1774400 313
1774410 313
1774420 313
1774430 313
1774440 314
1774450 314
1774460 314
1774470 314
1774480 314
1774490 314
1774500 314
1774510 314
1774520 314
1774530 314
1774540 313
1774550 313
1774560 313
1774570 312
1774580 312
1774590 311
1774600 311
1774610 310
1774620 309
1774630 309
1774640 308
1774650 308
1774660 307
1774670 307
1774680 307
1774690 306
1774700 305
1774710 304
1774720 299
1774730 296
1774740 294
1774750 298
1774760 301
1774770 303
1774780 303
1774790 304
1774800 304
1774810 305
1774820 305
1774830 306
1774840 307
1774850 307
1774860 307
1774870 307
1774880 308
1774890 308
1774900 309
1774910 309
1774920 310
1774930 310
1774940 311
1774950 312
1774960 313
1774970 314
1774980 315
1774990 315
1775000 315
1775010 316
1775020 317
1775030 319
1775040 320
1775050 320
1775060 320
1775070 321
1775080 322
1775090 323
1775100 324
1775110 324
1775120 325
1775130 326
1775140 326
1775150 327
1775160 327
1775170 328
1775180 329
1775190 329
1775200 329
1775210 330
1775220 331
1775230 331
1775240 332
1775250 332
1775260 333
1775270 333
1775280 334
1775290 334
1775300 334
1775310 334
1775320 334
1775330 335
1775340 335
1775350 335
1775360 335
1775370 336
1775380 336
1775390 336
1775400 336
1775410 336
1775420 337
1775430 337
1775440 337
1775450 337
1775460 337
1775470 337
1775480 337
1775490 338
1775500 338
1775510 338
1775520 338
1775530 338
1775540 338
1775550 338
1775560 337
1775570 337
1775580 337
1775590 337
1775600 337
1775610 337
1775620 336
1775630 336
1775640 336
1775650 335
1775660 335
1775670 334
1775680 334
1775690 333
1775700 333
1775710 333
1775720 333
1775730 332
1775740 331
1775750 330
1775760 329
1775770 328
1775780 328
1775790 327
1775800 326
1775810 326
1775820 325
1775830 324
1775840 323
1775850 322
1775860 322
1775870 321
1775880 320
1775890 320
1775900 319
1775910 318
1775920 318
1775930 317
1775940 317
1775950 316
1775960 316
1775970 315
1775980 314
1775990 314
1776000 313
1776010 313
1776020 312
1776030 311
1776040 310
1776050 309
1776060 307
1776070 307
1776080 308
1776090 307
1776100 304
1776110 300
1776120 301
1776130 303
1776140 304
1776150 304
1776160 304
1776170 303
1776180 303
1776190 302
1776200 302
1776210 301
1776220 300
1776230 300
1776240 299
1776250 299
1776260 298
1776270 298
1776280 298
1776290 297
1776300 297
1776310 296
1776320 295
1776330 295
1776340 294
1776350 293
1776360 293
1776370 292
1776380 292
1776390 291
1776400 291
1776410 291
1776420 290
1776430 290
1776440 289
1776450 289
1776460 288
1776470 287
1776480 287
1776490 286
1776500 285
1776510 285
1776520 284
1776530 283
1776540 283
1776550 282
1776560 281
1776570 280
1776580 279
1776590 279
1776600 279
1776610 278
1776620 275
1776630 274
1776640 274
1776650 274
1776660 273
1776670 273
1776680 272
1776690 273
1776700 275
1776710 276
1776720 276
1776730 276
1776740 275
1776750 275
1776760 275
1776770 274
1776780 274
1776790 273
1776800 273
1776810 272
1776820 272
1776830 271
1776840 271
1776850 271
1776860 270
1776870 270
1776880 270
1776890 270
1776900 269
1776910 269
1776920 269
1776930 268
1776940 268
1776950 268
1776960 267
1776970 267
1776980 266
1776990 266
1777000 265
1777010 265
1777020 264
1777030 264
1777040 263
1777050 263
1777060 263
1777070 262
1777080 262
1777090 262
1777100 262
1777110 262
1777120 261
1777130 261
1777140 260
1777150 260
1777160 260
1777170 259
1777180 259
1777190 258
1777200 258
1777210 257
1777220 256
1777230 256
1777240 255
1777250 254
1777260 254
1777270 253
1777280 252
1777290 251
1777300 250
1777310 250
1777320 249
1777330 248
1777340 248
1777350 247
1777360 246
1777370 245
1777380 244
1777390 243
1777400 242
1777410 241
1777420 240
1777430 239
1777440 238
1777450 237
1777460 236
1777470 235
1777480 233
1777490 232
1777500 232
1777510 231
1777520 230
1777530 230
1777540 229
1777550 229
1777560 228
1777570 227
1777580 227
1777590 226
1777600 225
1777610 225
1777620 224
1777630 223
1777640 223
1777650 222
1777660 221
1777670 221
1777680 220
1777690 220
1777700 219
1777710 219
1777720 219
1777730 218
1777740 218
1777750 218
1777760 218
1777770 217
1777780 218
1777790 218
1777800 218
1777810 218
1777820 218
1777830 218
1777840 219
1777850 219
1777860 218
1777870 218
1777880 218
1777890 218
1777900 217
1777910 217
1777920 216
1777930 215
1777940 214
1777950 214
1777960 213
1777970 212
1777980 211
1777990 211
1778000 210
1778010 210
1778020 209
1778030 209
1778040 208
1778050 208
1778060 208
1778070 208
1778080 207
1778090 207
1778100 207
1778110 207
1778120 207
1778130 207
1778140 207
1778150 207
1778160 207
1778170 207
1778180 207
1778190 207
1778200 207
1778210 207
1778220 207
1778230 206
1778240 206
1778250 206
1778260 206
1778270 206
1778280 206
1778290 206
1778300 206
1778310 206
1778320 205
1778330 205
1778340 205
1778350 205
1778360 205
1778370 205
1778380 205
1778390 205
1778400 204
1778410 204
1778420 204
1778430 205
1778440 205
1778450 205
1778460 205
1778470 205
1778480 205
1778490 205
1778500 205
1778510 205
1778520 205
1778530 205
1778540 205
1778550 205
1778560 205
1778570 205
1778580 205
1778590 205
1778600 205
1778610 205
1778620 205
1778630 205
1778640 205
1778650 206
1778660 206
1778670 206
1778680 205
1778690 206
1778700 206
1778710 206
1778720 205
1778730 206
1778740 206
1778750 206
1778760 205
1778770 205
1778780 205
1778790 205
1778800 205
1778810 205
1778820 206
1778830 206
1778840 206
1778850 206
1778860 206
1778870 206
1778880 206
1778890 206
1778900 206
1778910 206
1778920 206
1778930 206
1778940 206
1778950 206
1778960 206
1778970 206
1778980 207
1778990 209
1779000 210
1779010 211
1779020 211
1779030 212
1779040 212
1779050 214
1779060 215
1779070 216
1779080 216
1779090 216
1779100 216
1779110 216
1779120 216
1779130 216
1779140 216
1779150 217
1779160 218
1779170 219
1779180 220
1779190 220
1779200 219
1779210 219
1779220 218
1779230 219
1779240 220
1779250 220
1779260 220
1779270 219
1779280 218
1779290 217
1779300 217
1779310 217
1779320 216
1779330 216
1779340 215
1779350 215
1779360 215
1779370 214
1779380 214
1779390 214
1779400 214
1779410 214
1779420 214
1779430 214
1779440 214
1779450 214
1779460 213
1779470 213
1779480 213
1779490 213
1779500 213
1779510 214
1779520 214
1779530 214
1779540 214
1779550 214
1779560 214
1779570 214
1779580 215
1779590 215
1779600 215
1779610 215
1779620 215
1779630 216
1779640 216
1779650 217
1779660 217
1779670 217
1779680 217
1779690 217
1779700 217
1779710 218
1779720 218
1779730 219
1779740 219
1779750 219
1779760 219
1779770 220
1779780 220
1779790 221
1779800 220
1779810 220
1779820 221
1779830 221
1779840 221
1779850 221
1779860 222
1779870 222
1779880 221
1779890 220
1779900 219
1779910 219
1779920 219
1779930 220
1779940 220
1779950 221
1779960 222
1779970 223
1779980 225
1779990 226
