1760000 357
1760010 357
1760020 357
1760030 357
1760040 357
1760050 357
1760060 357
1760070 357
1760080 357
1760090 357
1760100 357
1760110 357
1760120 357
1760130 357
1760140 357
1760150 357
1760160 357
1760170 357
1760180 357
1760190 357
1760200 357
1760210 357
1760220 357
1760230 357
1760240 355
1760250 350
1760260 347
1760270 346
1760280 345
1760290 345
1760300 346
1760310 348
1760320 352
1760330 354
1760340 355
1760350 355
1760360 355
1760370 355
1760380 354
1760390 354
1760400 353
1760410 353
1760420 352
1760430 352
1760440 352
1760450 352
1760460 352
1760470 351
1760480 351
1760490 351
1760500 350
1760510 350
1760520 349
1760530 349
1760540 348
1760550 348
1760560 347
1760570 347
1760580 346
1760590 346
1760600 346
1760610 346
1760620 345
1760630 344
1760640 343
1760650 343
1760660 342
1760670 341
1760680 341
1760690 340
1760700 340
1760710 339
1760720 338
1760730 338
1760740 337
1760750 336
1760760 336
1760770 336
1760780 336
1760790 335
1760800 335
1760810 334
1760820 334
1760830 334
1760840 334
1760850 333
1760860 333
1760870 332
1760880 331
1760890 330
1760900 330
1760910 329
1760920 329
1760930 330
1760940 330
1760950 330
1760960 330
1760970 330
1760980 329
1760990 329
1761000 329
1761010 329
1761020 328
1761030 328
1761040 328
1761050 328
1761060 328
1761070 327
1761080 327
1761090 326
1761100 325
1761110 324
1761120 324
1761130 324
1761140 323
1761150 323
1761160 322
1761170 322
1761180 321
1761190 321
1761200 321
1761210 320
1761220 320
1761230 320
1761240 320
1761250 320
1761260 319
1761270 319
1761280 319
1761290 318
1761300 318
1761310 317
1761320 317
1761330 317
1761340 317
1761350 316
1761360 316
1761370 316
1761380 315
1761390 315
1761400 314
1761410 314
1761420 313
1761430 313
1761440 312
1761450 312
1761460 312
1761470 311
1761480 311
1761490 310
1761500 310
1761510 310
1761520 309
1761530 309
1761540 309
1761550 309
1761560 309
1761570 309
1761580 308
1761590 308
1761600 308
1761610 308
1761620 308
1761630 308
1761640 307
1761650 307
1761660 307
1761670 307
1761680 307
1761690 307
1761700 307
1761710 307
1761720 306
1761730 306
1761740 306
1761750 306
1761760 305
1761770 305
1761780 305
1761790 304
1761800 304
1761810 304
1761820 304
1761830 303
1761840 303
1761850 303
1761860 303
1761870 303
1761880 303
1761890 303
1761900 302
1761910 302
1761920 302
1761930 302
1761940 302
1761950 302
1761960 301
1761970 301
1761980 301
1761990 301
1762000 300
1762010 300
1762020 300
1762030 300
1762040 299
1762050 299
1762060 299
1762070 299
1762080 299
1762090 298
1762100 298
1762110 298
1762120 298
1762130 298
1762140 297
1762150 297
1762160 296
1762170 296
1762180 295
1762190 295
1762200 295
1762210 295
1762220 295
1762230 294
1762240 294
1762250 294
1762260 293
1762270 293
1762280 293
1762290 292
1762300 292
1762310 292
1762320 291
1762330 291
1762340 290
1762350 290
1762360 290
1762370 289
1762380 289
1762390 289
1762400 288
1762410 288
1762420 288
1762430 287
1762440 287
1762450 287
1762460 287
1762470 286
1762480 286
1762490 286
1762500 286
1762510 285
1762520 285
1762530 285
1762540 285
1762550 284
1762560 284
1762570 284
1762580 284
1762590 283
1762600 283
1762610 283
1762620 282
1762630 282
1762640 282
1762650 282
1762660 282
1762670 282
1762680 282
1762690 281
1762700 281
1762710 281
1762720 281
1762730 281
1762740 281
1762750 281
1762760 281
1762770 281
1762780 281
1762790 281
1762800 281
1762810 282
1762820 283
1762830 284
1762840 286
1762850 287
1762860 288
1762870 289
1762880 291
1762890 293
1762900 296
1762910 298
1762920 301
1762930 301
1762940 302
1762950 302
1762960 302
1762970 302
1762980 303
1762990 303
1763000 303
1763010 303
1763020 304
1763030 305
1763040 306
1763050 306
1763060 307
1763070 307
1763080 307
1763090 308
1763100 308
1763110 308
1763120 309
1763130 309
1763140 309
1763150 309
1763160 309
1763170 309
1763180 309
1763190 310
1763200 310
1763210 310
1763220 310
1763230 310
1763240 310
1763250 310
1763260 310
1763270 310
1763280 310
1763290 310
1763300 310
1763310 310
1763320 310
1763330 310
1763340 310
1763350 310
1763360 310
1763370 310
1763380 310
1763390 310
1763400 309
1763410 309
1763420 309
1763430 308
1763440 308
1763450 308
1763460 307
1763470 306
1763480 305
1763490 305
1763500 304
1763510 303
1763520 301
1763530 301
1763540 300
1763550 299
1763560 298
1763570 297
1763580 297
1763590 296
1763600 296
1763610 295
1763620 295
1763630 294
1763640 293
1763650 292
1763660 292
1763670 292
1763680 293
1763690 293
1763700 293
1763710 293
1763720 293
1763730 293
1763740 294
1763750 294
1763760 294
1763770 295
1763780 295
1763790 295
1763800 295
1763810 295
1763820 296
1763830 296
1763840 296
1763850 296
1763860 296
1763870 296
1763880 296
1763890 297
1763900 297
1763910 297
1763920 297
1763930 297
1763940 297
1763950 297
1763960 297
1763970 297
1763980 297
1763990 298
1764000 298
1764010 298
1764020 298
1764030 299
1764040 299
1764050 299
1764060 300
1764070 300
1764080 301
1764090 301
1764100 301
1764110 301
1764120 301
1764130 301
1764140 302
1764150 302
1764160 302
1764170 302
1764180 302
1764190 302
1764200 302
1764210 302
1764220 302
1764230 302
1764240 302
1764250 302
1764260 302
1764270 302
1764280 302
1764290 302
1764300 302
1764310 301
1764320 301
1764330 301
1764340 301
1764350 300
1764360 300
1764370 299
1764380 299
1764390 299
1764400 299
1764410 298
1764420 298
1764430 298
1764440 297
1764450 297
1764460 297
1764470 296
1764480 296
1764490 296
1764500 295
1764510 295
1764520 295
1764530 294
1764540 294
1764550 294
1764560 293
1764570 293
1764580 293
1764590 292
1764600 292
1764610 292
1764620 291
1764630 291
1764640 290
1764650 290
1764660 290
1764670 289
1764680 289
1764690 288
1764700 288
1764710 287
1764720 286
1764730 285
1764740 285
1764750 284
1764760 284
1764770 283
1764780 282
1764790 281
1764800 281
1764810 280
1764820 280
1764830 279
1764840 278
1764850 277
1764860 277
1764870 276
1764880 276
1764890 275
1764900 275
1764910 275
1764920 275
1764930 274
1764940 274
1764950 274
1764960 274
1764970 274
1764980 273
1764990 273
1765000 273
1765010 273
1765020 273
1765030 273
1765040 273
1765050 273
1765060 273
1765070 273
1765080 274
1765090 274
1765100 274
1765110 275
1765120 275
1765130 276
1765140 276
1765150 277
1765160 277
1765170 278
1765180 279
1765190 279
1765200 280
1765210 280
1765220 280
1765230 281
1765240 281
1765250 281
1765260 282
1765270 282
1765280 281
1765290 282
1765300 282
1765310 283
1765320 283
1765330 284
1765340 284
1765350 284
1765360 284
1765370 285
1765380 285
1765390 285
1765400 285
1765410 285
1765420 285
1765430 286
1765440 286
1765450 286
1765460 286
1765470 286
1765480 287
1765490 287
1765500 287
1765510 287
1765520 287
1765530 287
1765540 287
1765550 287
1765560 287
1765570 287
1765580 287
1765590 287
1765600 287
1765610 287
1765620 287
1765630 287
1765640 287
1765650 287
1765660 287
1765670 287
1765680 287
1765690 286
1765700 286
1765710 286
1765720 286
1765730 286
1765740 286
1765750 286
1765760 286
1765770 286
1765780 286
1765790 286
1765800 285
1765810 285
1765820 285
1765830 285
1765840 285
1765850 285
1765860 285
1765870 284
1765880 284
1765890 284
1765900 284
1765910 284
1765920 284
1765930 284
1765940 284
1765950 284
1765960 283
1765970 283
1765980 283
1765990 283
1766000 283
1766010 283
1766020 283
1766030 283
1766040 283
1766050 283
1766060 283
1766070 283
1766080 283
1766090 283
1766100 283
1766110 283
1766120 283
1766130 283
1766140 283
1766150 283
1766160 283
1766170 283
1766180 283
1766190 283
1766200 283
1766210 283
1766220 283
1766230 283
1766240 283
1766250 283
1766260 283
1766270 282
1766280 282
1766290 282
1766300 282
1766310 282
1766320 282
1766330 282
1766340 281
1766350 281
1766360 281
1766370 281
1766380 281
1766390 281
1766400 280
1766410 280
1766420 280
1766430 280
1766440 280
1766450 280
1766460 280
1766470 279
1766480 279
1766490 279
1766500 279
1766510 279
1766520 278
1766530 278
1766540 278
1766550 278
1766560 278
1766570 277
1766580 277
1766590 277
1766600 277
1766610 276
1766620 276
1766630 276
1766640 276
1766650 276
1766660 275
1766670 275
1766680 275
1766690 275
1766700 275
1766710 275
1766720 275
1766730 275
1766740 274
1766750 274
1766760 274
1766770 274
1766780 274
1766790 274
1766800 274
1766810 274
1766820 274
1766830 274
1766840 274
1766850 274
1766860 274
1766870 274
1766880 273
1766890 273
1766900 273
1766910 273
1766920 273
1766930 273
1766940 273
1766950 273
1766960 273
1766970 272
1766980 272
1766990 272
1767000 272
1767010 272
1767020 272
1767030 272
1767040 271
1767050 271
1767060 271
1767070 271
1767080 271
1767090 271
1767100 271
1767110 270
1767120 270
1767130 270
1767140 270
1767150 270
1767160 270
1767170 270
1767180 269
1767190 269
1767200 269
1767210 269
1767220 269
1767230 269
1767240 269
1767250 268
1767260 268
1767270 268
1767280 268
1767290 268
1767300 268
1767310 268
1767320 268
1767330 268
1767340 268
1767350 268
1767360 268
1767370 268
1767380 267
1767390 267
1767400 267
1767410 267
1767420 267
1767430 267
1767440 267
1767450 267
1767460 267
1767470 267
1767480 267
1767490 267
1767500 267
1767510 267
1767520 267
1767530 267
1767540 267
1767550 267
1767560 267
1767570 267
1767580 267
1767590 267
1767600 267
1767610 267
1767620 267
1767630 267
1767640 267
1767650 267
1767660 267
1767670 266
1767680 266
1767690 266
1767700 266
1767710 266
1767720 266
1767730 265
1767740 265
1767750 265
1767760 265
1767770 265
1767780 264
1767790 264
1767800 264
1767810 264
1767820 264
1767830 263
1767840 263
1767850 263
1767860 263
1767870 263
1767880 262
1767890 262
1767900 262
1767910 262
1767920 262
1767930 262
1767940 261
1767950 261
1767960 261
1767970 261
1767980 261
1767990 260
1768000 260
1768010 260
1768020 260
1768030 260
1768040 260
1768050 260
1768060 260
1768070 259
1768080 259
1768090 259
1768100 259
1768110 259
1768120 259
1768130 259
1768140 259
1768150 259
1768160 258
1768170 258
1768180 258
1768190 258
1768200 258
1768210 258
1768220 258
1768230 258
1768240 257
1768250 257
1768260 257
1768270 257
1768280 256
1768290 256
1768300 256
1768310 255
1768320 255
1768330 255
1768340 254
1768350 254
1768360 253
1768370 253
1768380 252
1768390 252
1768400 251
1768410 251
1768420 250
1768430 250
1768440 249
1768450 249
1768460 249
1768470 249
1768480 249
1768490 249
1768500 249
1768510 249
1768520 249
1768530 249
1768540 248
1768550 248
1768560 248
1768570 248
1768580 248
1768590 248
1768600 248
1768610 248
1768620 248
1768630 248
1768640 247
1768650 247
1768660 246
1768670 246
1768680 246
1768690 246
1768700 246
1768710 246
1768720 246
1768730 246
1768740 246
1768750 246
1768760 246
1768770 246
1768780 246
1768790 246
1768800 247
1768810 248
1768820 251
1768830 253
1768840 255
1768850 258
1768860 259
1768870 261
1768880 261
1768890 261
1768900 262
1768910 262
1768920 262
1768930 263
1768940 263
1768950 263
1768960 264
1768970 264
1768980 264
1768990 265
1769000 265
1769010 266
1769020 266
1769030 267
1769040 267
1769050 267
1769060 267
1769070 268
1769080 268
1769090 268
1769100 268
1769110 269
1769120 269
1769130 269
1769140 269
1769150 270
1769160 270
1769170 270
1769180 270
1769190 270
1769200 270
1769210 270
1769220 271
1769230 271
1769240 271
1769250 271
1769260 271
1769270 271
1769280 272
1769290 272
1769300 272
1769310 272
1769320 272
1769330 273
1769340 273
1769350 273
1769360 273
1769370 274
1769380 274
1769390 274
1769400 274
1769410 274
1769420 274
1769430 274
1769440 274
1769450 274
1769460 274
1769470 274
1769480 273
1769490 273
1769500 272
1769510 272
1769520 271
1769530 270
1769540 269
1769550 268
1769560 267
1769570 266
1769580 265
1769590 265
1769600 265
1769610 264
1769620 264
1769630 264
1769640 264
1769650 264
1769660 264
1769670 264
1769680 264
1769690 265
1769700 266
1769710 268
1769720 270
1769730 271
1769740 272
1769750 272
1769760 272
1769770 273
1769780 273
1769790 274
1769800 274
1769810 275
1769820 276
1769830 276
1769840 277
1769850 277
1769860 277
1769870 278
1769880 278
1769890 278
1769900 278
1769910 278
1769920 279
1769930 279
1769940 279
1769950 279
1769960 280
1769970 280
1769980 280
1769990 280
1770000 281
1770010 281
1770020 281
1770030 282
1770040 282
1770050 282
1770060 283
1770070 283
1770080 283
1770090 284
1770100 284
1770110 284
1770120 285
1770130 285
1770140 285
1770150 286
1770160 286
1770170 286
1770180 287
1770190 287
1770200 287
1770210 288
1770220 288
1770230 288
1770240 288
1770250 289
1770260 289
1770270 289
1770280 289
1770290 290
1770300 290
1770310 290
1770320 290
1770330 290
1770340 290
1770350 291
1770360 291
1770370 291
1770380 291
1770390 291
1770400 290
1770410 290
1770420 290
1770430 290
1770440 290
1770450 290
1770460 291
1770470 291
1770480 291
1770490 291
1770500 292
1770510 292
1770520 292
1770530 293
1770540 293
1770550 293
1770560 294
1770570 294
1770580 294
1770590 294
1770600 294
1770610 294
1770620 294
1770630 294
1770640 294
1770650 294
1770660 294
1770670 294
1770680 294
1770690 294
1770700 294
1770710 294
1770720 294
1770730 294
1770740 294
1770750 294
1770760 294
1770770 294
1770780 294
1770790 293
1770800 293
1770810 293
1770820 293
1770830 293
1770840 293
1770850 293
1770860 292
1770870 292
1770880 292
1770890 292
1770900 292
1770910 291
1770920 291
1770930 291
1770940 291
1770950 291
1770960 290
1770970 290
1770980 290
1770990 290
1771000 290
1771010 289
1771020 289
1771030 289
1771040 289
1771050 289
1771060 288
1771070 288
1771080 288
1771090 288
1771100 288
1771110 288
1771120 287
1771130 287
1771140 287
1771150 287
1771160 287
1771170 287
1771180 286
1771190 286
1771200 286
1771210 286
1771220 285
1771230 285
1771240 284
1771250 284
1771260 283
1771270 283
1771280 283
1771290 282
1771300 282
1771310 281
1771320 280
1771330 279
1771340 279
1771350 278
1771360 278
1771370 277
1771380 277
1771390 276
1771400 275
1771410 275
1771420 274
1771430 274
1771440 273
1771450 272
1771460 271
1771470 270
1771480 270
1771490 270
1771500 269
1771510 268
1771520 267
1771530 266
1771540 265
1771550 265
1771560 267
1771570 268
1771580 269
1771590 269
1771600 269
1771610 270
1771620 270
1771630 270
1771640 270
1771650 271
1771660 272
1771670 273
1771680 275
1771690 277
1771700 278
1771710 279
1771720 279
1771730 277
1771740 277
1771750 277
1771760 280
1771770 280
1771780 281
1771790 282
1771800 282
1771810 283
1771820 284
1771830 284
1771840 285
1771850 285
1771860 285
1771870 285
1771880 286
1771890 286
1771900 286
1771910 286
1771920 287
1771930 287
1771940 287
1771950 288
1771960 288
1771970 288
1771980 289
1771990 289
1772000 290
1772010 290
1772020 291
1772030 292
1772040 292
1772050 293
1772060 294
1772070 295
1772080 295
1772090 295
1772100 295
1772110 295
1772120 294
1772130 294
1772140 294
1772150 293
1772160 293
1772170 292
1772180 291
1772190 290
1772200 287
1772210 286
1772220 286
1772230 287
1772240 289
1772250 291
1772260 293
1772270 295
1772280 297
1772290 301
1772300 301
1772310 302
1772320 302
1772330 303
1772340 304
1772350 306
1772360 307
1772370 308
1772380 310
1772390 311
1772400 312
1772410 313
1772420 314
1772430 315
1772440 315
1772450 316
1772460 317
1772470 317
1772480 318
1772490 318
1772500 319
1772510 319
1772520 320
1772530 320
1772540 321
1772550 322
1772560 323
1772570 322
1772580 322
1772590 322
1772600 322
1772610 321
1772620 321
1772630 319
1772640 317
1772650 316
1772660 316
1772670 315
1772680 312
1772690 310
1772700 309
1772710 308
1772720 308
1772730 308
1772740 308
1772750 309
1772760 310
1772770 313
1772780 314
1772790 316
1772800 319
1772810 323
1772820 326
1772830 327
1772840 327
1772850 327
1772860 327
1772870 328
1772880 328
1772890 328
1772900 328
1772910 329
1772920 329
1772930 329
1772940 329
1772950 329
1772960 330
1772970 330
1772980 330
1772990 330
1773000 331
1773010 331
1773020 331
1773030 332
1773040 332
1773050 332
1773060 332
1773070 332
1773080 333
1773090 333
1773100 333
1773110 333
1773120 333
1773130 333
1773140 333
1773150 333
1773160 334
1773170 334
1773180 334
1773190 334
1773200 334
1773210 334
1773220 334
1773230 334
1773240 334
1773250 334
1773260 334
1773270 334
1773280 334
1773290 334
1773300 334
1773310 335
1773320 334
1773330 334
1773340 335
1773350 335
1773360 335
1773370 334
1773380 334
1773390 334
1773400 334
1773410 334
1773420 334
1773430 334
1773440 334
1773450 334
1773460 334
1773470 334
1773480 334
1773490 334
1773500 334
1773510 333
1773520 333
1773530 333
1773540 333
1773550 332
1773560 332
1773570 332
1773580 332
1773590 332
1773600 331
1773610 331
1773620 331
1773630 331
1773640 330
1773650 330
1773660 330
1773670 330
1773680 329
1773690 329
1773700 329
1773710 328
1773720 328
1773730 328
1773740 327
1773750 327
1773760 327
1773770 326
1773780 326
1773790 326
1773800 325
1773810 325
1773820 325
1773830 324
1773840 324
1773850 323
1773860 323
1773870 322
1773880 321
1773890 321
1773900 320
1773910 320
1773920 319
1773930 319
1773940 319
1773950 318
1773960 318
1773970 317
1773980 317
1773990 317
1774000 316
1774010 316
1774020 315
1774030 315
1774040 314
1774050 314
1774060 313
1774070 313
1774080 312
1774090 312
1774100 312
1774110 311
1774120 311
1774130 310
1774140 310
1774150 310
1774160 309
1774170 309
1774180 308
1774190 308
1774200 307
1774210 307
1774220 307
1774230 306
1774240 306
1774250 305
1774260 305
1774270 305
1774280 305
1774290 305
1774300 304
1774310 304
1774320 304
1774330 304
1774340 304
1774350 303
1774360 303
1774370 303
1774380 303
1774390 303
1774400 302
1774410 302
1774420 302
1774430 302
1774440 302
1774450 301
1774460 301
1774470 301
1774480 301
1774490 301
1774500 300
1774510 300
1774520 300
1774530 300
1774540 300
1774550 300
1774560 300
1774570 300
1774580 300
1774590 300
1774600 299
1774610 299
1774620 299
1774630 299
1774640 299
1774650 299
1774660 298
1774670 298
1774680 298
1774690 298
1774700 298
1774710 298
1774720 298
1774730 297
1774740 297
1774750 296
1774760 296
1774770 296
1774780 296
1774790 296
1774800 296
1774810 296
1774820 296
1774830 297
1774840 296
1774850 295
1774860 291
1774870 289
1774880 288
1774890 290
1774900 292
1774910 293
1774920 295
1774930 297
1774940 301
1774950 304
1774960 307
1774970 308
1774980 307
1774990 307
1775000 307
1775010 306
1775020 306
1775030 306
1775040 307
1775050 308
1775060 310
1775070 311
1775080 313
1775090 314
1775100 315
1775110 315
1775120 316
1775130 317
1775140 317
1775150 318
1775160 319
1775170 319
1775180 320
1775190 321
1775200 321
1775210 321
1775220 322
1775230 322
1775240 323
1775250 323
1775260 323
1775270 323
1775280 324
1775290 324
1775300 324
1775310 324
1775320 325
1775330 325
1775340 325
1775350 325
1775360 325
1775370 326
1775380 326
1775390 326
1775400 326
1775410 327
1775420 327
1775430 327
1775440 327
1775450 328
1775460 328
1775470 328
1775480 328
1775490 328
1775500 329
1775510 329
1775520 329
1775530 329
1775540 330
1775550 330
1775560 330
1775570 331
1775580 331
1775590 331
1775600 331
1775610 331
1775620 332
1775630 332
1775640 332
1775650 332
1775660 332
1775670 332
1775680 332
1775690 332
1775700 332
1775710 332
1775720 333
1775730 333
1775740 333
1775750 333
1775760 333
1775770 333
1775780 333
1775790 333
1775800 333
1775810 333
1775820 333
1775830 333
1775840 332
1775850 332
1775860 332
1775870 332
1775880 331
1775890 331
1775900 331
1775910 330
1775920 330
1775930 330
1775940 329
1775950 329
1775960 329
1775970 329
1775980 329
1775990 328
1776000 328
1776010 328
1776020 327
1776030 327
1776040 327
1776050 326
1776060 326
1776070 325
1776080 325
1776090 324
1776100 324
1776110 324
1776120 323
1776130 323
1776140 322
1776150 321
1776160 320
1776170 320
1776180 319
1776190 318
1776200 318
1776210 317
1776220 317
1776230 316
1776240 316
1776250 315
1776260 315
1776270 314
1776280 313
1776290 312
1776300 311
1776310 310
1776320 309
1776330 308
1776340 308
1776350 307
1776360 307
1776370 306
1776380 306
1776390 305
1776400 304
1776410 304
1776420 304
1776430 303
1776440 302
1776450 300
1776460 300
1776470 299
1776480 298
1776490 298
1776500 297
1776510 297
1776520 297
1776530 296
1776540 296
1776550 295
1776560 295
1776570 294
1776580 294
1776590 293
1776600 292
1776610 292
1776620 291
1776630 290
1776640 289
1776650 288
1776660 287
1776670 286
1776680 286
1776690 285
1776700 284
1776710 283
1776720 282
1776730 282
1776740 281
1776750 281
1776760 281
1776770 281
1776780 280
1776790 280
1776800 279
1776810 279
1776820 278
1776830 278
1776840 277
1776850 277
1776860 277
1776870 276
1776880 276
1776890 275
1776900 275
1776910 274
1776920 274
1776930 273
1776940 272
1776950 272
1776960 271
1776970 271
1776980 270
1776990 270
1777000 269
1777010 269
1777020 269
1777030 269
1777040 269
1777050 269
1777060 269
1777070 269
1777080 268
1777090 268
1777100 267
1777110 267
1777120 266
1777130 265
1777140 265
1777150 264
1777160 263
1777170 262
1777180 260
1777190 259
1777200 258
1777210 257
1777220 257
1777230 256
1777240 255
1777250 254
1777260 253
1777270 251
1777280 249
1777290 247
1777300 246
1777310 243
1777320 240
1777330 239
1777340 238
1777350 237
1777360 237
1777370 235
1777380 232
1777390 229
1777400 228
1777410 230
1777420 233
1777430 236
1777440 237
1777450 237
1777460 238
1777470 239
1777480 241
1777490 242
1777500 242
1777510 241
1777520 240
1777530 238
1777540 238
1777550 238
1777560 238
1777570 238
1777580 237
1777590 236
1777600 235
1777610 235
1777620 234
1777630 233
1777640 232
1777650 231
1777660 230
1777670 229
1777680 229
1777690 228
1777700 227
1777710 226
1777720 225
1777730 224
1777740 224
1777750 223
1777760 223
1777770 222
1777780 222
1777790 221
1777800 221
1777810 220
1777820 220
1777830 220
1777840 220
1777850 219
1777860 219
1777870 219
1777880 219
1777890 218
1777900 218
1777910 218
1777920 218
1777930 217
1777940 217
1777950 217
1777960 216
1777970 216
1777980 216
1777990 215
1778000 215
1778010 215
1778020 214
1778030 214
1778040 214
1778050 214
1778060 214
1778070 213
1778080 213
1778090 213
1778100 213
1778110 212
1778120 212
1778130 210
1778140 209
1778150 208
1778160 208
1778170 207
1778180 207
1778190 207
1778200 206
1778210 206
1778220 206
1778230 206
1778240 205
1778250 205
1778260 205
1778270 205
1778280 205
1778290 205
1778300 205
1778310 205
1778320 206
1778330 206
1778340 206
1778350 206
1778360 205
1778370 205
1778380 205
1778390 206
1778400 205
1778410 205
1778420 205
1778430 205
1778440 205
1778450 204
1778460 204
1778470 204
1778480 204
1778490 204
1778500 204
1778510 204
1778520 204
1778530 204
1778540 204
1778550 204
1778560 204
1778570 204
1778580 205
1778590 205
1778600 204
1778610 203
1778620 203
1778630 204
1778640 204
1778650 204
1778660 204
1778670 205
1778680 205
1778690 205
1778700 204
1778710 204
1778720 204
1778730 205
1778740 205
1778750 205
1778760 205
1778770 206
1778780 206
1778790 206
1778800 207
1778810 206
1778820 205
1778830 205
1778840 205
1778850 205
1778860 205
1778870 205
1778880 205
1778890 205
1778900 205
1778910 205
1778920 205
1778930 205
1778940 205
1778950 205
1778960 206
1778970 206
1778980 206
1778990 206
1779000 206
1779010 206
1779020 207
1779030 207
1779040 207
1779050 207
1779060 207
1779070 207
1779080 208
1779090 208
1779100 208
1779110 209
1779120 210
1779130 213
1779140 213
1779150 214
1779160 214
1779170 214
1779180 214
1779190 214
1779200 214
1779210 214
1779220 214
1779230 214
1779240 214
1779250 214
1779260 213
1779270 213
1779280 214
1779290 213
1779300 213
1779310 213
1779320 212
1779330 212
1779340 212
1779350 211
1779360 211
1779370 210
1779380 209
1779390 209
1779400 209
1779410 210
1779420 210
1779430 211
1779440 211
1779450 212
1779460 212
1779470 214
1779480 217
1779490 220
1779500 223
1779510 225
1779520 226
1779530 227
1779540 227
1779550 228
1779560 229
1779570 229
1779580 230
1779590 230
1779600 231
1779610 231
1779620 232
1779630 232
1779640 233
1779650 233
1779660 233
1779670 233
1779680 233
1779690 233
1779700 233
1779710 234
1779720 234
1779730 234
1779740 234
1779750 235
1779760 235
1779770 235
1779780 235
1779790 235
1779800 235
1779810 235
1779820 235
1779830 235
1779840 236
1779850 236
1779860 236
1779870 236
1779880 236
1779890 236
1779900 236
1779910 236
1779920 236
1779930 236
1779940 237
1779950 237
1779960 237
1779970 237
1779980 237
1779990 237
