1760000 364
1760010 365
1760020 365
1760030 365
1760040 366
1760050 366
1760060 366
1760070 366
1760080 366
1760090 366
1760100 366
1760110 366
1760120 366
1760130 366
1760140 366
1760150 367
1760160 367
1760170 368
1760180 368
1760190 369
1760200 369
1760210 369
1760220 369
1760230 369
1760240 368
1760250 368
1760260 368
1760270 368
1760280 368
1760290 368
1760300 368
1760310 368
1760320 368
1760330 368
1760340 368
1760350 368
1760360 367
1760370 367
1760380 366
1760390 366
1760400 366
1760410 366
1760420 366
1760430 366
1760440 366
1760450 366
1760460 366
1760470 367
1760480 367
1760490 367
1760500 368
1760510 368
1760520 369
1760530 369
1760540 370
1760550 370
1760560 370
1760570 370
1760580 370
1760590 370
1760600 371
1760610 372
1760620 372
1760630 372
1760640 372
1760650 372
1760660 372
1760670 372
1760680 372
1760690 373
1760700 373
1760710 373
1760720 373
1760730 373
1760740 373
1760750 372
1760760 372
1760770 372
1760780 372
1760790 372
1760800 372
1760810 372
1760820 372
1760830 372
1760840 372
1760850 371
1760860 371
1760870 371
1760880 371
1760890 371
1760900 371
1760910 371
1760920 371
1760930 371
1760940 371
1760950 371
1760960 371
1760970 371
1760980 372
1760990 372
1761000 372
1761010 372
1761020 371
1761030 371
1761040 371
1761050 371
1761060 371
1761070 371
1761080 371
1761090 371
1761100 371
1761110 371
1761120 371
1761130 371
1761140 370
1761150 370
1761160 370
1761170 370
1761180 370
1761190 370
1761200 370
1761210 370
1761220 370
1761230 369
1761240 369
1761250 369
1761260 369
1761270 369
1761280 369
1761290 369
1761300 369
1761310 368
1761320 368
1761330 368
1761340 368
1761350 368
1761360 368
1761370 368
1761380 368
1761390 368
1761400 368
1761410 367
1761420 367
1761430 367
1761440 367
1761450 367
1761460 367
1761470 366
1761480 366
1761490 366
1761500 366
1761510 366
1761520 366
1761530 365
1761540 365
1761550 365
1761560 365
1761570 365
1761580 365
1761590 364
1761600 364
1761610 364
1761620 364
1761630 363
1761640 363
1761650 363
1761660 363
1761670 362
1761680 362
1761690 362
1761700 362
1761710 361
1761720 361
1761730 361
1761740 360
1761750 360
1761760 360
1761770 359
1761780 359
1761790 358
1761800 358
1761810 358
1761820 357
1761830 357
1761840 357
1761850 356
1761860 355
1761870 355
1761880 354
1761890 353
1761900 352
1761910 351
1761920 350
1761930 349
1761940 349
1761950 348
1761960 348
1761970 347
1761980 346
1761990 346
1762000 345
1762010 344
1762020 343
1762030 342
1762040 342
1762050 341
1762060 340
1762070 339
1762080 339
1762090 338
1762100 338
1762110 337
1762120 337
1762130 336
1762140 335
1762150 335
1762160 334
1762170 334
1762180 335
1762190 337
1762200 338
1762210 339
1762220 339
1762230 340
1762240 340
1762250 340
1762260 340
1762270 340
1762280 340
1762290 340
1762300 340
1762310 341
1762320 340
1762330 340
1762340 340
1762350 341
1762360 342
1762370 343
1762380 343
1762390 342
1762400 341
1762410 340
1762420 339
1762430 339
1762440 341
1762450 342
1762460 343
1762470 342
1762480 340
1762490 340
1762500 341
1762510 341
1762520 340
1762530 338
1762540 335
1762550 335
1762560 337
1762570 338
1762580 340
1762590 343
1762600 345
1762610 346
1762620 347
1762630 348
1762640 348
1762650 348
1762660 348
1762670 348
1762680 348
1762690 348
1762700 348
1762710 349
1762720 349
1762730 349
1762740 349
1762750 349
1762760 350
1762770 350
1762780 350
1762790 350
1762800 350
1762810 350
1762820 350
1762830 350
1762840 349
1762850 349
1762860 349
1762870 349
1762880 349
1762890 349
1762900 349
1762910 349
1762920 349
1762930 349
1762940 349
1762950 349
1762960 349
1762970 349
1762980 349
1762990 349
1763000 349
1763010 349
1763020 349
1763030 349
1763040 349
1763050 349
1763060 349
1763070 349
1763080 349
1763090 349
1763100 348
1763110 348
1763120 348
1763130 348
1763140 347
1763150 347
1763160 347
1763170 347
1763180 346
1763190 346
1763200 346
1763210 345
1763220 345
1763230 345
1763240 344
1763250 344
1763260 344
1763270 343
1763280 343
1763290 342
1763300 342
1763310 342
1763320 341
1763330 341
1763340 340
1763350 340
1763360 339
1763370 339
1763380 338
1763390 338
1763400 338
1763410 337
1763420 337
1763430 336
1763440 336
1763450 336
1763460 335
1763470 335
1763480 334
1763490 334
1763500 333
1763510 333
1763520 332
1763530 332
1763540 331
1763550 331
1763560 331
1763570 330
1763580 330
1763590 330
1763600 329
1763610 329
1763620 328
1763630 328
1763640 328
1763650 327
1763660 327
1763670 327
1763680 326
1763690 326
1763700 325
1763710 325
1763720 325
1763730 325
1763740 324
1763750 324
1763760 323
1763770 323
1763780 323
1763790 322
1763800 322
1763810 322
1763820 322
1763830 321
1763840 321
1763850 321
1763860 320
1763870 320
1763880 320
1763890 320
1763900 319
1763910 319
1763920 319
1763930 319
1763940 318
1763950 318
1763960 318
1763970 317
1763980 317
1763990 317
1764000 316
1764010 316
1764020 316
1764030 316
1764040 315
1764050 315
1764060 315
1764070 315
1764080 314
1764090 314
1764100 314
1764110 313
1764120 313
1764130 313
1764140 313
1764150 312
1764160 312
1764170 312
1764180 311
1764190 311
1764200 310
1764210 310
1764220 310
1764230 310
1764240 309
1764250 309
1764260 309
1764270 308
1764280 308
1764290 307
1764300 307
1764310 307
1764320 306
1764330 306
1764340 306
1764350 305
1764360 305
1764370 305
1764380 304
1764390 304
1764400 303
1764410 303
1764420 302
1764430 302
1764440 302
1764450 302
1764460 301
1764470 301
1764480 301
1764490 300
1764500 300
1764510 300
1764520 300
1764530 300
1764540 299
1764550 299
1764560 299
1764570 299
1764580 298
1764590 298
1764600 298
1764610 298
1764620 298
1764630 297
1764640 297
1764650 297
1764660 297
1764670 297
1764680 296
1764690 296
1764700 296
1764710 296
1764720 296
1764730 296
1764740 296
1764750 296
1764760 296
1764770 295
1764780 295
1764790 295
1764800 295
1764810 295
1764820 295
1764830 294
1764840 294
1764850 294
1764860 294
1764870 294
1764880 293
1764890 293
1764900 293
1764910 293
1764920 292
1764930 292
1764940 292
1764950 292
1764960 291
1764970 291
1764980 291
1764990 291
1765000 291
1765010 291
1765020 291
1765030 291
1765040 291
1765050 291
1765060 291
1765070 290
1765080 290
1765090 290
1765100 290
1765110 290
1765120 290
1765130 290
1765140 289
1765150 289
1765160 289
1765170 289
1765180 289
1765190 289
1765200 288
1765210 288
1765220 288
1765230 288
1765240 288
1765250 287
1765260 287
1765270 287
1765280 286
1765290 286
1765300 286
1765310 285
1765320 285
1765330 285
1765340 285
1765350 284
1765360 284
1765370 284
1765380 284
1765390 284
1765400 284
1765410 284
1765420 284
1765430 284
1765440 284
1765450 284
1765460 284
1765470 283
1765480 283
1765490 283
1765500 283
1765510 283
1765520 282
1765530 282
1765540 282
1765550 282
1765560 282
1765570 282
1765580 282
1765590 282
1765600 283
1765610 283
1765620 284
1765630 285
1765640 285
1765650 285
1765660 285
1765670 284
1765680 284
1765690 284
1765700 284
1765710 283
1765720 283
1765730 283
1765740 283
1765750 283
1765760 283
1765770 283
1765780 283
1765790 283
1765800 283
1765810 283
1765820 284
1765830 284
1765840 284
1765850 284
1765860 284
1765870 284
1765880 285
1765890 286
1765900 287
1765910 290
1765920 293
1765930 295
1765940 298
1765950 301
1765960 303
1765970 304
1765980 305
1765990 305
1766000 306
1766010 307
1766020 307
1766030 307
1766040 307
1766050 308
1766060 308
1766070 308
1766080 308
1766090 309
1766100 309
1766110 309
1766120 309
1766130 310
1766140 310
1766150 310
1766160 311
1766170 311
1766180 311
1766190 312
1766200 312
1766210 312
1766220 313
1766230 313
1766240 313
1766250 314
1766260 314
1766270 315
1766280 315
1766290 316
1766300 318
1766310 320
1766320 322
1766330 325
1766340 327
1766350 329
1766360 330
1766370 330
1766380 330
1766390 329
1766400 328
1766410 326
1766420 324
1766430 322
1766440 321
1766450 319
1766460 317
1766470 317
1766480 318
1766490 320
1766500 322
1766510 324
1766520 326
1766530 328
1766540 330
1766550 331
1766560 334
1766570 338
1766580 342
1766590 346
1766600 348
1766610 350
1766620 350
1766630 350
1766640 350
1766650 350
1766660 350
1766670 350
1766680 350
1766690 349
1766700 349
1766710 349
1766720 349
1766730 349
1766740 348
1766750 348
1766760 348
1766770 348
1766780 347
1766790 347
1766800 347
1766810 347
1766820 347
1766830 346
1766840 346
1766850 346
1766860 346
1766870 346
1766880 346
1766890 346
1766900 346
1766910 346
1766920 346
1766930 346
1766940 345
1766950 345
1766960 345
1766970 345
1766980 345
1766990 345
1767000 345
1767010 345
1767020 344
1767030 344
1767040 344
1767050 344
1767060 344
1767070 343
1767080 343
1767090 343
1767100 342
1767110 342
1767120 342
1767130 342
1767140 342
1767150 342
1767160 342
1767170 342
1767180 342
1767190 342
1767200 341
1767210 341
1767220 341
1767230 341
1767240 341
1767250 341
1767260 341
1767270 341
1767280 341
1767290 341
1767300 341
1767310 341
1767320 340
1767330 340
1767340 340
1767350 340
1767360 340
1767370 340
1767380 339
1767390 339
1767400 339
1767410 339
1767420 338
1767430 338
1767440 338
1767450 338
1767460 337
1767470 337
1767480 337
1767490 337
1767500 337
1767510 337
1767520 337
1767530 337
1767540 338
1767550 338
1767560 338
1767570 339
1767580 339
1767590 340
1767600 340
1767610 340
1767620 340
1767630 340
1767640 339
1767650 339
1767660 338
1767670 338
1767680 338
1767690 338
1767700 338
1767710 338
1767720 338
1767730 338
1767740 338
1767750 338
1767760 338
1767770 338
1767780 338
1767790 338
1767800 338
1767810 338
1767820 338
1767830 338
1767840 337
1767850 337
1767860 337
1767870 336
1767880 336
1767890 336
1767900 335
1767910 335
1767920 334
1767930 334
1767940 333
1767950 333
1767960 332
1767970 331
1767980 331
1767990 331
1768000 331
1768010 331
1768020 330
1768030 330
1768040 329
1768050 330
1768060 330
1768070 330
1768080 330
1768090 329
1768100 329
1768110 329
1768120 328
1768130 328
1768140 328
1768150 327
1768160 327
1768170 326
1768180 326
1768190 325
1768200 325
1768210 325
1768220 325
1768230 323
1768240 322
1768250 321
1768260 320
1768270 320
1768280 320
1768290 321
1768300 322
1768310 322
1768320 323
1768330 325
1768340 326
1768350 327
1768360 329
1768370 330
1768380 332
1768390 334
1768400 335
1768410 335
1768420 335
1768430 335
1768440 334
1768450 333
1768460 331
1768470 331
1768480 331
1768490 332
1768500 333
1768510 334
1768520 334
1768530 335
1768540 335
1768550 335
1768560 335
1768570 335
1768580 335
1768590 335
1768600 335
1768610 335
1768620 335
1768630 334
1768640 333
1768650 333
1768660 333
1768670 332
1768680 332
1768690 331
1768700 331
1768710 332
1768720 333
1768730 333
1768740 334
1768750 335
1768760 335
1768770 336
1768780 337
1768790 338
1768800 339
1768810 340
1768820 341
1768830 341
1768840 342
1768850 343
1768860 344
1768870 344
1768880 345
1768890 346
1768900 347
1768910 347
1768920 348
1768930 348
1768940 348
1768950 349
1768960 349
1768970 350
1768980 350
1768990 350
1769000 351
1769010 351
1769020 352
1769030 352
1769040 353
1769050 353
1769060 354
1769070 354
1769080 355
1769090 355
1769100 355
1769110 355
1769120 355
1769130 355
1769140 355
1769150 355
1769160 355
1769170 355
1769180 355
1769190 355
1769200 355
1769210 355
1769220 355
1769230 355
1769240 355
1769250 355
1769260 355
1769270 355
1769280 355
1769290 355
1769300 355
1769310 355
1769320 355
1769330 355
1769340 354
1769350 354
1769360 354
1769370 354
1769380 354
1769390 353
1769400 353
1769410 353
1769420 353
1769430 352
1769440 352
1769450 352
1769460 352
1769470 352
1769480 351
1769490 351
1769500 350
1769510 350
1769520 350
1769530 349
1769540 349
1769550 348
1769560 346
1769570 344
1769580 342
1769590 340
1769600 339
1769610 339
1769620 340
1769630 342
1769640 343
1769650 343
1769660 343
1769670 342
1769680 340
1769690 338
1769700 337
1769710 338
1769720 339
1769730 341
1769740 341
1769750 340
1769760 340
1769770 340
1769780 339
1769790 338
1769800 338
1769810 338
1769820 337
1769830 337
1769840 336
1769850 336
1769860 335
1769870 335
1769880 335
1769890 335
1769900 335
1769910 335
1769920 335
1769930 335
1769940 334
1769950 334
1769960 334
1769970 334
1769980 333
1769990 333
1770000 332
1770010 332
1770020 331
1770030 330
1770040 330
1770050 330
1770060 329
1770070 329
1770080 329
1770090 329
1770100 329
1770110 330
1770120 330
1770130 330
1770140 330
1770150 331
1770160 331
1770170 332
1770180 332
1770190 332
1770200 333
1770210 333
1770220 333
1770230 333
1770240 333
1770250 333
1770260 334
1770270 334
1770280 334
1770290 334
1770300 333
1770310 333
1770320 333
1770330 333
1770340 333
1770350 333
1770360 333
1770370 332
1770380 332
1770390 332
1770400 332
1770410 331
1770420 331
1770430 331
1770440 330
1770450 330
1770460 329
1770470 329
1770480 328
1770490 328
1770500 327
1770510 326
1770520 326
1770530 325
1770540 324
1770550 324
1770560 323
1770570 323
1770580 323
1770590 323
1770600 323
1770610 323
1770620 323
1770630 323
1770640 322
1770650 322
1770660 322
1770670 322
1770680 322
1770690 322
1770700 322
1770710 322
1770720 323
1770730 323
1770740 323
1770750 324
1770760 324
1770770 324
1770780 325
1770790 325
1770800 325
1770810 326
1770820 327
1770830 328
1770840 329
1770850 330
1770860 330
1770870 331
1770880 332
1770890 332
1770900 333
1770910 333
1770920 333
1770930 334
1770940 334
1770950 335
1770960 335
1770970 335
1770980 336
1770990 336
1771000 336
1771010 337
1771020 337
1771030 337
1771040 338
1771050 338
1771060 339
1771070 339
1771080 340
1771090 341
1771100 341
1771110 342
1771120 342
1771130 343
1771140 343
1771150 343
1771160 343
1771170 342
1771180 342
1771190 342
1771200 341
1771210 341
1771220 340
1771230 339
1771240 337
1771250 334
1771260 332
1771270 332
1771280 332
1771290 332
1771300 332
1771310 332
1771320 331
1771330 330
1771340 329
1771350 328
1771360 327
1771370 325
1771380 324
1771390 323
1771400 322
1771410 322
1771420 321
1771430 320
1771440 320
1771450 320
1771460 320
1771470 320
1771480 319
1771490 319
1771500 318
1771510 318
1771520 317
1771530 317
1771540 316
1771550 315
1771560 315
1771570 314
1771580 313
1771590 313
1771600 312
1771610 311
1771620 310
1771630 309
1771640 308
1771650 308
1771660 307
1771670 306
1771680 306
1771690 306
1771700 306
1771710 306
1771720 305
1771730 305
1771740 305
1771750 304
1771760 304
1771770 303
1771780 303
1771790 302
1771800 302
1771810 301
1771820 300
1771830 298
1771840 297
1771850 296
1771860 295
1771870 295
1771880 295
1771890 295
1771900 296
1771910 296
1771920 296
1771930 297
1771940 298
1771950 299
1771960 300
1771970 301
1771980 302
1771990 303
1772000 305
1772010 307
1772020 309
1772030 311
1772040 312
1772050 314
1772060 315
1772070 315
1772080 315
1772090 316
1772100 316
1772110 316
1772120 317
1772130 317
1772140 317
1772150 316
1772160 315
1772170 314
1772180 312
1772190 310
1772200 307
1772210 305
1772220 303
1772230 301
1772240 298
1772250 296
1772260 294
1772270 293
1772280 291
1772290 291
1772300 290
1772310 289
1772320 288
1772330 288
1772340 288
1772350 287
1772360 288
1772370 289
1772380 290
1772390 291
1772400 293
1772410 293
1772420 294
1772430 295
1772440 296
1772450 297
1772460 298
1772470 298
1772480 298
1772490 299
1772500 299
1772510 299
1772520 300
1772530 300
1772540 300
1772550 300
1772560 300
1772570 299
1772580 297
1772590 296
1772600 295
1772610 296
1772620 297
1772630 298
1772640 299
1772650 299
1772660 301
1772670 303
1772680 305
1772690 307
1772700 308
1772710 309
1772720 310
1772730 310
1772740 311
1772750 311
1772760 311
1772770 311
1772780 310
1772790 310
1772800 309
1772810 308
1772820 308
1772830 307
1772840 306
1772850 305
1772860 304
1772870 303
1772880 302
1772890 301
1772900 300
1772910 298
1772920 297
1772930 296
1772940 295
1772950 294
1772960 293
1772970 292
1772980 289
1772990 287
1773000 286
1773010 285
1773020 285
1773030 285
1773040 286
1773050 286
1773060 287
1773070 289
1773080 292
1773090 295
1773100 297
1773110 300
1773120 302
1773130 304
1773140 306
1773150 308
1773160 309
1773170 310
1773180 311
1773190 312
1773200 314
1773210 315
1773220 316
1773230 317
1773240 318
1773250 319
1773260 319
1773270 319
1773280 318
1773290 318
1773300 317
1773310 316
1773320 315
1773330 314
1773340 313
1773350 312
1773360 311
1773370 308
1773380 306
1773390 304
1773400 302
1773410 301
1773420 300
1773430 298
1773440 297
1773450 295
1773460 293
1773470 291
1773480 289
1773490 287
1773500 286
1773510 285
1773520 285
1773530 284
1773540 282
1773550 281
1773560 280
1773570 280
1773580 279
1773590 280
1773600 281
1773610 282
1773620 284
1773630 285
1773640 286
1773650 287
1773660 288
1773670 289
1773680 289
1773690 289
1773700 288
1773710 288
1773720 287
1773730 287
1773740 286
1773750 285
1773760 284
1773770 283
1773780 282
1773790 281
1773800 279
1773810 278
1773820 278
1773830 277
1773840 276
1773850 275
1773860 274
1773870 274
1773880 276
1773890 277
1773900 278
1773910 279
1773920 281
1773930 282
1773940 284
1773950 286
1773960 288
1773970 289
1773980 290
1773990 291
1774000 292
1774010 293
1774020 293
1774030 294
1774040 295
1774050 295
1774060 295
1774070 296
1774080 296
1774090 296
1774100 297
1774110 297
1774120 297
1774130 297
1774140 297
1774150 298
1774160 298
1774170 298
1774180 297
1774190 297
1774200 297
1774210 297
1774220 297
1774230 297
1774240 297
1774250 296
1774260 296
1774270 295
1774280 295
1774290 294
1774300 294
1774310 293
1774320 292
1774330 290
1774340 288
1774350 286
1774360 284
1774370 283
1774380 283
1774390 283
1774400 283
1774410 283
1774420 282
1774430 282
1774440 282
1774450 282
1774460 281
1774470 281
1774480 280
1774490 280
1774500 279
1774510 278
1774520 275
1774530 274
1774540 274
1774550 274
1774560 273
1774570 273
1774580 273
1774590 273
1774600 273
1774610 273
1774620 273
1774630 273
1774640 272
1774650 272
1774660 271
1774670 271
1774680 271
1774690 270
1774700 270
1774710 270
1774720 269
1774730 269
1774740 269
1774750 268
1774760 268
1774770 268
1774780 268
1774790 268
1774800 267
1774810 267
1774820 267
1774830 265
1774840 262
1774850 261
1774860 262
1774870 264
1774880 263
1774890 263
1774900 263
1774910 262
1774920 262
1774930 261
1774940 261
1774950 260
1774960 259
1774970 257
1774980 258
1774990 261
1775000 262
1775010 264
1775020 265
1775030 266
1775040 267
1775050 268
1775060 269
1775070 269
1775080 270
1775090 270
1775100 270
1775110 270
1775120 270
1775130 270
1775140 270
1775150 270
1775160 270
1775170 270
1775180 270
1775190 270
1775200 270
1775210 270
1775220 270
1775230 270
1775240 270
1775250 270
1775260 269
1775270 269
1775280 269
1775290 269
1775300 269
1775310 268
1775320 268
1775330 267
1775340 267
1775350 267
1775360 266
1775370 266
1775380 266
1775390 265
1775400 265
1775410 264
1775420 264
1775430 264
1775440 263
1775450 263
1775460 263
1775470 262
1775480 262
1775490 261
1775500 261
1775510 260
1775520 260
1775530 259
1775540 259
1775550 258
1775560 258
1775570 257
1775580 257
1775590 256
1775600 256
1775610 255
1775620 255
1775630 254
1775640 254
1775650 253
1775660 252
1775670 251
1775680 251
1775690 250
1775700 249
1775710 248
1775720 247
1775730 246
1775740 246
1775750 245
1775760 244
1775770 243
1775780 242
1775790 242
1775800 241
1775810 240
1775820 240
1775830 239
1775840 238
1775850 237
1775860 237
1775870 236
1775880 236
1775890 235
1775900 234
1775910 234
1775920 233
1775930 232
1775940 232
1775950 231
1775960 231
1775970 230
1775980 230
1775990 229
1776000 228
1776010 228
1776020 227
1776030 228
1776040 229
1776050 229
1776060 228
1776070 226
1776080 225
1776090 224
1776100 223
1776110 223
1776120 223
1776130 223
1776140 223
1776150 222
1776160 221
1776170 220
1776180 219
1776190 217
1776200 217
1776210 216
1776220 216
1776230 216
1776240 216
1776250 216
1776260 216
1776270 215
1776280 215
1776290 215
1776300 215
1776310 215
1776320 215
1776330 215
1776340 215
1776350 214
1776360 214
1776370 214
1776380 214
1776390 214
1776400 214
1776410 213
1776420 213
1776430 213
1776440 213
1776450 212
1776460 212
1776470 212
1776480 212
1776490 212
1776500 212
1776510 212
1776520 212
1776530 212
1776540 212
1776550 212
1776560 212
1776570 212
1776580 212
1776590 212
1776600 212
1776610 212
1776620 212
1776630 212
1776640 211
1776650 211
1776660 211
1776670 211
1776680 211
1776690 211
1776700 211
1776710 211
1776720 211
1776730 211
1776740 211
1776750 209
1776760 210
1776770 211
1776780 211
1776790 211
1776800 211
1776810 211
1776820 211
1776830 211
1776840 211
1776850 211
1776860 211
1776870 211
1776880 211
1776890 211
1776900 211
1776910 211
1776920 211
1776930 211
1776940 211
1776950 211
1776960 211
1776970 211
1776980 211
1776990 211
1777000 211
1777010 211
1777020 211
1777030 211
1777040 211
1777050 211
1777060 211
1777070 211
1777080 212
1777090 212
1777100 212
1777110 212
1777120 212
1777130 212
1777140 212
1777150 212
1777160 213
1777170 213
1777180 213
1777190 213
1777200 213
1777210 213
1777220 214
1777230 214
1777240 214
1777250 215
1777260 215
1777270 215
1777280 216
1777290 216
1777300 217
1777310 217
1777320 217
1777330 218
1777340 218
1777350 219
1777360 219
1777370 220
1777380 220
1777390 221
1777400 222
1777410 222
1777420 223
1777430 223
1777440 224
1777450 224
1777460 225
1777470 225
1777480 226
1777490 226
1777500 227
1777510 227
1777520 228
1777530 228
1777540 228
1777550 229
1777560 229
1777570 229
1777580 230
1777590 230
1777600 231
1777610 231
1777620 232
1777630 233
1777640 233
1777650 234
1777660 234
1777670 235
1777680 235
1777690 235
1777700 236
1777710 236
1777720 236
1777730 237
1777740 237
1777750 238
1777760 238
1777770 238
1777780 239
1777790 239
1777800 240
1777810 240
1777820 241
1777830 241
1777840 241
1777850 242
1777860 242
1777870 242
1777880 243
1777890 243
1777900 243
1777910 244
1777920 244
1777930 244
1777940 245
1777950 245
1777960 245
1777970 246
1777980 246
1777990 247
1778000 247
1778010 247
1778020 247
1778030 248
1778040 248
1778050 248
1778060 248
1778070 248
1778080 248
1778090 248
1778100 249
1778110 249
1778120 249
1778130 249
1778140 249
1778150 249
1778160 250
1778170 250
1778180 250
1778190 250
1778200 251
1778210 251
1778220 252
1778230 252
1778240 252
1778250 253
1778260 253
1778270 254
1778280 254
1778290 254
1778300 253
1778310 254
1778320 255
1778330 254
1778340 254
1778350 254
1778360 254
1778370 253
1778380 253
1778390 253
1778400 252
1778410 252
1778420 252
1778430 251
1778440 251
1778450 251
1778460 250
1778470 250
1778480 249
1778490 249
1778500 248
1778510 247
1778520 247
1778530 246
1778540 246
1778550 245
1778560 245
1778570 244
1778580 244
1778590 243
1778600 242
1778610 241
1778620 240
1778630 240
1778640 239
1778650 239
1778660 238
1778670 238
1778680 237
1778690 237
1778700 236
1778710 235
1778720 235
1778730 234
1778740 234
1778750 233
1778760 233
1778770 232
1778780 232
1778790 231
1778800 231
1778810 231
1778820 230
1778830 230
1778840 229
1778850 229
1778860 229
1778870 228
1778880 228
1778890 228
1778900 228
1778910 228
1778920 228
1778930 228
1778940 228
1778950 227
1778960 227
1778970 227
1778980 227
1778990 226
1779000 226
1779010 226
1779020 226
1779030 226
1779040 226
1779050 226
1779060 226
1779070 226
1779080 226
1779090 226
1779100 226
1779110 226
1779120 227
1779130 227
1779140 227
1779150 227
1779160 227
1779170 227
1779180 227
1779190 227
1779200 228
1779210 228
1779220 228
1779230 229
1779240 229
1779250 230
1779260 231
1779270 231
1779280 232
1779290 233
1779300 235
1779310 237
1779320 238
1779330 238
1779340 239
1779350 240
1779360 241
1779370 243
1779380 246
1779390 249
1779400 250
1779410 251
1779420 251
1779430 254
1779440 255
1779450 257
1779460 257
1779470 258
1779480 260
1779490 262
1779500 264
1779510 265
1779520 266
1779530 267
1779540 269
1779550 270
1779560 271
1779570 272
1779580 272
1779590 273
1779600 274
1779610 275
1779620 275
1779630 276
1779640 277
1779650 277
1779660 278
1779670 278
1779680 278
1779690 279
1779700 279
1779710 280
1779720 280
1779730 281
1779740 282
1779750 282
1779760 283
1779770 283
1779780 283
1779790 284
1779800 284
1779810 285
1779820 285
1779830 286
1779840 286
1779850 287
1779860 287
1779870 287
1779880 287
1779890 287
1779900 287
1779910 287
1779920 287
1779930 287
1779940 287
1779950 288
1779960 288
1779970 288
1779980 289
1779990 290
