1760000 379
1760010 379
1760020 379
1760030 379
1760040 378
1760050 378
1760060 378
1760070 378
1760080 378
1760090 377
1760100 377
1760110 377
1760120 377
1760130 377
1760140 376
1760150 376
1760160 376
1760170 376
1760180 376
1760190 375
1760200 375
1760210 375
1760220 375
1760230 375
1760240 375
1760250 375
1760260 375
1760270 374
1760280 374
1760290 374
1760300 374
1760310 374
1760320 374
1760330 374
1760340 374
1760350 374
1760360 374
1760370 374
1760380 374
1760390 373
1760400 373
1760410 373
1760420 373
1760430 373
1760440 373
1760450 373
1760460 373
1760470 373
1760480 373
1760490 373
1760500 373
1760510 373
1760520 373
1760530 372
1760540 372
1760550 372
1760560 372
1760570 372
1760580 372
1760590 372
1760600 372
1760610 372
1760620 372
1760630 372
1760640 372
1760650 372
1760660 372
1760670 372
1760680 373
1760690 373
1760700 373
1760710 373
1760720 373
1760730 373
1760740 373
1760750 373
1760760 373
1760770 373
1760780 373
1760790 373
1760800 373
1760810 373
1760820 373
1760830 373
1760840 373
1760850 373
1760860 373
1760870 372
1760880 372
1760890 372
1760900 372
1760910 372
1760920 372
1760930 372
1760940 372
1760950 371
1760960 371
1760970 371
1760980 371
1760990 371
1761000 371
1761010 370
1761020 370
1761030 370
1761040 370
1761050 370
1761060 370
1761070 369
1761080 369
1761090 369
1761100 369
1761110 369
1761120 369
1761130 368
1761140 368
1761150 368
1761160 368
1761170 368
1761180 368
1761190 368
1761200 367
1761210 367
1761220 367
1761230 367
1761240 367
1761250 366
1761260 366
1761270 366
1761280 366
1761290 366
1761300 365
1761310 365
1761320 365
1761330 365
1761340 364
1761350 363
1761360 363
1761370 362
1761380 362
1761390 361
1761400 360
1761410 359
1761420 358
1761430 358
1761440 358
1761450 358
1761460 357
1761470 356
1761480 355
1761490 354
1761500 353
1761510 353
1761520 353
1761530 353
1761540 352
1761550 352
1761560 351
1761570 350
1761580 349
1761590 349
1761600 348
1761610 346
1761620 345
1761630 344
1761640 342
1761650 342
1761660 341
1761670 340
1761680 339
1761690 339
1761700 338
1761710 338
1761720 338
1761730 337
1761740 337
1761750 338
1761760 338
1761770 339
1761780 340
1761790 340
1761800 340
1761810 339
1761820 338
1761830 338
1761840 338
1761850 338
1761860 338
1761870 338
1761880 338
1761890 338
1761900 337
1761910 336
1761920 336
1761930 335
1761940 335
1761950 335
1761960 335
1761970 334
1761980 333
1761990 333
1762000 332
1762010 332
1762020 332
1762030 332
1762040 332
1762050 331
1762060 331
1762070 331
1762080 331
1762090 331
1762100 331
1762110 330
1762120 330
1762130 330
1762140 330
1762150 330
1762160 329
1762170 329
1762180 329
1762190 329
1762200 329
1762210 329
1762220 329
1762230 329
1762240 329
1762250 329
1762260 329
1762270 329
1762280 329
1762290 329
1762300 329
1762310 330
1762320 330
1762330 330
1762340 330
1762350 331
1762360 331
1762370 332
1762380 332
1762390 333
1762400 333
1762410 334
1762420 334
1762430 335
1762440 336
1762450 339
1762460 341
1762470 344
1762480 345
1762490 347
1762500 349
1762510 349
1762520 350
1762530 350
1762540 350
1762550 350
1762560 350
1762570 349
1762580 349
1762590 349
1762600 348
1762610 348
1762620 348
1762630 348
1762640 347
1762650 347
1762660 346
1762670 346
1762680 345
1762690 345
1762700 344
1762710 343
1762720 343
1762730 342
1762740 342
1762750 341
1762760 341
1762770 340
1762780 340
1762790 339
1762800 339
1762810 339
1762820 338
1762830 338
1762840 337
1762850 337
1762860 337
1762870 336
1762880 336
1762890 336
1762900 335
1762910 335
1762920 334
1762930 333
1762940 333
1762950 332
1762960 332
1762970 331
1762980 331
1762990 330
1763000 330
1763010 330
1763020 331
1763030 331
1763040 332
1763050 332
1763060 332
1763070 332
1763080 332
1763090 332
1763100 331
1763110 331
1763120 331
1763130 331
1763140 331
1763150 331
1763160 331
1763170 330
1763180 330
1763190 329
1763200 329
1763210 329
1763220 329
1763230 328
1763240 328
1763250 328
1763260 328
1763270 329
1763280 330
1763290 330
1763300 331
1763310 331
1763320 332
1763330 332
1763340 332
1763350 332
1763360 332
1763370 331
1763380 330
1763390 330
1763400 329
1763410 329
1763420 328
1763430 328
1763440 328
1763450 328
1763460 328
1763470 328
1763480 328
1763490 328
1763500 328
1763510 328
1763520 329
1763530 330
1763540 331
1763550 331
1763560 331
1763570 331
1763580 332
1763590 332
1763600 333
1763610 332
1763620 331
1763630 330
1763640 330
1763650 330
1763660 330
1763670 330
1763680 331
1763690 331
1763700 332
1763710 332
1763720 332
1763730 333
1763740 334
1763750 334
1763760 333
1763770 333
1763780 333
1763790 333
1763800 333
1763810 333
1763820 334
1763830 335
1763840 335
1763850 335
1763860 335
1763870 336
1763880 336
1763890 336
1763900 336
1763910 336
1763920 336
1763930 337
1763940 337
1763950 337
1763960 337
1763970 337
1763980 337
1763990 337
1764000 337
1764010 337
1764020 337
1764030 337
1764040 337
1764050 337
1764060 338
1764070 339
1764080 340
1764090 341
1764100 341
1764110 340
1764120 339
1764130 339
1764140 339
1764150 339
1764160 338
1764170 338
1764180 337
1764190 337
1764200 337
1764210 336
1764220 336
1764230 335
1764240 335
1764250 335
1764260 335
1764270 335
1764280 334
1764290 334
1764300 334
1764310 334
1764320 335
1764330 335
1764340 335
1764350 334
1764360 334
1764370 333
1764380 333
1764390 332
1764400 332
1764410 331
1764420 331
1764430 331
1764440 330
1764450 330
1764460 330
1764470 331
1764480 331
1764490 332
1764500 332
1764510 333
1764520 333
1764530 334
1764540 335
1764550 335
1764560 336
1764570 336
1764580 336
1764590 336
1764600 337
1764610 337
1764620 337
1764630 337
1764640 337
1764650 338
1764660 338
1764670 338
1764680 340
1764690 341
1764700 342
1764710 343
1764720 344
1764730 344
1764740 345
1764750 346
1764760 347
1764770 348
1764780 349
1764790 349
1764800 350
1764810 352
1764820 353
1764830 354
1764840 355
1764850 357
1764860 357
1764870 358
1764880 358
1764890 359
1764900 360
1764910 360
1764920 361
1764930 361
1764940 362
1764950 362
1764960 363
1764970 363
1764980 363
1764990 363
1765000 363
1765010 363
1765020 363
1765030 363
1765040 363
1765050 362
1765060 362
1765070 362
1765080 362
1765090 362
1765100 362
1765110 361
1765120 361
1765130 361
1765140 361
1765150 361
1765160 361
1765170 361
1765180 360
1765190 360
1765200 360
1765210 359
1765220 359
1765230 360
1765240 360
1765250 360
1765260 360
1765270 360
1765280 360
1765290 360
1765300 360
1765310 360
1765320 360
1765330 360
1765340 361
1765350 361
1765360 361
1765370 361
1765380 361
1765390 361
1765400 361
1765410 361
1765420 361
1765430 361
1765440 361
1765450 361
1765460 361
1765470 361
1765480 361
1765490 361
1765500 360
1765510 360
1765520 360
1765530 360
1765540 360
1765550 360
1765560 360
1765570 360
1765580 360
1765590 359
1765600 359
1765610 359
1765620 358
1765630 357
1765640 357
1765650 357
1765660 356
1765670 355
1765680 354
1765690 354
1765700 353
1765710 353
1765720 353
1765730 352
1765740 352
1765750 352
1765760 352
1765770 352
1765780 352
1765790 352
1765800 352
1765810 352
1765820 352
1765830 352
1765840 352
1765850 352
1765860 352
1765870 352
1765880 351
1765890 351
1765900 351
1765910 351
1765920 350
1765930 349
1765940 347
1765950 345
1765960 344
1765970 343
1765980 342
1765990 341
1766000 341
1766010 340
1766020 340
1766030 340
1766040 340
1766050 342
1766060 343
1766070 343
1766080 344
1766090 344
1766100 345
1766110 347
1766120 350
1766130 351
1766140 351
1766150 352
1766160 352
1766170 352
1766180 352
1766190 352
1766200 351
1766210 351
1766220 351
1766230 351
1766240 351
1766250 351
1766260 351
1766270 351
1766280 352
1766290 352
1766300 352
1766310 352
1766320 353
1766330 353
1766340 354
1766350 354
1766360 354
1766370 355
1766380 355
1766390 356
1766400 356
1766410 357
1766420 357
1766430 358
1766440 358
1766450 358
1766460 358
1766470 359
1766480 359
1766490 359
1766500 359
1766510 360
1766520 360
1766530 360
1766540 360
1766550 360
1766560 360
1766570 360
1766580 360
1766590 360
1766600 360
1766610 360
1766620 360
1766630 359
1766640 359
1766650 359
1766660 359
1766670 359
1766680 359
1766690 359
1766700 358
1766710 358
1766720 358
1766730 358
1766740 358
1766750 357
1766760 357
1766770 357
1766780 357
1766790 356
1766800 356
1766810 356
1766820 356
1766830 355
1766840 355
1766850 355
1766860 355
1766870 355
1766880 354
1766890 354
1766900 354
1766910 354
1766920 353
1766930 353
1766940 353
1766950 352
1766960 352
1766970 352
1766980 351
1766990 351
1767000 351
1767010 350
1767020 350
1767030 350
1767040 350
1767050 349
1767060 349
1767070 348
1767080 347
1767090 347
1767100 348
1767110 348
1767120 349
1767130 349
1767140 349
1767150 349
1767160 350
1767170 349
1767180 349
1767190 349
1767200 349
1767210 349
1767220 349
1767230 349
1767240 349
1767250 349
1767260 349
1767270 349
1767280 349
1767290 348
1767300 348
1767310 348
1767320 348
1767330 348
1767340 348
1767350 348
1767360 348
1767370 348
1767380 348
1767390 348
1767400 348
1767410 347
1767420 347
1767430 347
1767440 347
1767450 347
1767460 347
1767470 347
1767480 347
1767490 347
1767500 347
1767510 347
1767520 346
1767530 346
1767540 346
1767550 346
1767560 346
1767570 345
1767580 345
1767590 344
1767600 344
1767610 343
1767620 343
1767630 342
1767640 341
1767650 341
1767660 340
1767670 340
1767680 339
1767690 339
1767700 339
1767710 339
1767720 338
1767730 338
1767740 337
1767750 337
1767760 337
1767770 336
1767780 336
1767790 335
1767800 335
1767810 334
1767820 334
1767830 334
1767840 334
1767850 334
1767860 333
1767870 333
1767880 333
1767890 333
1767900 332
1767910 332
1767920 332
1767930 332
1767940 332
1767950 332
1767960 332
1767970 331
1767980 331
1767990 331
1768000 331
1768010 331
1768020 330
1768030 329
1768040 328
1768050 327
1768060 326
1768070 325
1768080 324
1768090 323
1768100 322
1768110 321
1768120 321
1768130 321
1768140 322
1768150 322
1768160 323
1768170 324
1768180 325
1768190 327
1768200 329
1768210 331
1768220 333
1768230 335
1768240 338
1768250 340
1768260 342
1768270 344
1768280 346
1768290 346
1768300 346
1768310 346
1768320 346
1768330 346
1768340 346
1768350 346
1768360 345
1768370 345
1768380 345
1768390 344
1768400 344
1768410 344
1768420 344
1768430 343
1768440 343
1768450 342
1768460 342
1768470 341
1768480 341
1768490 341
1768500 340
1768510 340
1768520 337
1768530 333
1768540 332
1768550 330
1768560 329
1768570 327
1768580 326
1768590 325
1768600 324
1768610 323
1768620 323
1768630 323
1768640 324
1768650 326
1768660 327
1768670 328
1768680 328
1768690 328
1768700 328
1768710 328
1768720 328
1768730 328
1768740 328
1768750 328
1768760 327
1768770 327
1768780 326
1768790 326
1768800 325
1768810 324
1768820 323
1768830 321
1768840 320
1768850 320
1768860 319
1768870 319
1768880 318
1768890 318
1768900 317
1768910 316
1768920 315
1768930 315
1768940 314
1768950 314
1768960 314
1768970 314
1768980 313
1768990 313
1769000 313
1769010 312
1769020 312
1769030 311
1769040 311
1769050 311
1769060 310
1769070 310
1769080 309
1769090 309
1769100 309
1769110 308
1769120 308
1769130 308
1769140 307
1769150 307
1769160 307
1769170 307
1769180 306
1769190 305
1769200 305
1769210 304
1769220 303
1769230 303
1769240 302
1769250 301
1769260 300
1769270 300
1769280 299
1769290 298
1769300 298
1769310 297
1769320 297
1769330 297
1769340 296
1769350 296
1769360 295
1769370 295
1769380 295
1769390 294
1769400 294
1769410 293
1769420 293
1769430 292
1769440 291
1769450 291
1769460 290
1769470 290
1769480 289
1769490 289
1769500 288
1769510 288
1769520 288
1769530 287
1769540 287
1769550 287
1769560 286
1769570 286
1769580 285
1769590 285
1769600 284
1769610 284
1769620 284
1769630 283
1769640 283
1769650 283
1769660 283
1769670 283
1769680 283
1769690 283
1769700 283
1769710 283
1769720 283
1769730 283
1769740 283
1769750 282
1769760 283
1769770 283
1769780 283
1769790 283
1769800 283
1769810 283
1769820 283
1769830 283
1769840 283
1769850 283
1769860 283
1769870 283
1769880 283
1769890 282
1769900 282
1769910 282
1769920 282
1769930 282
1769940 282
1769950 281
1769960 281
1769970 281
1769980 281
1769990 281
1770000 281
1770010 280
1770020 280
1770030 280
1770040 280
1770050 280
1770060 280
1770070 280
1770080 279
1770090 279
1770100 279
1770110 279
1770120 279
1770130 279
1770140 278
1770150 278
1770160 278
1770170 278
1770180 278
1770190 278
1770200 278
1770210 278
1770220 278
1770230 278
1770240 278
1770250 278
1770260 278
1770270 278
1770280 277
1770290 277
1770300 277
1770310 277
1770320 277
1770330 277
1770340 276
1770350 276
1770360 276
1770370 276
1770380 276
1770390 276
1770400 276
1770410 276
1770420 276
1770430 276
1770440 276
1770450 276
1770460 276
1770470 276
1770480 276
1770490 276
1770500 276
1770510 276
1770520 276
1770530 275
1770540 275
1770550 275
1770560 275
1770570 275
1770580 275
1770590 275
1770600 275
1770610 275
1770620 275
1770630 274
1770640 274
1770650 274
1770660 274
1770670 274
1770680 274
1770690 274
1770700 274
1770710 274
1770720 275
1770730 275
1770740 275
1770750 274
1770760 274
1770770 274
1770780 273
1770790 273
1770800 273
1770810 273
1770820 273
1770830 273
1770840 273
1770850 274
1770860 274
1770870 274
1770880 274
1770890 273
1770900 272
1770910 272
1770920 271
1770930 271
1770940 270
1770950 270
1770960 270
1770970 270
1770980 270
1770990 270
1771000 270
1771010 270
1771020 270
1771030 270
1771040 270
1771050 270
1771060 270
1771070 270
1771080 271
1771090 272
1771100 273
1771110 273
1771120 273
1771130 272
1771140 271
1771150 271
1771160 271
1771170 271
1771180 271
1771190 271
1771200 271
1771210 272
1771220 273
1771230 273
1771240 274
1771250 275
1771260 276
1771270 275
1771280 274
1771290 274
1771300 274
1771310 274
1771320 274
1771330 274
1771340 275
1771350 276
1771360 276
1771370 276
1771380 276
1771390 276
1771400 276
1771410 276
1771420 277
1771430 278
1771440 279
1771450 279
1771460 280
1771470 282
1771480 284
1771490 286
1771500 287
1771510 288
1771520 289
1771530 291
1771540 293
1771550 294
1771560 295
1771570 298
1771580 301
1771590 303
1771600 304
1771610 305
1771620 305
1771630 306
1771640 306
1771650 307
1771660 308
1771670 308
1771680 309
1771690 309
1771700 310
1771710 310
1771720 311
1771730 311
1771740 313
1771750 314
1771760 315
1771770 316
1771780 316
1771790 317
1771800 318
1771810 319
1771820 319
1771830 320
1771840 321
1771850 321
1771860 322
1771870 322
1771880 322
1771890 322
1771900 321
1771910 322
1771920 323
1771930 324
1771940 325
1771950 328
1771960 329
1771970 329
1771980 329
1771990 329
1772000 329
1772010 328
1772020 328
1772030 327
1772040 327
1772050 326
1772060 325
1772070 325
1772080 324
1772090 324
1772100 323
1772110 322
1772120 320
1772130 318
1772140 317
1772150 316
1772160 315
1772170 314
1772180 313
1772190 311
1772200 310
1772210 308
1772220 308
1772230 308
1772240 308
1772250 308
1772260 308
1772270 307
1772280 307
1772290 307
1772300 307
1772310 307
1772320 307
1772330 306
1772340 306
1772350 306
1772360 305
1772370 305
1772380 304
1772390 303
1772400 303
1772410 302
1772420 301
1772430 301
1772440 300
1772450 299
1772460 298
1772470 298
1772480 297
1772490 296
1772500 296
1772510 296
1772520 295
1772530 295
1772540 294
1772550 293
1772560 292
1772570 291
1772580 290
1772590 289
1772600 289
1772610 288
1772620 287
1772630 286
1772640 285
1772650 284
1772660 284
1772670 284
1772680 284
1772690 283
1772700 283
1772710 283
1772720 282
1772730 282
1772740 281
1772750 280
1772760 280
1772770 279
1772780 279
1772790 278
1772800 278
1772810 277
1772820 276
1772830 276
1772840 275
1772850 274
1772860 273
1772870 272
1772880 271
1772890 270
1772900 270
1772910 269
1772920 269
1772930 269
1772940 267
1772950 265
1772960 262
1772970 263
1772980 265
1772990 267
1773000 268
1773010 269
1773020 269
1773030 271
1773040 273
1773050 274
1773060 275
1773070 275
1773080 275
1773090 275
1773100 276
1773110 276
1773120 275
1773130 275
1773140 275
1773150 274
1773160 274
1773170 274
1773180 274
1773190 274
1773200 274
1773210 274
1773220 274
1773230 274
1773240 273
1773250 273
1773260 273
1773270 273
1773280 273
1773290 273
1773300 272
1773310 272
1773320 272
1773330 272
1773340 272
1773350 271
1773360 271
1773370 271
1773380 271
1773390 270
1773400 270
1773410 270
1773420 270
1773430 270
1773440 270
1773450 269
1773460 269
1773470 269
1773480 269
1773490 269
1773500 269
1773510 269
1773520 268
1773530 268
1773540 268
1773550 268
1773560 268
1773570 268
1773580 268
1773590 268
1773600 268
1773610 267
1773620 267
1773630 267
1773640 267
1773650 267
1773660 267
1773670 267
1773680 266
1773690 266
1773700 266
1773710 264
1773720 263
1773730 261
1773740 260
1773750 260
1773760 262
1773770 262
1773780 262
1773790 262
1773800 261
1773810 261
1773820 261
1773830 260
1773840 260
1773850 259
1773860 259
1773870 259
1773880 258
1773890 258
1773900 257
1773910 257
1773920 257
1773930 256
1773940 256
1773950 256
1773960 256
1773970 255
1773980 255
1773990 255
1774000 255
1774010 254
1774020 254
1774030 254
1774040 254
1774050 253
1774060 253
1774070 253
1774080 252
1774090 252
1774100 251
1774110 251
1774120 251
1774130 251
1774140 251
1774150 251
1774160 251
1774170 251
1774180 251
1774190 251
1774200 251
1774210 250
1774220 250
1774230 250
1774240 250
1774250 250
1774260 250
1774270 249
1774280 249
1774290 249
1774300 249
1774310 249
1774320 249
1774330 248
1774340 248
1774350 248
1774360 248
1774370 247
1774380 247
1774390 247
1774400 247
1774410 246
1774420 246
1774430 246
1774440 245
1774450 245
1774460 245
1774470 244
1774480 244
1774490 244
1774500 244
1774510 243
1774520 242
1774530 240
1774540 240
1774550 239
1774560 239
1774570 239
1774580 240
1774590 240
1774600 240
1774610 240
1774620 240
1774630 239
1774640 239
1774650 239
1774660 238
1774670 237
1774680 237
1774690 236
1774700 235
1774710 235
1774720 234
1774730 234
1774740 234
1774750 233
1774760 233
1774770 233
1774780 233
1774790 232
1774800 232
1774810 232
1774820 232
1774830 232
1774840 232
1774850 232
1774860 232
1774870 233
1774880 233
1774890 233
1774900 233
1774910 233
1774920 233
1774930 233
1774940 232
1774950 231
1774960 231
1774970 231
1774980 231
1774990 231
1775000 230
1775010 230
1775020 230
1775030 229
1775040 228
1775050 228
1775060 227
1775070 227
1775080 226
1775090 225
1775100 225
1775110 224
1775120 224
1775130 223
1775140 223
1775150 222
1775160 222
1775170 221
1775180 221
1775190 221
1775200 220
1775210 220
1775220 219
1775230 219
1775240 219
1775250 218
1775260 218
1775270 218
1775280 217
1775290 217
1775300 217
1775310 217
1775320 217
1775330 217
1775340 217
1775350 217
1775360 217
1775370 217
1775380 217
1775390 217
1775400 217
1775410 217
1775420 217
1775430 217
1775440 217
1775450 217
1775460 217
1775470 217
1775480 217
1775490 216
1775500 216
1775510 216
1775520 216
1775530 216
1775540 216
1775550 216
1775560 216
1775570 216
1775580 216
1775590 216
1775600 216
1775610 216
1775620 216
1775630 216
1775640 216
1775650 216
1775660 215
1775670 215
1775680 216
1775690 217
1775700 217
1775710 217
1775720 217
1775730 217
1775740 217
1775750 217
1775760 217
1775770 217
1775780 217
1775790 217
1775800 217
1775810 217
1775820 218
1775830 218
1775840 218
1775850 218
1775860 219
1775870 219
1775880 219
1775890 219
1775900 219
1775910 220
1775920 220
1775930 220
1775940 220
1775950 221
1775960 221
1775970 221
1775980 221
1775990 222
1776000 222
1776010 223
1776020 223
1776030 224
1776040 224
1776050 225
1776060 225
1776070 226
1776080 226
1776090 227
1776100 227
1776110 228
1776120 228
1776130 229
1776140 229
1776150 229
1776160 230
1776170 230
1776180 230
1776190 230
1776200 231
1776210 231
1776220 231
1776230 231
1776240 232
1776250 232
1776260 232
1776270 233
1776280 233
1776290 234
1776300 234
1776310 235
1776320 235
1776330 236
1776340 236
1776350 237
1776360 237
1776370 237
1776380 238
1776390 238
1776400 239
1776410 239
1776420 240
1776430 240
1776440 240
1776450 241
1776460 241
1776470 241
1776480 242
1776490 242
1776500 243
1776510 244
1776520 244
1776530 244
1776540 244
1776550 245
1776560 245
1776570 246
1776580 246
1776590 246
1776600 246
1776610 247
1776620 247
1776630 248
1776640 248
1776650 248
1776660 249
1776670 249
1776680 250
1776690 250
1776700 250
1776710 251
1776720 251
1776730 252
1776740 252
1776750 252
1776760 253
1776770 253
1776780 253
1776790 253
1776800 254
1776810 254
1776820 255
1776830 255
1776840 256
1776850 256
1776860 257
1776870 258
1776880 258
1776890 259
1776900 259
1776910 260
1776920 260
1776930 260
1776940 261
1776950 262
1776960 263
1776970 264
1776980 264
1776990 264
1777000 264
1777010 264
1777020 264
1777030 264
1777040 264
1777050 264
1777060 265
1777070 266
1777080 266
1777090 266
1777100 265
1777110 265
1777120 265
1777130 265
1777140 265
1777150 265
1777160 265
1777170 265
1777180 264
1777190 264
1777200 263
1777210 263
1777220 263
1777230 263
1777240 263
1777250 262
1777260 262
1777270 262
1777280 262
1777290 262
1777300 262
1777310 262
1777320 262
1777330 262
1777340 262
1777350 262
1777360 261
1777370 261
1777380 261
1777390 261
1777400 261
1777410 261
1777420 261
1777430 261
1777440 261
1777450 261
1777460 260
1777470 260
1777480 260
1777490 260
1777500 260
1777510 260
1777520 260
1777530 260
1777540 259
1777550 259
1777560 259
1777570 259
1777580 258
1777590 256
1777600 254
1777610 252
1777620 251
1777630 250
1777640 249
1777650 248
1777660 247
1777670 247
1777680 246
1777690 248
1777700 249
1777710 251
1777720 253
1777730 256
1777740 258
1777750 259
1777760 260
1777770 262
1777780 263
1777790 263
1777800 264
1777810 264
1777820 265
1777830 265
1777840 266
1777850 266
1777860 266
1777870 266
1777880 266
1777890 267
1777900 267
1777910 267
1777920 267
1777930 267
1777940 267
1777950 267
1777960 267
1777970 267
1777980 267
1777990 267
1778000 267
1778010 266
1778020 265
1778030 264
1778040 265
1778050 266
1778060 268
1778070 268
1778080 268
1778090 267
1778100 265
1778110 265
1778120 265
1778130 264
1778140 264
1778150 265
1778160 264
1778170 264
1778180 264
1778190 264
1778200 265
1778210 265
1778220 266
1778230 267
1778240 268
1778250 267
1778260 267
1778270 267
1778280 268
1778290 269
1778300 269
1778310 268
1778320 267
1778330 265
1778340 266
1778350 267
1778360 270
1778370 272
1778380 273
1778390 275
1778400 276
1778410 277
1778420 277
1778430 278
1778440 279
1778450 279
1778460 280
1778470 281
1778480 281
1778490 282
1778500 283
1778510 283
1778520 283
1778530 283
1778540 283
1778550 283
1778560 283
1778570 284
1778580 284
1778590 285
1778600 285
1778610 285
1778620 287
1778630 289
1778640 291
1778650 293
1778660 295
1778670 296
1778680 297
1778690 298
1778700 299
1778710 301
1778720 302
1778730 303
1778740 303
1778750 304
1778760 305
1778770 306
1778780 307
1778790 307
1778800 308
1778810 309
1778820 310
1778830 310
1778840 311
1778850 311
1778860 311
1778870 311
1778880 311
1778890 311
1778900 311
1778910 311
1778920 311
1778930 310
1778940 310
1778950 310
1778960 309
1778970 309
1778980 309
1778990 308
1779000 308
1779010 307
1779020 307
1779030 306
1779040 305
1779050 304
1779060 303
1779070 302
1779080 301
1779090 300
1779100 299
1779110 298
1779120 297
1779130 296
1779140 295
1779150 294
1779160 293
1779170 291
1779180 290
1779190 289
1779200 287
1779210 286
1779220 284
1779230 280
1779240 276
1779250 272
1779260 271
1779270 271
1779280 271
1779290 271
1779300 274
1779310 277
1779320 280
1779330 282
1779340 282
1779350 283
1779360 283
1779370 283
1779380 283
1779390 284
1779400 284
1779410 284
1779420 284
1779430 284
1779440 284
1779450 284
1779460 284
1779470 284
1779480 284
1779490 284
1779500 283
1779510 283
1779520 283
1779530 283
1779540 282
1779550 281
1779560 280
1779570 279
1779580 279
1779590 278
1779600 277
1779610 275
1779620 274
1779630 273
1779640 272
1779650 271
1779660 270
1779670 269
1779680 268
1779690 266
1779700 263
1779710 262
1779720 261
1779730 260
1779740 259
1779750 257
1779760 256
1779770 255
1779780 254
1779790 253
1779800 252
1779810 252
1779820 251
1779830 250
1779840 250
1779850 250
1779860 250
1779870 251
1779880 251
1779890 250
1779900 250
1779910 250
1779920 249
1779930 249
1779940 249
1779950 249
1779960 249
1779970 249
1779980 249
1779990 249
