1760000 384
1760010 384
1760020 384
1760030 384
1760040 384
1760050 383
1760060 383
1760070 383
1760080 383
1760090 383
1760100 383
1760110 383
1760120 383
1760130 383
1760140 383
1760150 383
1760160 383
1760170 383
1760180 383
1760190 382
1760200 382
1760210 382
1760220 382
1760230 382
1760240 382
1760250 382
1760260 382
1760270 382
1760280 381
1760290 381
1760300 381
1760310 381
1760320 381
1760330 381
1760340 381
1760350 380
1760360 380
1760370 380
1760380 379
1760390 379
1760400 379
1760410 379
1760420 379
1760430 378
1760440 378
1760450 378
1760460 378
1760470 378
1760480 377
1760490 377
1760500 377
1760510 376
1760520 376
1760530 374
1760540 374
1760550 374
1760560 375
1760570 376
1760580 376
1760590 376
1760600 376
1760610 376
1760620 376
1760630 376
1760640 376
1760650 376
1760660 376
1760670 376
1760680 376
1760690 376
1760700 375
1760710 375
1760720 375
1760730 375
1760740 375
1760750 375
1760760 375
1760770 374
1760780 374
1760790 374
1760800 374
1760810 373
1760820 373
1760830 373
1760840 373
1760850 372
1760860 372
1760870 372
1760880 372
1760890 371
1760900 371
1760910 371
1760920 370
1760930 370
1760940 369
1760950 369
1760960 369
1760970 368
1760980 368
1760990 367
1761000 367
1761010 367
1761020 366
1761030 366
1761040 365
1761050 365
1761060 365
1761070 364
1761080 364
1761090 363
1761100 362
1761110 361
1761120 360
1761130 359
1761140 358
1761150 358
1761160 356
1761170 355
1761180 354
1761190 354
1761200 354
1761210 354
1761220 354
1761230 354
1761240 354
1761250 354
1761260 354
1761270 353
1761280 353
1761290 352
1761300 352
1761310 352
1761320 352
1761330 353
1761340 354
1761350 357
1761360 359
1761370 361
1761380 364
1761390 366
1761400 367
1761410 368
1761420 368
1761430 369
1761440 369
1761450 370
1761460 371
1761470 372
1761480 372
1761490 372
1761500 372
1761510 372
1761520 372
1761530 373
1761540 373
1761550 373
1761560 373
1761570 373
1761580 372
1761590 372
1761600 372
1761610 372
1761620 371
1761630 371
1761640 371
1761650 371
1761660 370
1761670 370
1761680 369
1761690 369
1761700 369
1761710 369
1761720 370
1761730 370
1761740 370
1761750 370
1761760 370
1761770 370
1761780 370
1761790 370
1761800 370
1761810 370
1761820 369
1761830 369
1761840 369
1761850 369
1761860 369
1761870 369
1761880 369
1761890 369
1761900 369
1761910 369
1761920 368
1761930 368
1761940 368
1761950 368
1761960 368
1761970 368
1761980 368
1761990 367
1762000 367
1762010 367
1762020 367
1762030 367
1762040 367
1762050 367
1762060 367
1762070 367
1762080 367
1762090 366
1762100 366
1762110 366
1762120 366
1762130 366
1762140 366
1762150 366
1762160 366
1762170 366
1762180 366
1762190 366
1762200 366
1762210 365
1762220 365
1762230 365
1762240 365
1762250 365
1762260 365
1762270 365
1762280 365
1762290 365
1762300 365
1762310 364
1762320 364
1762330 364
1762340 364
1762350 364
1762360 364
1762370 364
1762380 364
1762390 364
1762400 364
1762410 364
1762420 364
1762430 363
1762440 363
1762450 363
1762460 363
1762470 363
1762480 363
1762490 363
1762500 363
1762510 363
1762520 363
1762530 363
1762540 363
1762550 363
1762560 363
1762570 363
1762580 362
1762590 362
1762600 362
1762610 362
1762620 362
1762630 362
1762640 363
1762650 363
1762660 362
1762670 363
1762680 363
1762690 363
1762700 363
1762710 363
1762720 363
1762730 363
1762740 363
1762750 363
1762760 363
1762770 363
1762780 363
1762790 363
1762800 363
1762810 363
1762820 363
1762830 363
1762840 363
1762850 363
1762860 363
1762870 363
1762880 363
1762890 363
1762900 363
1762910 363
1762920 363
1762930 363
1762940 363
1762950 363
1762960 363
1762970 363
1762980 363
1762990 363
1763000 363
1763010 363
1763020 363
1763030 363
1763040 363
1763050 363
1763060 363
1763070 363
1763080 363
1763090 362
1763100 362
1763110 362
1763120 362
1763130 362
1763140 362
1763150 361
1763160 361
1763170 361
1763180 361
1763190 361
1763200 361
1763210 361
1763220 360
1763230 360
1763240 360
1763250 360
1763260 360
1763270 360
1763280 360
1763290 360
1763300 360
1763310 359
1763320 359
1763330 359
1763340 359
1763350 359
1763360 359
1763370 359
1763380 358
1763390 358
1763400 358
1763410 358
1763420 358
1763430 358
1763440 358
1763450 357
1763460 357
1763470 357
1763480 357
1763490 357
1763500 357
1763510 357
1763520 357
1763530 357
1763540 356
1763550 356
1763560 356
1763570 356
1763580 356
1763590 356
1763600 356
1763610 355
1763620 355
1763630 355
1763640 355
1763650 355
1763660 355
1763670 355
1763680 355
1763690 355
1763700 354
1763710 354
1763720 354
1763730 354
1763740 354
1763750 354
1763760 354
1763770 353
1763780 353
1763790 353
1763800 353
1763810 353
1763820 353
1763830 353
1763840 353
1763850 352
1763860 352
1763870 352
1763880 352
1763890 352
1763900 352
1763910 352
1763920 351
1763930 351
1763940 351
1763950 351
1763960 351
1763970 351
1763980 351
1763990 351
1764000 351
1764010 351
1764020 351
1764030 350
1764040 350
1764050 350
1764060 351
1764070 351
1764080 351
1764090 351
1764100 351
1764110 351
1764120 350
1764130 350
1764140 350
1764150 350
1764160 350
1764170 349
1764180 348
1764190 346
1764200 344
1764210 342
1764220 340
1764230 338
1764240 340
1764250 342
1764260 344
1764270 345
1764280 346
1764290 347
1764300 347
1764310 347
1764320 347
1764330 347
1764340 347
1764350 347
1764360 347
1764370 347
1764380 347
1764390 347
1764400 347
1764410 346
1764420 346
1764430 346
1764440 346
1764450 346
1764460 346
1764470 346
1764480 346
1764490 346
1764500 346
1764510 346
1764520 346
1764530 346
1764540 345
1764550 345
1764560 345
1764570 344
1764580 344
1764590 344
1764600 344
1764610 343
1764620 343
1764630 343
1764640 343
1764650 342
1764660 342
1764670 342
1764680 342
1764690 342
1764700 342
1764710 342
1764720 342
1764730 342
1764740 342
1764750 342
1764760 342
1764770 342
1764780 342
1764790 342
1764800 342
1764810 342
1764820 342
1764830 342
1764840 342
1764850 341
1764860 341
1764870 341
1764880 340
1764890 340
1764900 338
1764910 337
1764920 336
1764930 336
1764940 335
1764950 334
1764960 333
1764970 334
1764980 337
1764990 338
1765000 339
1765010 337
1765020 335
1765030 333
1765040 333
1765050 333
1765060 332
1765070 332
1765080 332
1765090 332
1765100 333
1765110 333
1765120 333
1765130 332
1765140 332
1765150 331
1765160 331
1765170 331
1765180 331
1765190 332
1765200 333
1765210 335
1765220 338
1765230 341
1765240 345
1765250 349
1765260 352
1765270 355
1765280 356
1765290 357
1765300 357
1765310 357
1765320 357
1765330 357
1765340 357
1765350 357
1765360 357
1765370 355
1765380 354
1765390 353
1765400 356
1765410 358
1765420 358
1765430 358
1765440 358
1765450 358
1765460 358
1765470 358
1765480 359
1765490 359
1765500 359
1765510 359
1765520 359
1765530 358
1765540 358
1765550 358
1765560 358
1765570 358
1765580 358
1765590 357
1765600 357
1765610 357
1765620 357
1765630 356
1765640 356
1765650 355
1765660 355
1765670 354
1765680 354
1765690 354
1765700 353
1765710 353
1765720 352
1765730 352
1765740 351
1765750 351
1765760 350
1765770 349
1765780 348
1765790 348
1765800 347
1765810 347
1765820 347
1765830 346
1765840 345
1765850 344
1765860 342
1765870 341
1765880 340
1765890 338
1765900 336
1765910 335
1765920 334
1765930 333
1765940 332
1765950 331
1765960 330
1765970 329
1765980 328
1765990 327
1766000 326
1766010 325
1766020 323
1766030 322
1766040 320
1766050 318
1766060 317
1766070 316
1766080 316
1766090 315
1766100 315
1766110 315
1766120 315
1766130 315
1766140 314
1766150 314
1766160 314
1766170 315
1766180 316
1766190 317
1766200 318
1766210 320
1766220 322
1766230 324
1766240 325
1766250 326
1766260 326
1766270 325
1766280 324
1766290 322
1766300 322
1766310 322
1766320 324
1766330 324
1766340 324
1766350 324
1766360 324
1766370 324
1766380 323
1766390 322
1766400 321
1766410 319
1766420 319
1766430 318
1766440 318
1766450 318
1766460 317
1766470 316
1766480 316
1766490 316
1766500 316
1766510 317
1766520 318
1766530 319
1766540 320
1766550 320
1766560 321
1766570 321
1766580 322
1766590 323
1766600 323
1766610 324
1766620 325
1766630 325
1766640 326
1766650 326
1766660 327
1766670 328
1766680 329
1766690 330
1766700 330
1766710 331
1766720 333
1766730 335
1766740 337
1766750 338
1766760 339
1766770 339
1766780 340
1766790 340
1766800 340
1766810 340
1766820 341
1766830 341
1766840 341
1766850 341
1766860 341
1766870 341
1766880 341
1766890 341
1766900 342
1766910 342
1766920 342
1766930 342
1766940 342
1766950 342
1766960 342
1766970 342
1766980 342
1766990 342
1767000 342
1767010 341
1767020 340
1767030 340
1767040 340
1767050 341
1767060 340
1767070 340
1767080 340
1767090 340
1767100 340
1767110 340
1767120 340
1767130 340
1767140 340
1767150 340
1767160 340
1767170 340
1767180 340
1767190 339
1767200 339
1767210 339
1767220 339
1767230 339
1767240 338
1767250 338
1767260 338
1767270 338
1767280 338
1767290 337
1767300 336
1767310 335
1767320 333
1767330 330
1767340 329
1767350 328
1767360 329
1767370 332
1767380 336
1767390 337
1767400 339
1767410 340
1767420 341
1767430 342
1767440 342
1767450 343
1767460 344
1767470 345
1767480 345
1767490 345
1767500 346
1767510 346
1767520 346
1767530 346
1767540 346
1767550 346
1767560 345
1767570 345
1767580 345
1767590 346
1767600 346
1767610 347
1767620 347
1767630 347
1767640 347
1767650 348
1767660 348
1767670 348
1767680 348
1767690 348
1767700 348
1767710 348
1767720 348
1767730 348
1767740 348
1767750 348
1767760 348
1767770 348
1767780 348
1767790 348
1767800 348
1767810 348
1767820 348
1767830 348
1767840 348
1767850 348
1767860 348
1767870 348
1767880 348
1767890 348
1767900 347
1767910 347
1767920 347
1767930 347
1767940 347
1767950 347
1767960 347
1767970 347
1767980 346
1767990 346
1768000 346
1768010 346
1768020 346
1768030 346
1768040 345
1768050 345
1768060 345
1768070 345
1768080 345
1768090 345
1768100 345
1768110 345
1768120 345
1768130 344
1768140 344
1768150 344
1768160 344
1768170 343
1768180 342
1768190 342
1768200 341
1768210 341
1768220 340
1768230 339
1768240 337
1768250 335
1768260 334
1768270 332
1768280 331
1768290 331
1768300 330
1768310 329
1768320 330
1768330 332
1768340 334
1768350 335
1768360 336
1768370 336
1768380 336
1768390 336
1768400 336
1768410 336
1768420 336
1768430 337
1768440 337
1768450 337
1768460 338
1768470 338
1768480 338
1768490 338
1768500 338
1768510 338
1768520 338
1768530 338
1768540 338
1768550 338
1768560 337
1768570 336
1768580 336
1768590 335
1768600 334
1768610 334
1768620 333
1768630 333
1768640 332
1768650 332
1768660 331
1768670 331
1768680 330
1768690 330
1768700 329
1768710 328
1768720 328
1768730 327
1768740 326
1768750 326
1768760 325
1768770 324
1768780 323
1768790 321
1768800 320
1768810 318
1768820 316
1768830 315
1768840 314
1768850 313
1768860 311
1768870 310
1768880 310
1768890 309
1768900 308
1768910 308
1768920 307
1768930 307
1768940 306
1768950 306
1768960 306
1768970 305
1768980 305
1768990 304
1769000 304
1769010 303
1769020 303
1769030 303
1769040 303
1769050 302
1769060 302
1769070 301
1769080 301
1769090 301
1769100 301
1769110 300
1769120 300
1769130 300
1769140 300
1769150 299
1769160 299
1769170 299
1769180 299
1769190 299
1769200 299
1769210 299
1769220 299
1769230 299
1769240 298
1769250 298
1769260 298
1769270 298
1769280 298
1769290 299
1769300 299
1769310 299
1769320 299
1769330 299
1769340 299
1769350 298
1769360 298
1769370 298
1769380 298
1769390 298
1769400 298
1769410 297
1769420 297
1769430 297
1769440 297
1769450 297
1769460 297
1769470 297
1769480 296
1769490 296
1769500 296
1769510 296
1769520 296
1769530 296
1769540 296
1769550 296
1769560 296
1769570 296
1769580 296
1769590 296
1769600 296
1769610 296
1769620 296
1769630 296
1769640 296
1769650 296
1769660 296
1769670 296
1769680 296
1769690 296
1769700 296
1769710 296
1769720 296
1769730 296
1769740 295
1769750 295
1769760 295
1769770 295
1769780 295
1769790 295
1769800 295
1769810 295
1769820 295
1769830 295
1769840 294
1769850 294
1769860 294
1769870 294
1769880 294
1769890 294
1769900 293
1769910 293
1769920 293
1769930 293
1769940 293
1769950 292
1769960 292
1769970 292
1769980 292
1769990 291
1770000 291
1770010 291
1770020 291
1770030 291
1770040 290
1770050 290
1770060 290
1770070 289
1770080 289
1770090 289
1770100 288
1770110 288
1770120 288
1770130 288
1770140 287
1770150 287
1770160 287
1770170 286
1770180 286
1770190 286
1770200 286
1770210 285
1770220 285
1770230 285
1770240 285
1770250 284
1770260 284
1770270 284
1770280 284
1770290 283
1770300 283
1770310 283
1770320 283
1770330 282
1770340 282
1770350 282
1770360 282
1770370 281
1770380 281
1770390 281
1770400 281
1770410 280
1770420 280
1770430 280
1770440 280
1770450 279
1770460 279
1770470 279
1770480 279
1770490 278
1770500 278
1770510 278
1770520 277
1770530 277
1770540 277
1770550 277
1770560 277
1770570 276
1770580 276
1770590 276
1770600 276
1770610 275
1770620 275
1770630 275
1770640 275
1770650 275
1770660 274
1770670 274
1770680 274
1770690 274
1770700 274
1770710 274
1770720 273
1770730 273
1770740 273
1770750 273
1770760 273
1770770 272
1770780 272
1770790 272
1770800 272
1770810 271
1770820 271
1770830 271
1770840 271
1770850 271
1770860 270
1770870 270
1770880 270
1770890 269
1770900 269
1770910 269
1770920 269
1770930 269
1770940 268
1770950 268
1770960 267
1770970 267
1770980 266
1770990 265
1771000 265
1771010 265
1771020 265
1771030 265
1771040 265
1771050 265
1771060 265
1771070 264
1771080 264
1771090 264
1771100 264
1771110 264
1771120 263
1771130 263
1771140 262
1771150 261
1771160 261
1771170 261
1771180 261
1771190 261
1771200 261
1771210 261
1771220 261
1771230 261
1771240 261
1771250 261
1771260 261
1771270 261
1771280 261
1771290 261
1771300 261
1771310 260
1771320 260
1771330 260
1771340 260
1771350 260
1771360 260
1771370 260
1771380 260
1771390 260
1771400 260
1771410 260
1771420 259
1771430 260
1771440 260
1771450 261
1771460 261
1771470 262
1771480 262
1771490 262
1771500 262
1771510 262
1771520 262
1771530 263
1771540 263
1771550 264
1771560 264
1771570 265
1771580 266
1771590 266
1771600 268
1771610 269
1771620 270
1771630 270
1771640 271
1771650 272
1771660 273
1771670 274
1771680 275
1771690 275
1771700 278
1771710 279
1771720 279
1771730 276
1771740 274
1771750 273
1771760 275
1771770 279
1771780 284
1771790 285
1771800 284
1771810 280
1771820 279
1771830 279
1771840 282
1771850 285
1771860 287
1771870 286
1771880 285
1771890 285
1771900 287
1771910 288
1771920 288
1771930 287
1771940 287
1771950 287
1771960 285
1771970 282
1771980 279
1771990 277
1772000 277
1772010 279
1772020 282
1772030 285
1772040 288
1772050 289
1772060 289
1772070 289
1772080 287
1772090 285
1772100 282
1772110 282
1772120 282
1772130 283
1772140 283
1772150 284
1772160 285
1772170 287
1772180 288
1772190 289
1772200 291
1772210 294
1772220 296
1772230 296
1772240 296
1772250 297
1772260 296
1772270 296
1772280 296
1772290 296
1772300 295
1772310 295
1772320 294
1772330 294
1772340 293
1772350 293
1772360 292
1772370 292
1772380 292
1772390 292
1772400 291
1772410 291
1772420 290
1772430 290
1772440 290
1772450 289
1772460 289
1772470 289
1772480 288
1772490 288
1772500 287
1772510 287
1772520 287
1772530 286
1772540 285
1772550 285
1772560 284
1772570 284
1772580 283
1772590 283
1772600 282
1772610 282
1772620 281
1772630 281
1772640 280
1772650 280
1772660 280
1772670 280
1772680 280
1772690 280
1772700 280
1772710 280
1772720 280
1772730 279
1772740 279
1772750 279
1772760 279
1772770 279
1772780 279
1772790 279
1772800 279
1772810 279
1772820 278
1772830 278
1772840 278
1772850 278
1772860 278
1772870 278
1772880 278
1772890 278
1772900 278
1772910 278
1772920 278
1772930 278
1772940 278
1772950 278
1772960 278
1772970 278
1772980 278
1772990 278
1773000 278
1773010 278
1773020 277
1773030 277
1773040 277
1773050 277
1773060 277
1773070 277
1773080 277
1773090 277
1773100 277
1773110 276
1773120 276
1773130 276
1773140 276
1773150 276
1773160 275
1773170 275
1773180 275
1773190 274
1773200 274
1773210 274
1773220 274
1773230 273
1773240 273
1773250 273
1773260 273
1773270 273
1773280 272
1773290 272
1773300 272
1773310 271
1773320 271
1773330 271
1773340 270
1773350 270
1773360 269
1773370 269
1773380 269
1773390 268
1773400 268
1773410 267
1773420 267
1773430 266
1773440 266
1773450 266
1773460 265
1773470 265
1773480 264
1773490 264
1773500 264
1773510 263
1773520 263
1773530 263
1773540 262
1773550 262
1773560 262
1773570 261
1773580 261
1773590 261
1773600 260
1773610 260
1773620 260
1773630 259
1773640 259
1773650 259
1773660 258
1773670 258
1773680 258
1773690 257
1773700 257
1773710 257
1773720 257
1773730 256
1773740 256
1773750 256
1773760 255
1773770 255
1773780 255
1773790 255
1773800 254
1773810 254
1773820 254
1773830 254
1773840 253
1773850 253
1773860 253
1773870 253
1773880 252
1773890 252
1773900 252
1773910 252
1773920 251
1773930 251
1773940 251
1773950 251
1773960 250
1773970 250
1773980 250
1773990 250
1774000 249
1774010 249
1774020 249
1774030 249
1774040 248
1774050 248
1774060 248
1774070 247
1774080 247
1774090 247
1774100 247
1774110 247
1774120 246
1774130 246
1774140 246
1774150 246
1774160 246
1774170 246
1774180 246
1774190 244
1774200 242
1774210 240
1774220 241
1774230 242
1774240 244
1774250 243
1774260 243
1774270 243
1774280 243
1774290 242
1774300 242
1774310 242
1774320 241
1774330 241
1774340 241
1774350 241
1774360 240
1774370 240
1774380 240
1774390 239
1774400 239
1774410 239
1774420 238
1774430 238
1774440 238
1774450 238
1774460 237
1774470 237
1774480 237
1774490 237
1774500 236
1774510 236
1774520 236
1774530 236
1774540 235
1774550 235
1774560 235
1774570 234
1774580 234
1774590 234
1774600 233
1774610 232
1774620 231
1774630 229
1774640 228
1774650 228
1774660 227
1774670 227
1774680 227
1774690 227
1774700 227
1774710 226
1774720 226
1774730 226
1774740 226
1774750 225
1774760 225
1774770 225
1774780 225
1774790 225
1774800 225
1774810 225
1774820 225
1774830 225
1774840 225
1774850 224
1774860 224
1774870 225
1774880 225
1774890 225
1774900 225
1774910 225
1774920 224
1774930 224
1774940 224
1774950 223
1774960 223
1774970 223
1774980 223
1774990 223
1775000 223
1775010 223
1775020 223
1775030 222
1775040 222
1775050 222
1775060 222
1775070 223
1775080 224
1775090 224
1775100 223
1775110 221
1775120 220
1775130 219
1775140 219
1775150 219
1775160 219
1775170 221
1775180 223
1775190 224
1775200 223
1775210 221
1775220 219
1775230 218
1775240 218
1775250 218
1775260 218
1775270 218
1775280 218
1775290 218
1775300 218
1775310 218
1775320 218
1775330 218
1775340 218
1775350 218
1775360 218
1775370 218
1775380 218
1775390 218
1775400 218
1775410 218
1775420 218
1775430 218
1775440 218
1775450 218
1775460 218
1775470 218
1775480 217
1775490 218
1775500 218
1775510 218
1775520 218
1775530 217
1775540 217
1775550 218
1775560 218
1775570 218
1775580 218
1775590 218
1775600 218
1775610 218
1775620 219
1775630 219
1775640 219
1775650 219
1775660 219
1775670 219
1775680 219
1775690 219
1775700 220
1775710 220
1775720 220
1775730 220
1775740 220
1775750 220
1775760 221
1775770 221
1775780 221
1775790 221
1775800 222
1775810 222
1775820 222
1775830 223
1775840 223
1775850 224
1775860 224
1775870 224
1775880 225
1775890 225
1775900 225
1775910 226
1775920 226
1775930 227
1775940 227
1775950 228
1775960 228
1775970 228
1775980 228
1775990 228
1776000 229
1776010 229
1776020 229
1776030 229
1776040 230
1776050 230
1776060 230
1776070 231
1776080 231
1776090 231
1776100 231
1776110 232
1776120 232
1776130 233
1776140 233
1776150 234
1776160 234
1776170 234
1776180 235
1776190 235
1776200 236
1776210 237
1776220 237
1776230 238
1776240 239
1776250 239
1776260 239
1776270 239
1776280 239
1776290 240
1776300 240
1776310 241
1776320 242
1776330 242
1776340 243
1776350 244
1776360 245
1776370 246
1776380 247
1776390 248
1776400 249
1776410 250
1776420 251
1776430 252
1776440 253
1776450 254
1776460 255
1776470 256
1776480 256
1776490 257
1776500 258
1776510 258
1776520 259
1776530 260
1776540 260
1776550 261
1776560 262
1776570 262
1776580 263
1776590 264
1776600 265
1776610 265
1776620 266
1776630 267
1776640 267
1776650 268
1776660 269
1776670 269
1776680 270
1776690 270
1776700 271
1776710 271
1776720 272
1776730 273
1776740 273
1776750 274
1776760 275
1776770 275
1776780 276
1776790 276
1776800 277
1776810 277
1776820 278
1776830 278
1776840 278
1776850 278
1776860 277
1776870 277
1776880 279
1776890 280
1776900 281
1776910 281
1776920 282
1776930 282
1776940 283
1776950 283
1776960 283
1776970 283
1776980 284
1776990 284
1777000 284
1777010 285
1777020 285
1777030 285
1777040 286
1777050 286
1777060 286
1777070 287
1777080 287
1777090 287
1777100 288
1777110 288
1777120 289
1777130 289
1777140 289
1777150 289
1777160 289
1777170 290
1777180 290
1777190 290
1777200 291
1777210 291
1777220 291
1777230 292
1777240 292
1777250 293
1777260 293
1777270 294
1777280 294
1777290 295
1777300 295
1777310 296
1777320 296
1777330 296
1777340 297
1777350 297
1777360 297
1777370 297
1777380 297
1777390 297
1777400 297
1777410 298
1777420 298
1777430 298
1777440 297
1777450 295
1777460 294
1777470 293
1777480 293
1777490 294
1777500 295
1777510 295
1777520 296
1777530 296
1777540 297
1777550 299
1777560 302
1777570 305
1777580 306
1777590 307
1777600 308
1777610 308
1777620 309
1777630 309
1777640 310
1777650 310
1777660 311
1777670 312
1777680 312
1777690 313
1777700 313
1777710 313
1777720 314
1777730 314
1777740 314
1777750 314
1777760 313
1777770 312
1777780 311
1777790 309
1777800 306
1777810 303
1777820 301
1777830 300
1777840 298
1777850 297
1777860 296
1777870 294
1777880 292
1777890 290
1777900 289
1777910 288
1777920 287
1777930 287
1777940 287
1777950 287
1777960 285
1777970 283
1777980 281
1777990 281
1778000 280
1778010 280
1778020 280
1778030 280
1778040 281
1778050 281
1778060 281
1778070 281
1778080 280
1778090 280
1778100 279
1778110 279
1778120 278
1778130 278
1778140 278
1778150 278
1778160 278
1778170 279
1778180 280
1778190 281
1778200 283
1778210 284
1778220 285
1778230 285
1778240 284
1778250 284
1778260 284
1778270 283
1778280 282
1778290 281
1778300 279
1778310 278
1778320 276
1778330 274
1778340 273
1778350 272
1778360 271
1778370 270
1778380 271
1778390 272
1778400 271
1778410 272
1778420 272
1778430 272
1778440 273
1778450 273
1778460 274
1778470 274
1778480 274
1778490 275
1778500 276
1778510 276
1778520 277
1778530 278
1778540 278
1778550 279
1778560 279
1778570 280
1778580 280
1778590 281
1778600 281
1778610 282
1778620 282
1778630 283
1778640 283
1778650 284
1778660 284
1778670 285
1778680 285
1778690 286
1778700 287
1778710 287
1778720 288
1778730 288
1778740 289
1778750 290
1778760 292
1778770 293
1778780 295
1778790 297
1778800 298
1778810 300
1778820 301
1778830 303
1778840 304
1778850 305
1778860 307
1778870 308
1778880 309
1778890 311
1778900 312
1778910 313
1778920 314
1778930 315
1778940 316
1778950 317
1778960 318
1778970 319
1778980 319
1778990 320
1779000 321
1779010 321
1779020 322
1779030 322
1779040 323
1779050 323
1779060 324
1779070 324
1779080 325
1779090 325
1779100 326
1779110 326
1779120 327
1779130 327
1779140 328
1779150 329
1779160 329
1779170 330
1779180 331
1779190 331
1779200 331
1779210 332
1779220 332
1779230 332
1779240 331
1779250 331
1779260 331
1779270 331
1779280 330
1779290 330
1779300 330
1779310 330
1779320 329
1779330 329
1779340 328
1779350 327
1779360 327
1779370 326
1779380 326
1779390 325
1779400 324
1779410 324
1779420 323
1779430 322
1779440 322
1779450 321
1779460 320
1779470 319
1779480 318
1779490 316
1779500 316
1779510 315
1779520 314
1779530 313
1779540 311
1779550 310
1779560 309
1779570 308
1779580 307
1779590 307
1779600 306
1779610 304
1779620 303
1779630 303
1779640 302
1779650 301
1779660 301
1779670 300
1779680 299
1779690 298
1779700 298
1779710 297
1779720 296
1779730 295
1779740 295
1779750 295
1779760 294
1779770 294
1779780 293
1779790 293
1779800 292
1779810 292
1779820 291
1779830 291
1779840 290
1779850 290
1779860 290
1779870 289
1779880 288
1779890 286
1779900 285
1779910 284
1779920 284
1779930 283
1779940 282
1779950 282
1779960 281
1779970 281
1779980 280
1779990 279
