1760000 379
1760010 379
1760020 379
1760030 379
1760040 379
1760050 379
1760060 379
1760070 379
1760080 379
1760090 379
1760100 379
1760110 379
1760120 379
1760130 380
1760140 380
1760150 380
1760160 380
1760170 380
1760180 380
1760190 380
1760200 380
1760210 380
1760220 380
1760230 380
1760240 380
1760250 380
1760260 380
1760270 380
1760280 380
1760290 380
1760300 380
1760310 380
1760320 380
1760330 380
1760340 380
1760350 380
1760360 380
1760370 381
1760380 381
1760390 381
1760400 381
1760410 381
1760420 381
1760430 381
1760440 381
1760450 381
1760460 381
1760470 381
1760480 381
1760490 382
1760500 382
1760510 382
1760520 382
1760530 382
1760540 382
1760550 382
1760560 382
1760570 382
1760580 382
1760590 382
1760600 382
1760610 383
1760620 383
1760630 383
1760640 383
1760650 383
1760660 383
1760670 383
1760680 383
1760690 383
1760700 383
1760710 383
1760720 383
1760730 383
1760740 384
1760750 384
1760760 384
1760770 384
1760780 384
1760790 384
1760800 384
1760810 383
1760820 383
1760830 383
1760840 383
1760850 381
1760860 381
1760870 382
1760880 383
1760890 384
1760900 384
1760910 384
1760920 384
1760930 384
1760940 384
1760950 384
1760960 384
1760970 384
1760980 384
1760990 384
1761000 384
1761010 384
1761020 384
1761030 384
1761040 384
1761050 384
1761060 384
1761070 384
1761080 384
1761090 383
1761100 383
1761110 383
1761120 383
1761130 383
1761140 383
1761150 383
1761160 382
1761170 382
1761180 382
1761190 382
1761200 382
1761210 382
1761220 381
1761230 381
1761240 381
1761250 381
1761260 380
1761270 380
1761280 380
1761290 379
1761300 379
1761310 379
1761320 379
1761330 378
1761340 378
1761350 378
1761360 377
1761370 377
1761380 377
1761390 376
1761400 376
1761410 376
1761420 375
1761430 375
1761440 375
1761450 374
1761460 374
1761470 374
1761480 373
1761490 373
1761500 373
1761510 372
1761520 372
1761530 372
1761540 371
1761550 371
1761560 371
1761570 370
1761580 370
1761590 369
1761600 369
1761610 369
1761620 369
1761630 368
1761640 368
1761650 368
1761660 368
1761670 367
1761680 367
1761690 367
1761700 366
1761710 366
1761720 366
1761730 366
1761740 366
1761750 366
1761760 365
1761770 365
1761780 365
1761790 365
1761800 364
1761810 364
1761820 364
1761830 363
1761840 363
1761850 363
1761860 362
1761870 362
1761880 362
1761890 361
1761900 361
1761910 361
1761920 361
1761930 360
1761940 360
1761950 360
1761960 360
1761970 359
1761980 359
1761990 359
1762000 359
1762010 358
1762020 358
1762030 358
1762040 358
1762050 358
1762060 358
1762070 358
1762080 357
1762090 357
1762100 357
1762110 357
1762120 357
1762130 357
1762140 356
1762150 356
1762160 356
1762170 356
1762180 355
1762190 355
1762200 355
1762210 355
1762220 354
1762230 354
1762240 354
1762250 354
1762260 354
1762270 353
1762280 353
1762290 353
1762300 353
1762310 352
1762320 352
1762330 352
1762340 352
1762350 352
1762360 352
1762370 352
1762380 352
1762390 351
1762400 351
1762410 349
1762420 347
1762430 346
1762440 345
1762450 346
1762460 346
1762470 345
1762480 343
1762490 341
1762500 341
1762510 342
1762520 344
1762530 346
1762540 346
1762550 347
1762560 348
1762570 349
1762580 349
1762590 349
1762600 350
1762610 349
1762620 348
1762630 346
1762640 347
1762650 349
1762660 349
1762670 349
1762680 348
1762690 346
1762700 347
1762710 348
1762720 347
1762730 344
1762740 341
1762750 341
1762760 343
1762770 344
1762780 342
1762790 342
1762800 343
1762810 346
1762820 347
1762830 347
1762840 347
1762850 347
1762860 347
1762870 346
1762880 346
1762890 346
1762900 346
1762910 346
1762920 346
1762930 345
1762940 345
1762950 345
1762960 345
1762970 345
1762980 345
1762990 345
1763000 344
1763010 343
1763020 342
1763030 341
1763040 341
1763050 343
1763060 344
1763070 344
1763080 344
1763090 344
1763100 344
1763110 344
1763120 344
1763130 344
1763140 343
1763150 343
1763160 343
1763170 343
1763180 343
1763190 343
1763200 342
1763210 342
1763220 342
1763230 342
1763240 342
1763250 342
1763260 342
1763270 341
1763280 341
1763290 341
1763300 341
1763310 341
1763320 341
1763330 341
1763340 341
1763350 340
1763360 340
1763370 340
1763380 340
1763390 339
1763400 339
1763410 339
1763420 338
1763430 337
1763440 336
1763450 336
1763460 335
1763470 335
1763480 334
1763490 333
1763500 333
1763510 333
1763520 332
1763530 332
1763540 332
1763550 332
1763560 332
1763570 334
1763580 335
1763590 337
1763600 338
1763610 338
1763620 338
1763630 338
1763640 338
1763650 338
1763660 338
1763670 338
1763680 338
1763690 337
1763700 337
1763710 337
1763720 337
1763730 337
1763740 336
1763750 336
1763760 336
1763770 336
1763780 335
1763790 335
1763800 335
1763810 334
1763820 334
1763830 334
1763840 334
1763850 333
1763860 333
1763870 333
1763880 333
1763890 333
1763900 332
1763910 332
1763920 332
1763930 331
1763940 331
1763950 331
1763960 330
1763970 330
1763980 330
1763990 330
1764000 330
1764010 330
1764020 330
1764030 330
1764040 329
1764050 329
1764060 329
1764070 329
1764080 328
1764090 328
1764100 328
1764110 328
1764120 327
1764130 327
1764140 327
1764150 325
1764160 325
1764170 324
1764180 324
1764190 323
1764200 323
1764210 323
1764220 323
1764230 323
1764240 322
1764250 322
1764260 322
1764270 322
1764280 322
1764290 322
1764300 321
1764310 321
1764320 321
1764330 321
1764340 321
1764350 322
1764360 322
1764370 322
1764380 322
1764390 322
1764400 322
1764410 322
1764420 322
1764430 321
1764440 321
1764450 321
1764460 321
1764470 321
1764480 321
1764490 321
1764500 321
1764510 321
1764520 321
1764530 321
1764540 320
1764550 320
1764560 320
1764570 320
1764580 320
1764590 320
1764600 320
1764610 319
1764620 319
1764630 319
1764640 319
1764650 319
1764660 319
1764670 319
1764680 318
1764690 318
1764700 318
1764710 318
1764720 318
1764730 318
1764740 317
1764750 317
1764760 317
1764770 317
1764780 316
1764790 316
1764800 316
1764810 316
1764820 315
1764830 315
1764840 316
1764850 316
1764860 316
1764870 317
1764880 318
1764890 318
1764900 319
1764910 320
1764920 320
1764930 320
1764940 320
1764950 319
1764960 319
1764970 319
1764980 319
1764990 319
1765000 319
1765010 319
1765020 318
1765030 317
1765040 317
1765050 316
1765060 315
1765070 315
1765080 314
1765090 314
1765100 314
1765110 315
1765120 315
1765130 315
1765140 316
1765150 318
1765160 318
1765170 317
1765180 315
1765190 314
1765200 315
1765210 317
1765220 319
1765230 320
1765240 320
1765250 320
1765260 320
1765270 320
1765280 320
1765290 319
1765300 318
1765310 318
1765320 318
1765330 317
1765340 316
1765350 316
1765360 316
1765370 316
1765380 316
1765390 315
1765400 313
1765410 311
1765420 311
1765430 311
1765440 311
1765450 310
1765460 309
1765470 309
1765480 309
1765490 309
1765500 309
1765510 309
1765520 310
1765530 310
1765540 311
1765550 310
1765560 310
1765570 310
1765580 310
1765590 310
1765600 311
1765610 312
1765620 313
1765630 313
1765640 314
1765650 314
1765660 314
1765670 314
1765680 314
1765690 315
1765700 315
1765710 316
1765720 316
1765730 316
1765740 316
1765750 316
1765760 316
1765770 316
1765780 316
1765790 315
1765800 315
1765810 314
1765820 313
1765830 312
1765840 311
1765850 310
1765860 308
1765870 306
1765880 306
1765890 306
1765900 306
1765910 306
1765920 306
1765930 305
1765940 305
1765950 304
1765960 304
1765970 304
1765980 304
1765990 303
1766000 303
1766010 303
1766020 302
1766030 302
1766040 302
1766050 301
1766060 301
1766070 301
1766080 300
1766090 300
1766100 300
1766110 300
1766120 300
1766130 300
1766140 300
1766150 300
1766160 300
1766170 299
1766180 299
1766190 298
1766200 298
1766210 298
1766220 298
1766230 298
1766240 298
1766250 298
1766260 298
1766270 297
1766280 297
1766290 297
1766300 297
1766310 297
1766320 297
1766330 297
1766340 297
1766350 297
1766360 297
1766370 296
1766380 296
1766390 296
1766400 296
1766410 296
1766420 295
1766430 295
1766440 295
1766450 295
1766460 295
1766470 295
1766480 295
1766490 295
1766500 295
1766510 294
1766520 295
1766530 295
1766540 294
1766550 294
1766560 294
1766570 294
1766580 294
1766590 294
1766600 294
1766610 294
1766620 294
1766630 294
1766640 294
1766650 294
1766660 294
1766670 294
1766680 294
1766690 294
1766700 294
1766710 294
1766720 294
1766730 294
1766740 294
1766750 294
1766760 294
1766770 294
1766780 295
1766790 295
1766800 296
1766810 297
1766820 298
1766830 299
1766840 301
1766850 304
1766860 307
1766870 310
1766880 311
1766890 313
1766900 315
1766910 317
1766920 317
1766930 318
1766940 318
1766950 319
1766960 319
1766970 320
1766980 320
1766990 321
1767000 321
1767010 322
1767020 323
1767030 322
1767040 322
1767050 321
1767060 321
1767070 320
1767080 319
1767090 319
1767100 318
1767110 316
1767120 316
1767130 315
1767140 315
1767150 316
1767160 316
1767170 317
1767180 319
1767190 320
1767200 321
1767210 321
1767220 322
1767230 323
1767240 323
1767250 323
1767260 322
1767270 321
1767280 321
1767290 321
1767300 323
1767310 325
1767320 327
1767330 329
1767340 331
1767350 332
1767360 333
1767370 334
1767380 335
1767390 336
1767400 337
1767410 338
1767420 338
1767430 339
1767440 340
1767450 340
1767460 341
1767470 341
1767480 342
1767490 342
1767500 343
1767510 343
1767520 343
1767530 344
1767540 344
1767550 344
1767560 344
1767570 344
1767580 344
1767590 344
1767600 344
1767610 344
1767620 343
1767630 343
1767640 343
1767650 343
1767660 343
1767670 343
1767680 343
1767690 343
1767700 342
1767710 342
1767720 342
1767730 342
1767740 341
1767750 341
1767760 341
1767770 341
1767780 341
1767790 340
1767800 340
1767810 340
1767820 339
1767830 339
1767840 338
1767850 338
1767860 338
1767870 337
1767880 337
1767890 336
1767900 334
1767910 332
1767920 330
1767930 328
1767940 326
1767950 328
1767960 330
1767970 332
1767980 333
1767990 333
1768000 332
1768010 332
1768020 332
1768030 331
1768040 331
1768050 331
1768060 331
1768070 330
1768080 330
1768090 330
1768100 329
1768110 328
1768120 326
1768130 325
1768140 325
1768150 328
1768160 327
1768170 326
1768180 325
1768190 323
1768200 324
1768210 326
1768220 326
1768230 326
1768240 326
1768250 325
1768260 325
1768270 325
1768280 325
1768290 325
1768300 325
1768310 325
1768320 324
1768330 324
1768340 324
1768350 324
1768360 322
1768370 323
1768380 323
1768390 323
1768400 322
1768410 322
1768420 323
1768430 324
1768440 324
1768450 324
1768460 323
1768470 322
1768480 321
1768490 322
1768500 324
1768510 324
1768520 324
1768530 325
1768540 325
1768550 325
1768560 326
1768570 326
1768580 326
1768590 326
1768600 327
1768610 327
1768620 327
1768630 327
1768640 327
1768650 327
1768660 327
1768670 327
1768680 327
1768690 327
1768700 327
1768710 327
1768720 327
1768730 327
1768740 327
1768750 327
1768760 327
1768770 327
1768780 327
1768790 327
1768800 327
1768810 326
1768820 326
1768830 326
1768840 326
1768850 325
1768860 325
1768870 325
1768880 325
1768890 325
1768900 325
1768910 325
1768920 325
1768930 325
1768940 325
1768950 325
1768960 324
1768970 324
1768980 324
1768990 324
1769000 324
1769010 323
1769020 323
1769030 323
1769040 323
1769050 323
1769060 323
1769070 322
1769080 322
1769090 322
1769100 322
1769110 322
1769120 321
1769130 321
1769140 321
1769150 320
1769160 320
1769170 320
1769180 320
1769190 320
1769200 320
1769210 319
1769220 319
1769230 318
1769240 318
1769250 318
1769260 318
1769270 318
1769280 317
1769290 317
1769300 317
1769310 317
1769320 317
1769330 316
1769340 316
1769350 316
1769360 316
1769370 315
1769380 315
1769390 315
1769400 315
1769410 315
1769420 314
1769430 314
1769440 314
1769450 314
1769460 314
1769470 313
1769480 313
1769490 313
1769500 313
1769510 313
1769520 313
1769530 312
1769540 312
1769550 312
1769560 312
1769570 311
1769580 311
1769590 311
1769600 311
1769610 310
1769620 310
1769630 310
1769640 310
1769650 309
1769660 309
1769670 309
1769680 309
1769690 308
1769700 308
1769710 308
1769720 308
1769730 308
1769740 307
1769750 307
1769760 307
1769770 307
1769780 306
1769790 306
1769800 305
1769810 305
1769820 305
1769830 304
1769840 304
1769850 304
1769860 303
1769870 303
1769880 303
1769890 302
1769900 302
1769910 302
1769920 301
1769930 301
1769940 301
1769950 300
1769960 300
1769970 300
1769980 299
1769990 299
1770000 298
1770010 298
1770020 298
1770030 297
1770040 297
1770050 297
1770060 297
1770070 296
1770080 296
1770090 295
1770100 295
1770110 295
1770120 294
1770130 294
1770140 294
1770150 294
1770160 293
1770170 293
1770180 293
1770190 292
1770200 292
1770210 292
1770220 291
1770230 291
1770240 291
1770250 291
1770260 290
1770270 290
1770280 290
1770290 289
1770300 289
1770310 289
1770320 288
1770330 288
1770340 288
1770350 287
1770360 287
1770370 287
1770380 287
1770390 286
1770400 286
1770410 286
1770420 285
1770430 285
1770440 285
1770450 284
1770460 284
1770470 284
1770480 284
1770490 283
1770500 283
1770510 283
1770520 283
1770530 282
1770540 282
1770550 282
1770560 282
1770570 282
1770580 281
1770590 281
1770600 280
1770610 279
1770620 279
1770630 280
1770640 280
1770650 280
1770660 279
1770670 279
1770680 279
1770690 279
1770700 279
1770710 278
1770720 278
1770730 278
1770740 278
1770750 277
1770760 277
1770770 277
1770780 277
1770790 277
1770800 276
1770810 276
1770820 276
1770830 276
1770840 276
1770850 276
1770860 275
1770870 275
1770880 275
1770890 275
1770900 275
1770910 274
1770920 274
1770930 274
1770940 274
1770950 274
1770960 274
1770970 274
1770980 273
1770990 273
1771000 273
1771010 273
1771020 273
1771030 273
1771040 273
1771050 272
1771060 272
1771070 272
1771080 272
1771090 272
1771100 272
1771110 272
1771120 271
1771130 271
1771140 271
1771150 271
1771160 271
1771170 271
1771180 270
1771190 270
1771200 270
1771210 270
1771220 270
1771230 270
1771240 270
1771250 269
1771260 269
1771270 269
1771280 269
1771290 269
1771300 269
1771310 268
1771320 268
1771330 268
1771340 268
1771350 268
1771360 268
1771370 268
1771380 267
1771390 267
1771400 267
1771410 267
1771420 267
1771430 266
1771440 266
1771450 266
1771460 266
1771470 265
1771480 265
1771490 265
1771500 265
1771510 264
1771520 264
1771530 264
1771540 263
1771550 263
1771560 263
1771570 263
1771580 263
1771590 263
1771600 263
1771610 263
1771620 263
1771630 263
1771640 262
1771650 262
1771660 262
1771670 262
1771680 262
1771690 262
1771700 262
1771710 262
1771720 261
1771730 261
1771740 260
1771750 260
1771760 260
1771770 259
1771780 259
1771790 258
1771800 258
1771810 258
1771820 257
1771830 257
1771840 257
1771850 256
1771860 256
1771870 256
1771880 256
1771890 255
1771900 255
1771910 255
1771920 255
1771930 255
1771940 255
1771950 254
1771960 254
1771970 254
1771980 254
1771990 254
1772000 254
1772010 254
1772020 254
1772030 254
1772040 254
1772050 254
1772060 254
1772070 254
1772080 254
1772090 254
1772100 254
1772110 254
1772120 254
1772130 254
1772140 254
1772150 254
1772160 253
1772170 253
1772180 253
1772190 253
1772200 253
1772210 253
1772220 253
1772230 253
1772240 253
1772250 253
1772260 252
1772270 252
1772280 252
1772290 252
1772300 252
1772310 252
1772320 252
1772330 252
1772340 252
1772350 251
1772360 251
1772370 251
1772380 251
1772390 251
1772400 251
1772410 251
1772420 251
1772430 251
1772440 251
1772450 251
1772460 251
1772470 251
1772480 251
1772490 251
1772500 251
1772510 251
1772520 251
1772530 252
1772540 252
1772550 252
1772560 253
1772570 253
1772580 254
1772590 254
1772600 255
1772610 256
1772620 256
1772630 257
1772640 257
1772650 257
1772660 258
1772670 258
1772680 258
1772690 259
1772700 259
1772710 259
1772720 259
1772730 259
1772740 259
1772750 259
1772760 260
1772770 260
1772780 260
1772790 260
1772800 260
1772810 259
1772820 257
1772830 257
1772840 257
1772850 258
1772860 259
1772870 259
1772880 259
1772890 260
1772900 260
1772910 261
1772920 261
1772930 261
1772940 262
1772950 262
1772960 263
1772970 263
1772980 263
1772990 264
1773000 264
1773010 264
1773020 264
1773030 264
1773040 264
1773050 265
1773060 265
1773070 265
1773080 265
1773090 265
1773100 265
1773110 265
1773120 264
1773130 264
1773140 264
1773150 264
1773160 264
1773170 264
1773180 264
1773190 264
1773200 264
1773210 264
1773220 263
1773230 263
1773240 263
1773250 263
1773260 262
1773270 262
1773280 262
1773290 262
1773300 262
1773310 261
1773320 261
1773330 261
1773340 261
1773350 260
1773360 260
1773370 260
1773380 260
1773390 259
1773400 259
1773410 259
1773420 259
1773430 258
1773440 258
1773450 258
1773460 258
1773470 258
1773480 257
1773490 257
1773500 257
1773510 257
1773520 256
1773530 256
1773540 256
1773550 256
1773560 256
1773570 255
1773580 255
1773590 255
1773600 255
1773610 254
1773620 254
1773630 254
1773640 253
1773650 253
1773660 253
1773670 253
1773680 252
1773690 252
1773700 252
1773710 252
1773720 251
1773730 251
1773740 251
1773750 251
1773760 250
1773770 250
1773780 250
1773790 250
1773800 249
1773810 249
1773820 249
1773830 248
1773840 248
1773850 248
1773860 248
1773870 247
1773880 247
1773890 247
1773900 246
1773910 246
1773920 245
1773930 245
1773940 245
1773950 244
1773960 244
1773970 244
1773980 243
1773990 243
1774000 243
1774010 242
1774020 242
1774030 242
1774040 241
1774050 241
1774060 241
1774070 241
1774080 240
1774090 240
1774100 240
1774110 239
1774120 239
1774130 239
1774140 238
1774150 238
1774160 238
1774170 238
1774180 237
1774190 238
1774200 239
1774210 239
1774220 236
1774230 234
1774240 233
1774250 235
1774260 236
1774270 236
1774280 236
1774290 235
1774300 235
1774310 235
1774320 235
1774330 235
1774340 235
1774350 235
1774360 235
1774370 235
1774380 234
1774390 234
1774400 234
1774410 234
1774420 234
1774430 234
1774440 233
1774450 233
1774460 233
1774470 233
1774480 233
1774490 233
1774500 232
1774510 232
1774520 232
1774530 232
1774540 231
1774550 231
1774560 230
1774570 230
1774580 229
1774590 228
1774600 227
1774610 227
1774620 226
1774630 226
1774640 226
1774650 225
1774660 224
1774670 224
1774680 223
1774690 222
1774700 222
1774710 222
1774720 222
1774730 222
1774740 221
1774750 221
1774760 221
1774770 221
1774780 221
1774790 221
1774800 221
1774810 221
1774820 221
1774830 221
1774840 221
1774850 222
1774860 222
1774870 223
1774880 224
1774890 223
1774900 222
1774910 221
1774920 221
1774930 221
1774940 221
1774950 221
1774960 221
1774970 221
1774980 222
1774990 222
1775000 222
1775010 222
1775020 222
1775030 221
1775040 221
1775050 221
1775060 221
1775070 222
1775080 222
1775090 221
1775100 221
1775110 221
1775120 221
1775130 220
1775140 220
1775150 220
1775160 220
1775170 220
1775180 220
1775190 220
1775200 220
1775210 220
1775220 220
1775230 219
1775240 219
1775250 219
1775260 219
1775270 219
1775280 219
1775290 219
1775300 219
1775310 219
1775320 219
1775330 219
1775340 219
1775350 219
1775360 219
1775370 219
1775380 219
1775390 219
1775400 219
1775410 219
1775420 218
1775430 218
1775440 219
1775450 220
1775460 220
1775470 220
1775480 220
1775490 220
1775500 220
1775510 220
1775520 220
1775530 220
1775540 220
1775550 220
1775560 220
1775570 220
1775580 220
1775590 221
1775600 221
1775610 221
1775620 221
1775630 221
1775640 221
1775650 222
1775660 222
1775670 222
1775680 222
1775690 223
1775700 223
1775710 224
1775720 224
1775730 225
1775740 225
1775750 226
1775760 226
1775770 227
1775780 228
1775790 228
1775800 228
1775810 229
1775820 229
1775830 230
1775840 230
1775850 230
1775860 231
1775870 231
1775880 232
1775890 232
1775900 233
1775910 233
1775920 234
1775930 235
1775940 235
1775950 236
1775960 236
1775970 237
1775980 238
1775990 239
1776000 239
1776010 240
1776020 241
1776030 242
1776040 242
1776050 243
1776060 243
1776070 244
1776080 244
1776090 245
1776100 246
1776110 247
1776120 247
1776130 248
1776140 249
1776150 250
1776160 251
1776170 251
1776180 252
1776190 253
1776200 254
1776210 254
1776220 255
1776230 255
1776240 256
1776250 256
1776260 257
1776270 258
1776280 258
1776290 259
1776300 259
1776310 260
1776320 260
1776330 261
1776340 261
1776350 262
1776360 262
1776370 263
1776380 263
1776390 264
1776400 264
1776410 265
1776420 265
1776430 265
1776440 266
1776450 266
1776460 266
1776470 267
1776480 267
1776490 268
1776500 268
1776510 269
1776520 269
1776530 270
1776540 270
1776550 271
1776560 271
1776570 271
1776580 272
1776590 272
1776600 273
1776610 273
1776620 273
1776630 274
1776640 274
1776650 274
1776660 275
1776670 275
1776680 276
1776690 276
1776700 277
1776710 277
1776720 277
1776730 278
1776740 278
1776750 279
1776760 279
1776770 279
1776780 280
1776790 280
1776800 280
1776810 280
1776820 281
1776830 281
1776840 281
1776850 281
1776860 281
1776870 282
1776880 282
1776890 282
1776900 282
1776910 282
1776920 282
1776930 283
1776940 283
1776950 283
1776960 283
1776970 283
1776980 283
1776990 283
1777000 283
1777010 283
1777020 283
1777030 283
1777040 283
1777050 283
1777060 283
1777070 283
1777080 283
1777090 283
1777100 283
1777110 284
1777120 284
1777130 284
1777140 284
1777150 284
1777160 284
1777170 284
1777180 284
1777190 283
1777200 283
1777210 283
1777220 283
1777230 282
1777240 282
1777250 281
1777260 281
1777270 280
1777280 280
1777290 279
1777300 277
1777310 275
1777320 273
1777330 272
1777340 272
1777350 271
1777360 268
1777370 267
1777380 266
1777390 266
1777400 266
1777410 267
1777420 269
1777430 270
1777440 271
1777450 273
1777460 276
1777470 279
1777480 280
1777490 280
1777500 280
1777510 279
1777520 277
1777530 274
1777540 273
1777550 272
1777560 271
1777570 269
1777580 269
1777590 270
1777600 272
1777610 276
1777620 280
1777630 283
1777640 285
1777650 286
1777660 289
1777670 291
1777680 292
1777690 295
1777700 297
1777710 299
1777720 300
1777730 301
1777740 302
1777750 303
1777760 303
1777770 303
1777780 303
1777790 303
1777800 303
1777810 303
1777820 303
1777830 303
1777840 303
1777850 302
1777860 302
1777870 303
1777880 303
1777890 303
1777900 304
1777910 304
1777920 305
1777930 306
1777940 307
1777950 308
1777960 309
1777970 311
1777980 312
1777990 312
1778000 313
1778010 313
1778020 314
1778030 314
1778040 315
1778050 315
1778060 316
1778070 316
1778080 316
1778090 315
1778100 315
1778110 315
1778120 316
1778130 317
1778140 317
1778150 318
1778160 318
1778170 319
1778180 319
1778190 320
1778200 320
1778210 321
1778220 321
1778230 321
1778240 321
1778250 320
1778260 320
1778270 320
1778280 320
1778290 319
1778300 318
1778310 315
1778320 314
1778330 312
1778340 312
1778350 311
1778360 311
1778370 311
1778380 311
1778390 311
1778400 312
1778410 313
1778420 313
1778430 314
1778440 316
1778450 318
1778460 319
1778470 320
1778480 320
1778490 320
1778500 320
1778510 321
1778520 321
1778530 322
1778540 323
1778550 323
1778560 323
1778570 322
1778580 320
1778590 318
1778600 316
1778610 314
1778620 313
1778630 312
1778640 312
1778650 311
1778660 310
1778670 310
1778680 310
1778690 310
1778700 310
1778710 310
1778720 310
1778730 310
1778740 310
1778750 310
1778760 311
1778770 312
1778780 312
1778790 313
1778800 314
1778810 316
1778820 318
1778830 320
1778840 323
1778850 326
1778860 329
1778870 331
1778880 334
1778890 337
1778900 339
1778910 340
1778920 341
1778930 341
1778940 342
1778950 342
1778960 343
1778970 342
1778980 342
1778990 342
1779000 342
1779010 341
1779020 341
1779030 341
1779040 340
1779050 340
1779060 340
1779070 339
1779080 339
1779090 338
1779100 337
1779110 337
1779120 336
1779130 335
1779140 334
1779150 332
1779160 329
1779170 325
1779180 324
1779190 322
1779200 321
1779210 321
1779220 321
1779230 322
1779240 325
1779250 327
1779260 327
1779270 326
1779280 326
1779290 327
1779300 327
1779310 326
1779320 326
1779330 325
1779340 325
1779350 325
1779360 326
1779370 326
1779380 326
1779390 325
1779400 325
1779410 325
1779420 325
1779430 325
1779440 325
1779450 325
1779460 325
1779470 325
1779480 325
1779490 325
1779500 324
1779510 324
1779520 324
1779530 323
1779540 322
1779550 321
1779560 320
1779570 319
1779580 317
1779590 315
1779600 314
1779610 312
1779620 311
1779630 309
1779640 308
1779650 307
1779660 306
1779670 305
1779680 304
1779690 303
1779700 302
1779710 301
1779720 300
1779730 300
1779740 299
1779750 298
1779760 297
1779770 297
1779780 296
1779790 295
1779800 294
1779810 293
1779820 292
1779830 291
1779840 290
1779850 289
1779860 288
1779870 286
1779880 286
1779890 285
1779900 285
1779910 285
1779920 285
1779930 285
1779940 285
1779950 285
1779960 284
1779970 284
1779980 284
1779990 284
