1760000 383
1760010 383
1760020 383
1760030 383
1760040 384
1760050 384
1760060 384
1760070 384
1760080 384
1760090 384
1760100 384
1760110 384
1760120 384
1760130 385
1760140 385
1760150 385
1760160 385
1760170 385
1760180 385
1760190 385
1760200 385
1760210 385
1760220 385
1760230 385
1760240 385
1760250 385
1760260 385
1760270 385
1760280 385
1760290 385
1760300 385
1760310 385
1760320 385
1760330 385
1760340 385
1760350 385
1760360 385
1760370 386
1760380 386
1760390 386
1760400 386
1760410 386
1760420 386
1760430 386
1760440 386
1760450 386
1760460 386
1760470 386
1760480 386
1760490 386
1760500 386
1760510 386
1760520 386
1760530 386
1760540 386
1760550 386
1760560 386
1760570 386
1760580 386
1760590 386
1760600 386
1760610 386
1760620 386
1760630 386
1760640 386
1760650 386
1760660 386
1760670 386
1760680 386
1760690 386
1760700 386
1760710 386
1760720 386
1760730 386
1760740 386
1760750 385
1760760 385
1760770 385
1760780 385
1760790 385
1760800 385
1760810 385
1760820 385
1760830 384
1760840 384
1760850 384
1760860 384
1760870 384
1760880 383
1760890 383
1760900 383
1760910 383
1760920 383
1760930 382
1760940 382
1760950 382
1760960 382
1760970 382
1760980 381
1760990 381
1761000 381
1761010 381
1761020 380
1761030 380
1761040 380
1761050 380
1761060 380
1761070 379
1761080 379
1761090 379
1761100 379
1761110 378
1761120 378
1761130 378
1761140 377
1761150 377
1761160 376
1761170 376
1761180 376
1761190 375
1761200 375
1761210 375
1761220 374
1761230 374
1761240 374
1761250 373
1761260 373
1761270 373
1761280 372
1761290 372
1761300 372
1761310 372
1761320 371
1761330 371
1761340 371
1761350 370
1761360 370
1761370 370
1761380 370
1761390 369
1761400 369
1761410 369
1761420 369
1761430 368
1761440 368
1761450 368
1761460 367
1761470 367
1761480 367
1761490 367
1761500 366
1761510 366
1761520 365
1761530 365
1761540 365
1761550 365
1761560 364
1761570 364
1761580 364
1761590 363
1761600 363
1761610 363
1761620 362
1761630 362
1761640 362
1761650 361
1761660 361
1761670 361
1761680 361
1761690 361
1761700 360
1761710 360
1761720 360
1761730 360
1761740 359
1761750 359
1761760 359
1761770 359
1761780 358
1761790 358
1761800 358
1761810 358
1761820 358
1761830 357
1761840 357
1761850 357
1761860 357
1761870 356
1761880 356
1761890 356
1761900 356
1761910 355
1761920 355
1761930 355
1761940 354
1761950 354
1761960 354
1761970 354
1761980 353
1761990 353
1762000 353
1762010 352
1762020 352
1762030 352
1762040 351
1762050 348
1762060 349
1762070 349
1762080 351
1762090 351
1762100 350
1762110 350
1762120 350
1762130 349
1762140 349
1762150 348
1762160 348
1762170 348
1762180 348
1762190 347
1762200 346
1762210 346
1762220 345
1762230 345
1762240 345
1762250 345
1762260 344
1762270 344
1762280 344
1762290 344
1762300 344
1762310 343
1762320 343
1762330 341
1762340 340
1762350 339
1762360 338
1762370 338
1762380 338
1762390 338
1762400 338
1762410 338
1762420 338
1762430 338
1762440 337
1762450 337
1762460 337
1762470 337
1762480 337
1762490 337
1762500 337
1762510 337
1762520 337
1762530 338
1762540 338
1762550 339
1762560 339
1762570 340
1762580 340
1762590 340
1762600 339
1762610 339
1762620 340
1762630 340
1762640 340
1762650 340
1762660 340
1762670 340
1762680 340
1762690 340
1762700 340
1762710 341
1762720 341
1762730 341
1762740 340
1762750 340
1762760 340
1762770 340
1762780 340
1762790 340
1762800 340
1762810 340
1762820 339
1762830 339
1762840 338
1762850 338
1762860 337
1762870 337
1762880 337
1762890 335
1762900 334
1762910 332
1762920 332
1762930 332
1762940 332
1762950 332
1762960 332
1762970 332
1762980 333
1762990 334
1763000 336
1763010 336
1763020 337
1763030 337
1763040 337
1763050 337
1763060 336
1763070 335
1763080 334
1763090 333
1763100 332
1763110 332
1763120 332
1763130 333
1763140 333
1763150 334
1763160 334
1763170 334
1763180 334
1763190 334
1763200 334
1763210 334
1763220 334
1763230 334
1763240 333
1763250 333
1763260 333
1763270 333
1763280 332
1763290 332
1763300 332
1763310 331
1763320 331
1763330 330
1763340 329
1763350 328
1763360 328
1763370 327
1763380 327
1763390 327
1763400 328
1763410 328
1763420 329
1763430 329
1763440 329
1763450 329
1763460 329
1763470 329
1763480 329
1763490 329
1763500 329
1763510 329
1763520 329
1763530 329
1763540 329
1763550 329
1763560 328
1763570 328
1763580 328
1763590 328
1763600 328
1763610 328
1763620 328
1763630 327
1763640 327
1763650 327
1763660 327
1763670 327
1763680 327
1763690 327
1763700 327
1763710 327
1763720 327
1763730 327
1763740 327
1763750 327
1763760 327
1763770 327
1763780 326
1763790 326
1763800 326
1763810 326
1763820 325
1763830 325
1763840 325
1763850 325
1763860 325
1763870 325
1763880 324
1763890 324
1763900 324
1763910 324
1763920 324
1763930 324
1763940 324
1763950 323
1763960 323
1763970 323
1763980 323
1763990 323
1764000 323
1764010 323
1764020 322
1764030 322
1764040 322
1764050 321
1764060 321
1764070 321
1764080 321
1764090 320
1764100 320
1764110 320
1764120 320
1764130 320
1764140 319
1764150 319
1764160 319
1764170 319
1764180 319
1764190 319
1764200 319
1764210 318
1764220 318
1764230 318
1764240 318
1764250 318
1764260 318
1764270 318
1764280 318
1764290 318
1764300 317
1764310 317
1764320 317
1764330 317
1764340 317
1764350 317
1764360 317
1764370 316
1764380 316
1764390 316
1764400 316
1764410 316
1764420 316
1764430 316
1764440 316
1764450 316
1764460 316
1764470 316
1764480 316
1764490 316
1764500 316
1764510 315
1764520 315
1764530 315
1764540 315
1764550 315
1764560 316
1764570 316
1764580 316
1764590 316
1764600 316
1764610 316
1764620 316
1764630 316
1764640 316
1764650 316
1764660 316
1764670 316
1764680 316
1764690 316
1764700 316
1764710 316
1764720 316
1764730 316
1764740 315
1764750 315
1764760 315
1764770 315
1764780 315
1764790 315
1764800 315
1764810 315
1764820 315
1764830 315
1764840 314
1764850 314
1764860 314
1764870 314
1764880 314
1764890 314
1764900 314
1764910 314
1764920 315
1764930 315
1764940 314
1764950 314
1764960 314
1764970 314
1764980 314
1764990 314
1765000 314
1765010 314
1765020 314
1765030 313
1765040 313
1765050 311
1765060 311
1765070 311
1765080 311
1765090 311
1765100 310
1765110 310
1765120 310
1765130 310
1765140 311
1765150 311
1765160 311
1765170 311
1765180 311
1765190 310
1765200 310
1765210 310
1765220 309
1765230 309
1765240 309
1765250 309
1765260 308
1765270 308
1765280 308
1765290 309
1765300 309
1765310 309
1765320 309
1765330 309
1765340 309
1765350 308
1765360 309
1765370 309
1765380 309
1765390 308
1765400 308
1765410 308
1765420 308
1765430 308
1765440 308
1765450 307
1765460 307
1765470 307
1765480 307
1765490 307
1765500 307
1765510 308
1765520 308
1765530 307
1765540 307
1765550 307
1765560 307
1765570 307
1765580 307
1765590 307
1765600 307
1765610 307
1765620 308
1765630 308
1765640 307
1765650 307
1765660 307
1765670 307
1765680 307
1765690 306
1765700 306
1765710 306
1765720 305
1765730 305
1765740 306
1765750 306
1765760 306
1765770 306
1765780 306
1765790 306
1765800 306
1765810 306
1765820 307
1765830 307
1765840 306
1765850 306
1765860 306
1765870 306
1765880 306
1765890 306
1765900 306
1765910 306
1765920 305
1765930 305
1765940 305
1765950 305
1765960 305
1765970 305
1765980 305
1765990 305
1766000 305
1766010 304
1766020 304
1766030 304
1766040 304
1766050 304
1766060 304
1766070 304
1766080 303
1766090 303
1766100 303
1766110 303
1766120 303
1766130 303
1766140 302
1766150 302
1766160 302
1766170 302
1766180 302
1766190 301
1766200 301
1766210 301
1766220 301
1766230 301
1766240 300
1766250 300
1766260 300
1766270 300
1766280 300
1766290 300
1766300 299
1766310 299
1766320 299
1766330 298
1766340 298
1766350 298
1766360 297
1766370 297
1766380 297
1766390 297
1766400 297
1766410 297
1766420 296
1766430 296
1766440 296
1766450 296
1766460 295
1766470 295
1766480 295
1766490 294
1766500 294
1766510 294
1766520 293
1766530 293
1766540 293
1766550 292
1766560 292
1766570 292
1766580 292
1766590 291
1766600 291
1766610 291
1766620 291
1766630 291
1766640 291
1766650 291
1766660 291
1766670 291
1766680 291
1766690 292
1766700 291
1766710 291
1766720 291
1766730 291
1766740 291
1766750 291
1766760 291
1766770 291
1766780 292
1766790 292
1766800 292
1766810 293
1766820 294
1766830 295
1766840 298
1766850 300
1766860 302
1766870 302
1766880 303
1766890 304
1766900 306
1766910 308
1766920 309
1766930 310
1766940 310
1766950 310
1766960 311
1766970 312
1766980 313
1766990 313
1767000 313
1767010 313
1767020 315
1767030 318
1767040 324
1767050 326
1767060 327
1767070 327
1767080 328
1767090 329
1767100 329
1767110 328
1767120 328
1767130 328
1767140 327
1767150 327
1767160 326
1767170 325
1767180 325
1767190 325
1767200 324
1767210 323
1767220 321
1767230 320
1767240 319
1767250 319
1767260 318
1767270 317
1767280 315
1767290 315
1767300 314
1767310 313
1767320 313
1767330 312
1767340 311
1767350 311
1767360 310
1767370 310
1767380 310
1767390 309
1767400 310
1767410 310
1767420 310
1767430 311
1767440 311
1767450 311
1767460 312
1767470 312
1767480 313
1767490 313
1767500 313
1767510 314
1767520 314
1767530 315
1767540 315
1767550 317
1767560 318
1767570 319
1767580 320
1767590 320
1767600 321
1767610 321
1767620 321
1767630 321
1767640 320
1767650 320
1767660 320
1767670 320
1767680 320
1767690 320
1767700 319
1767710 319
1767720 319
1767730 319
1767740 319
1767750 319
1767760 319
1767770 319
1767780 318
1767790 318
1767800 318
1767810 318
1767820 317
1767830 316
1767840 317
1767850 317
1767860 317
1767870 317
1767880 317
1767890 317
1767900 317
1767910 316
1767920 314
1767930 313
1767940 313
1767950 312
1767960 311
1767970 311
1767980 313
1767990 316
1768000 318
1768010 319
1768020 317
1768030 315
1768040 313
1768050 314
1768060 313
1768070 313
1768080 314
1768090 314
1768100 314
1768110 315
1768120 314
1768130 313
1768140 311
1768150 313
1768160 315
1768170 315
1768180 314
1768190 313
1768200 313
1768210 314
1768220 315
1768230 315
1768240 315
1768250 314
1768260 314
1768270 314
1768280 314
1768290 314
1768300 314
1768310 314
1768320 314
1768330 314
1768340 314
1768350 314
1768360 313
1768370 313
1768380 312
1768390 311
1768400 310
1768410 312
1768420 313
1768430 313
1768440 313
1768450 312
1768460 312
1768470 313
1768480 314
1768490 314
1768500 314
1768510 314
1768520 314
1768530 314
1768540 314
1768550 314
1768560 314
1768570 314
1768580 314
1768590 314
1768600 314
1768610 314
1768620 314
1768630 314
1768640 314
1768650 314
1768660 313
1768670 313
1768680 313
1768690 313
1768700 313
1768710 313
1768720 312
1768730 312
1768740 312
1768750 312
1768760 312
1768770 311
1768780 311
1768790 311
1768800 311
1768810 310
1768820 310
1768830 310
1768840 310
1768850 309
1768860 310
1768870 310
1768880 311
1768890 311
1768900 311
1768910 311
1768920 311
1768930 310
1768940 310
1768950 310
1768960 310
1768970 310
1768980 310
1768990 310
1769000 310
1769010 310
1769020 310
1769030 310
1769040 310
1769050 310
1769060 310
1769070 310
1769080 310
1769090 310
1769100 309
1769110 309
1769120 309
1769130 309
1769140 309
1769150 309
1769160 309
1769170 309
1769180 308
1769190 308
1769200 308
1769210 308
1769220 308
1769230 307
1769240 307
1769250 307
1769260 306
1769270 306
1769280 306
1769290 305
1769300 305
1769310 305
1769320 305
1769330 305
1769340 305
1769350 304
1769360 304
1769370 304
1769380 304
1769390 304
1769400 304
1769410 303
1769420 303
1769430 303
1769440 303
1769450 303
1769460 303
1769470 303
1769480 303
1769490 303
1769500 303
1769510 303
1769520 303
1769530 303
1769540 303
1769550 303
1769560 303
1769570 303
1769580 303
1769590 302
1769600 302
1769610 302
1769620 302
1769630 302
1769640 302
1769650 302
1769660 302
1769670 302
1769680 302
1769690 302
1769700 301
1769710 301
1769720 301
1769730 301
1769740 301
1769750 301
1769760 301
1769770 301
1769780 300
1769790 300
1769800 300
1769810 299
1769820 299
1769830 298
1769840 297
1769850 296
1769860 296
1769870 296
1769880 295
1769890 295
1769900 294
1769910 294
1769920 293
1769930 293
1769940 293
1769950 293
1769960 292
1769970 292
1769980 292
1769990 292
1770000 292
1770010 291
1770020 291
1770030 291
1770040 290
1770050 290
1770060 290
1770070 289
1770080 289
1770090 289
1770100 288
1770110 288
1770120 288
1770130 288
1770140 287
1770150 287
1770160 287
1770170 286
1770180 286
1770190 286
1770200 286
1770210 286
1770220 285
1770230 285
1770240 285
1770250 285
1770260 285
1770270 285
1770280 284
1770290 284
1770300 284
1770310 284
1770320 284
1770330 284
1770340 284
1770350 283
1770360 283
1770370 283
1770380 283
1770390 283
1770400 283
1770410 282
1770420 282
1770430 282
1770440 282
1770450 282
1770460 282
1770470 282
1770480 282
1770490 281
1770500 281
1770510 281
1770520 281
1770530 281
1770540 281
1770550 281
1770560 280
1770570 280
1770580 280
1770590 280
1770600 280
1770610 280
1770620 280
1770630 279
1770640 279
1770650 279
1770660 279
1770670 279
1770680 279
1770690 278
1770700 278
1770710 278
1770720 278
1770730 278
1770740 278
1770750 277
1770760 277
1770770 277
1770780 277
1770790 277
1770800 277
1770810 277
1770820 276
1770830 276
1770840 276
1770850 276
1770860 276
1770870 276
1770880 275
1770890 275
1770900 275
1770910 275
1770920 275
1770930 275
1770940 275
1770950 275
1770960 274
1770970 274
1770980 274
1770990 274
1771000 274
1771010 274
1771020 274
1771030 273
1771040 273
1771050 273
1771060 273
1771070 273
1771080 273
1771090 272
1771100 272
1771110 272
1771120 272
1771130 272
1771140 272
1771150 272
1771160 271
1771170 271
1771180 271
1771190 271
1771200 271
1771210 271
1771220 271
1771230 271
1771240 270
1771250 270
1771260 270
1771270 270
1771280 270
1771290 270
1771300 270
1771310 270
1771320 269
1771330 269
1771340 269
1771350 269
1771360 269
1771370 269
1771380 269
1771390 269
1771400 269
1771410 269
1771420 268
1771430 268
1771440 268
1771450 268
1771460 268
1771470 268
1771480 268
1771490 267
1771500 267
1771510 267
1771520 267
1771530 267
1771540 267
1771550 267
1771560 266
1771570 266
1771580 266
1771590 266
1771600 266
1771610 266
1771620 265
1771630 265
1771640 265
1771650 265
1771660 265
1771670 265
1771680 265
1771690 264
1771700 264
1771710 264
1771720 264
1771730 263
1771740 263
1771750 263
1771760 263
1771770 263
1771780 263
1771790 263
1771800 262
1771810 262
1771820 262
1771830 262
1771840 261
1771850 261
1771860 261
1771870 261
1771880 261
1771890 260
1771900 260
1771910 260
1771920 260
1771930 260
1771940 260
1771950 259
1771960 259
1771970 259
1771980 259
1771990 259
1772000 259
1772010 259
1772020 258
1772030 258
1772040 258
1772050 258
1772060 258
1772070 258
1772080 257
1772090 257
1772100 257
1772110 257
1772120 257
1772130 256
1772140 256
1772150 256
1772160 256
1772170 256
1772180 255
1772190 255
1772200 255
1772210 255
1772220 254
1772230 254
1772240 254
1772250 254
1772260 254
1772270 253
1772280 253
1772290 253
1772300 253
1772310 252
1772320 252
1772330 252
1772340 251
1772350 251
1772360 251
1772370 250
1772380 250
1772390 250
1772400 249
1772410 249
1772420 249
1772430 248
1772440 248
1772450 248
1772460 248
1772470 248
1772480 248
1772490 247
1772500 247
1772510 247
1772520 247
1772530 247
1772540 247
1772550 247
1772560 247
1772570 247
1772580 247
1772590 247
1772600 247
1772610 247
1772620 247
1772630 247
1772640 247
1772650 246
1772660 246
1772670 246
1772680 246
1772690 246
1772700 246
1772710 247
1772720 247
1772730 247
1772740 247
1772750 247
1772760 247
1772770 247
1772780 248
1772790 248
1772800 248
1772810 249
1772820 249
1772830 250
1772840 251
1772850 251
1772860 252
1772870 253
1772880 253
1772890 254
1772900 255
1772910 256
1772920 256
1772930 257
1772940 258
1772950 258
1772960 259
1772970 259
1772980 259
1772990 260
1773000 260
1773010 260
1773020 261
1773030 261
1773040 261
1773050 261
1773060 261
1773070 262
1773080 262
1773090 262
1773100 262
1773110 262
1773120 262
1773130 262
1773140 262
1773150 262
1773160 261
1773170 261
1773180 261
1773190 261
1773200 261
1773210 261
1773220 261
1773230 260
1773240 260
1773250 260
1773260 260
1773270 260
1773280 260
1773290 259
1773300 259
1773310 259
1773320 259
1773330 259
1773340 259
1773350 259
1773360 259
1773370 259
1773380 258
1773390 258
1773400 258
1773410 258
1773420 257
1773430 257
1773440 257
1773450 257
1773460 257
1773470 257
1773480 256
1773490 256
1773500 256
1773510 256
1773520 255
1773530 255
1773540 255
1773550 255
1773560 255
1773570 254
1773580 254
1773590 254
1773600 254
1773610 253
1773620 253
1773630 253
1773640 253
1773650 252
1773660 252
1773670 252
1773680 252
1773690 251
1773700 251
1773710 251
1773720 251
1773730 250
1773740 250
1773750 250
1773760 250
1773770 249
1773780 249
1773790 249
1773800 249
1773810 248
1773820 248
1773830 248
1773840 247
1773850 247
1773860 247
1773870 247
1773880 246
1773890 246
1773900 246
1773910 246
1773920 245
1773930 245
1773940 245
1773950 245
1773960 244
1773970 244
1773980 244
1773990 244
1774000 243
1774010 243
1774020 243
1774030 243
1774040 242
1774050 242
1774060 242
1774070 242
1774080 241
1774090 241
1774100 241
1774110 241
1774120 241
1774130 241
1774140 240
1774150 240
1774160 240
1774170 240
1774180 240
1774190 240
1774200 240
1774210 240
1774220 240
1774230 240
1774240 239
1774250 239
1774260 239
1774270 239
1774280 239
1774290 238
1774300 238
1774310 238
1774320 238
1774330 238
1774340 237
1774350 237
1774360 237
1774370 237
1774380 236
1774390 236
1774400 236
1774410 236
1774420 235
1774430 235
1774440 234
1774450 234
1774460 233
1774470 232
1774480 232
1774490 231
1774500 231
1774510 231
1774520 231
1774530 230
1774540 229
1774550 227
1774560 227
1774570 226
1774580 226
1774590 225
1774600 225
1774610 224
1774620 224
1774630 223
1774640 223
1774650 223
1774660 222
1774670 222
1774680 222
1774690 222
1774700 222
1774710 221
1774720 221
1774730 222
1774740 223
1774750 223
1774760 222
1774770 221
1774780 221
1774790 221
1774800 221
1774810 220
1774820 220
1774830 220
1774840 220
1774850 220
1774860 220
1774870 220
1774880 220
1774890 220
1774900 220
1774910 220
1774920 220
1774930 220
1774940 220
1774950 220
1774960 220
1774970 220
1774980 220
1774990 220
1775000 220
1775010 220
1775020 220
1775030 220
1775040 220
1775050 220
1775060 220
1775070 220
1775080 220
1775090 220
1775100 220
1775110 220
1775120 220
1775130 220
1775140 220
1775150 220
1775160 219
1775170 219
1775180 219
1775190 218
1775200 218
1775210 218
1775220 219
1775230 219
1775240 220
1775250 220
1775260 220
1775270 220
1775280 220
1775290 220
1775300 220
1775310 220
1775320 220
1775330 221
1775340 221
1775350 221
1775360 221
1775370 221
1775380 221
1775390 221
1775400 221
1775410 221
1775420 221
1775430 221
1775440 222
1775450 222
1775460 221
1775470 221
1775480 222
1775490 222
1775500 223
1775510 223
1775520 223
1775530 223
1775540 223
1775550 223
1775560 224
1775570 224
1775580 224
1775590 224
1775600 224
1775610 225
1775620 225
1775630 225
1775640 225
1775650 226
1775660 226
1775670 226
1775680 226
1775690 226
1775700 226
1775710 227
1775720 227
1775730 227
1775740 227
1775750 227
1775760 227
1775770 228
1775780 228
1775790 228
1775800 228
1775810 229
1775820 229
1775830 229
1775840 230
1775850 230
1775860 231
1775870 231
1775880 232
1775890 232
1775900 233
1775910 234
1775920 235
1775930 235
1775940 236
1775950 236
1775960 237
1775970 238
1775980 238
1775990 239
1776000 239
1776010 240
1776020 241
1776030 241
1776040 242
1776050 243
1776060 244
1776070 244
1776080 245
1776090 246
1776100 246
1776110 247
1776120 247
1776130 248
1776140 248
1776150 249
1776160 249
1776170 250
1776180 250
1776190 251
1776200 252
1776210 252
1776220 253
1776230 253
1776240 254
1776250 254
1776260 255
1776270 255
1776280 256
1776290 256
1776300 257
1776310 257
1776320 257
1776330 258
1776340 258
1776350 258
1776360 258
1776370 258
1776380 258
1776390 259
1776400 259
1776410 259
1776420 259
1776430 259
1776440 259
1776450 258
1776460 258
1776470 258
1776480 258
1776490 258
1776500 258
1776510 258
1776520 258
1776530 259
1776540 259
1776550 259
1776560 259
1776570 259
1776580 260
1776590 260
1776600 260
1776610 260
1776620 260
1776630 260
1776640 260
1776650 260
1776660 260
1776670 260
1776680 260
1776690 260
1776700 260
1776710 261
1776720 261
1776730 261
1776740 261
1776750 261
1776760 261
1776770 261
1776780 261
1776790 261
1776800 261
1776810 261
1776820 261
1776830 261
1776840 261
1776850 261
1776860 261
1776870 260
1776880 258
1776890 256
1776900 254
1776910 253
1776920 254
1776930 256
1776940 258
1776950 260
1776960 260
1776970 259
1776980 257
1776990 255
1777000 256
1777010 258
1777020 260
1777030 261
1777040 261
1777050 261
1777060 260
1777070 260
1777080 260
1777090 259
1777100 258
1777110 257
1777120 255
1777130 254
1777140 255
1777150 255
1777160 256
1777170 256
1777180 256
1777190 255
1777200 255
1777210 254
1777220 254
1777230 253
1777240 253
1777250 253
1777260 253
1777270 252
1777280 252
1777290 252
1777300 252
1777310 252
1777320 252
1777330 253
1777340 253
1777350 254
1777360 255
1777370 256
1777380 257
1777390 257
1777400 258
1777410 260
1777420 261
1777430 262
1777440 262
1777450 263
1777460 265
1777470 268
1777480 271
1777490 273
1777500 276
1777510 280
1777520 284
1777530 287
1777540 289
1777550 291
1777560 293
1777570 294
1777580 295
1777590 296
1777600 296
1777610 296
1777620 296
1777630 295
1777640 295
1777650 295
1777660 295
1777670 295
1777680 294
1777690 294
1777700 294
1777710 294
1777720 295
1777730 295
1777740 295
1777750 295
1777760 295
1777770 296
1777780 296
1777790 296
1777800 297
1777810 297
1777820 297
1777830 298
1777840 298
1777850 299
1777860 299
1777870 300
1777880 300
1777890 301
1777900 301
1777910 302
1777920 302
1777930 303
1777940 303
1777950 303
1777960 304
1777970 305
1777980 305
1777990 306
1778000 306
1778010 306
1778020 305
1778030 306
1778040 306
1778050 306
1778060 306
1778070 306
1778080 305
1778090 305
1778100 305
1778110 306
1778120 307
1778130 308
1778140 309
1778150 309
1778160 309
1778170 309
1778180 309
1778190 308
1778200 307
1778210 306
1778220 304
1778230 301
1778240 302
1778250 302
1778260 302
1778270 303
1778280 304
1778290 306
1778300 308
1778310 310
1778320 310
1778330 310
1778340 310
1778350 310
1778360 310
1778370 310
1778380 309
1778390 309
1778400 308
1778410 307
1778420 306
1778430 304
1778440 303
1778450 301
1778460 299
1778470 298
1778480 296
1778490 294
1778500 293
1778510 291
1778520 289
1778530 288
1778540 287
1778550 285
1778560 285
1778570 284
1778580 284
1778590 283
1778600 283
1778610 283
1778620 284
1778630 285
1778640 286
1778650 287
1778660 288
1778670 290
1778680 291
1778690 292
1778700 292
1778710 292
1778720 293
1778730 293
1778740 294
1778750 295
1778760 296
1778770 298
1778780 300
1778790 302
1778800 304
1778810 307
1778820 309
1778830 312
1778840 314
1778850 317
1778860 320
1778870 322
1778880 325
1778890 327
1778900 330
1778910 333
1778920 336
1778930 337
1778940 339
1778950 340
1778960 340
1778970 341
1778980 342
1778990 342
1779000 342
1779010 342
1779020 342
1779030 342
1779040 342
1779050 342
1779060 342
1779070 342
1779080 342
1779090 342
1779100 342
1779110 342
1779120 341
1779130 341
1779140 341
1779150 341
1779160 341
1779170 341
1779180 341
1779190 341
1779200 341
1779210 341
1779220 341
1779230 341
1779240 341
1779250 341
1779260 341
1779270 341
1779280 341
1779290 340
1779300 340
1779310 340
1779320 340
1779330 340
1779340 340
1779350 339
1779360 339
1779370 339
1779380 339
1779390 338
1779400 338
1779410 338
1779420 338
1779430 337
1779440 337
1779450 337
1779460 336
1779470 336
1779480 335
1779490 335
1779500 334
1779510 334
1779520 333
1779530 333
1779540 332
1779550 331
1779560 331
1779570 330
1779580 329
1779590 329
1779600 328
1779610 327
1779620 327
1779630 326
1779640 325
1779650 325
1779660 324
1779670 323
1779680 322
1779690 321
1779700 320
1779710 319
1779720 318
1779730 317
1779740 316
1779750 316
1779760 315
1779770 314
1779780 313
1779790 312
1779800 311
1779810 310
1779820 309
1779830 308
1779840 307
1779850 306
1779860 305
1779870 304
1779880 303
1779890 301
1779900 301
1779910 300
1779920 299
1779930 297
1779940 295
1779950 294
1779960 292
1779970 291
1779980 292
1779990 293
