1760000 386
1760010 386
1760020 386
1760030 386
1760040 385
1760050 385
1760060 385
1760070 385
1760080 385
1760090 385
1760100 385
1760110 385
1760120 384
1760130 384
1760140 384
1760150 384
1760160 384
1760170 384
1760180 384
1760190 384
1760200 384
1760210 384
1760220 384
1760230 384
1760240 383
1760250 383
1760260 383
1760270 383
1760280 383
1760290 382
1760300 382
1760310 382
1760320 382
1760330 382
1760340 381
1760350 381
1760360 381
1760370 381
1760380 380
1760390 380
1760400 380
1760410 380
1760420 379
1760430 379
1760440 379
1760450 378
1760460 378
1760470 378
1760480 377
1760490 377
1760500 377
1760510 377
1760520 376
1760530 376
1760540 375
1760550 375
1760560 375
1760570 374
1760580 374
1760590 373
1760600 373
1760610 372
1760620 370
1760630 369
1760640 370
1760650 370
1760660 372
1760670 372
1760680 372
1760690 372
1760700 372
1760710 372
1760720 372
1760730 372
1760740 372
1760750 371
1760760 371
1760770 371
1760780 371
1760790 371
1760800 371
1760810 370
1760820 370
1760830 370
1760840 369
1760850 368
1760860 369
1760870 369
1760880 369
1760890 369
1760900 368
1760910 368
1760920 368
1760930 368
1760940 367
1760950 366
1760960 364
1760970 363
1760980 361
1760990 361
1761000 361
1761010 361
1761020 362
1761030 362
1761040 362
1761050 363
1761060 363
1761070 362
1761080 361
1761090 361
1761100 362
1761110 363
1761120 362
1761130 362
1761140 362
1761150 362
1761160 361
1761170 361
1761180 361
1761190 361
1761200 361
1761210 361
1761220 361
1761230 360
1761240 360
1761250 360
1761260 360
1761270 359
1761280 359
1761290 359
1761300 359
1761310 359
1761320 359
1761330 358
1761340 358
1761350 358
1761360 358
1761370 358
1761380 357
1761390 357
1761400 357
1761410 357
1761420 357
1761430 357
1761440 357
1761450 356
1761460 356
1761470 356
1761480 356
1761490 356
1761500 356
1761510 355
1761520 355
1761530 355
1761540 355
1761550 354
1761560 354
1761570 354
1761580 353
1761590 353
1761600 352
1761610 351
1761620 351
1761630 350
1761640 349
1761650 349
1761660 348
1761670 348
1761680 347
1761690 347
1761700 347
1761710 347
1761720 347
1761730 348
1761740 349
1761750 349
1761760 349
1761770 349
1761780 349
1761790 350
1761800 350
1761810 351
1761820 351
1761830 351
1761840 350
1761850 350
1761860 351
1761870 352
1761880 353
1761890 353
1761900 354
1761910 354
1761920 354
1761930 354
1761940 355
1761950 355
1761960 355
1761970 355
1761980 356
1761990 356
1762000 356
1762010 356
1762020 357
1762030 357
1762040 357
1762050 357
1762060 357
1762070 358
1762080 358
1762090 358
1762100 359
1762110 359
1762120 359
1762130 359
1762140 360
1762150 360
1762160 360
1762170 360
1762180 360
1762190 360
1762200 360
1762210 360
1762220 360
1762230 360
1762240 360
1762250 360
1762260 360
1762270 360
1762280 360
1762290 360
1762300 360
1762310 360
1762320 360
1762330 360
1762340 360
1762350 360
1762360 360
1762370 360
1762380 360
1762390 359
1762400 359
1762410 359
1762420 359
1762430 359
1762440 359
1762450 358
1762460 358
1762470 358
1762480 358
1762490 357
1762500 357
1762510 357
1762520 357
1762530 356
1762540 356
1762550 356
1762560 356
1762570 356
1762580 355
1762590 355
1762600 355
1762610 354
1762620 354
1762630 354
1762640 353
1762650 353
1762660 353
1762670 352
1762680 352
1762690 352
1762700 351
1762710 351
1762720 350
1762730 350
1762740 350
1762750 350
1762760 349
1762770 349
1762780 349
1762790 349
1762800 348
1762810 348
1762820 348
1762830 347
1762840 347
1762850 347
1762860 346
1762870 346
1762880 346
1762890 346
1762900 345
1762910 345
1762920 345
1762930 345
1762940 344
1762950 344
1762960 344
1762970 343
1762980 343
1762990 343
1763000 343
1763010 342
1763020 342
1763030 342
1763040 342
1763050 341
1763060 341
1763070 340
1763080 340
1763090 340
1763100 339
1763110 339
1763120 339
1763130 339
1763140 339
1763150 338
1763160 338
1763170 338
1763180 338
1763190 338
1763200 338
1763210 337
1763220 337
1763230 338
1763240 338
1763250 339
1763260 339
1763270 339
1763280 339
1763290 339
1763300 338
1763310 338
1763320 338
1763330 338
1763340 338
1763350 338
1763360 338
1763370 337
1763380 337
1763390 337
1763400 337
1763410 337
1763420 337
1763430 337
1763440 336
1763450 336
1763460 336
1763470 336
1763480 336
1763490 336
1763500 336
1763510 336
1763520 336
1763530 335
1763540 335
1763550 335
1763560 335
1763570 335
1763580 335
1763590 335
1763600 335
1763610 334
1763620 334
1763630 334
1763640 334
1763650 334
1763660 334
1763670 333
1763680 333
1763690 333
1763700 333
1763710 333
1763720 333
1763730 333
1763740 332
1763750 332
1763760 332
1763770 332
1763780 332
1763790 332
1763800 332
1763810 332
1763820 332
1763830 332
1763840 332
1763850 332
1763860 331
1763870 331
1763880 331
1763890 330
1763900 330
1763910 330
1763920 330
1763930 330
1763940 330
1763950 329
1763960 329
1763970 329
1763980 329
1763990 329
1764000 329
1764010 328
1764020 328
1764030 328
1764040 328
1764050 328
1764060 327
1764070 327
1764080 327
1764090 327
1764100 326
1764110 326
1764120 326
1764130 326
1764140 326
1764150 325
1764160 325
1764170 325
1764180 325
1764190 324
1764200 324
1764210 324
1764220 324
1764230 323
1764240 323
1764250 323
1764260 323
1764270 322
1764280 322
1764290 321
1764300 321
1764310 321
1764320 320
1764330 320
1764340 319
1764350 319
1764360 319
1764370 318
1764380 318
1764390 318
1764400 317
1764410 317
1764420 317
1764430 316
1764440 317
1764450 317
1764460 318
1764470 318
1764480 318
1764490 317
1764500 317
1764510 317
1764520 317
1764530 317
1764540 317
1764550 316
1764560 316
1764570 316
1764580 316
1764590 316
1764600 316
1764610 316
1764620 315
1764630 315
1764640 315
1764650 315
1764660 315
1764670 314
1764680 314
1764690 314
1764700 314
1764710 314
1764720 313
1764730 313
1764740 313
1764750 313
1764760 313
1764770 313
1764780 312
1764790 312
1764800 312
1764810 312
1764820 312
1764830 312
1764840 311
1764850 311
1764860 311
1764870 311
1764880 311
1764890 310
1764900 310
1764910 310
1764920 310
1764930 310
1764940 310
1764950 310
1764960 310
1764970 309
1764980 309
1764990 309
1765000 309
1765010 309
1765020 309
1765030 308
1765040 308
1765050 308
1765060 307
1765070 307
1765080 307
1765090 307
1765100 307
1765110 307
1765120 307
1765130 307
1765140 307
1765150 307
1765160 307
1765170 307
1765180 306
1765190 306
1765200 306
1765210 306
1765220 306
1765230 306
1765240 306
1765250 306
1765260 306
1765270 306
1765280 306
1765290 305
1765300 305
1765310 305
1765320 305
1765330 305
1765340 305
1765350 305
1765360 304
1765370 304
1765380 304
1765390 304
1765400 304
1765410 304
1765420 304
1765430 304
1765440 303
1765450 303
1765460 303
1765470 302
1765480 302
1765490 302
1765500 302
1765510 301
1765520 301
1765530 301
1765540 301
1765550 301
1765560 301
1765570 301
1765580 301
1765590 300
1765600 300
1765610 300
1765620 300
1765630 299
1765640 299
1765650 299
1765660 299
1765670 299
1765680 298
1765690 298
1765700 298
1765710 298
1765720 298
1765730 298
1765740 298
1765750 298
1765760 297
1765770 297
1765780 297
1765790 297
1765800 296
1765810 296
1765820 296
1765830 296
1765840 296
1765850 296
1765860 296
1765870 296
1765880 296
1765890 296
1765900 296
1765910 296
1765920 296
1765930 296
1765940 296
1765950 295
1765960 295
1765970 295
1765980 295
1765990 295
1766000 295
1766010 295
1766020 294
1766030 294
1766040 294
1766050 294
1766060 294
1766070 293
1766080 293
1766090 293
1766100 293
1766110 293
1766120 292
1766130 292
1766140 292
1766150 292
1766160 291
1766170 291
1766180 291
1766190 291
1766200 291
1766210 290
1766220 290
1766230 290
1766240 290
1766250 290
1766260 290
1766270 289
1766280 289
1766290 289
1766300 289
1766310 288
1766320 288
1766330 287
1766340 287
1766350 287
1766360 286
1766370 286
1766380 286
1766390 286
1766400 286
1766410 285
1766420 285
1766430 285
1766440 285
1766450 284
1766460 285
1766470 286
1766480 287
1766490 288
1766500 289
1766510 290
1766520 291
1766530 293
1766540 295
1766550 297
1766560 299
1766570 301
1766580 303
1766590 305
1766600 306
1766610 306
1766620 307
1766630 307
1766640 307
1766650 307
1766660 306
1766670 306
1766680 306
1766690 306
1766700 306
1766710 306
1766720 306
1766730 306
1766740 306
1766750 306
1766760 306
1766770 306
1766780 306
1766790 305
1766800 304
1766810 303
1766820 304
1766830 305
1766840 304
1766850 304
1766860 305
1766870 305
1766880 306
1766890 305
1766900 307
1766910 309
1766920 311
1766930 311
1766940 311
1766950 312
1766960 312
1766970 312
1766980 311
1766990 309
1767000 307
1767010 305
1767020 305
1767030 306
1767040 306
1767050 307
1767060 310
1767070 311
1767080 309
1767090 307
1767100 307
1767110 308
1767120 309
1767130 307
1767140 306
1767150 307
1767160 308
1767170 308
1767180 306
1767190 307
1767200 309
1767210 311
1767220 310
1767230 309
1767240 307
1767250 304
1767260 300
1767270 297
1767280 296
1767290 296
1767300 296
1767310 296
1767320 295
1767330 295
1767340 294
1767350 294
1767360 294
1767370 294
1767380 294
1767390 294
1767400 294
1767410 295
1767420 295
1767430 295
1767440 295
1767450 295
1767460 295
1767470 295
1767480 296
1767490 298
1767500 300
1767510 300
1767520 301
1767530 302
1767540 304
1767550 306
1767560 308
1767570 311
1767580 312
1767590 313
1767600 313
1767610 313
1767620 313
1767630 313
1767640 312
1767650 312
1767660 312
1767670 312
1767680 311
1767690 311
1767700 311
1767710 311
1767720 310
1767730 310
1767740 310
1767750 309
1767760 309
1767770 309
1767780 308
1767790 308
1767800 308
1767810 308
1767820 307
1767830 307
1767840 307
1767850 307
1767860 306
1767870 306
1767880 306
1767890 305
1767900 305
1767910 305
1767920 304
1767930 304
1767940 304
1767950 304
1767960 303
1767970 302
1767980 302
1767990 302
1768000 301
1768010 301
1768020 301
1768030 300
1768040 300
1768050 300
1768060 299
1768070 299
1768080 299
1768090 298
1768100 298
1768110 298
1768120 298
1768130 297
1768140 297
1768150 297
1768160 296
1768170 296
1768180 296
1768190 296
1768200 295
1768210 295
1768220 295
1768230 294
1768240 294
1768250 294
1768260 294
1768270 294
1768280 293
1768290 293
1768300 293
1768310 292
1768320 292
1768330 291
1768340 291
1768350 291
1768360 291
1768370 290
1768380 290
1768390 290
1768400 289
1768410 289
1768420 289
1768430 289
1768440 288
1768450 288
1768460 288
1768470 287
1768480 287
1768490 286
1768500 287
1768510 287
1768520 287
1768530 287
1768540 287
1768550 287
1768560 287
1768570 286
1768580 286
1768590 286
1768600 286
1768610 287
1768620 287
1768630 287
1768640 287
1768650 286
1768660 286
1768670 286
1768680 286
1768690 286
1768700 286
1768710 286
1768720 286
1768730 286
1768740 286
1768750 286
1768760 285
1768770 285
1768780 285
1768790 284
1768800 284
1768810 284
1768820 284
1768830 284
1768840 284
1768850 284
1768860 283
1768870 283
1768880 282
1768890 282
1768900 282
1768910 282
1768920 282
1768930 281
1768940 281
1768950 281
1768960 281
1768970 280
1768980 280
1768990 280
1769000 280
1769010 280
1769020 280
1769030 279
1769040 279
1769050 279
1769060 279
1769070 279
1769080 279
1769090 279
1769100 279
1769110 279
1769120 279
1769130 279
1769140 279
1769150 279
1769160 279
1769170 279
1769180 279
1769190 279
1769200 279
1769210 278
1769220 278
1769230 278
1769240 278
1769250 278
1769260 278
1769270 278
1769280 278
1769290 279
1769300 279
1769310 279
1769320 279
1769330 279
1769340 278
1769350 278
1769360 278
1769370 278
1769380 279
1769390 279
1769400 279
1769410 278
1769420 278
1769430 278
1769440 278
1769450 278
1769460 278
1769470 278
1769480 278
1769490 278
1769500 278
1769510 278
1769520 277
1769530 277
1769540 277
1769550 277
1769560 277
1769570 277
1769580 277
1769590 277
1769600 277
1769610 277
1769620 277
1769630 277
1769640 277
1769650 277
1769660 277
1769670 276
1769680 276
1769690 276
1769700 276
1769710 276
1769720 276
1769730 275
1769740 275
1769750 275
1769760 275
1769770 275
1769780 275
1769790 274
1769800 274
1769810 274
1769820 274
1769830 274
1769840 274
1769850 274
1769860 273
1769870 273
1769880 273
1769890 273
1769900 273
1769910 273
1769920 273
1769930 272
1769940 272
1769950 272
1769960 271
1769970 271
1769980 271
1769990 271
1770000 270
1770010 270
1770020 270
1770030 270
1770040 270
1770050 270
1770060 270
1770070 270
1770080 270
1770090 269
1770100 269
1770110 269
1770120 269
1770130 269
1770140 269
1770150 269
1770160 268
1770170 268
1770180 268
1770190 268
1770200 268
1770210 268
1770220 268
1770230 268
1770240 267
1770250 267
1770260 267
1770270 267
1770280 267
1770290 267
1770300 267
1770310 267
1770320 266
1770330 266
1770340 266
1770350 266
1770360 266
1770370 265
1770380 265
1770390 265
1770400 265
1770410 265
1770420 265
1770430 265
1770440 265
1770450 265
1770460 265
1770470 265
1770480 265
1770490 265
1770500 265
1770510 265
1770520 265
1770530 265
1770540 265
1770550 265
1770560 265
1770570 265
1770580 265
1770590 265
1770600 265
1770610 265
1770620 265
1770630 264
1770640 264
1770650 264
1770660 264
1770670 264
1770680 264
1770690 264
1770700 264
1770710 264
1770720 264
1770730 264
1770740 264
1770750 264
1770760 264
1770770 264
1770780 263
1770790 263
1770800 263
1770810 263
1770820 263
1770830 263
1770840 263
1770850 263
1770860 263
1770870 262
1770880 262
1770890 262
1770900 262
1770910 262
1770920 262
1770930 262
1770940 262
1770950 261
1770960 261
1770970 261
1770980 261
1770990 261
1771000 261
1771010 260
1771020 260
1771030 260
1771040 260
1771050 260
1771060 260
1771070 260
1771080 260
1771090 260
1771100 260
1771110 260
1771120 259
1771130 259
1771140 259
1771150 259
1771160 259
1771170 259
1771180 259
1771190 259
1771200 259
1771210 258
1771220 258
1771230 258
1771240 258
1771250 258
1771260 257
1771270 257
1771280 257
1771290 257
1771300 257
1771310 256
1771320 256
1771330 256
1771340 256
1771350 256
1771360 256
1771370 256
1771380 256
1771390 255
1771400 255
1771410 255
1771420 255
1771430 255
1771440 255
1771450 255
1771460 255
1771470 255
1771480 255
1771490 255
1771500 255
1771510 254
1771520 254
1771530 254
1771540 254
1771550 254
1771560 254
1771570 254
1771580 254
1771590 254
1771600 254
1771610 254
1771620 254
1771630 254
1771640 254
1771650 254
1771660 254
1771670 254
1771680 253
1771690 253
1771700 253
1771710 253
1771720 253
1771730 253
1771740 253
1771750 253
1771760 253
1771770 253
1771780 253
1771790 253
1771800 253
1771810 252
1771820 252
1771830 252
1771840 252
1771850 252
1771860 252
1771870 252
1771880 252
1771890 252
1771900 252
1771910 252
1771920 252
1771930 252
1771940 252
1771950 251
1771960 251
1771970 251
1771980 251
1771990 251
1772000 251
1772010 251
1772020 251
1772030 251
1772040 251
1772050 251
1772060 251
1772070 251
1772080 251
1772090 251
1772100 251
1772110 251
1772120 251
1772130 251
1772140 251
1772150 251
1772160 251
1772170 251
1772180 251
1772190 252
1772200 252
1772210 252
1772220 252
1772230 252
1772240 252
1772250 252
1772260 252
1772270 252
1772280 251
1772290 251
1772300 251
1772310 251
1772320 251
1772330 251
1772340 251
1772350 251
1772360 251
1772370 250
1772380 250
1772390 250
1772400 250
1772410 249
1772420 248
1772430 248
1772440 247
1772450 247
1772460 246
1772470 246
1772480 246
1772490 245
1772500 245
1772510 244
1772520 244
1772530 243
1772540 243
1772550 243
1772560 243
1772570 242
1772580 242
1772590 242
1772600 242
1772610 242
1772620 242
1772630 242
1772640 242
1772650 242
1772660 242
1772670 242
1772680 242
1772690 242
1772700 242
1772710 242
1772720 242
1772730 242
1772740 242
1772750 242
1772760 242
1772770 242
1772780 242
1772790 242
1772800 242
1772810 242
1772820 241
1772830 241
1772840 242
1772850 242
1772860 242
1772870 242
1772880 242
1772890 243
1772900 244
1772910 245
1772920 247
1772930 248
1772940 250
1772950 250
1772960 251
1772970 251
1772980 251
1772990 251
1773000 251
1773010 252
1773020 252
1773030 252
1773040 253
1773050 253
1773060 253
1773070 254
1773080 254
1773090 254
1773100 254
1773110 254
1773120 255
1773130 255
1773140 255
1773150 255
1773160 255
1773170 255
1773180 255
1773190 255
1773200 255
1773210 255
1773220 255
1773230 255
1773240 255
1773250 255
1773260 255
1773270 255
1773280 254
1773290 254
1773300 254
1773310 254
1773320 254
1773330 254
1773340 254
1773350 254
1773360 254
1773370 253
1773380 253
1773390 253
1773400 253
1773410 253
1773420 253
1773430 253
1773440 253
1773450 252
1773460 252
1773470 252
1773480 252
1773490 252
1773500 252
1773510 251
1773520 251
1773530 251
1773540 251
1773550 251
1773560 251
1773570 251
1773580 251
1773590 251
1773600 251
1773610 251
1773620 250
1773630 250
1773640 250
1773650 249
1773660 249
1773670 249
1773680 249
1773690 249
1773700 249
1773710 248
1773720 248
1773730 248
1773740 248
1773750 248
1773760 248
1773770 248
1773780 247
1773790 247
1773800 247
1773810 247
1773820 247
1773830 247
1773840 247
1773850 246
1773860 246
1773870 246
1773880 246
1773890 245
1773900 245
1773910 245
1773920 245
1773930 244
1773940 244
1773950 244
1773960 243
1773970 242
1773980 240
1773990 237
1774000 236
1774010 236
1774020 238
1774030 239
1774040 240
1774050 238
1774060 236
1774070 235
1774080 236
1774090 236
1774100 235
1774110 234
1774120 233
1774130 231
1774140 230
1774150 229
1774160 229
1774170 228
1774180 228
1774190 228
1774200 228
1774210 229
1774220 229
1774230 229
1774240 229
1774250 229
1774260 228
1774270 226
1774280 224
1774290 224
1774300 224
1774310 225
1774320 227
1774330 227
1774340 226
1774350 225
1774360 224
1774370 225
1774380 225
1774390 225
1774400 224
1774410 223
1774420 222
1774430 220
1774440 220
1774450 221
1774460 222
1774470 222
1774480 221
1774490 221
1774500 221
1774510 221
1774520 221
1774530 220
1774540 220
1774550 220
1774560 220
1774570 220
1774580 220
1774590 220
1774600 220
1774610 221
1774620 221
1774630 221
1774640 221
1774650 221
1774660 221
1774670 221
1774680 221
1774690 221
1774700 221
1774710 221
1774720 221
1774730 219
1774740 219
1774750 220
1774760 221
1774770 221
1774780 221
1774790 221
1774800 221
1774810 221
1774820 221
1774830 221
1774840 221
1774850 221
1774860 221
1774870 220
1774880 221
1774890 221
1774900 221
1774910 221
1774920 221
1774930 221
1774940 221
1774950 221
1774960 221
1774970 221
1774980 221
1774990 221
1775000 221
1775010 221
1775020 221
1775030 221
1775040 221
1775050 221
1775060 221
1775070 221
1775080 221
1775090 221
1775100 221
1775110 221
1775120 221
1775130 221
1775140 221
1775150 221
1775160 221
1775170 221
1775180 221
1775190 222
1775200 222
1775210 222
1775220 222
1775230 222
1775240 222
1775250 222
1775260 222
1775270 222
1775280 222
1775290 222
1775300 222
1775310 222
1775320 222
1775330 222
1775340 222
1775350 222
1775360 222
1775370 222
1775380 222
1775390 222
1775400 222
1775410 222
1775420 222
1775430 222
1775440 222
1775450 222
1775460 222
1775470 222
1775480 222
1775490 223
1775500 223
1775510 223
1775520 223
1775530 223
1775540 223
1775550 223
1775560 223
1775570 223
1775580 224
1775590 224
1775600 224
1775610 224
1775620 224
1775630 224
1775640 224
1775650 224
1775660 225
1775670 225
1775680 225
1775690 225
1775700 225
1775710 225
1775720 226
1775730 226
1775740 226
1775750 226
1775760 226
1775770 227
1775780 227
1775790 227
1775800 227
1775810 228
1775820 228
1775830 228
1775840 228
1775850 229
1775860 229
1775870 229
1775880 230
1775890 230
1775900 230
1775910 230
1775920 230
1775930 231
1775940 231
1775950 231
1775960 231
1775970 231
1775980 232
1775990 232
1776000 232
1776010 232
1776020 232
1776030 233
1776040 233
1776050 233
1776060 233
1776070 233
1776080 233
1776090 233
1776100 233
1776110 233
1776120 233
1776130 233
1776140 233
1776150 233
1776160 233
1776170 233
1776180 233
1776190 234
1776200 234
1776210 235
1776220 234
1776230 233
1776240 233
1776250 232
1776260 232
1776270 232
1776280 233
1776290 233
1776300 232
1776310 232
1776320 232
1776330 232
1776340 233
1776350 232
1776360 232
1776370 232
1776380 232
1776390 232
1776400 232
1776410 232
1776420 232
1776430 232
1776440 232
1776450 232
1776460 232
1776470 231
1776480 231
1776490 230
1776500 230
1776510 230
1776520 230
1776530 230
1776540 230
1776550 230
1776560 230
1776570 230
1776580 230
1776590 230
1776600 230
1776610 230
1776620 230
1776630 230
1776640 230
1776650 230
1776660 230
1776670 230
1776680 230
1776690 230
1776700 230
1776710 230
1776720 230
1776730 230
1776740 230
1776750 230
1776760 230
1776770 231
1776780 231
1776790 231
1776800 231
1776810 231
1776820 231
1776830 231
1776840 231
1776850 231
1776860 231
1776870 231
1776880 232
1776890 232
1776900 232
1776910 232
1776920 232
1776930 232
1776940 232
1776950 232
1776960 232
1776970 232
1776980 232
1776990 233
1777000 233
1777010 233
1777020 232
1777030 232
1777040 232
1777050 232
1777060 232
1777070 232
1777080 232
1777090 232
1777100 232
1777110 233
1777120 233
1777130 234
1777140 234
1777150 234
1777160 235
1777170 236
1777180 237
1777190 239
1777200 241
1777210 242
1777220 244
1777230 245
1777240 246
1777250 248
1777260 250
1777270 252
1777280 254
1777290 256
1777300 258
1777310 259
1777320 259
1777330 258
1777340 254
1777350 251
1777360 248
1777370 248
1777380 249
1777390 250
1777400 251
1777410 253
1777420 254
1777430 256
1777440 257
1777450 259
1777460 261
1777470 263
1777480 264
1777490 266
1777500 269
1777510 273
1777520 275
1777530 276
1777540 277
1777550 278
1777560 278
1777570 279
1777580 280
1777590 281
1777600 281
1777610 282
1777620 282
1777630 283
1777640 283
1777650 284
1777660 284
1777670 285
1777680 286
1777690 286
1777700 287
1777710 287
1777720 287
1777730 287
1777740 287
1777750 287
1777760 286
1777770 286
1777780 285
1777790 285
1777800 284
1777810 284
1777820 284
1777830 284
1777840 284
1777850 283
1777860 282
1777870 282
1777880 281
1777890 280
1777900 280
1777910 279
1777920 279
1777930 278
1777940 278
1777950 277
1777960 277
1777970 276
1777980 276
1777990 275
1778000 275
1778010 275
1778020 274
1778030 274
1778040 274
1778050 274
1778060 273
1778070 272
1778080 272
1778090 271
1778100 270
1778110 270
1778120 268
1778130 266
1778140 264
1778150 264
1778160 263
1778170 261
1778180 260
1778190 259
1778200 258
1778210 258
1778220 258
1778230 257
1778240 257
1778250 258
1778260 258
1778270 258
1778280 259
1778290 260
1778300 261
1778310 262
1778320 264
1778330 266
1778340 268
1778350 270
1778360 272
1778370 274
1778380 276
1778390 277
1778400 278
1778410 279
1778420 281
1778430 282
1778440 283
1778450 283
1778460 283
1778470 283
1778480 282
1778490 282
1778500 280
1778510 279
1778520 278
1778530 277
1778540 277
1778550 277
1778560 277
1778570 277
1778580 277
1778590 277
1778600 277
1778610 277
1778620 278
1778630 278
1778640 278
1778650 278
1778660 279
1778670 279
1778680 281
1778690 282
1778700 283
1778710 285
1778720 287
1778730 288
1778740 289
1778750 290
1778760 291
1778770 293
1778780 294
1778790 296
1778800 297
1778810 299
1778820 302
1778830 303
1778840 304
1778850 304
1778860 305
1778870 306
1778880 307
1778890 307
1778900 308
1778910 310
1778920 311
1778930 312
1778940 312
1778950 313
1778960 314
1778970 316
1778980 318
1778990 319
1779000 321
1779010 323
1779020 325
1779030 327
1779040 327
1779050 328
1779060 329
1779070 330
1779080 330
1779090 330
1779100 332
1779110 334
1779120 336
1779130 337
1779140 337
1779150 338
1779160 339
1779170 339
1779180 340
1779190 341
1779200 341
1779210 341
1779220 342
1779230 342
1779240 342
1779250 342
1779260 343
1779270 343
1779280 343
1779290 343
1779300 343
1779310 344
1779320 344
1779330 344
1779340 344
1779350 344
1779360 344
1779370 344
1779380 345
1779390 345
1779400 345
1779410 345
1779420 345
1779430 345
1779440 345
1779450 345
1779460 345
1779470 345
1779480 345
1779490 345
1779500 345
1779510 345
1779520 345
1779530 345
1779540 344
1779550 344
1779560 344
1779570 344
1779580 343
1779590 343
1779600 343
1779610 343
1779620 343
1779630 342
1779640 342
1779650 342
1779660 341
1779670 341
1779680 341
1779690 341
1779700 340
1779710 340
1779720 340
1779730 340
1779740 340
1779750 340
1779760 340
1779770 340
1779780 341
1779790 341
1779800 341
1779810 340
1779820 340
1779830 340
1779840 339
1779850 338
1779860 337
1779870 336
1779880 334
1779890 332
1779900 330
1779910 327
1779920 324
1779930 322
1779940 320
1779950 318
1779960 317
1779970 315
1779980 314
1779990 312
