1760000 378
1760010 378
1760020 378
1760030 378
1760040 378
1760050 378
1760060 377
1760070 377
1760080 377
1760090 377
1760100 377
1760110 377
1760120 377
1760130 377
1760140 376
1760150 376
1760160 376
1760170 376
1760180 376
1760190 375
1760200 375
1760210 375
1760220 375
1760230 375
1760240 375
1760250 375
1760260 374
1760270 375
1760280 375
1760290 375
1760300 375
1760310 374
1760320 374
1760330 374
1760340 374
1760350 374
1760360 374
1760370 374
1760380 373
1760390 373
1760400 373
1760410 373
1760420 373
1760430 373
1760440 372
1760450 372
1760460 372
1760470 371
1760480 371
1760490 371
1760500 371
1760510 370
1760520 370
1760530 370
1760540 369
1760550 369
1760560 368
1760570 368
1760580 368
1760590 367
1760600 367
1760610 366
1760620 366
1760630 365
1760640 365
1760650 365
1760660 364
1760670 364
1760680 364
1760690 363
1760700 363
1760710 363
1760720 363
1760730 362
1760740 362
1760750 362
1760760 362
1760770 361
1760780 361
1760790 361
1760800 361
1760810 360
1760820 360
1760830 359
1760840 359
1760850 359
1760860 358
1760870 358
1760880 358
1760890 357
1760900 357
1760910 357
1760920 356
1760930 356
1760940 356
1760950 356
1760960 355
1760970 355
1760980 355
1760990 354
1761000 354
1761010 354
1761020 354
1761030 353
1761040 353
1761050 353
1761060 352
1761070 352
1761080 352
1761090 351
1761100 351
1761110 351
1761120 351
1761130 351
1761140 350
1761150 350
1761160 349
1761170 349
1761180 348
1761190 348
1761200 347
1761210 347
1761220 346
1761230 346
1761240 345
1761250 345
1761260 345
1761270 344
1761280 344
1761290 344
1761300 344
1761310 344
1761320 343
1761330 343
1761340 343
1761350 342
1761360 342
1761370 342
1761380 342
1761390 342
1761400 341
1761410 341
1761420 341
1761430 341
1761440 341
1761450 341
1761460 341
1761470 341
1761480 341
1761490 340
1761500 340
1761510 340
1761520 340
1761530 340
1761540 340
1761550 340
1761560 341
1761570 341
1761580 341
1761590 341
1761600 342
1761610 342
1761620 343
1761630 343
1761640 344
1761650 344
1761660 344
1761670 345
1761680 345
1761690 346
1761700 346
1761710 346
1761720 346
1761730 347
1761740 347
1761750 347
1761760 347
1761770 348
1761780 348
1761790 348
1761800 348
1761810 348
1761820 348
1761830 348
1761840 348
1761850 348
1761860 348
1761870 348
1761880 349
1761890 349
1761900 349
1761910 349
1761920 349
1761930 349
1761940 349
1761950 349
1761960 349
1761970 349
1761980 349
1761990 349
1762000 349
1762010 349
1762020 349
1762030 349
1762040 349
1762050 349
1762060 349
1762070 349
1762080 349
1762090 349
1762100 349
1762110 348
1762120 348
1762130 348
1762140 348
1762150 348
1762160 348
1762170 348
1762180 348
1762190 347
1762200 347
1762210 347
1762220 347
1762230 347
1762240 347
1762250 347
1762260 346
1762270 346
1762280 346
1762290 346
1762300 346
1762310 346
1762320 346
1762330 345
1762340 345
1762350 345
1762360 345
1762370 345
1762380 345
1762390 345
1762400 345
1762410 345
1762420 345
1762430 345
1762440 344
1762450 344
1762460 344
1762470 344
1762480 344
1762490 343
1762500 343
1762510 343
1762520 343
1762530 342
1762540 342
1762550 342
1762560 342
1762570 342
1762580 341
1762590 341
1762600 341
1762610 341
1762620 341
1762630 341
1762640 340
1762650 340
1762660 340
1762670 339
1762680 339
1762690 339
1762700 339
1762710 339
1762720 339
1762730 338
1762740 338
1762750 338
1762760 338
1762770 338
1762780 338
1762790 337
1762800 337
1762810 337
1762820 337
1762830 337
1762840 336
1762850 336
1762860 336
1762870 336
1762880 335
1762890 335
1762900 335
1762910 335
1762920 335
1762930 334
1762940 334
1762950 334
1762960 334
1762970 333
1762980 333
1762990 333
1763000 333
1763010 332
1763020 332
1763030 332
1763040 332
1763050 332
1763060 332
1763070 331
1763080 331
1763090 330
1763100 330
1763110 330
1763120 330
1763130 329
1763140 329
1763150 329
1763160 328
1763170 328
1763180 328
1763190 328
1763200 328
1763210 327
1763220 327
1763230 327
1763240 327
1763250 327
1763260 326
1763270 326
1763280 326
1763290 326
1763300 325
1763310 325
1763320 325
1763330 325
1763340 324
1763350 324
1763360 324
1763370 324
1763380 323
1763390 323
1763400 323
1763410 323
1763420 322
1763430 322
1763440 322
1763450 322
1763460 321
1763470 321
1763480 321
1763490 321
1763500 320
1763510 320
1763520 320
1763530 320
1763540 320
1763550 319
1763560 319
1763570 319
1763580 319
1763590 318
1763600 318
1763610 318
1763620 318
1763630 317
1763640 317
1763650 317
1763660 317
1763670 316
1763680 316
1763690 316
1763700 316
1763710 316
1763720 316
1763730 316
1763740 315
1763750 315
1763760 314
1763770 314
1763780 314
1763790 313
1763800 313
1763810 313
1763820 313
1763830 312
1763840 312
1763850 312
1763860 312
1763870 312
1763880 311
1763890 311
1763900 311
1763910 311
1763920 310
1763930 310
1763940 310
1763950 310
1763960 309
1763970 309
1763980 309
1763990 309
1764000 308
1764010 308
1764020 308
1764030 308
1764040 307
1764050 307
1764060 307
1764070 307
1764080 306
1764090 306
1764100 306
1764110 306
1764120 306
1764130 305
1764140 305
1764150 305
1764160 304
1764170 304
1764180 304
1764190 303
1764200 303
1764210 303
1764220 302
1764230 302
1764240 302
1764250 302
1764260 301
1764270 301
1764280 301
1764290 300
1764300 300
1764310 300
1764320 300
1764330 300
1764340 299
1764350 299
1764360 298
1764370 298
1764380 298
1764390 298
1764400 297
1764410 297
1764420 297
1764430 297
1764440 297
1764450 297
1764460 297
1764470 296
1764480 296
1764490 296
1764500 296
1764510 296
1764520 296
1764530 296
1764540 295
1764550 295
1764560 294
1764570 294
1764580 294
1764590 294
1764600 293
1764610 293
1764620 293
1764630 293
1764640 293
1764650 293
1764660 293
1764670 293
1764680 293
1764690 293
1764700 293
1764710 293
1764720 293
1764730 293
1764740 293
1764750 293
1764760 292
1764770 292
1764780 292
1764790 292
1764800 292
1764810 292
1764820 292
1764830 291
1764840 291
1764850 291
1764860 292
1764870 292
1764880 292
1764890 292
1764900 292
1764910 291
1764920 291
1764930 291
1764940 291
1764950 291
1764960 291
1764970 291
1764980 291
1764990 291
1765000 291
1765010 291
1765020 291
1765030 291
1765040 291
1765050 291
1765060 291
1765070 291
1765080 291
1765090 291
1765100 292
1765110 291
1765120 291
1765130 291
1765140 291
1765150 291
1765160 291
1765170 291
1765180 290
1765190 290
1765200 290
1765210 290
1765220 290
1765230 290
1765240 290
1765250 290
1765260 290
1765270 289
1765280 289
1765290 289
1765300 289
1765310 289
1765320 288
1765330 288
1765340 288
1765350 288
1765360 288
1765370 288
1765380 287
1765390 287
1765400 287
1765410 287
1765420 286
1765430 286
1765440 286
1765450 285
1765460 285
1765470 285
1765480 285
1765490 285
1765500 285
1765510 284
1765520 284
1765530 284
1765540 284
1765550 284
1765560 284
1765570 284
1765580 284
1765590 283
1765600 282
1765610 282
1765620 282
1765630 282
1765640 281
1765650 281
1765660 281
1765670 281
1765680 281
1765690 281
1765700 281
1765710 281
1765720 280
1765730 280
1765740 280
1765750 279
1765760 279
1765770 279
1765780 279
1765790 279
1765800 279
1765810 279
1765820 279
1765830 279
1765840 278
1765850 278
1765860 278
1765870 278
1765880 278
1765890 278
1765900 278
1765910 278
1765920 277
1765930 277
1765940 277
1765950 277
1765960 277
1765970 277
1765980 277
1765990 277
1766000 277
1766010 278
1766020 278
1766030 278
1766040 278
1766050 278
1766060 278
1766070 278
1766080 278
1766090 277
1766100 277
1766110 277
1766120 277
1766130 277
1766140 277
1766150 277
1766160 277
1766170 277
1766180 277
1766190 277
1766200 277
1766210 277
1766220 277
1766230 277
1766240 277
1766250 277
1766260 278
1766270 278
1766280 278
1766290 278
1766300 278
1766310 278
1766320 278
1766330 278
1766340 278
1766350 278
1766360 278
1766370 278
1766380 278
1766390 278
1766400 278
1766410 278
1766420 278
1766430 278
1766440 278
1766450 278
1766460 278
1766470 278
1766480 278
1766490 278
1766500 278
1766510 278
1766520 278
1766530 278
1766540 278
1766550 279
1766560 279
1766570 279
1766580 278
1766590 278
1766600 278
1766610 278
1766620 277
1766630 277
1766640 277
1766650 276
1766660 276
1766670 276
1766680 277
1766690 277
1766700 277
1766710 277
1766720 277
1766730 277
1766740 277
1766750 277
1766760 277
1766770 277
1766780 277
1766790 277
1766800 277
1766810 277
1766820 277
1766830 277
1766840 277
1766850 277
1766860 277
1766870 278
1766880 279
1766890 279
1766900 280
1766910 280
1766920 280
1766930 280
1766940 281
1766950 281
1766960 281
1766970 281
1766980 281
1766990 280
1767000 280
1767010 280
1767020 280
1767030 280
1767040 280
1767050 280
1767060 280
1767070 280
1767080 280
1767090 279
1767100 278
1767110 276
1767120 275
1767130 275
1767140 274
1767150 275
1767160 277
1767170 279
1767180 282
1767190 283
1767200 283
1767210 283
1767220 283
1767230 283
1767240 283
1767250 283
1767260 283
1767270 283
1767280 283
1767290 283
1767300 283
1767310 283
1767320 283
1767330 283
1767340 283
1767350 283
1767360 281
1767370 278
1767380 276
1767390 279
1767400 281
1767410 282
1767420 282
1767430 282
1767440 282
1767450 282
1767460 282
1767470 282
1767480 282
1767490 281
1767500 281
1767510 281
1767520 281
1767530 281
1767540 281
1767550 281
1767560 280
1767570 280
1767580 280
1767590 280
1767600 280
1767610 280
1767620 279
1767630 279
1767640 279
1767650 279
1767660 279
1767670 278
1767680 278
1767690 278
1767700 278
1767710 278
1767720 277
1767730 277
1767740 277
1767750 277
1767760 277
1767770 277
1767780 277
1767790 277
1767800 276
1767810 276
1767820 276
1767830 276
1767840 276
1767850 276
1767860 276
1767870 276
1767880 276
1767890 276
1767900 275
1767910 275
1767920 275
1767930 275
1767940 275
1767950 275
1767960 275
1767970 275
1767980 275
1767990 275
1768000 274
1768010 274
1768020 274
1768030 274
1768040 274
1768050 274
1768060 274
1768070 274
1768080 273
1768090 273
1768100 273
1768110 273
1768120 273
1768130 273
1768140 273
1768150 272
1768160 272
1768170 272
1768180 272
1768190 272
1768200 272
1768210 272
1768220 272
1768230 271
1768240 271
1768250 271
1768260 271
1768270 271
1768280 270
1768290 270
1768300 270
1768310 270
1768320 269
1768330 269
1768340 269
1768350 269
1768360 269
1768370 268
1768380 268
1768390 268
1768400 268
1768410 267
1768420 267
1768430 267
1768440 267
1768450 267
1768460 266
1768470 266
1768480 266
1768490 266
1768500 265
1768510 265
1768520 265
1768530 265
1768540 265
1768550 264
1768560 264
1768570 264
1768580 264
1768590 263
1768600 263
1768610 263
1768620 262
1768630 262
1768640 262
1768650 261
1768660 261
1768670 261
1768680 261
1768690 261
1768700 261
1768710 261
1768720 260
1768730 260
1768740 260
1768750 260
1768760 260
1768770 259
1768780 259
1768790 259
1768800 259
1768810 259
1768820 259
1768830 258
1768840 258
1768850 258
1768860 258
1768870 258
1768880 258
1768890 258
1768900 258
1768910 258
1768920 258
1768930 258
1768940 257
1768950 257
1768960 257
1768970 257
1768980 257
1768990 257
1769000 256
1769010 256
1769020 256
1769030 256
1769040 256
1769050 256
1769060 256
1769070 256
1769080 256
1769090 255
1769100 255
1769110 255
1769120 255
1769130 255
1769140 255
1769150 255
1769160 255
1769170 255
1769180 255
1769190 255
1769200 254
1769210 254
1769220 254
1769230 254
1769240 254
1769250 254
1769260 253
1769270 253
1769280 253
1769290 252
1769300 252
1769310 252
1769320 251
1769330 251
1769340 251
1769350 251
1769360 250
1769370 250
1769380 250
1769390 249
1769400 249
1769410 249
1769420 249
1769430 248
1769440 248
1769450 248
1769460 248
1769470 248
1769480 248
1769490 247
1769500 247
1769510 247
1769520 247
1769530 247
1769540 247
1769550 247
1769560 248
1769570 248
1769580 248
1769590 248
1769600 248
1769610 248
1769620 248
1769630 248
1769640 248
1769650 248
1769660 249
1769670 249
1769680 250
1769690 250
1769700 249
1769710 249
1769720 249
1769730 249
1769740 249
1769750 249
1769760 249
1769770 249
1769780 249
1769790 249
1769800 249
1769810 249
1769820 249
1769830 249
1769840 249
1769850 249
1769860 250
1769870 251
1769880 252
1769890 253
1769900 254
1769910 254
1769920 254
1769930 255
1769940 255
1769950 255
1769960 255
1769970 255
1769980 256
1769990 256
1770000 256
1770010 256
1770020 256
1770030 256
1770040 256
1770050 256
1770060 256
1770070 256
1770080 256
1770090 256
1770100 256
1770110 256
1770120 256
1770130 256
1770140 257
1770150 257
1770160 257
1770170 257
1770180 257
1770190 257
1770200 257
1770210 257
1770220 257
1770230 257
1770240 257
1770250 257
1770260 257
1770270 257
1770280 257
1770290 257
1770300 257
1770310 257
1770320 257
1770330 257
1770340 257
1770350 257
1770360 257
1770370 257
1770380 257
1770390 257
1770400 257
1770410 257
1770420 257
1770430 257
1770440 257
1770450 257
1770460 257
1770470 257
1770480 257
1770490 257
1770500 257
1770510 257
1770520 257
1770530 257
1770540 257
1770550 257
1770560 257
1770570 257
1770580 257
1770590 257
1770600 257
1770610 257
1770620 257
1770630 257
1770640 257
1770650 257
1770660 256
1770670 256
1770680 256
1770690 256
1770700 256
1770710 256
1770720 256
1770730 256
1770740 257
1770750 257
1770760 257
1770770 256
1770780 256
1770790 256
1770800 256
1770810 256
1770820 256
1770830 256
1770840 256
1770850 256
1770860 256
1770870 256
1770880 256
1770890 256
1770900 256
1770910 256
1770920 256
1770930 256
1770940 256
1770950 256
1770960 256
1770970 255
1770980 255
1770990 255
1771000 255
1771010 255
1771020 255
1771030 255
1771040 254
1771050 254
1771060 254
1771070 254
1771080 254
1771090 254
1771100 253
1771110 253
1771120 253
1771130 253
1771140 253
1771150 253
1771160 253
1771170 253
1771180 253
1771190 253
1771200 252
1771210 252
1771220 252
1771230 252
1771240 252
1771250 252
1771260 252
1771270 252
1771280 252
1771290 252
1771300 252
1771310 251
1771320 251
1771330 251
1771340 251
1771350 251
1771360 251
1771370 251
1771380 251
1771390 250
1771400 249
1771410 249
1771420 249
1771430 249
1771440 249
1771450 249
1771460 249
1771470 249
1771480 249
1771490 249
1771500 249
1771510 249
1771520 249
1771530 249
1771540 249
1771550 249
1771560 249
1771570 249
1771580 249
1771590 249
1771600 249
1771610 249
1771620 249
1771630 249
1771640 249
1771650 249
1771660 249
1771670 249
1771680 248
1771690 248
1771700 248
1771710 248
1771720 248
1771730 248
1771740 248
1771750 248
1771760 248
1771770 248
1771780 247
1771790 247
1771800 247
1771810 247
1771820 247
1771830 247
1771840 247
1771850 247
1771860 247
1771870 247
1771880 247
1771890 247
1771900 247
1771910 247
1771920 247
1771930 247
1771940 247
1771950 247
1771960 247
1771970 247
1771980 247
1771990 247
1772000 247
1772010 246
1772020 246
1772030 246
1772040 245
1772050 245
1772060 245
1772070 245
1772080 245
1772090 244
1772100 244
1772110 244
1772120 244
1772130 244
1772140 244
1772150 244
1772160 244
1772170 244
1772180 244
1772190 244
1772200 244
1772210 244
1772220 244
1772230 244
1772240 244
1772250 244
1772260 244
1772270 243
1772280 243
1772290 243
1772300 243
1772310 243
1772320 243
1772330 244
1772340 244
1772350 244
1772360 244
1772370 244
1772380 244
1772390 244
1772400 243
1772410 243
1772420 243
1772430 243
1772440 243
1772450 243
1772460 243
1772470 243
1772480 242
1772490 242
1772500 242
1772510 242
1772520 242
1772530 242
1772540 242
1772550 242
1772560 241
1772570 241
1772580 241
1772590 241
1772600 241
1772610 241
1772620 241
1772630 240
1772640 240
1772650 240
1772660 240
1772670 240
1772680 240
1772690 240
1772700 240
1772710 239
1772720 239
1772730 238
1772740 238
1772750 238
1772760 237
1772770 237
1772780 237
1772790 237
1772800 236
1772810 236
1772820 236
1772830 236
1772840 236
1772850 235
1772860 235
1772870 235
1772880 235
1772890 234
1772900 234
1772910 234
1772920 234
1772930 234
1772940 233
1772950 233
1772960 233
1772970 232
1772980 232
1772990 232
1773000 232
1773010 231
1773020 231
1773030 231
1773040 231
1773050 230
1773060 230
1773070 230
1773080 230
1773090 230
1773100 229
1773110 229
1773120 229
1773130 229
1773140 229
1773150 228
1773160 228
1773170 228
1773180 228
1773190 228
1773200 227
1773210 227
1773220 227
1773230 227
1773240 227
1773250 227
1773260 226
1773270 226
1773280 226
1773290 226
1773300 226
1773310 226
1773320 226
1773330 226
1773340 226
1773350 226
1773360 226
1773370 226
1773380 226
1773390 226
1773400 227
1773410 227
1773420 227
1773430 226
1773440 226
1773450 226
1773460 226
1773470 227
1773480 226
1773490 226
1773500 226
1773510 226
1773520 226
1773530 226
1773540 226
1773550 225
1773560 226
1773570 226
1773580 225
1773590 225
1773600 225
1773610 225
1773620 225
1773630 225
1773640 225
1773650 225
1773660 225
1773670 225
1773680 225
1773690 225
1773700 226
1773710 225
1773720 225
1773730 225
1773740 225
1773750 225
1773760 225
1773770 225
1773780 225
1773790 225
1773800 225
1773810 225
1773820 225
1773830 225
1773840 225
1773850 225
1773860 225
1773870 224
1773880 223
1773890 223
1773900 224
1773910 224
1773920 224
1773930 224
1773940 224
1773950 224
1773960 225
1773970 225
1773980 225
1773990 225
1774000 225
1774010 225
1774020 226
1774030 226
1774040 226
1774050 226
1774060 226
1774070 226
1774080 225
1774090 225
1774100 225
1774110 225
1774120 225
1774130 225
1774140 225
1774150 225
1774160 225
1774170 225
1774180 225
1774190 225
1774200 225
1774210 225
1774220 225
1774230 225
1774240 225
1774250 225
1774260 225
1774270 225
1774280 226
1774290 226
1774300 226
1774310 226
1774320 226
1774330 226
1774340 226
1774350 227
1774360 227
1774370 227
1774380 227
1774390 227
1774400 227
1774410 227
1774420 227
1774430 227
1774440 227
1774450 227
1774460 227
1774470 227
1774480 228
1774490 228
1774500 228
1774510 228
1774520 229
1774530 229
1774540 229
1774550 229
1774560 230
1774570 230
1774580 230
1774590 230
1774600 231
1774610 231
1774620 231
1774630 232
1774640 232
1774650 232
1774660 232
1774670 233
1774680 233
1774690 233
1774700 233
1774710 233
1774720 233
1774730 234
1774740 234
1774750 234
1774760 234
1774770 234
1774780 234
1774790 235
1774800 235
1774810 235
1774820 235
1774830 236
1774840 236
1774850 236
1774860 237
1774870 237
1774880 237
1774890 238
1774900 238
1774910 238
1774920 239
1774930 239
1774940 240
1774950 240
1774960 241
1774970 241
1774980 241
1774990 242
1775000 242
1775010 243
1775020 243
1775030 244
1775040 244
1775050 245
1775060 245
1775070 246
1775080 246
1775090 247
1775100 247
1775110 248
1775120 248
1775130 249
1775140 249
1775150 250
1775160 250
1775170 251
1775180 251
1775190 252
1775200 252
1775210 252
1775220 253
1775230 254
1775240 254
1775250 255
1775260 255
1775270 255
1775280 256
1775290 256
1775300 256
1775310 255
1775320 256
1775330 257
1775340 257
1775350 258
1775360 259
1775370 260
1775380 260
1775390 260
1775400 260
1775410 260
1775420 260
1775430 260
1775440 261
1775450 261
1775460 261
1775470 262
1775480 262
1775490 263
1775500 264
1775510 265
1775520 266
1775530 268
1775540 269
1775550 270
1775560 270
1775570 270
1775580 271
1775590 271
1775600 272
1775610 274
1775620 276
1775630 277
1775640 278
1775650 278
1775660 279
1775670 280
1775680 281
1775690 282
1775700 283
1775710 284
1775720 285
1775730 286
1775740 287
1775750 288
1775760 289
1775770 290
1775780 291
1775790 292
1775800 293
1775810 294
1775820 295
1775830 295
1775840 296
1775850 296
1775860 297
1775870 298
1775880 299
1775890 300
1775900 301
1775910 302
1775920 303
1775930 304
1775940 305
1775950 306
1775960 306
1775970 307
1775980 307
1775990 307
1776000 308
1776010 308
1776020 308
1776030 309
1776040 309
1776050 309
1776060 309
1776070 309
1776080 309
1776090 309
1776100 309
1776110 309
1776120 309
1776130 309
1776140 309
1776150 309
1776160 309
1776170 309
1776180 308
1776190 308
1776200 308
1776210 307
1776220 307
1776230 306
1776240 306
1776250 305
1776260 305
1776270 305
1776280 304
1776290 304
1776300 303
1776310 302
1776320 302
1776330 301
1776340 300
1776350 299
1776360 298
1776370 297
1776380 297
1776390 296
1776400 295
1776410 295
1776420 294
1776430 293
1776440 292
1776450 291
1776460 290
1776470 289
1776480 288
1776490 287
1776500 287
1776510 286
1776520 286
1776530 285
1776540 284
1776550 284
1776560 283
1776570 283
1776580 282
1776590 282
1776600 281
1776610 281
1776620 280
1776630 280
1776640 279
1776650 279
1776660 278
1776670 278
1776680 277
1776690 277
1776700 276
1776710 276
1776720 275
1776730 275
1776740 274
1776750 274
1776760 273
1776770 273
1776780 272
1776790 272
1776800 271
1776810 271
1776820 271
1776830 270
1776840 270
1776850 270
1776860 270
1776870 269
1776880 269
1776890 269
1776900 268
1776910 268
1776920 268
1776930 267
1776940 267
1776950 267
1776960 267
1776970 266
1776980 266
1776990 266
1777000 265
1777010 265
1777020 265
1777030 264
1777040 264
1777050 264
1777060 263
1777070 263
1777080 263
1777090 263
1777100 263
1777110 263
1777120 262
1777130 262
1777140 262
1777150 262
1777160 262
1777170 262
1777180 262
1777190 262
1777200 262
1777210 262
1777220 262
1777230 262
1777240 262
1777250 262
1777260 262
1777270 262
1777280 263
1777290 263
1777300 263
1777310 263
1777320 263
1777330 263
1777340 263
1777350 263
1777360 263
1777370 263
1777380 263
1777390 262
1777400 262
1777410 261
1777420 261
1777430 260
1777440 260
1777450 259
1777460 259
1777470 258
1777480 258
1777490 257
1777500 257
1777510 256
1777520 256
1777530 256
1777540 255
1777550 255
1777560 255
1777570 255
1777580 254
1777590 254
1777600 254
1777610 254
1777620 254
1777630 254
1777640 254
1777650 254
1777660 254
1777670 254
1777680 253
1777690 252
1777700 252
1777710 251
1777720 251
1777730 251
1777740 251
1777750 251
1777760 251
1777770 251
1777780 251
1777790 251
1777800 251
1777810 251
1777820 251
1777830 251
1777840 251
1777850 251
1777860 251
1777870 251
1777880 251
1777890 251
1777900 251
1777910 251
1777920 251
1777930 251
1777940 251
1777950 251
1777960 251
1777970 251
1777980 251
1777990 251
1778000 251
1778010 251
1778020 251
1778030 251
1778040 251
1778050 251
1778060 251
1778070 251
1778080 251
1778090 251
1778100 251
1778110 252
1778120 252
1778130 253
1778140 253
1778150 254
1778160 255
1778170 256
1778180 258
1778190 259
1778200 261
1778210 263
1778220 264
1778230 265
1778240 266
1778250 266
1778260 267
1778270 268
1778280 268
1778290 268
1778300 268
1778310 268
1778320 268
1778330 268
1778340 268
1778350 268
1778360 268
1778370 268
1778380 268
1778390 268
1778400 268
1778410 268
1778420 268
1778430 268
1778440 268
1778450 268
1778460 268
1778470 268
1778480 268
1778490 269
1778500 269
1778510 269
1778520 270
1778530 270
1778540 271
1778550 272
1778560 272
1778570 273
1778580 274
1778590 275
1778600 276
1778610 277
1778620 278
1778630 279
1778640 280
1778650 281
1778660 282
1778670 283
1778680 284
1778690 284
1778700 285
1778710 286
1778720 287
1778730 288
1778740 288
1778750 289
1778760 290
1778770 290
1778780 291
1778790 292
1778800 293
1778810 293
1778820 294
1778830 295
1778840 295
1778850 296
1778860 296
1778870 296
1778880 296
1778890 297
1778900 297
1778910 297
1778920 297
1778930 298
1778940 298
1778950 299
1778960 300
1778970 300
1778980 300
1778990 301
1779000 300
1779010 300
1779020 301
1779030 302
1779040 304
1779050 306
1779060 307
1779070 308
1779080 309
1779090 309
1779100 309
1779110 309
1779120 309
1779130 309
1779140 309
1779150 309
1779160 309
1779170 308
1779180 308
1779190 308
1779200 307
1779210 307
1779220 307
1779230 306
1779240 306
1779250 305
1779260 305
1779270 304
1779280 304
1779290 303
1779300 303
1779310 302
1779320 302
1779330 301
1779340 301
1779350 300
1779360 300
1779370 299
1779380 299
1779390 298
1779400 298
1779410 297
1779420 297
1779430 296
1779440 296
1779450 295
1779460 295
1779470 295
1779480 294
1779490 294
1779500 293
1779510 292
1779520 292
1779530 291
1779540 290
1779550 290
1779560 289
1779570 288
1779580 288
1779590 287
1779600 287
1779610 286
1779620 285
1779630 285
1779640 284
1779650 283
1779660 283
1779670 283
1779680 282
1779690 282
1779700 282
1779710 281
1779720 281
1779730 280
1779740 281
1779750 282
1779760 284
1779770 286
1779780 288
1779790 290
1779800 292
1779810 293
1779820 295
1779830 296
1779840 297
1779850 298
1779860 298
1779870 299
1779880 299
1779890 299
1779900 300
1779910 300
1779920 301
1779930 302
1779940 303
1779950 303
1779960 304
1779970 303
1779980 302
1779990 301
