1760000 418
1760010 419
1760020 419
1760030 420
1760040 420
1760050 420
1760060 421
1760070 421
1760080 422
1760090 422
1760100 423
1760110 423
1760120 423
1760130 423
1760140 423
1760150 423
1760160 423
1760170 423
1760180 423
1760190 423
1760200 423
1760210 423
1760220 423
1760230 423
1760240 422
1760250 422
1760260 422
1760270 421
1760280 421
1760290 420
1760300 420
1760310 419
1760320 419
1760330 419
1760340 419
1760350 419
1760360 419
1760370 419
1760380 419
1760390 419
1760400 419
1760410 419
1760420 419
1760430 420
1760440 420
1760450 421
1760460 421
1760470 422
1760480 422
1760490 423
1760500 423
1760510 423
1760520 424
1760530 424
1760540 424
1760550 424
1760560 424
1760570 424
1760580 424
1760590 424
1760600 423
1760610 423
1760620 422
1760630 422
1760640 422
1760650 422
1760660 422
1760670 422
1760680 422
1760690 422
1760700 422
1760710 423
1760720 423
1760730 423
1760740 423
1760750 424
1760760 424
1760770 425
1760780 425
1760790 425
1760800 424
1760810 424
1760820 424
1760830 424
1760840 424
1760850 424
1760860 424
1760870 424
1760880 424
1760890 424
1760900 424
1760910 424
1760920 423
1760930 423
1760940 422
1760950 422
1760960 421
1760970 420
1760980 420
1760990 419
1761000 419
1761010 418
1761020 418
1761030 417
1761040 417
1761050 417
1761060 416
1761070 416
1761080 416
1761090 415
1761100 415
1761110 414
1761120 414
1761130 413
1761140 413
1761150 413
1761160 412
1761170 412
1761180 411
1761190 410
1761200 410
1761210 409
1761220 409
1761230 408
1761240 408
1761250 407
1761260 407
1761270 407
1761280 406
1761290 406
1761300 406
1761310 405
1761320 405
1761330 404
1761340 404
1761350 404
1761360 403
1761370 403
1761380 402
1761390 402
1761400 401
1761410 400
1761420 400
1761430 400
1761440 399
1761450 399
1761460 398
1761470 397
1761480 397
1761490 396
1761500 396
1761510 395
1761520 395
1761530 394
1761540 394
1761550 393
1761560 393
1761570 392
1761580 392
1761590 392
1761600 391
1761610 391
1761620 391
1761630 391
1761640 390
1761650 390
1761660 390
1761670 390
1761680 389
1761690 389
1761700 389
1761710 389
1761720 388
1761730 388
1761740 388
1761750 388
1761760 388
1761770 388
1761780 388
1761790 388
1761800 389
1761810 390
1761820 390
1761830 391
1761840 391
1761850 391
1761860 391
1761870 391
1761880 391
1761890 391
1761900 391
1761910 392
1761920 392
1761930 392
1761940 392
1761950 392
1761960 392
1761970 392
1761980 392
1761990 392
1762000 392
1762010 392
1762020 392
1762030 392
1762040 392
1762050 392
1762060 392
1762070 392
1762080 392
1762090 392
1762100 392
1762110 393
1762120 393
1762130 393
1762140 393
1762150 394
1762160 394
1762170 394
1762180 394
1762190 395
1762200 395
1762210 396
1762220 396
1762230 397
1762240 397
1762250 398
1762260 398
1762270 398
1762280 399
1762290 399
1762300 400
1762310 400
1762320 401
1762330 401
1762340 402
1762350 402
1762360 402
1762370 403
1762380 403
1762390 403
1762400 403
1762410 403
1762420 403
1762430 403
1762440 403
1762450 403
1762460 403
1762470 402
1762480 401
1762490 401
1762500 400
1762510 400
1762520 399
1762530 399
1762540 398
1762550 398
1762560 398
1762570 397
1762580 397
1762590 397
1762600 396
1762610 396
1762620 396
1762630 395
1762640 395
1762650 395
1762660 395
1762670 395
1762680 394
1762690 394
1762700 393
1762710 393
1762720 392
1762730 392
1762740 391
1762750 391
1762760 390
1762770 389
1762780 389
1762790 388
1762800 387
1762810 386
1762820 385
1762830 384
1762840 383
1762850 381
1762860 380
1762870 379
1762880 378
1762890 377
1762900 376
1762910 375
1762920 375
1762930 374
1762940 373
1762950 372
1762960 371
1762970 370
1762980 368
1762990 367
1763000 365
1763010 364
1763020 363
1763030 363
1763040 362
1763050 362
1763060 361
1763070 361
1763080 360
1763090 360
1763100 359
1763110 358
1763120 356
1763130 355
1763140 354
1763150 354
1763160 354
1763170 354
1763180 354
1763190 354
1763200 355
1763210 354
1763220 354
1763230 353
1763240 353
1763250 353
1763260 353
1763270 353
1763280 353
1763290 353
1763300 353
1763310 353
1763320 353
1763330 353
1763340 352
1763350 352
1763360 351
1763370 350
1763380 349
1763390 348
1763400 347
1763410 347
1763420 346
1763430 346
1763440 345
1763450 344
1763460 343
1763470 342
1763480 341
1763490 341
1763500 341
1763510 340
1763520 340
1763530 339
1763540 339
1763550 338
1763560 337
1763570 337
1763580 336
1763590 336
1763600 336
1763610 335
1763620 335
1763630 334
1763640 334
1763650 334
1763660 334
1763670 334
1763680 333
1763690 333
1763700 333
1763710 333
1763720 332
1763730 332
1763740 332
1763750 332
1763760 331
1763770 331
1763780 331
1763790 330
1763800 330
1763810 330
1763820 330
1763830 330
1763840 329
1763850 329
1763860 329
1763870 328
1763880 327
1763890 326
1763900 326
1763910 325
1763920 325
1763930 325
1763940 324
1763950 324
1763960 324
1763970 324
1763980 323
1763990 323
1764000 323
1764010 322
1764020 322
1764030 322
1764040 322
1764050 321
1764060 321
1764070 321
1764080 321
1764090 320
1764100 320
1764110 320
1764120 320
1764130 320
1764140 320
1764150 320
1764160 320
1764170 320
1764180 319
1764190 319
1764200 319
1764210 318
1764220 318
1764230 318
1764240 317
1764250 317
1764260 317
1764270 317
1764280 316
1764290 316
1764300 316
1764310 316
1764320 316
1764330 316
1764340 315
1764350 315
1764360 315
1764370 315
1764380 314
1764390 314
1764400 314
1764410 314
1764420 314
1764430 314
1764440 313
1764450 313
1764460 313
1764470 313
1764480 313
1764490 313
1764500 313
1764510 312
1764520 312
1764530 312
1764540 312
1764550 311
1764560 311
1764570 311
1764580 311
1764590 310
1764600 310
1764610 310
1764620 310
1764630 309
1764640 309
1764650 309
1764660 309
1764670 309
1764680 309
1764690 308
1764700 308
1764710 308
1764720 308
1764730 308
1764740 307
1764750 307
1764760 307
1764770 307
1764780 307
1764790 307
1764800 307
1764810 306
1764820 306
1764830 306
1764840 306
1764850 306
1764860 305
1764870 305
1764880 305
1764890 305
1764900 305
1764910 304
1764920 304
1764930 304
1764940 304
1764950 304
1764960 304
1764970 304
1764980 304
1764990 304
1765000 304
1765010 303
1765020 303
1765030 303
1765040 303
1765050 303
1765060 303
1765070 303
1765080 303
1765090 303
1765100 303
1765110 303
1765120 302
1765130 302
1765140 302
1765150 302
1765160 302
1765170 302
1765180 302
1765190 302
1765200 302
1765210 302
1765220 302
1765230 302
1765240 302
1765250 302
1765260 302
1765270 302
1765280 302
1765290 302
1765300 302
1765310 301
1765320 301
1765330 301
1765340 301
1765350 301
1765360 301
1765370 301
1765380 301
1765390 301
1765400 301
1765410 301
1765420 301
1765430 301
1765440 301
1765450 301
1765460 301
1765470 301
1765480 301
1765490 301
1765500 301
1765510 301
1765520 301
1765530 301
1765540 301
1765550 301
1765560 301
1765570 301
1765580 301
1765590 302
1765600 302
1765610 302
1765620 302
1765630 302
1765640 302
1765650 302
1765660 303
1765670 303
1765680 303
1765690 303
1765700 303
1765710 303
1765720 304
1765730 304
1765740 304
1765750 304
1765760 304
1765770 304
1765780 304
1765790 304
1765800 304
1765810 305
1765820 305
1765830 305
1765840 305
1765850 305
1765860 305
1765870 306
1765880 306
1765890 306
1765900 307
1765910 307
1765920 307
1765930 307
1765940 308
1765950 308
1765960 308
1765970 308
1765980 309
1765990 310
1766000 310
1766010 310
1766020 310
1766030 310
1766040 310
1766050 310
1766060 310
1766070 310
1766080 310
1766090 310
1766100 310
1766110 310
1766120 310
1766130 310
1766140 310
1766150 310
1766160 310
1766170 310
1766180 310
1766190 310
1766200 310
1766210 311
1766220 311
1766230 311
1766240 311
1766250 311
1766260 311
1766270 311
1766280 311
1766290 312
1766300 312
1766310 312
1766320 312
1766330 312
1766340 311
1766350 311
1766360 311
1766370 311
1766380 311
1766390 311
1766400 311
1766410 311
1766420 311
1766430 311
1766440 311
1766450 311
1766460 311
1766470 311
1766480 311
1766490 311
1766500 311
1766510 311
1766520 311
1766530 310
1766540 310
1766550 310
1766560 310
1766570 310
1766580 310
1766590 310
1766600 310
1766610 309
1766620 309
1766630 309
1766640 309
1766650 309
1766660 309
1766670 308
1766680 309
1766690 310
1766700 310
1766710 310
1766720 309
1766730 309
1766740 309
1766750 309
1766760 310
1766770 310
1766780 309
1766790 309
1766800 309
1766810 309
1766820 309
1766830 309
1766840 309
1766850 309
1766860 309
1766870 308
1766880 308
1766890 308
1766900 308
1766910 308
1766920 308
1766930 308
1766940 308
1766950 308
1766960 308
1766970 308
1766980 308
1766990 307
1767000 307
1767010 307
1767020 307
1767030 307
1767040 307
1767050 307
1767060 307
1767070 307
1767080 306
1767090 306
1767100 306
1767110 306
1767120 306
1767130 306
1767140 305
1767150 305
1767160 305
1767170 305
1767180 305
1767190 305
1767200 304
1767210 304
1767220 304
1767230 304
1767240 304
1767250 304
1767260 304
1767270 303
1767280 303
1767290 303
1767300 303
1767310 303
1767320 303
1767330 302
1767340 302
1767350 302
1767360 302
1767370 302
1767380 301
1767390 301
1767400 301
1767410 301
1767420 301
1767430 301
1767440 300
1767450 300
1767460 300
1767470 300
1767480 300
1767490 300
1767500 299
1767510 299
1767520 299
1767530 299
1767540 299
1767550 298
1767560 298
1767570 298
1767580 298
1767590 297
1767600 297
1767610 297
1767620 297
1767630 297
1767640 296
1767650 296
1767660 296
1767670 296
1767680 295
1767690 295
1767700 295
1767710 294
1767720 294
1767730 294
1767740 294
1767750 293
1767760 293
1767770 293
1767780 293
1767790 292
1767800 292
1767810 292
1767820 292
1767830 292
1767840 292
1767850 291
1767860 291
1767870 290
1767880 290
1767890 290
1767900 289
1767910 289
1767920 289
1767930 289
1767940 288
1767950 288
1767960 288
1767970 288
1767980 288
1767990 287
1768000 287
1768010 287
1768020 287
1768030 287
1768040 287
1768050 286
1768060 286
1768070 286
1768080 286
1768090 286
1768100 286
1768110 286
1768120 285
1768130 285
1768140 285
1768150 285
1768160 285
1768170 284
1768180 284
1768190 284
1768200 284
1768210 284
1768220 283
1768230 283
1768240 283
1768250 283
1768260 283
1768270 283
1768280 283
1768290 282
1768300 282
1768310 282
1768320 282
1768330 282
1768340 282
1768350 281
1768360 281
1768370 281
1768380 281
1768390 281
1768400 280
1768410 280
1768420 280
1768430 280
1768440 280
1768450 280
1768460 279
1768470 279
1768480 279
1768490 279
1768500 279
1768510 279
1768520 279
1768530 279
1768540 278
1768550 278
1768560 277
1768570 277
1768580 277
1768590 277
1768600 277
1768610 277
1768620 277
1768630 276
1768640 276
1768650 276
1768660 276
1768670 276
1768680 276
1768690 275
1768700 275
1768710 275
1768720 275
1768730 275
1768740 275
1768750 274
1768760 274
1768770 274
1768780 274
1768790 274
1768800 274
1768810 273
1768820 273
1768830 273
1768840 273
1768850 273
1768860 273
1768870 272
1768880 272
1768890 272
1768900 272
1768910 272
1768920 272
1768930 272
1768940 272
1768950 272
1768960 272
1768970 272
1768980 272
1768990 272
1769000 272
1769010 271
1769020 271
1769030 271
1769040 271
1769050 271
1769060 271
1769070 271
1769080 271
1769090 271
1769100 271
1769110 271
1769120 271
1769130 271
1769140 271
1769150 271
1769160 271
1769170 271
1769180 271
1769190 271
1769200 270
1769210 270
1769220 270
1769230 270
1769240 270
1769250 270
1769260 270
1769270 270
1769280 270
1769290 270
1769300 270
1769310 269
1769320 269
1769330 269
1769340 269
1769350 269
1769360 269
1769370 269
1769380 269
1769390 269
1769400 268
1769410 268
1769420 268
1769430 268
1769440 268
1769450 268
1769460 268
1769470 268
1769480 268
1769490 267
1769500 267
1769510 267
1769520 267
1769530 267
1769540 267
1769550 267
1769560 267
1769570 267
1769580 267
1769590 266
1769600 266
1769610 266
1769620 266
1769630 266
1769640 266
1769650 266
1769660 266
1769670 265
1769680 265
1769690 265
1769700 265
1769710 265
1769720 265
1769730 265
1769740 265
1769750 265
1769760 265
1769770 265
1769780 264
1769790 264
1769800 264
1769810 264
1769820 264
1769830 264
1769840 264
1769850 264
1769860 264
1769870 263
1769880 263
1769890 263
1769900 263
1769910 263
1769920 263
1769930 263
1769940 263
1769950 263
1769960 262
1769970 262
1769980 262
1769990 262
1770000 262
1770010 262
1770020 262
1770030 262
1770040 262
1770050 262
1770060 261
1770070 261
1770080 261
1770090 261
1770100 261
1770110 261
1770120 261
1770130 261
1770140 261
1770150 261
1770160 261
1770170 261
1770180 261
1770190 261
1770200 260
1770210 260
1770220 260
1770230 260
1770240 260
1770250 260
1770260 260
1770270 260
1770280 260
1770290 260
1770300 260
1770310 260
1770320 260
1770330 260
1770340 260
1770350 260
1770360 259
1770370 259
1770380 259
1770390 259
1770400 259
1770410 259
1770420 259
1770430 259
1770440 259
1770450 259
1770460 259
1770470 259
1770480 259
1770490 259
1770500 259
1770510 259
1770520 259
1770530 259
1770540 259
1770550 259
1770560 259
1770570 259
1770580 259
1770590 259
1770600 259
1770610 259
1770620 259
1770630 259
1770640 259
1770650 259
1770660 258
1770670 258
1770680 258
1770690 258
1770700 258
1770710 258
1770720 258
1770730 258
1770740 258
1770750 258
1770760 258
1770770 258
1770780 258
1770790 258
1770800 258
1770810 258
1770820 258
1770830 258
1770840 258
1770850 258
1770860 258
1770870 257
1770880 257
1770890 257
1770900 257
1770910 257
1770920 257
1770930 257
1770940 257
1770950 257
1770960 257
1770970 257
1770980 257
1770990 257
1771000 256
1771010 256
1771020 256
1771030 256
1771040 256
1771050 256
1771060 256
1771070 256
1771080 256
1771090 256
1771100 256
1771110 256
1771120 256
1771130 256
1771140 256
1771150 256
1771160 256
1771170 256
1771180 256
1771190 255
1771200 255
1771210 255
1771220 255
1771230 255
1771240 255
1771250 255
1771260 255
1771270 255
1771280 255
1771290 255
1771300 255
1771310 255
1771320 255
1771330 255
1771340 255
1771350 255
1771360 255
1771370 255
1771380 255
1771390 255
1771400 255
1771410 254
1771420 254
1771430 254
1771440 254
1771450 254
1771460 254
1771470 254
1771480 254
1771490 254
1771500 254
1771510 254
1771520 253
1771530 253
1771540 253
1771550 253
1771560 253
1771570 253
1771580 253
1771590 253
1771600 253
1771610 253
1771620 253
1771630 253
1771640 253
1771650 253
1771660 252
1771670 252
1771680 252
1771690 252
1771700 252
1771710 252
1771720 252
1771730 252
1771740 252
1771750 252
1771760 252
1771770 252
1771780 252
1771790 251
1771800 251
1771810 251
1771820 251
1771830 251
1771840 251
1771850 251
1771860 251
1771870 251
1771880 251
1771890 251
1771900 251
1771910 251
1771920 251
1771930 251
1771940 251
1771950 251
1771960 251
1771970 251
1771980 251
1771990 251
1772000 251
1772010 250
1772020 250
1772030 250
1772040 250
1772050 250
1772060 250
1772070 250
1772080 250
1772090 249
1772100 249
1772110 249
1772120 249
1772130 249
1772140 249
1772150 249
1772160 249
1772170 249
1772180 249
1772190 249
1772200 249
1772210 249
1772220 248
1772230 248
1772240 248
1772250 248
1772260 248
1772270 248
1772280 248
1772290 248
1772300 248
1772310 248
1772320 248
1772330 248
1772340 248
1772350 248
1772360 248
1772370 248
1772380 248
1772390 248
1772400 248
1772410 248
1772420 248
1772430 248
1772440 248
1772450 248
1772460 248
1772470 248
1772480 248
1772490 248
1772500 248
1772510 247
1772520 247
1772530 247
1772540 247
1772550 247
1772560 247
1772570 247
1772580 247
1772590 246
1772600 246
1772610 246
1772620 246
1772630 246
1772640 246
1772650 246
1772660 246
1772670 246
1772680 246
1772690 246
1772700 246
1772710 246
1772720 246
1772730 246
1772740 246
1772750 246
1772760 246
1772770 246
1772780 246
1772790 246
1772800 246
1772810 246
1772820 246
1772830 245
1772840 245
1772850 245
1772860 245
1772870 245
1772880 245
1772890 245
1772900 245
1772910 245
1772920 245
1772930 244
1772940 244
1772950 244
1772960 244
1772970 244
1772980 244
1772990 244
1773000 244
1773010 243
1773020 243
1773030 243
1773040 243
1773050 243
1773060 243
1773070 243
1773080 242
1773090 242
1773100 242
1773110 242
1773120 242
1773130 242
1773140 242
1773150 241
1773160 241
1773170 241
1773180 241
1773190 241
1773200 241
1773210 240
1773220 240
1773230 240
1773240 240
1773250 240
1773260 240
1773270 240
1773280 240
1773290 239
1773300 239
1773310 239
1773320 239
1773330 239
1773340 239
1773350 239
1773360 239
1773370 239
1773380 239
1773390 238
1773400 238
1773410 238
1773420 238
1773430 238
1773440 238
1773450 238
1773460 238
1773470 238
1773480 238
1773490 237
1773500 237
1773510 237
1773520 237
1773530 237
1773540 237
1773550 237
1773560 237
1773570 236
1773580 236
1773590 236
1773600 236
1773610 236
1773620 236
1773630 236
1773640 236
1773650 236
1773660 236
1773670 235
1773680 235
1773690 235
1773700 235
1773710 235
1773720 235
1773730 235
1773740 234
1773750 234
1773760 234
1773770 234
1773780 234
1773790 234
1773800 234
1773810 234
1773820 234
1773830 234
1773840 234
1773850 234
1773860 234
1773870 234
1773880 234
1773890 234
1773900 234
1773910 234
1773920 234
1773930 234
1773940 234
1773950 234
1773960 234
1773970 234
1773980 234
1773990 234
1774000 233
1774010 233
1774020 233
1774030 233
1774040 234
1774050 234
1774060 234
1774070 234
1774080 234
1774090 234
1774100 234
1774110 234
1774120 234
1774130 234
1774140 234
1774150 234
1774160 234
1774170 234
1774180 234
1774190 234
1774200 234
1774210 233
1774220 233
1774230 233
1774240 233
1774250 233
1774260 233
1774270 233
1774280 233
1774290 233
1774300 233
1774310 233
1774320 233
1774330 233
1774340 233
1774350 233
1774360 233
1774370 233
1774380 233
1774390 233
1774400 233
1774410 233
1774420 233
1774430 233
1774440 233
1774450 233
1774460 233
1774470 233
1774480 233
1774490 234
1774500 235
1774510 235
1774520 235
1774530 236
1774540 237
1774550 237
1774560 238
1774570 239
1774580 240
1774590 241
1774600 243
1774610 244
1774620 245
1774630 246
1774640 247
1774650 249
1774660 251
1774670 253
1774680 255
1774690 256
1774700 259
1774710 261
1774720 263
1774730 265
1774740 267
1774750 268
1774760 269
1774770 269
1774780 270
1774790 270
1774800 270
1774810 271
1774820 271
1774830 271
1774840 272
1774850 273
1774860 275
1774870 277
1774880 279
1774890 281
1774900 284
1774910 287
1774920 289
1774930 292
1774940 294
1774950 295
1774960 296
1774970 297
1774980 297
1774990 298
1775000 298
1775010 299
1775020 299
1775030 299
1775040 299
1775050 300
1775060 300
1775070 300
1775080 300
1775090 300
1775100 300
1775110 300
1775120 300
1775130 299
1775140 299
1775150 298
1775160 298
1775170 297
1775180 297
1775190 297
1775200 296
1775210 294
1775220 292
1775230 290
1775240 289
1775250 287
1775260 286
1775270 285
1775280 284
1775290 283
1775300 282
1775310 281
1775320 281
1775330 280
1775340 280
1775350 280
1775360 280
1775370 279
1775380 279
1775390 279
1775400 279
1775410 279
1775420 280
1775430 279
1775440 280
1775450 280
1775460 281
1775470 283
1775480 286
1775490 288
1775500 288
1775510 289
1775520 290
1775530 290
1775540 290
1775550 290
1775560 290
1775570 290
1775580 290
1775590 290
1775600 290
1775610 290
1775620 290
1775630 291
1775640 292
1775650 292
1775660 293
1775670 294
1775680 295
1775690 295
1775700 296
1775710 297
1775720 297
1775730 298
1775740 299
1775750 299
1775760 300
1775770 300
1775780 301
1775790 302
1775800 302
1775810 303
1775820 303
1775830 304
1775840 305
1775850 305
1775860 306
1775870 306
1775880 307
1775890 307
1775900 308
1775910 308
1775920 309
1775930 309
1775940 310
1775950 310
1775960 311
1775970 311
1775980 312
1775990 313
1776000 313
1776010 314
1776020 315
1776030 315
1776040 316
1776050 316
1776060 318
1776070 319
1776080 319
1776090 319
1776100 320
1776110 320
1776120 321
1776130 322
1776140 322
1776150 323
1776160 324
1776170 325
1776180 326
1776190 327
1776200 328
1776210 329
1776220 330
1776230 331
1776240 332
1776250 333
1776260 334
1776270 335
1776280 337
1776290 338
1776300 338
1776310 339
1776320 340
1776330 341
1776340 341
1776350 343
1776360 343
1776370 344
1776380 345
1776390 345
1776400 345
1776410 345
1776420 345
1776430 345
1776440 345
1776450 345
1776460 345
1776470 345
1776480 345
1776490 345
1776500 345
1776510 345
1776520 345
1776530 345
1776540 345
1776550 345
1776560 345
1776570 345
1776580 345
1776590 345
1776600 345
1776610 345
1776620 345
1776630 345
1776640 345
1776650 345
1776660 345
1776670 345
1776680 345
1776690 345
1776700 345
1776710 345
1776720 345
1776730 344
1776740 344
1776750 344
1776760 344
1776770 344
1776780 344
1776790 344
1776800 344
1776810 344
1776820 343
1776830 343
1776840 343
1776850 343
1776860 343
1776870 343
1776880 343
1776890 343
1776900 343
1776910 343
1776920 343
1776930 342
1776940 342
1776950 342
1776960 342
1776970 342
1776980 342
1776990 342
1777000 342
1777010 342
1777020 342
1777030 342
1777040 342
1777050 342
1777060 342
1777070 341
1777080 341
1777090 341
1777100 341
1777110 341
1777120 341
1777130 341
1777140 341
1777150 341
1777160 341
1777170 341
1777180 341
1777190 341
1777200 340
1777210 340
1777220 340
1777230 340
1777240 340
1777250 340
1777260 340
1777270 339
1777280 339
1777290 339
1777300 339
1777310 339
1777320 339
1777330 338
1777340 338
1777350 338
1777360 338
1777370 338
1777380 338
1777390 337
1777400 337
1777410 337
1777420 337
1777430 337
1777440 336
1777450 336
1777460 336
1777470 335
1777480 335
1777490 335
1777500 335
1777510 334
1777520 334
1777530 333
1777540 333
1777550 332
1777560 332
1777570 331
1777580 331
1777590 330
1777600 329
1777610 328
1777620 327
1777630 327
1777640 326
1777650 325
1777660 325
1777670 324
1777680 324
1777690 323
1777700 322
1777710 322
1777720 321
1777730 321
1777740 321
1777750 320
1777760 320
1777770 320
1777780 321
1777790 321
1777800 321
1777810 321
1777820 321
1777830 321
1777840 321
1777850 321
1777860 321
1777870 321
1777880 321
1777890 321
1777900 321
1777910 321
1777920 321
1777930 321
1777940 320
1777950 320
1777960 320
1777970 320
1777980 319
1777990 319
1778000 319
1778010 318
1778020 318
1778030 317
1778040 317
1778050 317
1778060 316
1778070 316
1778080 315
1778090 315
1778100 314
1778110 314
1778120 313
1778130 313
1778140 312
1778150 312
1778160 311
1778170 311
1778180 310
1778190 310
1778200 309
1778210 309
1778220 309
1778230 308
1778240 308
1778250 308
1778260 308
1778270 307
1778280 307
1778290 307
1778300 307
1778310 306
1778320 306
1778330 306
1778340 305
1778350 305
1778360 305
1778370 305
1778380 304
1778390 304
1778400 304
1778410 304
1778420 304
1778430 304
1778440 304
1778450 304
1778460 304
1778470 304
1778480 305
1778490 305
1778500 305
1778510 305
1778520 305
1778530 305
1778540 305
1778550 305
1778560 305
1778570 305
1778580 305
1778590 305
1778600 305
1778610 305
1778620 305
1778630 304
1778640 304
1778650 304
1778660 304
1778670 304
1778680 303
1778690 303
1778700 303
1778710 302
1778720 302
1778730 301
1778740 301
1778750 300
1778760 300
1778770 300
1778780 299
1778790 299
1778800 299
1778810 298
1778820 298
1778830 298
1778840 298
1778850 298
1778860 297
1778870 298
1778880 298
1778890 298
1778900 298
1778910 298
1778920 298
1778930 298
1778940 298
1778950 298
1778960 298
1778970 298
1778980 298
1778990 298
1779000 298
1779010 298
1779020 298
1779030 298
1779040 298
1779050 298
1779060 298
1779070 298
1779080 298
1779090 298
1779100 298
1779110 298
1779120 298
1779130 299
1779140 299
1779150 299
1779160 300
1779170 300
1779180 300
1779190 300
1779200 300
1779210 300
1779220 300
1779230 300
1779240 300
1779250 301
1779260 301
1779270 301
1779280 301
1779290 302
1779300 302
1779310 302
1779320 302
1779330 302
1779340 303
1779350 303
1779360 303
1779370 303
1779380 304
1779390 304
1779400 304
1779410 304
1779420 305
1779430 305
1779440 305
1779450 306
1779460 306
1779470 306
1779480 307
1779490 307
1779500 308
1779510 308
1779520 309
1779530 309
1779540 309
1779550 310
1779560 310
1779570 311
1779580 311
1779590 311
1779600 312
1779610 312
1779620 313
1779630 313
1779640 313
1779650 313
1779660 314
1779670 314
1779680 314
1779690 314
1779700 314
1779710 315
1779720 315
1779730 315
1779740 315
1779750 315
1779760 316
1779770 316
1779780 316
1779790 316
1779800 316
1779810 316
1779820 316
1779830 316
1779840 316
1779850 317
1779860 317
1779870 317
1779880 317
1779890 317
1779900 317
1779910 317
1779920 317
1779930 317
1779940 317
1779950 317
1779960 318
1779970 317
1779980 317
1779990 317
