1761140 398
1761150 398
1761160 397
1761170 397
1761180 397
1761190 396
1761200 396
1761210 395
1761220 395
1761230 395
1761240 394
1761250 394
1761260 394
1761270 394
1761280 394
1761290 393
1761300 393
1761310 393
1761320 393
1761330 393
1761340 393
1761350 393
1761360 393
1761370 393
1761380 393
1761390 392
1761400 392
1761410 392
1761420 392
1761430 392
1761440 392
1761450 392
1761460 392
1761470 392
1761480 391
1761490 391
1761500 391
1761510 391
1761520 391
1761530 391
1761540 391
1761550 391
1761560 391
1761570 391
1761580 391
1761590 391
1761600 391
1761610 392
1761620 392
1761630 392
1761640 392
1761650 392
1761660 394
1761670 394
1761680 393
1761690 393
1761700 393
1761710 393
1761720 394
1761730 394
1761740 394
1761750 394
1761760 394
1761770 395
1761780 395
1761790 395
1761800 395
1761810 395
1761820 395
1761830 395
1761840 395
1761850 395
1761860 395
1761870 395
1761880 395
1761890 395
1761900 394
1761910 394
1761920 394
1761930 394
1761940 394
1761950 394
1761960 394
1761970 394
1761980 394
1761990 394
1762000 395
1762010 395
1762020 395
1762030 395
1762040 395
1762050 395
1762060 395
1762070 395
1762080 395
1762090 395
1762100 395
1762110 396
1762120 396
1762130 396
1762140 396
1762150 396
1762160 396
1762170 396
1762180 396
1762190 396
1762200 396
1762210 395
1762220 395
1762230 395
1762240 395
1762250 395
1762260 395
1762270 395
1762280 395
1762290 396
1762300 396
1762310 396
1762320 396
1762330 396
1762340 396
1762350 396
1762360 396
1762370 396
1762380 396
1762390 397
1762400 397
1762410 397
1762420 396
1762430 396
1762440 396
1762450 396
1762460 395
1762470 395
1762480 395
1762490 394
1762500 394
1762510 394
1762520 393
1762530 393
1762540 392
1762550 392
1762560 391
1762570 391
1762580 390
1762590 390
1762600 389
1762610 389
1762620 388
1762630 387
1762640 387
1762650 386
1762660 385
1762670 384
1762680 384
1762690 383
1762700 383
1762710 382
1762720 382
1762730 381
1762740 381
1762750 381
1762760 380
1762770 380
1762780 379
1762790 379
1762800 378
1762810 378
1762820 378
1762830 377
1762840 377
1762850 377
1762860 377
1762870 376
1762880 376
1762890 376
1762900 375
1762910 375
1762920 375
1762930 374
1762940 373
1762950 372
1762960 371
1762970 370
1762980 368
1762990 367
1763000 366
1763010 365
1763020 365
1763030 365
1763040 364
1763050 364
1763060 364
1763070 364
1763080 364
1763090 364
1763100 365
1763110 365
1763120 365
1763130 366
1763140 366
1763150 366
1763160 366
1763170 366
1763180 366
1763190 366
1763200 366
1763210 366
1763220 366
1763230 366
1763240 366
1763250 366
1763260 367
1763270 367
1763280 367
1763290 367
1763300 367
1763310 367
1763320 367
1763330 367
1763340 367
1763350 367
1763360 366
1763370 366
1763380 366
1763390 366
1763400 366
1763410 365
1763420 365
1763430 364
1763440 364
1763450 363
1763460 363
1763470 362
1763480 362
1763490 361
1763500 360
1763510 360
1763520 359
1763530 358
1763540 357
1763550 357
1763560 356
1763570 356
1763580 355
1763590 355
1763600 354
1763610 353
1763620 353
1763630 352
1763640 352
1763650 351
1763660 350
1763670 349
1763680 348
1763690 348
1763700 347
1763710 347
1763720 346
1763730 345
1763740 345
1763750 344
1763760 344
1763770 343
1763780 342
1763790 342
1763800 341
1763810 341
1763820 340
1763830 339
1763840 339
1763850 338
1763860 338
1763870 337
1763880 337
1763890 336
1763900 336
1763910 336
1763920 336
1763930 336
1763940 335
1763950 334
1763960 334
1763970 333
1763980 332
1763990 332
1764000 332
1764010 331
1764020 331
1764030 330
1764040 330
1764050 330
1764060 330
1764070 329
1764080 329
1764090 329
1764100 329
1764110 328
1764120 327
1764130 327
1764140 326
1764150 326
1764160 325
1764170 325
1764180 325
1764190 324
1764200 324
1764210 324
1764220 323
1764230 323
1764240 323
1764250 322
1764260 322
1764270 322
1764280 322
1764290 322
1764300 322
1764310 321
1764320 321
1764330 320
1764340 320
1764350 320
1764360 319
1764370 319
1764380 319
1764390 318
1764400 318
1764410 318
1764420 318
1764430 318
1764440 317
1764450 317
1764460 317
1764470 316
1764480 316
1764490 316
1764500 316
1764510 316
1764520 316
1764530 316
1764540 316
1764550 316
1764560 316
1764570 316
1764580 316
1764590 316
1764600 316
1764610 316
1764620 315
1764630 315
1764640 315
1764650 316
1764660 316
1764670 316
1764680 315
1764690 315
1764700 315
1764710 314
1764720 313
1764730 313
1764740 313
1764750 312
1764760 312
1764770 312
1764780 312
1764790 312
1764800 312
1764810 312
1764820 312
1764830 312
1764840 312
1764850 312
1764860 312
1764870 312
1764880 312
1764890 312
1764900 312
1764910 312
1764920 312
1764930 312
1764940 312
1764950 312
1764960 312
1764970 312
1764980 312
1764990 312
1765000 312
1765010 312
1765020 311
1765030 312
1765040 312
1765050 312
1765060 312
1765070 312
1765080 312
1765090 312
1765100 312
1765110 312
1765120 312
1765130 312
1765140 312
1765150 312
1765160 312
1765170 312
1765180 312
1765190 312
1765200 312
1765210 312
1765220 313
1765230 313
1765240 313
1765250 313
1765260 313
1765270 313
1765280 313
1765290 314
1765300 314
1765310 314
1765320 314
1765330 314
1765340 314
1765350 314
1765360 314
1765370 314
1765380 315
1765390 315
1765400 315
1765410 315
1765420 315
1765430 316
1765440 316
1765450 316
1765460 316
1765470 316
1765480 317
1765490 317
1765500 317
1765510 317
1765520 318
1765530 318
1765540 318
1765550 318
1765560 318
1765570 319
1765580 319
1765590 319
1765600 320
1765610 320
1765620 321
1765630 322
1765640 322
1765650 322
1765660 322
1765670 322
1765680 322
1765690 323
1765700 323
1765710 323
1765720 324
1765730 324
1765740 324
1765750 324
1765760 325
1765770 325
1765780 325
1765790 325
1765800 325
1765810 325
1765820 326
1765830 326
1765840 326
1765850 326
1765860 326
1765870 326
1765880 327
1765890 327
1765900 327
1765910 327
1765920 327
1765930 327
1765940 327
1765950 327
1765960 327
1765970 327
1765980 327
1765990 327
1766000 327
1766010 327
1766020 328
1766030 328
1766040 328
1766050 328
1766060 328
1766070 328
1766080 328
1766090 329
1766100 329
1766110 329
1766120 329
1766130 329
1766140 329
1766150 329
1766160 329
1766170 328
1766180 328
1766190 328
1766200 328
1766210 328
1766220 328
1766230 328
1766240 328
1766250 328
1766260 328
1766270 328
1766280 328
1766290 328
1766300 328
1766310 328
1766320 328
1766330 328
1766340 328
1766350 328
1766360 327
1766370 327
1766380 327
1766390 327
1766400 327
1766410 327
1766420 327
1766430 327
1766440 327
1766450 327
1766460 327
1766470 327
1766480 326
1766490 326
1766500 326
1766510 326
1766520 326
1766530 326
1766540 325
1766550 325
1766560 325
1766570 325
1766580 325
1766590 324
1766600 324
1766610 324
1766620 324
1766630 324
1766640 323
1766650 323
1766660 323
1766670 323
1766680 323
1766690 322
1766700 322
1766710 322
1766720 321
1766730 321
1766740 321
1766750 320
1766760 320
1766770 320
1766780 319
1766790 319
1766800 318
1766810 318
1766820 318
1766830 317
1766840 317
1766850 317
1766860 316
1766870 316
1766880 316
1766890 315
1766900 315
1766910 315
1766920 314
1766930 314
1766940 314
1766950 313
1766960 313
1766970 313
1766980 312
1766990 312
1767000 312
1767010 311
1767020 311
1767030 311
1767040 311
1767050 310
1767060 310
1767070 310
1767080 309
1767090 309
1767100 309
1767110 309
1767120 308
1767130 308
1767140 308
1767150 308
1767160 307
1767170 307
1767180 307
1767190 307
1767200 306
1767210 306
1767220 306
1767230 306
1767240 305
1767250 305
1767260 305
1767270 305
1767280 305
1767290 304
1767300 304
1767310 304
1767320 304
1767330 304
1767340 304
1767350 303
1767360 303
1767370 303
1767380 303
1767390 303
1767400 303
1767410 302
1767420 302
1767430 302
1767440 302
1767450 302
1767460 301
1767470 301
1767480 301
1767490 301
1767500 301
1767510 300
1767520 300
1767530 300
1767540 300
1767550 299
1767560 299
1767570 299
1767580 299
1767590 298
1767600 298
1767610 298
1767620 297
1767630 297
1767640 297
1767650 297
1767660 296
1767670 296
1767680 296
1767690 296
1767700 295
1767710 295
1767720 295
1767730 295
1767740 294
1767750 294
1767760 294
1767770 294
1767780 293
1767790 293
1767800 293
1767810 293
1767820 293
1767830 292
1767840 292
1767850 292
1767860 292
1767870 291
1767880 291
1767890 291
1767900 291
1767910 291
1767920 290
1767930 290
1767940 290
1767950 290
1767960 290
1767970 289
1767980 289
1767990 289
1768000 289
1768010 288
1768020 288
1768030 288
1768040 288
1768050 288
1768060 287
1768070 287
1768080 287
1768090 287
1768100 287
1768110 287
1768120 286
1768130 286
1768140 286
1768150 286
1768160 286
1768170 285
1768180 285
1768190 285
1768200 285
1768210 285
1768220 284
1768230 284
1768240 284
1768250 284
1768260 284
1768270 283
1768280 283
1768290 283
1768300 283
1768310 283
1768320 283
1768330 282
1768340 282
1768350 282
1768360 282
1768370 282
1768380 282
1768390 282
1768400 282
1768410 282
1768420 282
1768430 281
1768440 281
1768450 281
1768460 281
1768470 281
1768480 280
1768490 280
1768500 280
1768510 280
1768520 280
1768530 280
1768540 280
1768550 279
1768560 279
1768570 279
1768580 279
1768590 279
1768600 279
1768610 279
1768620 279
1768630 278
1768640 278
1768650 278
1768660 278
1768670 278
1768680 278
1768690 278
1768700 278
1768710 277
1768720 277
1768730 277
1768740 277
1768750 277
1768760 277
1768770 277
1768780 277
1768790 276
1768800 276
1768810 276
1768820 276
1768830 276
1768840 276
1768850 276
1768860 276
1768870 275
1768880 275
1768890 275
1768900 275
1768910 275
1768920 275
1768930 275
1768940 275
1768950 275
1768960 275
1768970 275
1768980 275
1768990 275
1769000 274
1769010 274
1769020 274
1769030 274
1769040 274
1769050 274
1769060 274
1769070 273
1769080 273
1769090 273
1769100 273
1769110 273
1769120 273
1769130 273
1769140 273
1769150 273
1769160 273
1769170 273
1769180 273
1769190 272
1769200 272
1769210 272
1769220 272
1769230 272
1769240 272
1769250 272
1769260 272
1769270 272
1769280 272
1769290 272
1769300 272
1769310 272
1769320 272
1769330 272
1769340 272
1769350 272
1769360 272
1769370 271
1769380 271
1769390 271
1769400 271
1769410 271
1769420 271
1769430 271
1769440 271
1769450 271
1769460 271
1769470 270
1769480 270
1769490 270
1769500 270
1769510 270
1769520 270
1769530 270
1769540 270
1769550 270
1769560 269
1769570 269
1769580 269
1769590 269
1769600 269
1769610 269
1769620 269
1769630 269
1769640 269
1769650 269
1769660 269
1769670 269
1769680 269
1769690 269
1769700 268
1769710 268
1769720 268
1769730 268
1769740 268
1769750 268
1769760 268
1769770 268
1769780 268
1769790 268
1769800 268
1769810 267
1769820 267
1769830 267
1769840 267
1769850 267
1769860 267
1769870 267
1769880 267
1769890 267
1769900 267
1769910 267
1769920 267
1769930 267
1769940 266
1769950 266
1769960 266
1769970 266
1769980 266
1769990 266
1770000 266
1770010 266
1770020 266
1770030 266
1770040 266
1770050 266
1770060 265
1770070 265
1770080 265
1770090 265
1770100 265
1770110 265
1770120 265
1770130 265
1770140 265
1770150 265
1770160 265
1770170 265
1770180 265
1770190 265
1770200 265
1770210 264
1770220 264
1770230 264
1770240 264
1770250 264
1770260 264
1770270 264
1770280 264
1770290 264
1770300 263
1770310 263
1770320 263
1770330 263
1770340 263
1770350 263
1770360 263
1770370 263
1770380 263
1770390 262
1770400 262
1770410 262
1770420 262
1770430 262
1770440 262
1770450 262
1770460 262
1770470 262
1770480 261
1770490 261
1770500 261
1770510 261
1770520 261
1770530 261
1770540 261
1770550 261
1770560 261
1770570 261
1770580 261
1770590 261
1770600 261
1770610 261
1770620 260
1770630 260
1770640 260
1770650 260
1770660 260
1770670 260
1770680 260
1770690 260
1770700 260
1770710 260
1770720 259
1770730 259
1770740 259
1770750 259
1770760 259
1770770 259
1770780 259
1770790 259
1770800 259
1770810 259
1770820 259
1770830 259
1770840 259
1770850 259
1770860 259
1770870 259
1770880 258
1770890 258
1770900 258
1770910 258
1770920 258
1770930 258
1770940 258
1770950 258
1770960 258
1770970 258
1770980 258
1770990 258
1771000 258
1771010 258
1771020 258
1771030 258
1771040 258
1771050 258
1771060 258
1771070 257
1771080 257
1771090 257
1771100 257
1771110 257
1771120 257
1771130 257
1771140 257
1771150 257
1771160 257
1771170 256
1771180 256
1771190 256
1771200 256
1771210 256
1771220 256
1771230 256
1771240 256
1771250 256
1771260 256
1771270 256
1771280 256
1771290 256
1771300 255
1771310 255
1771320 255
1771330 255
1771340 255
1771350 255
1771360 255
1771370 255
1771380 254
1771390 254
1771400 254
1771410 254
1771420 254
1771430 254
1771440 254
1771450 254
1771460 254
1771470 254
1771480 254
1771490 254
1771500 253
1771510 253
1771520 253
1771530 253
1771540 253
1771550 253
1771560 253
1771570 253
1771580 253
1771590 253
1771600 253
1771610 253
1771620 253
1771630 253
1771640 253
1771650 253
1771660 252
1771670 252
1771680 252
1771690 252
1771700 252
1771710 252
1771720 252
1771730 252
1771740 252
1771750 252
1771760 252
1771770 252
1771780 252
1771790 252
1771800 253
1771810 253
1771820 252
1771830 252
1771840 252
1771850 252
1771860 251
1771870 251
1771880 251
1771890 251
1771900 251
1771910 251
1771920 251
1771930 251
1771940 251
1771950 251
1771960 251
1771970 251
1771980 251
1771990 250
1772000 250
1772010 250
1772020 250
1772030 250
1772040 250
1772050 250
1772060 250
1772070 250
1772080 250
1772090 250
1772100 249
1772110 249
1772120 249
1772130 249
1772140 249
1772150 249
1772160 249
1772170 249
1772180 248
1772190 248
1772200 248
1772210 247
1772220 247
1772230 247
1772240 247
1772250 248
1772260 247
1772270 247
1772280 247
1772290 247
1772300 247
1772310 247
1772320 247
1772330 247
1772340 247
1772350 247
1772360 247
1772370 247
1772380 247
1772390 247
1772400 246
1772410 246
1772420 246
1772430 246
1772440 246
1772450 246
1772460 246
1772470 246
1772480 246
1772490 246
1772500 246
1772510 246
1772520 246
1772530 246
1772540 245
1772550 245
1772560 245
1772570 245
1772580 245
1772590 244
1772600 244
1772610 244
1772620 244
1772630 243
1772640 243
1772650 243
1772660 243
1772670 243
1772680 242
1772690 242
1772700 242
1772710 242
1772720 241
1772730 241
1772740 241
1772750 240
1772760 240
1772770 240
1772780 240
1772790 240
1772800 239
1772810 239
1772820 239
1772830 239
1772840 239
1772850 239
1772860 239
1772870 238
1772880 238
1772890 238
1772900 238
1772910 238
1772920 238
1772930 238
1772940 238
1772950 238
1772960 238
1772970 238
1772980 237
1772990 238
1773000 238
1773010 238
1773020 238
1773030 238
1773040 238
1773050 238
1773060 238
1773070 237
1773080 237
1773090 237
1773100 237
1773110 237
1773120 237
1773130 237
1773140 237
1773150 237
1773160 237
1773170 237
1773180 237
1773190 237
1773200 237
1773210 237
1773220 237
1773230 237
1773240 237
1773250 237
1773260 237
1773270 237
1773280 237
1773290 237
1773300 237
1773310 237
1773320 237
1773330 237
1773340 237
1773350 237
1773360 237
1773370 237
1773380 237
1773390 237
1773400 237
1773410 237
1773420 237
1773430 237
1773440 236
1773450 236
1773460 236
1773470 236
1773480 236
1773490 236
1773500 236
1773510 236
1773520 236
1773530 236
1773540 236
1773550 236
1773560 236
1773570 236
1773580 236
1773590 236
1773600 235
1773610 235
1773620 235
1773630 235
1773640 235
1773650 235
1773660 235
1773670 235
1773680 235
1773690 235
1773700 235
1773710 235
1773720 235
1773730 235
1773740 235
1773750 235
1773760 235
1773770 235
1773780 235
1773790 235
1773800 235
1773810 234
1773820 234
1773830 234
1773840 234
1773850 234
1773860 234
1773870 234
1773880 234
1773890 234
1773900 234
1773910 234
1773920 234
1773930 234
1773940 234
1773950 234
1773960 234
1773970 234
1773980 234
1773990 234
1774000 234
1774010 234
1774020 234
1774030 234
1774040 234
1774050 234
1774060 234
1774070 234
1774080 234
1774090 234
1774100 233
1774110 233
1774120 233
1774130 234
1774140 234
1774150 234
1774160 233
1774170 233
1774180 233
1774190 233
1774200 233
1774210 233
1774220 233
1774230 233
1774240 233
1774250 234
1774260 234
1774270 234
1774280 234
1774290 234
1774300 234
1774310 234
1774320 234
1774330 234
1774340 234
1774350 234
1774360 234
1774370 234
1774380 234
1774390 234
1774400 234
1774410 234
1774420 234
1774430 235
1774440 235
1774450 235
1774460 235
1774470 235
1774480 236
1774490 237
1774500 238
1774510 238
1774520 238
1774530 238
1774540 238
1774550 238
1774560 239
1774570 240
1774580 240
1774590 241
1774600 242
1774610 242
1774620 243
1774630 244
1774640 245
1774650 245
1774660 246
1774670 247
1774680 248
1774690 249
1774700 250
1774710 252
1774720 252
1774730 253
1774740 253
1774750 255
1774760 255
1774770 256
1774780 258
1774790 259
1774800 260
1774810 262
1774820 263
1774830 264
1774840 264
1774850 265
1774860 266
1774870 267
1774880 268
1774890 268
1774900 269
1774910 270
1774920 271
1774930 272
1774940 272
1774950 273
1774960 273
1774970 274
1774980 275
1774990 276
1775000 276
1775010 277
1775020 278
1775030 279
1775040 280
1775050 281
1775060 283
1775070 284
1775080 286
1775090 287
1775100 289
1775110 291
1775120 293
1775130 295
1775140 298
1775150 301
1775160 304
1775170 307
1775180 309
1775190 312
1775200 313
1775210 315
1775220 315
1775230 316
1775240 316
1775250 317
1775260 318
1775270 318
1775280 319
1775290 320
1775300 320
1775310 321
1775320 322
1775330 322
1775340 322
1775350 323
1775360 323
1775370 323
1775380 323
1775390 323
1775400 323
1775410 323
1775420 323
1775430 322
1775440 322
1775450 321
1775460 321
1775470 321
1775480 320
1775490 320
1775500 319
1775510 319
1775520 320
1775530 320
1775540 321
1775550 322
1775560 322
1775570 323
1775580 323
1775590 324
1775600 324
1775610 324
1775620 324
1775630 325
1775640 325
1775650 325
1775660 325
1775670 325
1775680 326
1775690 326
1775700 326
1775710 326
1775720 327
1775730 327
1775740 328
1775750 328
1775760 328
1775770 329
1775780 329
1775790 329
1775800 330
1775810 330
1775820 331
1775830 331
1775840 332
1775850 332
1775860 332
1775870 333
1775880 333
1775890 333
1775900 334
1775910 334
1775920 334
1775930 335
1775940 335
1775950 335
1775960 335
1775970 336
1775980 336
1775990 336
1776000 337
1776010 337
1776020 338
1776030 338
1776040 339
1776050 340
1776060 341
1776070 342
1776080 343
1776090 344
1776100 344
1776110 345
1776120 345
1776130 345
1776140 345
1776150 346
1776160 346
1776170 346
1776180 346
1776190 345
1776200 345
1776210 345
1776220 345
1776230 345
1776240 345
1776250 345
1776260 345
1776270 345
1776280 345
1776290 345
1776300 345
1776310 345
1776320 345
1776330 345
1776340 344
1776350 344
1776360 344
1776370 344
1776380 344
1776390 344
1776400 344
1776410 343
1776420 343
1776430 343
1776440 343
1776450 343
1776460 342
1776470 342
1776480 342
1776490 342
1776500 341
1776510 341
1776520 341
1776530 340
1776540 340
1776550 339
1776560 339
1776570 338
1776580 337
1776590 337
1776600 336
1776610 335
1776620 335
1776630 334
1776640 333
1776650 332
1776660 332
1776670 331
1776680 330
1776690 329
1776700 328
1776710 327
1776720 326
1776730 325
1776740 325
1776750 324
1776760 323
1776770 322
1776780 321
1776790 320
1776800 319
1776810 318
1776820 317
1776830 317
1776840 316
1776850 316
1776860 316
1776870 316
1776880 316
1776890 316
1776900 317
1776910 318
1776920 319
1776930 320
1776940 321
1776950 321
1776960 322
1776970 322
1776980 321
1776990 321
1777000 321
1777010 320
1777020 320
1777030 320
1777040 320
1777050 320
1777060 319
1777070 319
1777080 319
1777090 318
1777100 318
1777110 318
1777120 317
1777130 317
1777140 316
1777150 316
1777160 316
1777170 315
1777180 315
1777190 315
1777200 314
1777210 314
1777220 313
1777230 312
1777240 312
1777250 311
1777260 311
1777270 310
1777280 310
1777290 309
1777300 309
1777310 308
1777320 308
1777330 307
1777340 306
1777350 305
1777360 304
1777370 304
1777380 303
1777390 304
1777400 304
1777410 304
1777420 305
1777430 305
1777440 305
1777450 305
1777460 305
1777470 304
1777480 304
1777490 304
1777500 304
1777510 304
1777520 304
1777530 304
1777540 305
1777550 305
1777560 306
1777570 306
1777580 307
1777590 307
1777600 308
1777610 309
1777620 309
1777630 310
1777640 311
1777650 312
1777660 313
1777670 313
1777680 314
1777690 314
1777700 314
1777710 313
1777720 313
1777730 312
1777740 311
1777750 310
1777760 310
1777770 310
1777780 310
1777790 311
1777800 312
1777810 313
1777820 314
1777830 314
1777840 315
1777850 316
1777860 316
1777870 317
1777880 317
1777890 317
1777900 317
1777910 317
1777920 317
1777930 317
1777940 317
1777950 316
1777960 316
1777970 316
1777980 316
1777990 316
1778000 316
1778010 316
1778020 316
1778030 316
1778040 315
1778050 315
1778060 315
1778070 315
1778080 315
1778090 315
1778100 315
1778110 315
1778120 315
1778130 315
1778140 315
1778150 315
1778160 315
1778170 315
1778180 315
1778190 315
1778200 315
1778210 316
1778220 316
1778230 316
1778240 316
1778250 316
1778260 316
1778270 316
1778280 316
1778290 316
1778300 316
1778310 316
1778320 316
1778330 316
1778340 316
1778350 316
1778360 316
1778370 316
1778380 316
1778390 315
1778400 315
1778410 315
1778420 315
1778430 315
1778440 315
1778450 315
1778460 315
1778470 315
1778480 315
1778490 315
1778500 315
1778510 315
1778520 315
1778530 315
1778540 316
1778550 316
1778560 316
1778570 316
1778580 316
1778590 316
1778600 317
1778610 317
1778620 317
1778630 317
1778640 317
1778650 317
1778660 317
1778670 317
1778680 317
1778690 317
1778700 317
1778710 317
1778720 317
1778730 317
1778740 317
1778750 317
1778760 317
1778770 317
1778780 317
1778790 317
1778800 317
1778810 317
1778820 317
1778830 317
1778840 317
1778850 317
1778860 317
1778870 318
1778880 318
1778890 318
1778900 318
1778910 318
1778920 318
1778930 318
1778940 318
1778950 318
1778960 318
1778970 318
1778980 318
1778990 318
1779000 318
1779010 318
1779020 318
1779030 318
1779040 318
1779050 318
1779060 318
1779070 318
1779080 318
1779090 318
1779100 318
1779110 318
1779120 318
1779130 318
1779140 318
1779150 318
1779160 318
1779170 317
1779180 317
1779190 317
1779200 317
1779210 317
1779220 317
1779230 317
1779240 317
1779250 317
1779260 317
1779270 317
1779280 317
1779290 317
1779300 317
1779310 317
1779320 317
1779330 317
1779340 317
1779350 316
1779360 316
1779370 316
1779380 316
1779390 316
1779400 316
1779410 316
1779420 315
1779430 315
1779440 315
1779450 315
1779460 315
1779470 315
1779480 315
1779490 315
1779500 314
1779510 314
1779520 314
1779530 314
1779540 314
1779550 313
1779560 313
1779570 313
1779580 313
1779590 312
1779600 312
1779610 312
1779620 312
1779630 312
1779640 311
1779650 311
1779660 311
1779670 311
1779680 310
1779690 310
1779700 310
1779710 310
1779720 310
1779730 309
1779740 309
1779750 309
1779760 309
1779770 309
1779780 309
1779790 309
1779800 309
1779810 309
1779820 308
1779830 308
1779840 308
1779850 308
1779860 308
1779870 308
1779880 308
1779890 308
1779900 308
1779910 308
1779920 308
1779930 308
1779940 308
1779950 308
1779960 308
1779970 308
1779980 307
1779990 307
1760000 410
1760010 410
1760020 411
1760030 411
1760040 412
1760050 413
1760060 414
1760070 415
1760080 416
1760090 417
1760100 418
1760110 419
1760120 419
1760130 419
1760140 420
1760150 420
1760160 420
1760170 421
1760180 421
1760190 421
1760200 421
1760210 421
1760220 422
1760230 422
1760240 423
1760250 424
1760260 425
1760270 426
1760280 426
1760290 427
1760300 428
1760310 428
1760320 428
1760330 429
1760340 429
1760350 429
1760360 429
1760370 429
1760380 429
1760390 430
1760400 429
1760410 429
1760420 428
1760430 427
1760440 426
1760450 425
1760460 424
1760470 423
1760480 422
1760490 421
1760500 421
1760510 420
1760520 420
1760530 419
1760540 418
1760550 418
1760560 417
1760570 417
1760580 416
1760590 416
1760600 416
1760610 415
1760620 415
1760630 415
1760640 415
1760650 415
1760660 415
1760670 415
1760680 415
1760690 415
1760700 415
1760710 415
1760720 415
1760730 415
1760740 415
1760750 415
1760760 414
1760770 414
1760780 414
1760790 414
1760800 414
1760810 414
1760820 414
1760830 414
1760840 413
1760850 413
1760860 413
1760870 412
1760880 412
1760890 411
1760900 411
1760910 410
1760920 409
1760930 409
1760940 408
1760950 407
1760960 407
1760970 406
1760980 405
1760990 405
1761000 404
1761010 403
1761020 403
1761030 402
1761040 402
1761050 401
1761060 401
1761070 400
1761080 400
1761090 400
1761100 399
1761110 399
1761120 399
1761130 398
1761140 398
1761150 398
1761160 397
1761170 397
1761180 397
