1760000 372
1760010 372
1760020 372
1760030 372
1760040 372
1760050 372
1760060 372
1760070 371
1760080 371
1760090 371
1760100 372
1760110 372
1760120 372
1760130 371
1760140 371
1760150 371
1760160 371
1760170 371
1760180 371
1760190 371
1760200 371
1760210 372
1760220 372
1760230 373
1760240 373
1760250 373
1760260 373
1760270 373
1760280 373
1760290 373
1760300 373
1760310 373
1760320 373
1760330 373
1760340 373
1760350 373
1760360 373
1760370 372
1760380 372
1760390 372
1760400 372
1760410 372
1760420 372
1760430 372
1760440 372
1760450 371
1760460 371
1760470 371
1760480 371
1760490 371
1760500 370
1760510 370
1760520 370
1760530 369
1760540 369
1760550 368
1760560 368
1760570 368
1760580 369
1760590 370
1760600 372
1760610 374
1760620 374
1760630 375
1762490 347
1762500 350
1762510 354
1762520 357
1762530 360
1762540 363
1762550 367
1762560 370
1762570 373
1762580 375
1762590 376
1762600 377
1762610 377
1762620 377
1762630 378
1762640 379
1762650 379
1762660 380
1762670 381
1762680 381
1762690 381
1762700 382
1762710 382
1762720 382
1762730 381
1762740 381
1762750 381
1770070 268
1770080 268
1770090 268
1770100 268
1770110 268
1770120 268
1770130 268
1770140 267
1770150 267
1770160 267
1770170 267
1770180 267
1770190 267
1770200 267
1770210 267
1770220 267
1770230 267
1770240 267
1770250 267
1770260 267
1770270 267
1770280 267
1770290 267
1770300 267
1770310 267
1770320 267
1770330 267
1770340 267
1770350 267
1770360 267
1770370 267
1770380 267
1770390 267
1770400 267
1770410 267
1770420 266
1770430 266
1770440 266
1770450 266
1770460 266
1770470 266
1770480 266
1770490 266
1770500 266
1770510 266
1770520 266
1770530 266
1770540 266
1770550 266
1770560 266
1770570 266
1770580 266
1770590 266
1770600 266
1770610 266
1770620 265
1770630 265
1770640 265
1770650 265
1770660 265
1770670 265
1770680 265
1770690 265
1770700 265
1770710 265
1770720 265
1770730 265
1770740 265
1770750 265
1770760 265
1770770 265
1770780 265
1770790 265
1770800 265
1770810 265
1770820 265
1770830 265
1770840 265
1770850 265
1770860 265
1770870 265
1770880 265
1770890 265
1770900 265
1770910 265
1770920 265
