1771000 256
1771010 256
1771020 256
1771030 256
1771040 256
1771050 256
1771060 255
1771070 255
1771080 255
1771090 255
1771100 255
1771110 255
1771120 255
1771130 255
1771140 255
1771150 254
1771160 254
1771170 254
1771180 254
1771190 254
1771200 254
1771210 254
1771220 254
1771230 254
1771240 254
1771250 254
1771260 254
1771270 254
1771280 254
1771290 254
1771300 254
1771310 254
1771320 254
1771330 254
1771340 254
1771350 254
1771360 254
1771370 253
1771380 253
1771390 253
1771400 253
1771410 253
1771420 254
1771430 254
1771440 254
1771450 254
1771460 254
1771470 254
1771480 254
1771490 255
1771500 255
1771510 255
1771520 255
1771530 255
1771540 255
1771550 256
1771560 256
1771570 256
1771580 256
1771590 256
1771600 256
1771610 256
1771620 256
1771630 256
1771640 256
1771650 257
1771660 257
1771670 257
1771680 257
1771690 257
1771700 257
1771710 257
1771720 257
1771730 257
1771740 257
1771750 257
1771760 257
1771770 258
1771780 258
1771790 258
1771800 258
1771810 258
1771820 258
1771830 258
1771840 258
1771850 259
1771860 259
1771870 259
1771880 259
1771890 259
1771900 259
1771910 259
1771920 259
1771930 259
1771940 259
1771950 259
1771960 259
1771970 259
1771980 258
1771990 258
1772000 258
1772010 258
1772020 258
1772030 258
1772040 258
1772050 258
1772060 258
1772070 258
1772080 258
1772090 258
1772100 258
1772110 258
1772120 258
1772130 258
1772140 258
1772150 258
1772160 258
1772170 258
1772180 257
1772190 257
1772200 257
1772210 257
1772220 257
1772230 257
1772240 257
1772250 257
1772260 257
1772270 257
1772280 257
1772290 257
1772300 257
1772310 257
1772320 257
1772330 257
1772340 257
1772350 257
1772360 257
1772370 257
1772380 257
1772390 257
1772400 257
1772410 256
1772420 256
1772430 256
1772440 256
1772450 256
1772460 256
1772470 256
1772480 256
1772490 256
1772500 256
1772510 256
1772520 256
1772530 256
1772540 256
1772550 256
1772560 256
1772570 255
1772580 255
1772590 255
1772600 255
1772610 255
1772620 255
1772630 255
1772640 255
1772650 255
1772660 255
1772670 255
1772680 255
1772690 255
1772700 255
1772710 255
1772720 255
1772730 254
1772740 254
1772750 254
1772760 254
1772770 253
1772780 253
1772790 253
1772800 253
1772810 252
1772820 252
1772830 252
1772840 252
1772850 252
1772860 251
1772870 251
1772880 251
1772890 251
1772900 250
1772910 250
1772920 250
1772930 250
1772940 250
1772950 249
1772960 249
1772970 249
1772980 249
1772990 249
1773000 248
1773010 248
1773020 248
1773030 248
1773040 248
1773050 248
1773060 247
1773070 247
1773080 247
1773090 247
1773100 246
1773110 246
1773120 246
1773130 246
1773140 246
1773150 245
1773160 245
1773170 245
1773180 245
1773190 245
1773200 244
1773210 244
1773220 244
1773230 244
1773240 244
1773250 244
1773260 244
1773270 243
1773280 243
1773290 243
1773300 243
1773310 243
1773320 243
1773330 243
1773340 243
1773350 243
1773360 243
1773370 243
1773380 243
1773390 242
1773400 242
1773410 242
1773420 242
1773430 242
1773440 242
1773450 242
1773460 242
1773470 241
1773480 241
1773490 241
1773500 241
1773510 241
1773520 241
1773530 241
1773540 241
1773550 241
1773560 241
1773570 241
1773580 241
1773590 241
1773600 241
1773610 241
1773620 241
1773630 241
1773640 241
1773650 241
1773660 241
1773670 241
1773680 241
1773690 241
1773700 241
1773710 241
1773720 241
1773730 242
1773740 242
1773750 242
1773760 242
1773770 242
1773780 242
1773790 242
1773800 242
1773810 242
1773820 242
1773830 242
1773840 242
1773850 241
1773860 241
1773870 241
1773880 240
1773890 240
1773900 240
1773910 240
1773920 240
1773930 240
1773940 240
1773950 240
1773960 240
1773970 239
1773980 239
1773990 239
1774000 239
1774010 239
1774020 239
1774030 239
1774040 239
1774050 239
1774060 239
1774070 238
1774080 238
1774090 238
1774100 238
1774110 238
1774120 238
1774130 238
1774140 238
1774150 238
1774160 238
1774170 238
1774180 238
1774190 238
1774200 238
1774210 238
1774220 238
1774230 238
1774240 238
1774250 238
1774260 238
1774270 238
1774280 238
1774290 238
1774300 238
1774310 238
1774320 238
1774330 238
1774340 238
1774350 238
1774360 238
1774370 239
1774380 239
1774390 239
1774400 240
1774410 241
1774420 242
1774430 243
1774440 243
1774450 243
1774460 244
1774470 244
1774480 245
1774490 245
1774500 245
1774510 245
1774520 246
1774530 247
1774540 247
1774550 248
1774560 249
1774570 251
1774580 253
1774590 254
1774600 256
1774610 257
1774620 258
1774630 259
1774640 260
1774650 260
1774660 260
1774670 261
1774680 261
1774690 261
1774700 261
1774710 262
1774720 262
1774730 262
1774740 263
1774750 263
1774760 264
1774770 265
1774780 266
1774790 267
1774800 268
1774810 268
1774820 269
1774830 270
1774840 272
1774850 273
1774860 274
1774870 275
1774880 276
1774890 277
1774900 278
1774910 279
1774920 279
1774930 280
1774940 280
1774950 281
1774960 281
1774970 282
1774980 282
1774990 282
1775000 282
1775010 283
1775020 283
1775030 283
1775040 283
1775050 283
1775060 283
1775070 283
1775080 283
1775090 283
1775100 283
1775110 283
1775120 283
1775130 283
1775140 283
1775150 282
1775160 282
1775170 282
1775180 282
1775190 282
1775200 282
1775210 282
1775220 282
1775230 282
1775240 282
1775250 282
1775260 281
1775270 281
1775280 281
1775290 281
1775300 281
1775310 281
1775320 281
1775330 280
1775340 280
1775350 280
1775360 280
1775370 280
1775380 280
1775390 280
1775400 280
1775410 280
1775420 279
1775430 279
1775440 279
1775450 279
1775460 278
1775470 278
1775480 278
1775490 278
1775500 278
1775510 277
1775520 277
1775530 277
1775540 276
1775550 276
1775560 276
1775570 275
1775580 275
1775590 274
1775600 274
1775610 273
1775620 273
1775630 273
1775640 272
1775650 272
1775660 272
1775670 271
1775680 271
1775690 271
1775700 270
1775710 270
1775720 270
1775730 270
1775740 270
1775750 270
1775760 270
1775770 272
1775780 272
1775790 272
1775800 273
1775810 273
1775820 274
1775830 274
1775840 275
1775850 275
1775860 276
1775870 276
1775880 277
1775890 277
1775900 278
1775910 278
1775920 279
1775930 280
1775940 281
1775950 282
1775960 283
1775970 285
1775980 286
1775990 287
1776000 288
1776010 289
1776020 290
1776030 291
1776040 292
1776050 293
1776060 294
1776070 295
1776080 296
1776090 296
1776100 296
1776110 296
1776120 296
1776130 296
1776140 296
1776150 296
1776160 296
1776170 296
1776180 296
1776190 296
1776200 296
1776210 296
1776220 297
1776230 297
1776240 297
1776250 297
1776260 297
1776270 298
1776280 298
1776290 298
1776300 298
1776310 299
1776320 299
1776330 299
1776340 300
1776350 300
1776360 301
1776370 301
1776380 301
1776390 301
1776400 302
1776410 302
1776420 303
1776430 303
1776440 304
1776450 305
1776460 305
1776470 306
1776480 307
1776490 307
1776500 308
1776510 308
1776520 309
1776530 310
1776540 310
1776550 310
1776560 311
1776570 311
1776580 312
1776590 312
1776600 312
1776610 312
1776620 313
1776630 313
1776640 313
1776650 313
1776660 313
1776670 314
1776680 314
1776690 314
1776700 314
1776710 314
1776720 314
1776730 314
1776740 314
1776750 314
1776760 314
1776770 314
1776780 314
1776790 315
1776800 315
1776810 315
1776820 315
1776830 315
1776840 315
1776850 315
1776860 315
1776870 315
1776880 315
1776890 315
1776900 315
1776910 315
1776920 315
1776930 315
1776940 315
1776950 315
1776960 315
1776970 315
1776980 315
1776990 315
1777000 314
1777010 314
1777020 314
1777030 314
1777040 314
1777050 314
1777060 314
1777070 314
1777080 314
1777090 314
1777100 314
1777110 313
1777120 313
1777130 313
1777140 313
1777150 313
1777160 313
1777170 313
1777180 313
1777190 313
1777200 312
1777210 312
1777220 312
1777230 312
1777240 312
1777250 312
1777260 312
1777270 312
1777280 312
1777290 312
1777300 312
1777310 312
1777320 312
1777330 312
1777340 312
1777350 312
1777360 312
1777370 312
1777380 312
1777390 312
1777400 312
1777410 312
1777420 312
1777430 312
1777440 312
1777450 312
1777460 312
1777470 312
1777480 312
1777490 312
1777500 312
1777510 312
1777520 312
1777530 312
1777540 312
1777550 312
1777560 311
1777570 311
1777580 311
1777590 311
1777600 311
1777610 311
1777620 311
1777630 311
1777640 310
1777650 310
1777660 310
1777670 310
1777680 310
1777690 310
1777700 310
1777710 310
1777720 310
1777730 310
1777740 310
1777750 310
1777760 310
1777770 310
1777780 310
1777790 310
1777800 310
1777810 310
1777820 310
1777830 310
1777840 311
1777850 311
1777860 311
1777870 311
1777880 311
1777890 311
1777900 311
1777910 311
1777920 311
1777930 311
1777940 311
1777950 311
1777960 311
1777970 311
1777980 311
1777990 311
1778000 311
1778010 311
1778020 311
1778030 311
1778040 311
1778050 311
1778060 311
1778070 311
1778080 311
1778090 311
1778100 311
1778110 310
1778120 310
1778130 310
1778140 310
1778150 310
1778160 310
1778170 309
1778180 309
1778190 309
1778200 309
1778210 309
1778220 309
1778230 308
1778240 308
1778250 308
1778260 308
1778270 307
1778280 307
1778290 307
1778300 307
1778310 306
1778320 306
1778330 306
1778340 306
1778350 306
1778360 306
1778370 305
1778380 305
1778390 305
1778400 305
1778410 305
1778420 305
1778430 304
1778440 304
1778450 303
1778460 303
1778470 303
1778480 303
1778490 302
1778500 302
1778510 302
1778520 301
1778530 301
1778540 301
1778550 300
1778560 300
1778570 300
1778580 299
1778590 299
1778600 299
1778610 298
1778620 298
1778630 298
1778640 297
1778650 297
1778660 297
1778670 297
1778680 296
1778690 296
1778700 296
1778710 295
1778720 295
1778730 295
1778740 295
1778750 294
1778760 294
1778770 294
1778780 294
1778790 293
1778800 293
1778810 293
1778820 292
1778830 292
1778840 292
1778850 292
1778860 291
1778870 291
1778880 291
1778890 291
1778900 290
1778910 290
1778920 290
1778930 290
1778940 290
1778950 289
1778960 289
1778970 289
1778980 289
1778990 289
1779000 288
1779010 288
1779020 288
1779030 288
1779040 287
1779050 287
1779060 287
1779070 287
1779080 287
1779090 286
1779100 286
1779110 286
1779120 286
1779130 285
1779140 285
1779150 285
1779160 284
1779170 284
1779180 284
1779190 284
1779200 283
1779210 283
1779220 283
1779230 282
1779240 282
1779250 282
1779260 282
1779270 281
1779280 281
1779290 281
1779300 281
1779310 280
1779320 280
1779330 280
1779340 280
1779350 280
1779360 280
1779370 279
1779380 279
1779390 279
1779400 279
1779410 279
1779420 278
1779430 278
1779440 278
1779450 277
1779460 277
1779470 277
1779480 277
1779490 276
1779500 276
1779510 275
1779520 275
1779530 274
1779540 274
1779550 273
1779560 273
1779570 272
1779580 272
1779590 271
1779600 271
1779610 270
1779620 270
1779630 269
1779640 269
1779650 269
1779660 268
1779670 268
1779680 268
1779690 267
1779700 267
1779710 267
1779720 267
1779730 267
1779740 266
1779750 266
1779760 266
1779770 266
1779780 266
1779790 265
1779800 265
1779810 265
1779820 265
1779830 265
1779840 265
1779850 264
1779860 264
1779870 264
1779880 264
1779890 264
1779900 264
1779910 264
1779920 264
1779930 264
1779940 264
1779950 264
1779960 264
1779970 264
1779980 264
1779990 264
1760000 368
1760010 368
1760020 368
1760030 368
1760040 368
1760050 367
1760060 367
1760070 366
1760080 366
1760090 367
1760100 367
1760110 367
1760120 367
1760130 367
1760140 366
1760150 366
1760160 366
1760170 366
1760180 366
1760190 366
1760200 366
1760210 366
1760220 366
1760230 366
1760240 366
1760250 366
1760260 366
1760270 366
1760280 366
1760290 366
1760300 366
1760310 366
1760320 365
1760330 364
1760340 364
1760350 363
1760360 363
1760370 363
1760380 362
1760390 362
1760400 361
1760410 359
1760420 358
1760430 358
1760440 358
1760450 358
1760460 358
1760470 358
1760480 358
1760490 359
1760500 360
1760510 363
1760520 364
1760530 365
1760540 368
1760550 371
1760560 374
1760570 375
1760580 376
1760590 376
1760600 376
1760610 377
1760620 377
1760630 377
1760640 377
1760650 377
1760660 378
1760670 378
1760680 378
1760690 378
1760700 378
1760710 379
1760720 379
1760730 379
1760740 379
1760750 379
1760760 379
1760770 379
1760780 379
1760790 379
1760800 379
1760810 379
1760820 379
1760830 379
1760840 379
1760850 379
1760860 379
1760870 379
1760880 379
1760890 380
1760900 380
1760910 380
1760920 380
1760930 380
1760940 381
1760950 381
1760960 381
1760970 381
1760980 382
1760990 382
1761000 382
1761010 382
1761020 383
1761030 383
1761040 383
1761050 383
1761060 383
1761070 383
1761080 383
1761090 383
1761100 383
1761110 382
1761120 382
1761130 382
1761140 382
1761150 382
1761160 381
1761170 381
1761180 381
1761190 381
1761200 380
1761210 380
1761220 380
1761230 379
1761240 379
1761250 378
1761260 378
1761270 378
1761280 377
1761290 377
1761300 377
1761310 377
1761320 376
1761330 376
1761340 375
1761350 375
1761360 374
1761370 374
1761380 374
1761390 373
1761400 373
1761410 372
1761420 371
1761430 371
1761440 371
1761450 370
1761460 369
1761470 368
1761480 368
1761490 367
1761500 367
1761510 366
1761520 366
1761530 365
1761540 364
1761550 363
1761560 363
1761570 362
1761580 361
1761590 360
1761600 359
1761610 358
1761620 357
1761630 357
1761640 357
1761650 356
1761660 356
1761670 355
1761680 355
1761690 354
1761700 354
1761710 354
1761720 353
1761730 353
1761740 353
1761750 352
1761760 352
1761770 352
1761780 352
1761790 351
1761800 351
1761810 351
1761820 350
1761830 350
1761840 350
1761850 349
1761860 349
1761870 349
1761880 348
1761890 348
1761900 347
1761910 347
1761920 347
1761930 347
1761940 346
1761950 346
1761960 346
1761970 346
1761980 345
1761990 345
1762000 345
1762010 344
1762020 343
1762030 342
1762040 341
1762050 341
1762060 341
1762070 341
1762080 341
1762090 341
1762100 341
1762110 342
1762120 342
1762130 342
1762140 341
1762150 341
1762160 340
1762170 339
1762180 338
1762190 337
1762200 337
1762210 337
1762220 337
1762230 337
1762240 337
1762250 337
1762260 337
1762270 338
1762280 338
1762290 339
1762300 340
1762310 343
1762320 345
1762330 348
1762340 351
1762350 352
1762360 353
1762370 353
1762380 353
1762390 353
1762400 353
1762410 353
1762420 353
1762430 353
1762440 353
1762450 353
1762460 353
1762470 353
1762480 353
1762490 353
1762500 353
1762510 353
1762520 353
1762530 353
1762540 353
1762550 353
1762560 353
1762570 353
1762580 353
1762590 352
1762600 352
1762610 352
1762620 352
1762630 352
1762640 352
1762650 352
1762660 352
1762670 351
1762680 351
1762690 351
1762700 351
1762710 351
1762720 351
1762730 351
1762740 351
1762750 351
1762760 351
1762770 351
1762780 351
1762790 351
1762800 351
1762810 351
1762820 351
1762830 351
1762840 351
1762850 351
1762860 351
1762870 351
1762880 351
1762890 351
1762900 351
1762910 351
1762920 351
1762930 352
1762940 352
1762950 352
1762960 352
1762970 352
1762980 352
1762990 352
1763000 352
1763010 352
1763020 353
1763030 353
1763040 353
1763050 353
1763060 353
1763070 353
1763080 353
1763090 353
1763100 354
1763110 354
1763120 354
1763130 354
1763140 354
1763150 355
1763160 355
1763170 355
1763180 355
1763190 355
1763200 356
1763210 356
1763220 356
1763230 357
1763240 357
1763250 357
1763260 358
1763270 358
1763280 359
1763290 360
1763300 360
1763310 361
1763320 362
1763330 363
1763340 364
1763350 365
1763360 366
1763370 367
1763380 368
1763390 369
1763400 370
1763410 370
1763420 370
1763430 371
1763440 371
1763450 372
1763460 372
1763470 372
1763480 373
1763490 373
1763500 373
1763510 373
1763520 373
1763530 373
1763540 373
1763550 374
1763560 374
1763570 375
1763580 375
1763590 376
1763600 376
1763610 377
1763620 378
1763630 379
1763640 380
1763650 380
1763660 380
1763670 380
1763680 381
1763690 383
1763700 384
1763710 384
1763720 384
1763730 384
1763740 383
1763750 383
1763760 382
1763770 381
1763780 380
1763790 380
1763800 379
1763810 378
1763820 378
1763830 377
1763840 376
1763850 376
1763860 375
1763870 374
1763880 374
1763890 373
1763900 372
1763910 371
1763920 370
1763930 369
1763940 368
1763950 367
1763960 366
1763970 365
1763980 364
1763990 363
1764000 362
1764010 360
1764020 359
1764030 357
1764040 355
1764050 354
1764060 353
1764070 352
1764080 351
1764090 350
1764100 349
1764110 348
1764120 347
1764130 346
1764140 345
1764150 344
1764160 343
1764170 342
1764180 340
1764190 339
1764200 338
1764210 337
1764220 336
1764230 335
1764240 334
1764250 332
1764260 331
1764270 330
1764280 329
1764290 328
1764300 328
1764310 327
1764320 327
1764330 327
1764340 327
1764350 327
1764360 327
1764370 327
1764380 327
1764390 327
1764400 327
1764410 326
1764420 326
1764430 326
1764440 325
1764450 325
1764460 325
1764470 325
1764480 325
1764490 325
1764500 325
1764510 326
1764520 327
1764530 328
1764540 329
1764550 331
1764560 332
1764570 333
1764580 334
1764590 335
1764600 336
1764610 337
1764620 338
1764630 338
1764640 339
1764650 339
1764660 340
1764670 340
1764680 340
1764690 341
1764700 341
1764710 342
1764720 342
1764730 343
1764740 343
1764750 344
1764760 344
1764770 345
1764780 346
1764790 346
1764800 347
1764810 347
1764820 348
1764830 349
1764840 349
1764850 349
1764860 350
1764870 350
1764880 351
1764890 351
1764900 351
1764910 351
1764920 351
1764930 351
1764940 350
1764950 349
1764960 348
1764970 347
1764980 347
1764990 346
1765000 345
1765010 345
1765020 344
1765030 344
1765040 343
1765050 343
1765060 343
1765070 343
1765080 342
1765090 342
1765100 341
1765110 341
1765120 341
1765130 340
1765140 340
1765150 340
1765160 339
1765170 339
1765180 338
1765190 338
1765200 338
1765210 337
1765220 337
1765230 337
1765240 337
1765250 336
1765260 336
1765270 336
1765280 336
1765290 336
1765300 335
1765310 335
1765320 335
1765330 335
1765340 335
1765350 334
1765360 334
1765370 334
1765380 334
1765390 334
1765400 334
1765410 333
1765420 333
1765430 333
1765440 333
1765450 333
1765460 333
1765470 333
1765480 333
1765490 333
1765500 332
1765510 332
1765520 332
1765530 332
1765540 332
1765550 332
1765560 332
1765570 332
1765580 332
1765590 332
1765600 331
1765610 331
1765620 331
1765630 330
1765640 330
1765650 330
1765660 330
1765670 330
1765680 330
1765690 330
1765700 330
1765710 330
1765720 329
1765730 329
1765740 329
1765750 329
1765760 329
1765770 328
1765780 328
1765790 328
1765800 328
1765810 328
1765820 328
1765830 327
1765840 327
1765850 327
1765860 326
1765870 326
1765880 326
1765890 325
1765900 325
1765910 325
1765920 325
1765930 324
1765940 324
1765950 324
1765960 324
1765970 323
1765980 323
1765990 323
1766000 323
1766010 323
1766020 322
1766030 322
1766040 322
1766050 321
1766060 321
1766070 321
1766080 321
1766090 321
1766100 320
1766110 320
1766120 320
1766130 320
1766140 319
1766150 319
1766160 319
1766170 319
1766180 319
1766190 318
1766200 318
1766210 318
1766220 318
1766230 318
1766240 317
1766250 316
1766260 315
1766270 314
1766280 314
1766290 314
1766300 316
1766310 317
1766320 317
1766330 316
1766340 315
1766350 314
1766360 314
1766370 314
1766380 313
1766390 313
1766400 313
1766410 313
1766420 312
1766430 312
1766440 312
1766450 311
1766460 311
1766470 311
1766480 310
1766490 310
1766500 310
1766510 310
1766520 309
1766530 309
1766540 309
1766550 309
1766560 309
1766570 308
1766580 308
1766590 307
1766600 307
1766610 307
1766620 307
1766630 307
1766640 307
1766650 307
1766660 306
1766670 306
1766680 306
1766690 306
1766700 306
1766710 305
1766720 305
1766730 305
1766740 305
1766750 305
1766760 304
1766770 304
1766780 304
1766790 304
1766800 304
1766810 304
1766820 304
1766830 304
1766840 304
1766850 304
1766860 304
1766870 304
1766880 303
1766890 303
1766900 303
1766910 303
1766920 303
1766930 303
1766940 302
1766950 302
1766960 302
1766970 302
1766980 302
1766990 302
1767000 302
1767010 302
1767020 302
1767030 302
1767040 302
1767050 302
1767060 302
1767070 302
1767080 302
1767090 302
1767100 302
1767110 302
1767120 302
1767130 303
1767140 303
1767150 303
1767160 303
1767170 303
1767180 303
1767190 303
1767200 303
1767210 303
1767220 303
1767230 303
1767240 303
1767250 303
1767260 303
1767270 303
1767280 303
1767290 303
1767300 303
1767310 303
1767320 304
1767330 304
1767340 304
1767350 304
1767360 304
1767370 304
1767380 304
1767390 304
1767400 304
1767410 304
1767420 304
1767430 304
1767440 304
1767450 304
1767460 304
1767470 304
1767480 304
1767490 304
1767500 304
1767510 304
1767520 304
1767530 304
1767540 304
1767550 304
1767560 304
1767570 304
1767580 304
1767590 304
1767600 304
1767610 303
1767620 303
1767630 303
1767640 303
1767650 303
1767660 303
1767670 303
1767680 303
1767690 302
1767700 302
1767710 302
1767720 302
1767730 302
1767740 301
1767750 301
1767760 301
1767770 301
1767780 301
1767790 300
1767800 300
1767810 300
1767820 300
1767830 300
1767840 299
1767850 299
1767860 299
1767870 299
1767880 299
1767890 298
1767900 298
1767910 298
1767920 298
1767930 298
1767940 297
1767950 297
1767960 297
1767970 297
1767980 296
1767990 296
1768000 296
1768010 295
1768020 295
1768030 295
1768040 295
1768050 294
1768060 294
1768070 294
1768080 293
1768090 293
1768100 293
1768110 293
1768120 292
1768130 292
1768140 292
1768150 292
1768160 292
1768170 291
1768180 291
1768190 291
1768200 291
1768210 290
1768220 290
1768230 290
1768240 290
1768250 289
1768260 289
1768270 289
1768280 289
1768290 289
1768300 288
1768310 288
1768320 288
1768330 288
1768340 287
1768350 287
1768360 287
1768370 286
1768380 286
1768390 286
1768400 286
1768410 286
1768420 285
1768430 285
1768440 285
1768450 285
1768460 285
1768470 285
1768480 284
1768490 284
1768500 284
1768510 284
1768520 283
1768530 283
1768540 283
1768550 283
1768560 283
1768570 283
1768580 282
1768590 282
1768600 282
1768610 282
1768620 282
1768630 282
1768640 282
1768650 281
1768660 281
1768670 281
1768680 281
1768690 281
1768700 280
1768710 280
1768720 280
1768730 280
1768740 280
1768750 279
1768760 279
1768770 279
1768780 279
1768790 279
1768800 279
1768810 279
1768820 278
1768830 278
1768840 278
1768850 278
1768860 278
1768870 278
1768880 278
1768890 278
1768900 277
1768910 277
1768920 277
1768930 277
1768940 277
1768950 277
1768960 276
1768970 276
1768980 276
1768990 276
1769000 276
1769010 276
1769020 276
1769030 276
1769040 276
1769050 276
1769060 276
1769070 275
1769080 275
1769090 275
1769100 275
1769110 275
1769120 275
1769130 275
1769140 274
1769150 274
1769160 274
1769170 274
1769180 274
1769190 274
1769200 274
1769210 274
1769220 274
1769230 274
1769240 273
1769250 273
1769260 273
1769270 273
1769280 273
1769290 273
1769300 273
1769310 273
1769320 273
1769330 273
1769340 273
1769350 272
1769360 272
1769370 272
1769380 272
1769390 272
1769400 272
1769410 272
1769420 271
1769430 271
1769440 271
1769450 271
1769460 271
1769470 271
1769480 271
1769490 270
1769500 270
1769510 270
1769520 270
1769530 270
1769540 270
1769550 269
1769560 269
1769570 269
1769580 269
1769590 269
1769600 269
1769610 269
1769620 269
1769630 269
1769640 269
1769650 269
1769660 269
1769670 269
1769680 269
1769690 269
1769700 269
1769710 269
1769720 269
1769730 269
1769740 269
1769750 269
1769760 269
1769770 269
1769780 269
1769790 269
1769800 268
1769810 268
1769820 268
1769830 268
1769840 268
1769850 268
1769860 268
1769870 268
1769880 268
1769890 268
1769900 268
1769910 267
1769920 267
1769930 267
1769940 267
1769950 267
1769960 267
1769970 267
1769980 266
1769990 266
1770000 266
1770010 266
1770020 266
1770030 266
1770040 266
1770050 266
1770060 266
1770070 266
1770080 265
1770090 265
1770100 265
1770110 265
1770120 265
1770130 265
1770140 265
1770150 265
1770160 265
1770170 265
1770180 265
1770190 265
1770200 264
1770210 264
1770220 264
1770230 264
1770240 264
1770250 264
1770260 264
1770270 264
1770280 264
1770290 263
1770300 263
1770310 263
1770320 263
1770330 263
1770340 263
1770350 263
1770360 263
1770370 263
1770380 263
1770390 262
1770400 262
1770410 262
1770420 262
1770430 262
1770440 262
1770450 262
1770460 262
1770470 262
1770480 262
1770490 262
1770500 262
1770510 261
1770520 261
1770530 261
1770540 261
1770550 261
1770560 261
1770570 261
1770580 261
1770590 261
1770600 261
1770610 261
1770620 261
1770630 261
1770640 261
1770650 261
1770660 261
1770670 260
1770680 260
1770690 260
1770700 260
1770710 260
1770720 260
1770730 259
1770740 259
1770750 259
1770760 259
1770770 259
1770780 259
1770790 258
1770800 258
1770810 258
1770820 258
1770830 258
1770840 258
1770850 258
