1760000 367
1760010 367
1760020 367
1760030 367
1760040 367
1760050 367
1760060 366
1760070 366
1760080 365
1760090 365
1760100 366
1760110 366
1760120 366
1760130 365
1760140 365
1760150 365
1760160 364
1760170 364
1760180 364
1760190 364
1760200 363
1760210 363
1760220 363
1760230 363
1760240 362
1760250 362
1760260 361
1760270 361
1760280 361
1760290 361
1760300 361
1760310 362
1760320 362
1760330 361
1760340 361
1760350 361
1760360 360
1760370 360
1760380 359
1760390 359
1760400 359
1760410 358
1760420 358
1760430 358
1760440 358
1760450 358
1760460 357
1760470 357
1760480 357
1760490 358
1760500 358
1760510 358
1760520 358
1760530 358
1760540 358
1760550 357
1760560 357
1760570 357
1760580 357
1760590 357
1760600 358
1760610 358
1760620 359
1760630 360
1760640 360
1760650 361
1760660 362
1760670 363
1760680 364
1760690 365
1760700 365
1760710 365
1760720 366
1760730 367
1760740 368
1760750 369
1760760 370
1760770 371
1760780 372
1760790 372
1760800 373
1760810 373
1760820 373
1760830 373
1760840 373
1760850 373
1760860 373
1760870 372
1760880 373
1760890 373
1760900 373
1760910 373
1760920 372
1760930 372
1760940 372
1760950 372
1760960 371
1760970 371
1760980 371
1760990 370
1761000 370
1761010 370
1761020 370
1761030 370
1761040 370
1761050 369
1761060 369
1761070 369
1761080 368
1761090 367
1761100 367
1761110 366
1761120 366
1761130 365
1761140 365
1761150 365
1761160 364
1761170 364
1761180 364
1761190 364
1761200 364
1761210 363
1761220 362
1761230 361
1761240 361
1761250 361
1761260 361
1761270 361
1761280 361
1761290 361
1761300 361
1761310 360
1761320 360
1761330 359
1761340 358
1761350 357
1761360 356
1761370 355
1761380 353
1761390 351
1761400 349
1761410 349
1761420 347
1761430 347
1761440 346
1761450 345
1761460 345
1761470 345
1761480 345
1761490 346
1761500 346
1761510 346
1761520 346
1761530 346
1761540 346
1761550 346
1761560 346
1761570 348
1761580 350
1761590 353
1761600 356
1761610 360
1761620 363
1761630 365
1761640 366
1761650 365
1761660 364
1761670 363
1761680 361
1761690 360
1761700 359
1761710 357
1761720 356
1761730 354
1761740 351
1761750 351
1761760 352
1761770 353
1761780 353
1761790 354
1761800 354
1761810 355
1761820 355
1761830 355
1761840 355
1761850 355
1761860 355
1761870 355
1761880 354
1761890 354
1761900 353
1761910 352
1761920 351
1761930 351
1761940 352
1761950 353
1761960 353
1761970 353
1761980 353
1761990 352
1762000 352
1762010 352
1762020 352
1762030 352
1762040 352
1762050 352
1762060 352
1762070 352
1762080 352
1762090 352
1762100 352
1762110 352
1762120 352
1762130 352
1762140 352
1762150 352
1762160 352
1762170 352
1762180 352
1762190 352
1762200 352
1762210 353
1762220 353
1762230 353
1762240 352
1762250 352
1762260 352
1762270 352
1762280 352
1762290 352
1762300 351
1762310 351
1762320 351
1762330 351
1762340 351
1762350 350
1762360 350
1762370 350
1762380 350
1762390 350
1762400 350
1762410 350
1762420 350
1762430 350
1762440 350
1762450 350
1762460 350
1762470 350
1762480 350
1762490 350
1762500 350
1762510 350
1762520 350
1762530 351
1762540 351
1762550 351
1762560 351
1762570 351
1762580 351
1762590 351
1762600 351
1762610 351
1762620 351
1762630 351
1762640 351
1762650 351
1762660 351
1762670 351
1762680 350
1762690 350
1762700 350
1762710 350
1762720 350
1762730 350
1762740 350
1762750 350
1762760 350
1762770 350
1762780 350
1762790 350
1762800 350
1762810 350
1762820 350
1762830 350
1762840 350
1762850 350
1762860 350
1762870 350
1762880 350
1762890 350
1762900 350
1762910 350
1762920 350
1762930 350
1762940 350
1762950 350
1762960 350
1762970 350
1762980 350
1762990 350
1763000 350
1763010 351
1763020 351
1763030 351
1763040 351
1763050 351
1763060 351
1763070 351
1763080 351
1763090 351
1763100 351
1763110 351
1763120 351
1763130 351
1763140 351
1763150 351
1763160 351
1763170 351
1763180 352
1763190 352
1763200 352
1763210 352
1763220 352
1763230 352
1763240 352
1763250 352
1763260 352
1763270 352
1763280 352
1763290 352
1763300 353
1763310 353
1763320 353
1763330 353
1763340 353
1763350 353
1763360 353
1763370 353
1763380 353
1763390 353
1763400 353
1763410 353
1763420 353
1763430 353
1763440 353
1763450 353
1763460 353
1763470 353
1763480 354
1763490 354
1763500 354
1763510 355
1763520 355
1763530 355
1763540 355
1763550 356
1763560 356
1763570 356
1763580 357
1763590 357
1763600 358
1763610 359
1763620 359
1763630 359
1763640 359
1763650 358
1763660 358
1763670 358
1763680 359
1763690 360
1763700 360
1763710 361
1763720 362
1763730 362
1763740 362
1763750 361
1763760 361
1763770 360
1763780 360
1763790 360
1763800 360
1763810 359
1763820 359
1763830 359
1763840 359
1763850 359
1763860 359
1763870 359
1763880 359
1763890 359
1763900 360
1763910 359
1763920 359
1763930 359
1763940 358
1763950 358
1763960 357
1763970 356
1763980 356
1763990 355
1764000 355
1764010 354
1764020 353
1764030 353
1764040 352
1764050 352
1764060 351
1764070 350
1764080 350
1764090 349
1764100 348
1764110 348
1764120 347
1764130 346
1764140 345
1764150 345
1764160 344
1764170 342
1764180 340
1764190 338
1764200 338
1764210 338
1764220 338
1764230 337
1764240 336
1764250 335
1764260 334
1764270 333
1764280 332
1764290 331
1764300 330
1764310 329
1764320 328
1764330 328
1764340 327
1764350 326
1764360 326
1764370 325
1764380 324
1764390 324
1764400 323
1764410 323
1764420 322
1764430 321
1764440 321
1764450 321
1764460 320
1764470 320
1764480 320
1764490 319
1764500 319
1764510 318
1764520 319
1764530 319
1764540 320
1764550 321
1764560 322
1764570 323
1764580 325
1764590 326
1764600 326
1764610 328
1764620 329
1764630 330
1764640 331
1764650 333
1764660 334
1764670 336
1764680 338
1764690 339
1764700 341
1764710 343
1764720 344
1764730 346
1764740 347
1764750 348
1764760 349
1764770 350
1764780 351
1764790 352
1764800 353
1764810 354
1764820 354
1764830 355
1764840 355
1764850 355
1764860 355
1764870 354
1764880 354
1764890 353
1764900 352
1764910 351
1764920 350
1764930 348
1764940 346
1764950 344
1764960 342
1764970 340
1764980 338
1764990 336
1765000 336
1765010 335
1765020 335
1765030 334
1765040 334
1765050 334
1765060 333
1765070 333
1765080 332
1765090 332
1765100 332
1765110 331
1765120 331
1765130 331
1765140 330
1765150 330
1765160 329
1765170 328
1765180 328
1765190 328
1765200 328
1765210 327
1765220 327
1765230 326
1765240 326
1765250 326
1765260 326
1765270 325
1765280 325
1765290 325
1765300 325
1765310 325
1765320 325
1765330 324
1765340 324
1765350 324
1765360 324
1765370 323
1765380 323
1765390 323
1765400 323
1765410 323
1765420 323
1765430 323
1765440 322
1765450 322
1765460 322
1765470 322
1765480 322
1765490 322
1765500 322
1765510 322
1765520 322
1765530 322
1765540 321
1765550 321
1765560 320
1765570 319
1765580 318
1765590 317
1765600 316
1765610 316
1765620 316
1765630 316
1765640 316
1765650 317
1765660 317
1765670 318
1765680 318
1765690 318
1765700 319
1765710 319
1765720 320
1765730 320
1765740 320
1765750 320
1765760 320
1765770 320
1765780 320
1765790 320
1765800 320
1765810 320
1765820 320
1765830 320
1765840 319
1765850 319
1765860 319
1765870 319
1765880 318
1765890 318
1765900 318
1765910 317
1765920 317
1765930 317
1765940 316
1765950 316
1765960 315
1765970 315
1765980 315
1765990 315
1766000 314
1766010 314
1766020 314
1766030 314
1766040 314
1766050 314
1766060 314
1766070 313
1766080 313
1766090 313
1766100 313
1766110 313
1766120 313
1766130 313
1766140 312
1766150 312
1766160 312
1766170 312
1766180 312
1766190 312
1766200 312
1766210 312
1766220 311
1766230 311
1766240 311
1766250 311
1766260 311
1766270 310
1766280 310
1766290 310
1766300 310
1766310 309
1766320 309
1766330 309
1766340 309
1766350 309
1766360 308
1766370 308
1766380 308
1766390 308
1766400 307
1766410 307
1766420 307
1766430 307
1766440 307
1766450 307
1766460 306
1766470 306
1766480 306
1766490 306
1766500 306
1766510 306
1766520 305
1766530 305
1766540 305
1766550 305
1766560 304
1766570 304
1766580 304
1766590 303
1766600 303
1766610 302
1766620 303
1766630 303
1766640 303
1766650 302
1766660 302
1766670 302
1766680 302
1766690 302
1766700 301
1766710 301
1766720 301
1766730 301
1766740 300
1766750 300
1766760 300
1766770 300
1766780 299
1766790 299
1766800 299
1766810 299
1766820 299
1766830 299
1766840 299
1766850 299
1766860 299
1766870 299
1766880 299
1766890 298
1766900 298
1766910 298
1766920 298
1766930 297
1766940 297
1766950 297
1766960 297
1766970 297
1766980 297
1766990 297
1767000 297
1767010 297
1767020 297
1767030 297
1767040 297
1767050 297
1767060 297
1767070 297
1767080 297
1767090 297
1767100 297
1767110 297
1767120 297
1767130 297
1767140 297
1767150 297
1767160 297
1767170 297
1767180 297
1767190 297
1767200 298
1767210 298
1767220 298
1767230 298
1767240 298
1767250 298
1767260 298
1767270 298
1767280 298
1767290 298
1767300 298
1767310 299
1767320 299
1767330 299
1767340 299
1767350 299
1767360 299
1767370 299
1767380 299
1767390 300
1767400 300
1767410 300
1767420 300
1767430 300
1767440 300
1767450 300
1767460 300
1767470 300
1767480 300
1767490 300
1767500 300
1767510 300
1767520 300
1767530 300
1767540 300
1767550 300
1767560 300
1767570 300
1767580 300
1767590 300
1767600 300
1767610 300
1767620 300
1767630 300
1767640 300
1767650 300
1767660 300
1767670 299
1767680 299
1767690 299
1767700 299
1767710 299
1767720 298
1767730 298
1767740 298
1767750 298
1767760 298
1767770 298
1767780 297
1767790 297
1767800 297
1767810 297
1767820 296
1767830 296
1767840 296
1767850 296
1767860 296
1767870 295
1767880 295
1767890 295
1767900 295
1767910 295
1767920 294
1767930 294
1767940 294
1767950 294
1767960 293
1767970 293
1767980 293
1767990 293
1768000 292
1768010 292
1768020 292
1768030 292
1768040 292
1768050 291
1768060 291
1768070 291
1768080 291
1768090 290
1768100 290
1768110 290
1768120 290
1768130 289
1768140 289
1768150 289
1768160 289
1768170 288
1768180 288
1768190 288
1768200 288
1768210 288
1768220 287
1768230 287
1768240 287
1768250 287
1768260 287
1768270 286
1768280 286
1768290 286
1768300 286
1768310 286
1768320 285
1768330 285
1768340 285
1768350 285
1768360 285
1768370 284
1768380 284
1768390 284
1768400 284
1768410 284
1768420 284
1768430 284
1768440 284
1768450 283
1768460 283
1768470 283
1768480 283
1768490 283
1768500 282
1768510 282
1768520 282
1768530 282
1768540 282
1768550 282
1768560 282
1768570 281
1768580 281
1768590 281
1768600 281
1768610 281
1768620 280
1768630 280
1768640 280
1768650 280
1768660 280
1768670 279
1768680 279
1768690 279
1768700 279
1768710 279
1768720 279
1768730 278
1768740 278
1768750 278
1768760 278
1768770 278
1768780 278
1768790 277
1768800 277
1768810 277
1768820 277
1768830 276
1768840 276
1768850 276
1768860 276
1768870 276
1768880 276
1768890 276
1768900 275
1768910 275
1768920 275
1768930 275
1768940 275
1768950 275
1768960 275
1768970 275
1768980 275
1768990 274
1769000 274
1769010 274
1769020 274
1769030 274
1769040 274
1769050 274
1769060 274
1769070 274
1769080 274
1769090 273
1769100 273
1769110 273
1769120 273
1769130 273
1769140 273
1769150 273
1769160 273
1769170 273
1769180 273
1769190 272
1769200 272
1769210 272
1769220 272
1769230 272
1769240 272
1769250 272
1769260 272
1769270 272
1769280 271
1769290 271
1769300 271
1769310 271
1769320 271
1769330 271
1769340 271
1769350 271
1769360 271
1769370 270
1769380 270
1769390 270
1769400 270
1769410 270
1769420 270
1769430 270
1769440 269
1769450 269
1769460 269
1769470 269
1769480 269
1769490 269
1769500 269
1769510 268
1769520 268
1769530 268
1769540 268
1769550 268
1769560 267
1769570 267
1769580 267
1769590 266
1769600 266
1769610 266
1769620 266
1769630 266
1769640 266
1769650 266
1769660 266
1769670 266
1769680 265
1769690 265
1769700 265
1769710 265
1769720 265
1769730 265
1769740 265
1769750 265
1769760 265
1769770 265
1769780 265
1769790 264
1769800 264
1769810 264
1769820 264
1769830 264
1769840 264
1769850 264
1769860 264
1769870 263
1769880 263
1769890 263
1769900 263
1769910 263
1769920 263
1769930 263
1769940 263
1769950 262
1769960 262
1769970 262
1769980 261
1769990 261
1770000 261
1770010 261
1770020 261
1770030 261
1770040 261
1770050 261
1770060 260
1770070 260
1770080 260
1770090 260
1770100 260
1770110 260
1770120 260
1770130 260
1770140 260
1770150 260
1770160 260
1770170 260
1770180 260
1770190 260
1770200 260
1770210 260
1770220 259
1770230 259
1770240 259
1770250 259
1770260 259
1770270 259
1770280 259
1770290 259
1770300 259
1770310 259
1770320 259
1770330 259
1770340 259
1770350 258
1770360 258
1770370 258
1770380 258
1770390 258
1770400 258
1770410 258
1770420 258
1770430 258
1770440 258
1770450 258
1770460 258
1770470 258
1770480 258
1770490 258
1770500 258
1770510 258
1770520 258
1770530 258
1770540 257
1770550 257
1770560 257
1770570 257
1770580 257
1770590 257
1770600 258
1770610 258
1770620 258
1770630 258
1770640 258
1770650 258
1770660 257
1770670 257
1770680 258
1770690 258
1770700 258
1770710 258
1770720 258
1770730 258
1770740 258
1770750 258
1770760 258
1770770 258
1770780 258
1770790 258
1770800 258
1770810 258
1770820 257
1770830 257
1770840 257
1770850 257
1760000 367
1760010 367
1760020 367
1760030 367
1760040 367
1760050 367
1760060 366
1760070 366
1760080 365
1760090 365
1760100 366
1760110 366
1760120 366
1760130 365
1760140 365
1760150 365
1760160 364
1760170 364
1760180 364
1760190 364
1760200 363
1760210 363
1760220 363
1760230 363
1760240 362
1760250 362
1760260 361
1760270 361
1760280 361
1760290 361
1760300 361
1760310 362
1760320 362
1760330 361
1760340 361
1760350 361
1760360 360
1760370 360
1760380 359
1760390 359
1760400 359
1760410 358
1760420 358
1760430 358
1760440 358
1760450 358
1760460 357
1760470 357
1760480 357
1760490 358
1760500 358
1760510 358
1760520 358
1760530 358
1760540 358
1760550 357
1760560 357
1760570 357
1760580 357
1760590 357
1760600 358
1760610 358
1760620 359
1760630 360
1760640 360
1760650 361
1760660 362
1760670 363
1760680 364
1760690 365
1760700 365
1760710 365
1760720 366
1760730 367
1760740 368
1760750 369
1760760 370
1760770 371
1760780 372
1760790 372
1760800 373
1760810 373
1760820 373
1760830 373
1760840 373
1760850 373
1760860 373
1760870 372
1760880 373
1760890 373
1760900 373
1760910 373
1760920 372
1760930 372
1760940 372
1760950 372
1760960 371
1760970 371
1760980 371
1760990 370
1761000 370
1761010 370
1761020 370
1761030 370
1761040 370
1761050 369
1761060 369
1761070 369
1761080 368
1761090 367
1761100 367
1761110 366
1761120 366
1761130 365
1761140 365
1761150 365
1761160 364
1761170 364
1761180 364
1761190 364
1761200 364
1761210 363
1761220 362
1761230 361
1761240 361
1761250 361
1761260 361
1761270 361
1761280 361
1761290 361
1761300 361
1761310 360
1761320 360
1761330 359
1761340 358
1761350 357
1761360 356
1761370 355
1761380 353
1761390 351
1761400 349
1761410 349
1761420 347
1761430 347
1761440 346
1761450 345
1761460 345
1761470 345
1761480 345
1761490 346
1761500 346
1761510 346
1761520 346
1761530 346
1761540 346
1761550 346
1761560 346
1761570 348
1761580 350
1761590 353
1761600 356
1761610 360
1761620 363
1761630 365
1761640 366
1761650 365
1761660 364
1761670 363
1761680 361
1761690 360
1761700 359
1761710 357
1761720 356
1761730 354
1761740 351
1761750 351
1761760 352
1761770 353
1761780 353
1761790 354
1761800 354
1761810 355
1761820 355
1761830 355
1761840 355
1761850 355
1761860 355
1761870 355
1761880 354
1761890 354
1761900 353
1761910 352
1761920 351
1761930 351
1761940 352
1761950 353
1761960 353
1761970 353
1761980 353
1761990 352
1762000 352
1762010 352
1762020 352
1762030 352
1762040 352
1762050 352
1762060 352
1762070 352
1762080 352
1762090 352
1762100 352
1762110 352
1762120 352
1762130 352
1762140 352
1762150 352
1762160 352
1762170 352
1762180 352
1762190 352
1762200 352
1762210 353
1762220 353
1762230 353
1762240 352
1762250 352
1762260 352
1762270 352
1762280 352
1762290 352
1762300 351
1762310 351
1762320 351
1762330 351
1762340 351
1762350 350
1762360 350
1762370 350
1762380 350
1762390 350
1762400 350
1762410 350
1762420 350
1762430 350
1762440 350
1762450 350
1762460 350
1762470 350
1762480 350
1762490 350
1762500 350
1762510 350
1762520 350
1762530 351
1762540 351
1762550 351
1762560 351
1762570 351
1762580 351
1762590 351
1762600 351
1762610 351
1762620 351
1762630 351
1762640 351
1762650 351
1762660 351
1762670 351
1762680 350
1762690 350
1762700 350
1762710 350
1762720 350
1762730 350
1762740 350
1762750 350
1762760 350
1762770 350
1762780 350
1762790 350
1762800 350
1762810 350
1762820 350
1762830 350
1762840 350
1762850 350
1762860 350
1762870 350
1762880 350
1762890 350
1762900 350
1762910 350
1762920 350
1762930 350
1762940 350
1762950 350
1762960 350
1762970 350
1762980 350
1762990 350
1763000 350
1763010 351
1763020 351
1763030 351
1763040 351
1763050 351
1763060 351
1763070 351
1763080 351
1763090 351
1763100 351
1763110 351
1763120 351
1763130 351
1763140 351
1763150 351
1763160 351
1763170 351
1763180 352
1763190 352
1763200 352
1763210 352
1763220 352
1763230 352
1763240 352
1763250 352
1763260 352
1763270 352
1763280 352
1763290 352
1763300 353
1763310 353
1763320 353
1763330 353
1763340 353
1763350 353
1763360 353
1763370 353
1763380 353
1763390 353
1763400 353
1763410 353
1763420 353
1763430 353
1763440 353
1763450 353
1763460 353
1763470 353
1763480 354
1763490 354
1763500 354
1763510 355
1763520 355
1763530 355
1763540 355
1763550 356
1763560 356
1763570 356
1763580 357
1763590 357
1763600 358
1763610 359
1763620 359
1763630 359
1763640 359
1763650 358
1763660 358
1763670 358
1763680 359
1763690 360
1763700 360
1763710 361
1763720 362
1763730 362
1763740 362
1763750 361
1763760 361
1763770 360
1763780 360
1763790 360
1763800 360
1763810 359
1763820 359
1763830 359
1763840 359
1763850 359
1763860 359
1763870 359
1763880 359
1763890 359
1763900 360
1763910 359
1763920 359
1763930 359
1763940 358
1763950 358
1763960 357
1763970 356
1763980 356
1763990 355
1764000 355
1764010 354
1764020 353
1764030 353
1764040 352
1764050 352
1764060 351
1764070 350
1764080 350
1764090 349
1764100 348
1764110 348
1764120 347
1764130 346
1764140 345
1764150 345
1764160 344
1764170 342
1764180 340
1764190 338
1764200 338
1764210 338
1764220 338
1764230 337
1764240 336
1764250 335
1764260 334
1764270 333
1764280 332
1764290 331
1764300 330
1764310 329
1764320 328
1764330 328
1764340 327
1764350 326
1764360 326
1764370 325
1764380 324
1764390 324
1764400 323
1764410 323
1764420 322
1764430 321
1764440 321
1764450 321
1764460 320
1764470 320
1764480 320
1764490 319
1764500 319
1764510 318
1764520 319
1764530 319
1764540 320
1764550 321
1764560 322
1764570 323
1764580 325
1764590 326
1764600 326
1764610 328
1764620 329
1764630 330
1764640 331
1764650 333
1764660 334
1764670 336
1764680 338
1764690 339
1764700 341
1764710 343
1764720 344
1764730 346
1764740 347
1764750 348
1764760 349
1764770 350
1764780 351
1764790 352
1764800 353
1764810 354
1764820 354
1764830 355
1764840 355
1764850 355
1764860 355
1764870 354
1764880 354
1764890 353
1764900 352
1764910 351
1764920 350
1764930 348
1764940 346
1764950 344
1764960 342
1764970 340
1764980 338
1764990 336
1765000 336
1765010 335
1765020 335
1765030 334
1765040 334
1765050 334
1765060 333
1765070 333
1765080 332
1765090 332
1765100 332
1765110 331
1765120 331
1765130 331
1765140 330
1765150 330
1765160 329
1765170 328
1765180 328
1765190 328
1765200 328
1765210 327
1765220 327
1765230 326
1765240 326
1765250 326
1765260 326
1765270 325
1765280 325
1765290 325
1765300 325
1765310 325
1765320 325
1765330 324
1765340 324
1765350 324
1765360 324
1765370 323
1765380 323
1765390 323
1765400 323
1765410 323
1765420 323
1765430 323
1765440 322
1765450 322
1765460 322
1765470 322
1765480 322
1765490 322
1765500 322
1765510 322
1765520 322
1765530 322
1765540 321
1765550 321
1765560 320
1765570 319
1765580 318
1765590 317
1765600 316
1765610 316
1765620 316
1765630 316
1765640 316
1765650 317
1765660 317
1765670 318
1765680 318
1765690 318
1765700 319
1765710 319
1765720 320
1765730 320
1765740 320
1765750 320
1765760 320
1765770 320
1765780 320
1765790 320
1765800 320
1765810 320
1765820 320
1765830 320
1765840 319
1765850 319
1765860 319
1765870 319
1765880 318
1765890 318
1765900 318
1765910 317
1765920 317
1765930 317
1765940 316
1765950 316
1765960 315
1765970 315
1765980 315
1765990 315
1766000 314
1766010 314
1766020 314
1766030 314
1766040 314
1766050 314
1766060 314
1766070 313
1766080 313
1766090 313
1766100 313
1766110 313
1766120 313
1766130 313
1766140 312
1766150 312
1766160 312
1766170 312
1766180 312
1766190 312
1766200 312
1766210 312
1766220 311
1766230 311
1766240 311
1766250 311
1766260 311
1766270 310
1766280 310
1766290 310
1766300 310
1766310 309
1766320 309
1766330 309
1766340 309
1766350 309
1766360 308
1766370 308
1766380 308
1766390 308
1766400 307
1766410 307
1766420 307
1766430 307
1766440 307
1766450 307
1766460 306
1766470 306
1766480 306
1766490 306
1766500 306
1766510 306
1766520 305
1766530 305
1766540 305
1766550 305
1766560 304
1766570 304
1766580 304
1766590 303
1766600 303
1766610 302
1766620 303
1766630 303
1766640 303
1766650 302
1766660 302
1766670 302
1766680 302
1766690 302
1766700 301
1766710 301
1766720 301
1766730 301
1766740 300
1766750 300
1766760 300
1766770 300
1766780 299
1766790 299
1766800 299
1766810 299
1766820 299
1766830 299
1766840 299
1766850 299
1766860 299
1766870 299
1766880 299
1766890 298
1766900 298
1766910 298
1766920 298
1766930 297
1766940 297
1766950 297
1766960 297
1766970 297
1766980 297
1766990 297
1767000 297
1767010 297
1767020 297
1767030 297
1767040 297
1767050 297
1767060 297
1767070 297
1767080 297
1767090 297
1767100 297
1767110 297
1767120 297
1767130 297
1767140 297
1767150 297
1767160 297
1767170 297
1767180 297
1767190 297
1767200 298
1767210 298
1767220 298
1767230 298
1767240 298
1767250 298
1767260 298
1767270 298
1767280 298
1767290 298
1767300 298
1767310 299
1767320 299
1767330 299
1767340 299
1767350 299
1767360 299
1767370 299
1767380 299
1767390 300
1767400 300
1767410 300
1767420 300
1767430 300
1767440 300
1767450 300
1767460 300
1767470 300
1767480 300
1767490 300
1767500 300
1767510 300
1767520 300
1767530 300
1767540 300
1767550 300
1767560 300
1767570 300
1767580 300
1767590 300
1767600 300
1767610 300
1767620 300
1767630 300
1767640 300
1767650 300
1767660 300
1767670 299
1767680 299
1767690 299
1767700 299
1767710 299
1767720 298
1767730 298
1767740 298
1767750 298
1767760 298
1767770 298
1767780 297
1767790 297
1767800 297
1767810 297
1767820 296
1767830 296
1767840 296
1767850 296
1767860 296
1767870 295
1767880 295
1767890 295
1767900 295
1767910 295
1767920 294
1767930 294
1767940 294
1767950 294
1767960 293
1767970 293
1767980 293
1767990 293
1768000 292
1768010 292
1768020 292
1768030 292
1768040 292
1768050 291
1768060 291
1768070 291
1768080 291
1768090 290
1768100 290
1768110 290
1768120 290
1768130 289
1768140 289
1768150 289
1768160 289
1768170 288
1768180 288
1768190 288
1768200 288
1768210 288
1768220 287
1768230 287
1768240 287
1768250 287
1768260 287
1768270 286
1768280 286
1768290 286
1768300 286
1768310 286
1768320 285
1768330 285
1768340 285
1768350 285
1768360 285
1768370 284
1768380 284
1768390 284
1768400 284
1768410 284
1768420 284
1768430 284
1768440 284
1768450 283
1768460 283
1768470 283
1768480 283
1768490 283
1768500 282
1768510 282
1768520 282
1768530 282
1768540 282
1768550 282
1768560 282
1768570 281
1768580 281
1768590 281
1768600 281
1768610 281
1768620 280
1768630 280
1768640 280
1768650 280
1768660 280
1768670 279
1768680 279
1768690 279
1768700 279
1768710 279
1768720 279
1768730 278
1768740 278
1768750 278
1768760 278
1768770 278
1768780 278
1768790 277
1768800 277
1768810 277
1768820 277
1768830 276
1768840 276
1768850 276
1768860 276
1768870 276
1768880 276
1768890 276
1768900 275
1768910 275
1768920 275
1768930 275
1768940 275
1768950 275
1768960 275
1768970 275
1768980 275
1768990 274
1769000 274
1769010 274
1769020 274
1769030 274
1769040 274
1769050 274
1769060 274
1769070 274
1769080 274
1769090 273
1769100 273
1769110 273
1769120 273
1769130 273
1769140 273
1769150 273
1769160 273
1769170 273
1769180 273
1769190 272
1769200 272
1769210 272
1769220 272
1769230 272
1769240 272
1769250 272
1769260 272
1769270 272
1769280 271
1769290 271
1769300 271
1769310 271
1769320 271
1769330 271
1769340 271
1769350 271
1769360 271
1769370 270
1769380 270
1769390 270
1769400 270
1769410 270
1769420 270
1769430 270
1769440 269
1769450 269
1769460 269
1769470 269
1769480 269
1769490 269
1769500 269
1769510 268
1769520 268
1769530 268
1769540 268
1769550 268
1769560 267
1769570 267
1769580 267
1769590 266
1769600 266
1769610 266
1769620 266
1769630 266
1769640 266
1769650 266
1769660 266
1769670 266
1769680 265
1769690 265
1769700 265
1769710 265
1769720 265
1769730 265
1769740 265
1769750 265
1769760 265
1769770 265
1769780 265
1769790 264
1769800 264
1769810 264
1769820 264
1769830 264
1769840 264
1769850 264
1769860 264
1769870 263
1769880 263
1769890 263
1769900 263
1769910 263
1769920 263
1769930 263
1769940 263
1769950 262
1769960 262
1769970 262
1769980 261
1769990 261
1770000 261
1770010 261
1770020 261
1770030 261
1770040 261
1770050 261
1770060 260
1770070 260
1770080 260
1770090 260
1770100 260
1770110 260
1770120 260
1770130 260
1770140 260
1770150 260
1770160 260
1770170 260
1770180 260
1770190 260
1770200 260
1770210 260
1770220 259
1770230 259
1770240 259
1770250 259
1770260 259
1770270 259
1770280 259
1770290 259
1770300 259
1770310 259
1770320 259
1770330 259
1770340 259
1770350 258
1770360 258
1770370 258
1770380 258
1770390 258
1770400 258
1770410 258
1770420 258
1770430 258
1770440 258
1770450 258
1770460 258
1770470 258
1770480 258
1770490 258
1770500 258
1770510 258
1770520 258
1770530 258
1770540 257
1770550 257
1770560 257
1770570 257
1770580 257
1770590 257
1770600 258
1770610 258
1770620 258
1770630 258
1770640 258
1770650 258
1770660 257
1770670 257
1770680 258
1770690 258
1770700 258
1770710 258
1770720 258
1770730 258
1770740 258
1770750 258
1770760 258
1770770 258
1770780 258
1770790 258
1770800 258
1770810 258
1770820 257
1770830 257
1770840 257
1770850 257
