1771010 269
1771020 269
1771030 269
1771040 269
1771050 269
1771060 269
1771070 269
1771080 269
1771090 269
1771100 269
1771110 269
1771120 269
1771130 269
1771140 268
1771150 268
1771160 268
1771170 268
1771180 268
1771190 268
1771200 268
1771210 268
1771220 268
1771230 268
1771240 268
1771250 268
1771260 268
1771270 268
1771280 268
1771290 268
1771300 268
1771310 268
1771320 268
1771330 267
1771340 267
1771350 267
1771360 267
1771370 267
1771380 267
1771390 267
1771400 267
1771410 267
1771420 267
1771430 267
1771440 267
1771450 267
1771460 267
1771470 267
1771480 267
1771490 267
1771500 266
1771510 266
1771520 266
1771530 266
1771540 266
1771550 266
1771560 266
1771570 266
1771580 266
1771590 266
1771600 266
1771610 265
1771620 265
1771630 265
1771640 265
1771650 265
1771660 265
1771670 265
1771680 265
1771690 265
1771700 265
1771710 265
1771720 264
1771730 264
1771740 264
1771750 264
1771760 264
1771770 264
1771780 264
1771790 264
1771800 264
1771810 263
1771820 263
1771830 263
1771840 263
1771850 263
1771860 263
1771870 263
1771880 262
1771890 262
1771900 262
1771910 262
1771920 262
1771930 262
1771940 262
1771950 262
1771960 262
1771970 261
1771980 261
1771990 261
1772000 261
1772010 261
1772020 260
1772030 260
1772040 260
1772050 260
1772060 260
1772070 260
1772080 260
1772090 259
1772100 259
1772110 259
1772120 259
1772130 259
1772140 259
1772150 259
1772160 259
1772170 258
1772180 258
1772190 258
1772200 258
1772210 258
1772220 258
1772230 258
1772240 258
1772250 258
1772260 258
1772270 258
1772280 258
1772290 258
1772300 258
1772310 257
1772320 257
1772330 257
1772340 257
1772350 257
1772360 257
1772370 256
1772380 256
1772390 256
1772400 256
1772410 256
1772420 256
1772430 256
1772440 256
1772450 255
1772460 255
1772470 255
1772480 255
1772490 255
1772500 255
1772510 254
1772520 254
1772530 254
1772540 254
1772550 254
1772560 254
1772570 254
1772580 254
1772590 253
1772600 253
1772610 253
1772620 253
1772630 252
1772640 252
1772650 252
1772660 252
1772670 252
1772680 251
1772690 251
1772700 251
1772710 251
1772720 251
1772730 250
1772740 250
1772750 250
1772760 250
1772770 249
1772780 249
1772790 249
1772800 249
1772810 248
1772820 248
1772830 248
1772840 248
1772850 248
1772860 247
1772870 247
1772880 247
1772890 247
1772900 247
1772910 247
1772920 247
1772930 247
1772940 247
1772950 248
1772960 248
1772970 248
1772980 247
1772990 247
1773000 247
1773010 247
1773020 247
1773030 247
1773040 247
1773050 247
1773060 247
1773070 247
1773080 247
1773090 247
1773100 247
1773110 247
1773120 247
1773130 247
1773140 247
1773150 247
1773160 247
1773170 247
1773180 247
1773190 247
1773200 247
1773210 247
1773220 247
1773230 247
1773240 247
1773250 247
1773260 246
1773270 246
1773280 246
1773290 246
1773300 246
1773310 246
1773320 245
1773330 245
1773340 245
1773350 245
1773360 245
1773370 245
1773380 245
1773390 245
1773400 245
1773410 244
1773420 244
1773430 244
1773440 244
1773450 244
1773460 244
1773470 244
1773480 244
1773490 244
1773500 244
1773510 244
1773520 243
1773530 243
1773540 243
1773550 243
1773560 243
1773570 243
1773580 243
1773590 242
1773600 242
1773610 242
1773620 242
1773630 242
1773640 242
1773650 242
1773660 242
1773670 241
1773680 241
1773690 241
1773700 241
1773710 241
1773720 241
1773730 241
1773740 241
1773750 241
1773760 241
1773770 241
1773780 240
1773790 241
1773800 241
1773810 240
1773820 240
1773830 240
1773840 240
1773850 240
1773860 240
1773870 240
1773880 240
1773890 240
1773900 240
1773910 240
1773920 240
1773930 240
1773940 240
1773950 240
1773960 240
1773970 240
1773980 240
1773990 240
1774000 240
1774010 240
1774020 240
1774030 240
1774040 240
1774050 240
1774060 240
1774070 240
1774080 240
1774090 240
1774100 240
1774110 240
1774120 240
1774130 240
1774140 240
1774150 240
1774160 240
1774170 240
1774180 240
1774190 240
1774200 240
1774210 240
1774220 240
1774230 240
1774240 241
1774250 241
1774260 241
1774270 241
1774280 242
1774290 243
1774300 243
1774310 244
1774320 244
1774330 243
1774340 244
1774350 244
1774360 244
1774370 244
1774380 244
1774390 244
1774400 244
1774410 244
1774420 244
1774430 244
1774440 244
1774450 244
1774460 245
1774470 245
1774480 245
1774490 245
1774500 245
1774510 245
1774520 245
1774530 246
1774540 246
1774550 246
1774560 247
1774570 247
1774580 247
1774590 247
1774600 248
1774610 248
1774620 248
1774630 249
1774640 249
1774650 249
1774660 249
1774670 249
1774680 249
1774690 250
1774700 250
1774710 250
1774720 250
1774730 250
1774740 250
1774750 250
1774760 250
1774770 251
1774780 251
1774790 252
1774800 252
1774810 253
1774820 253
1774830 253
1774840 254
1774850 254
1774860 254
1774870 255
1774880 256
1774890 256
1774900 257
1774910 258
1774920 258
1774930 258
1774940 259
1774950 260
1774960 261
1774970 263
1774980 265
1774990 267
1775000 269
1775010 270
1775020 272
1775030 273
1775040 274
1775050 275
1775060 276
1775070 276
1775080 277
1775090 277
1775100 277
1775110 277
1775120 277
1775130 278
1775140 278
1775150 278
1775160 278
1775170 278
1775180 278
1775190 278
1775200 278
1775210 279
1775220 279
1775230 279
1775240 279
1775250 279
1775260 279
1775270 279
1775280 280
1775290 280
1775300 280
1775310 280
1775320 280
1775330 281
1775340 281
1775350 281
1775360 282
1775370 282
1775380 282
1775390 282
1775400 283
1775410 283
1775420 283
1775430 283
1775440 284
1775450 284
1775460 284
1775470 284
1775480 284
1775490 284
1775500 284
1775510 284
1775520 284
1775530 284
1775540 283
1775550 283
1775560 283
1775570 283
1775580 283
1775590 282
1775600 282
1775610 282
1775620 281
1775630 281
1775640 281
1775650 280
1775660 280
1775670 279
1775680 278
1775690 276
1775700 274
1775710 274
1775720 274
1775730 273
1775740 273
1775750 273
1775760 273
1775770 273
1775780 273
1775790 273
1775800 273
1775810 273
1775820 272
1775830 272
1775840 272
1775850 271
1775860 271
1775870 270
1775880 270
1775890 269
1775900 268
1775910 268
1775920 268
1775930 268
1775940 269
1775950 269
1775960 269
1775970 270
1775980 270
1775990 270
1776000 271
1776010 271
1776020 271
1776030 272
1776040 272
1776050 272
1776060 272
1776070 272
1776080 272
1776090 273
1776100 273
1776110 273
1776120 273
1776130 273
1776140 273
1776150 273
1776160 274
1776170 274
1776180 274
1776190 274
1776200 274
1776210 275
1776220 275
1776230 275
1776240 275
1776250 275
1776260 275
1776270 275
1776280 275
1776290 275
1776300 275
1776310 275
1776320 275
1776330 275
1776340 275
1776350 275
1776360 275
1776370 276
1776380 276
1776390 276
1776400 276
1776410 276
1776420 276
1776430 276
1776440 277
1776450 277
1776460 277
1776470 277
1776480 277
1776490 278
1776500 278
1776510 279
1776520 280
1776530 280
1776540 281
1776550 282
1776560 283
1776570 285
1776580 286
1776590 287
1776600 288
1776610 288
1776620 288
1776630 288
1776640 288
1776650 288
1776660 287
1776670 287
1776680 287
1776690 287
1776700 287
1776710 286
1776720 286
1776730 287
1776740 287
1776750 287
1776760 287
1776770 287
1776780 287
1776790 287
1776800 288
1776810 288
1776820 289
1776830 290
1776840 290
1776850 291
1776860 292
1776870 292
1776880 292
1776890 293
1776900 294
1776910 295
1776920 296
1776930 297
1776940 298
1776950 300
1776960 301
1776970 301
1776980 301
1776990 301
1777000 302
1777010 302
1777020 303
1777030 304
1777040 304
1777050 304
1777060 305
1777070 306
1777080 308
1777090 309
1777100 311
1777110 312
1777120 314
1777130 315
1777140 317
1777150 318
1777160 319
1777170 321
1777180 322
1777190 322
1777200 323
1777210 324
1777220 324
1777230 325
1777240 325
1777250 326
1777260 326
1777270 326
1777280 326
1777290 326
1777300 326
1777310 326
1777320 326
1777330 326
1777340 326
1777350 326
1777360 326
1777370 326
1777380 325
1777390 325
1777400 325
1777410 325
1777420 325
1777430 325
1777440 325
1777450 325
1777460 325
1777470 325
1777480 325
1777490 325
1777500 324
1777510 324
1777520 324
1777530 324
1777540 324
1777550 324
1777560 323
1777570 323
1777580 323
1777590 323
1777600 323
1777610 322
1777620 322
1777630 322
1777640 322
1777650 322
1777660 321
1777670 321
1777680 321
1777690 321
1777700 321
1777710 321
1777720 321
1777730 320
1777740 320
1777750 320
1777760 319
1777770 319
1777780 319
1777790 319
1777800 318
1777810 318
1777820 318
1777830 318
1777840 317
1777850 317
1777860 317
1777870 317
1777880 316
1777890 316
1777900 316
1777910 316
1777920 315
1777930 315
1777940 315
1777950 315
1777960 314
1777970 314
1777980 314
1777990 314
1778000 313
1778010 313
1778020 313
1778030 313
1778040 312
1778050 312
1778060 312
1778070 312
1778080 311
1778090 311
1778100 311
1778110 311
1778120 310
1778130 310
1778140 310
1778150 310
1778160 309
1778170 309
1778180 309
1778190 309
1778200 308
1778210 308
1778220 308
1778230 308
1778240 307
1778250 307
1778260 307
1778270 307
1778280 306
1778290 306
1778300 306
1778310 306
1778320 305
1778330 305
1778340 305
1778350 304
1778360 304
1778370 304
1778380 303
1778390 301
1778400 300
1778410 300
1778420 300
1778430 301
1778440 301
1778450 301
1778460 302
1778470 302
1778480 302
1778490 301
1778500 301
1778510 301
1778520 301
1778530 300
1778540 300
1778550 300
1778560 299
1778570 299
1778580 299
1778590 299
1778600 299
1778610 299
1778620 298
1778630 296
1778640 296
1778650 296
1778660 296
1778670 295
1778680 295
1778690 295
1778700 294
1778710 294
1778720 293
1778730 293
1778740 293
1778750 293
1778760 293
1778770 293
1778780 293
1778790 293
1778800 293
1778810 293
1778820 293
1778830 293
1778840 292
1778850 292
1778860 292
1778870 293
1778880 293
1778890 293
1778900 294
1778910 294
1778920 294
1778930 294
1778940 294
1778950 295
1778960 295
1778970 295
1778980 295
1778990 294
1779000 294
1779010 294
1779020 294
1779030 294
1779040 294
1779050 294
1779060 293
1779070 293
1779080 293
1779090 293
1779100 293
1779110 293
1779120 293
1779130 293
1779140 294
1779150 294
1779160 294
1779170 294
1779180 294
1779190 294
1779200 294
1779210 294
1779220 294
1779230 294
1779240 294
1779250 294
1779260 294
1779270 294
1779280 294
1779290 294
1779300 294
1779310 294
1779320 294
1779330 294
1779340 294
1779350 294
1779360 294
1779370 294
1779380 294
1779390 294
1779400 294
1779410 294
1779420 294
1779430 294
1779440 294
1779450 294
1779460 294
1779470 294
1779480 294
1779490 294
1779500 293
1779510 293
1779520 293
1779530 292
1779540 292
1779550 292
1779560 292
1779570 292
1779580 292
1779590 291
1779600 291
1779610 291
1779620 291
1779630 291
1779640 290
1779650 290
1779660 290
1779670 290
1779680 290
1779690 289
1779700 289
1779710 289
1779720 289
1779730 288
1779740 288
1779750 288
1779760 288
1779770 287
1779780 287
1779790 287
1779800 287
1779810 286
1779820 286
1779830 286
1779840 286
1779850 285
1779860 285
1779870 285
1779880 285
1779890 284
1779900 284
1779910 284
1779920 283
1779930 283
1779940 283
1779950 282
1779960 282
1779970 282
1779980 282
1779990 281
