1760000 387
1760010 386
1760020 384
1760030 383
1760040 383
1760050 383
1760060 384
1760070 386
1760080 388
1760090 388
1760100 388
1760110 388
1760120 388
1760130 388
1760140 387
1760150 387
1760160 387
1760170 387
1760180 387
1760190 387
1760200 387
1760210 387
1760220 387
1760230 388
1760240 388
1760250 388
1760260 387
1760270 387
1760280 387
1760290 387
1760300 387
1760310 387
1760320 387
1760330 387
1760340 387
1760350 387
1760360 386
1760370 386
1760380 386
1760390 386
1760400 386
1760410 386
1760420 386
1760430 386
1760440 386
1760450 386
1760460 386
1760470 386
1760480 386
1760490 386
1760500 386
1760510 386
1760520 386
1760530 386
1760540 386
1760550 386
1760560 386
1760570 386
1760580 386
1760590 386
1760600 386
1760610 386
1760620 386
1760630 386
1760640 387
1760650 387
1760660 387
1760670 387
1760680 387
1760690 387
1760700 387
1760710 387
1760720 387
1760730 387
1760740 387
1760750 387
1760760 387
1760770 387
1760780 387
1760790 387
1760800 387
1760810 387
1760820 387
1760830 387
1760840 387
1760850 387
1760860 387
1760870 387
1760880 387
1760890 387
1760900 387
1760910 388
1760920 388
1760930 388
1760940 388
1760950 388
1760960 388
1760970 388
1760980 388
1760990 388
1761000 388
1761010 388
1761020 388
1761030 388
1761040 388
1761050 388
1761060 388
1761070 388
1761080 388
1761090 388
1761100 388
1761110 388
1761120 388
1761130 388
1761140 388
1761150 388
1761160 388
1761170 388
1761180 387
1761190 387
1761200 387
1761210 387
1761220 387
1761230 387
1761240 387
1761250 386
1761260 386
1761270 386
1761280 386
1761290 386
1761300 385
1761310 385
1761320 385
1761330 385
1761340 385
1761350 384
1761360 384
1761370 384
1761380 384
1761390 384
1761400 384
1761410 384
1761420 383
1761430 383
1761440 383
1761450 383
1761460 383
1761470 382
1761480 382
1761490 382
1761500 382
1761510 381
1761520 381
1761530 381
1761540 381
1761550 380
1761560 380
1761570 380
1761580 380
1761590 379
1761600 379
1761610 379
1761620 379
1761630 378
1761640 378
1761650 378
1761660 378
1761670 377
1761680 377
1761690 377
1761700 377
1761710 377
1761720 376
1761730 376
1761740 376
1761750 376
1761760 375
1761770 375
1761780 375
1761790 375
1761800 374
1761810 374
1761820 374
1761830 374
1761840 373
1761850 373
1761860 373
1761870 373
1761880 372
1761890 372
1761900 372
1761910 372
1761920 372
1761930 372
1761940 371
1761950 371
1761960 371
1761970 371
1761980 371
1761990 371
1762000 371
1762010 371
1762020 371
1762030 371
1762040 371
1762050 371
1762060 371
1762070 371
1762080 371
1762090 371
1762100 371
1762110 371
1762120 372
1762130 372
1762140 372
1762150 373
1762160 373
1762170 373
1762180 373
1762190 374
1762200 374
1762210 374
1762220 374
1762230 374
1762240 375
1762250 375
1762260 376
1762270 376
1762280 376
1762290 377
1762300 377
1762310 377
1762320 377
1762330 377
1762340 377
1762350 377
1762360 376
1762370 376
1762380 376
1762390 376
1762400 375
1762410 375
1762420 374
1762430 374
1762440 373
1762450 373
1762460 372
1762470 372
1762480 371
1762490 371
1762500 370
1762510 370
1762520 369
1762530 369
1762540 368
1762550 368
1762560 368
1762570 367
1762580 367
1762590 366
1762600 366
1762610 365
1762620 364
1762630 364
1762640 364
1762650 364
1762660 363
1762670 363
1762680 363
1762690 363
1762700 362
1762710 362
1762720 362
1762730 362
1762740 362
1762750 361
1762760 361
1762770 361
1762780 361
1762790 361
1762800 360
1762810 360
1762820 360
1762830 360
1762840 360
1762850 359
1762860 359
1762870 359
1762880 359
1762890 359
1762900 359
1762910 359
1762920 359
1762930 358
1762940 358
1762950 358
1762960 358
1762970 358
1762980 358
1762990 358
1763000 358
1763010 358
1763020 358
1763030 358
1763040 357
1763050 357
1763060 357
1763070 357
1763080 357
1763090 357
1763100 357
1763110 357
1763120 357
1763130 357
1763140 357
1763150 357
1763160 357
1763170 357
1763180 357
1763190 357
1763200 357
1763210 357
1763220 357
1763230 357
1763240 357
1763250 357
1763260 357
1763270 356
1763280 356
1763290 356
1763300 356
1763310 355
1763320 355
1763330 355
1763340 355
1763350 355
1763360 354
1763370 354
1763380 354
1763390 353
1763400 353
1763410 353
1763420 353
1763430 352
1763440 352
1763450 352
1763460 352
1763470 351
1763480 351
1763490 351
1763500 350
1763510 350
1763520 350
1763530 350
1763540 349
1763550 349
1763560 349
1763570 348
1763580 348
1763590 348
1763600 347
1763610 347
1763620 347
1763630 346
1763640 346
1763650 346
1763660 346
1763670 345
1763680 345
1763690 345
1763700 345
1763710 344
1763720 344
1763730 344
1763740 344
1763750 343
1763760 343
1763770 343
1763780 343
1763790 343
1763800 342
1763810 342
1763820 342
1763830 342
1763840 342
1763850 342
1763860 342
1763870 342
1763880 341
1763890 341
1763900 341
1763910 341
1763920 341
1763930 341
1763940 341
1763950 341
1763960 340
1763970 340
1763980 340
1763990 340
1764000 340
1764010 340
1764020 340
1764030 340
1764040 340
1764050 340
1764060 339
1764070 339
1764080 339
1764090 339
1764100 339
1764110 339
1764120 339
1764130 339
1764140 338
1764150 338
1764160 338
1764170 338
1764180 337
1764190 337
1764200 336
1764210 336
1764220 336
1764230 336
1764240 336
1764250 336
1764260 336
1764270 336
1764280 336
1764290 337
1764300 337
1764310 337
1764320 337
1764330 337
1764340 337
1764350 337
1764360 337
1764370 337
1764380 338
1764390 338
1764400 338
1764410 338
1764420 338
1764430 338
1764440 338
1764450 339
1764460 339
1764470 339
1764480 339
1764490 339
1764500 340
1764510 340
1764520 340
1764530 340
1764540 340
1764550 340
1764560 340
1764570 340
1764580 340
1764590 341
1764600 341
1764610 341
1764620 341
1764630 341
1764640 341
1764650 342
1764660 342
1764670 342
1764680 342
1764690 342
1764700 342
1764710 342
1764720 343
1764730 343
1764740 344
1764750 344
1764760 345
1764770 345
1764780 345
1764790 345
1764800 345
1764810 345
1764820 345
1764830 345
1764840 345
1764850 345
1764860 345
1764870 345
1764880 346
1764890 346
1764900 346
1764910 346
1764920 346
1764930 346
1764940 346
1764950 346
1764960 346
1764970 345
1764980 345
1764990 345
1765000 345
1765010 345
1765020 346
1765030 346
1765040 346
1765050 346
1765060 346
1765070 346
1765080 346
1765090 346
1765100 346
1765110 346
1765120 347
1765130 347
1765140 347
1765150 347
1765160 347
1765170 347
1765180 347
1765190 348
1765200 348
1765210 348
1765220 348
1765230 348
1765240 347
1765250 347
1765260 347
1765270 347
1765280 346
1765290 346
1765300 346
1765310 346
1765320 345
1765330 344
1765340 343
1765350 343
1765360 342
1765370 342
1765380 341
1765390 340
1765400 340
1765410 338
1765420 337
1765430 335
1765440 333
1765450 331
1765460 329
1765470 328
1765480 327
1765490 326
1765500 325
1765510 327
1765520 328
1765530 328
1765540 327
1765550 327
1765560 326
1765570 325
1765580 325
1765590 324
1765600 323
1765610 322
1765620 322
1765630 321
1765640 321
1765650 320
1765660 320
1765670 319
1765680 319
1765690 318
1765700 318
1765710 317
1765720 316
1765730 315
1765740 315
1765750 314
1765760 314
1765770 313
1765780 313
1765790 312
1765800 312
1765810 311
1765820 311
1765830 310
1765840 309
1765850 309
1765860 308
1765870 308
1765880 308
1765890 307
1765900 307
1765910 307
1765920 306
1765930 306
1765940 306
1765950 305
1765960 304
1765970 303
1765980 303
1765990 302
1766000 302
1766010 301
1766020 301
1766030 300
1766040 300
1766050 300
1766060 300
1766070 299
1766080 299
1766090 299
1766100 299
1766110 298
1766120 297
1766130 296
1766140 296
1766150 296
1766160 295
1766170 295
1766180 294
1766190 294
1766200 294
1766210 293
1766220 293
1766230 293
1766240 292
1766250 292
1766260 292
1766270 292
1766280 291
1766290 291
1766300 291
1766310 291
1766320 290
1766330 290
1766340 290
1766350 290
1766360 290
1766370 290
1766380 290
1766390 289
1766400 289
1766410 289
1766420 289
1766430 288
1766440 288
1766450 288
1766460 288
1766470 288
1766480 288
1766490 288
1766500 288
1766510 287
1766520 287
1766530 287
1766540 287
1766550 287
1766560 287
1766570 287
1766580 287
1766590 287
1766600 287
1766610 287
1766620 287
1766630 288
1766640 287
1766650 287
1766660 286
1766670 286
1766680 286
1766690 285
1766700 285
1766710 285
1766720 285
1766730 285
1766740 285
1766750 285
1766760 285
1766770 284
1766780 284
1766790 284
1766800 284
1766810 284
1766820 284
1766830 284
1766840 284
1766850 284
1766860 284
1766870 284
1766880 284
1766890 283
1766900 283
1766910 283
1766920 283
1766930 283
1766940 283
1766950 283
1766960 283
1766970 283
1766980 283
1766990 282
1767000 282
1767010 282
1767020 282
1767030 282
1767040 282
1767050 282
1767060 282
1767070 282
1767080 282
1767090 282
1767100 282
1767110 282
1767120 282
1767130 282
1767140 282
1767150 282
1767160 282
1767170 282
1767180 282
1767190 282
1767200 282
1767210 282
1767220 282
1767230 282
1767240 282
1767250 282
1767260 282
1767270 282
1767280 282
1767290 282
1767300 282
1767310 282
1767320 282
1767330 282
1767340 282
1767350 282
1767360 282
1767370 282
1767380 282
1767390 282
1767400 282
1767410 283
1767420 283
1767430 283
1767440 283
1767450 283
1767460 283
1767470 283
1767480 283
1767490 283
1767500 283
1767510 283
1767520 283
1767530 283
1767540 283
1767550 283
1767560 283
1767570 283
1767580 283
1767590 284
1767600 284
1767610 284
1767620 284
1767630 284
1767640 284
1767650 284
1767660 284
1767670 284
1767680 284
1767690 284
1767700 285
1767710 285
1767720 285
1767730 285
1767740 285
1767750 284
1767760 284
1767770 284
1767780 284
1767790 284
1767800 284
1767810 284
1767820 284
1767830 284
1767840 284
1767850 284
1767860 284
1767870 284
1767880 284
1767890 284
1767900 284
1767910 284
1767920 284
1767930 284
1767940 284
1767950 284
1767960 284
1767970 284
1767980 284
1767990 284
1768000 284
1768010 284
1768020 284
1768030 284
1768040 283
1768050 284
1768060 284
1768070 284
1768080 284
1768090 283
1768100 283
1768110 283
1768120 283
1768130 283
1768140 283
1768150 283
1768160 283
1768170 283
1768180 283
1768190 283
1768200 283
1768210 283
1768220 283
1768230 283
1768240 283
1768250 283
1768260 283
1768270 283
1768280 283
1768290 283
1768300 283
1768310 283
1768320 283
1768330 283
1768340 282
1768350 282
1768360 282
1768370 282
1768380 282
1768390 282
1768400 282
1768410 282
1768420 282
1768430 282
1768440 282
1768450 282
1768460 282
1768470 282
1768480 282
1768490 281
1768500 281
1768510 281
1768520 281
1768530 281
1768540 281
1768550 281
1768560 281
1768570 281
1768580 281
1768590 281
1768600 281
1768610 281
1768620 281
1768630 281
1768640 281
1768650 281
1768660 281
1768670 281
1768680 281
1768690 281
1768700 281
1768710 281
1768720 281
1768730 281
1768740 281
1768750 281
1768760 281
1768770 281
1768780 281
1768790 281
1768800 281
1768810 281
1768820 281
1768830 281
1768840 281
1768850 281
1768860 281
1768870 281
1768880 281
1768890 281
1768900 281
1768910 281
1768920 281
1768930 281
1768940 281
1768950 281
1768960 282
1768970 282
1768980 282
1768990 282
1769000 282
1769010 282
1769020 282
1769030 282
1769040 283
1769050 283
1769060 283
1769070 283
1769080 283
1769090 283
1769100 283
1769110 283
1769120 284
1769130 284
1769140 284
1769150 284
1769160 284
1769170 284
1769180 284
1769190 284
1769200 284
1769210 284
1769220 285
1769230 285
1769240 285
1769250 285
1769260 285
1769270 285
1769280 285
1769290 285
1769300 285
1769310 285
1769320 285
1769330 285
1769340 285
1769350 286
1769360 286
1769370 285
1769380 285
1769390 286
1769400 286
1769410 286
1769420 286
1769430 286
1769440 286
1769450 286
1769460 286
1769470 286
1769480 286
1769490 286
1769500 286
1769510 286
1769520 286
1769530 286
1769540 285
1769550 285
1769560 285
1769570 285
1769580 285
1769590 285
1769600 285
1769610 285
1769620 285
1769630 285
1769640 285
1769650 284
1769660 284
1769670 284
1769680 284
1769690 284
1769700 284
1769710 284
1769720 283
1769730 283
1769740 283
1769750 283
1769760 283
1769770 283
1769780 283
1769790 283
1769800 283
1769810 282
1769820 282
1769830 282
1769840 282
1769850 282
1769860 282
1769870 282
1769880 281
1769890 281
1769900 281
1769910 281
1769920 281
1769930 281
1769940 281
1769950 281
1769960 280
1769970 280
1769980 280
1769990 280
1770000 280
1770010 280
1770020 280
1770030 280
1770040 280
1770050 280
1770060 279
1770070 279
1770080 279
1770090 279
1770100 279
1770110 279
1770120 278
1770130 278
1770140 278
1770150 278
1770160 278
1770170 278
1770180 278
1770190 278
1770200 278
1770210 277
1770220 277
1770230 277
1770240 277
1770250 277
1770260 277
1770270 277
1770280 277
1770290 277
1770300 277
1770310 277
1770320 277
1770330 276
1770340 276
1770350 276
1770360 276
1770370 276
1770380 276
1770390 276
1770400 276
1770410 276
1770420 276
1770430 276
1770440 275
1770450 275
1770460 275
1770470 275
1770480 275
1770490 275
1770500 275
1770510 275
1770520 275
1770530 275
1770540 275
1770550 276
1770560 276
1770570 275
1770580 275
1770590 275
1770600 275
1770610 275
1770620 275
1770630 275
1770640 275
1770650 275
1770660 275
1770670 275
1770680 274
1770690 274
1770700 274
1770710 274
1770720 274
1770730 274
1770740 274
1760000 387
1760010 386
1760020 384
1760030 383
1760040 383
1760050 383
1760060 384
1760070 386
1760080 388
1760090 388
1760100 388
1760110 388
1760120 388
1760130 388
1760140 387
1760150 387
1760160 387
1760170 387
1760180 387
1760190 387
1760200 387
1760210 387
1760220 387
1760230 388
1760240 388
1760250 388
1760260 387
1760270 387
1760280 387
1760290 387
1760300 387
1760310 387
1760320 387
1760330 387
1760340 387
1760350 387
1760360 386
1760370 386
1760380 386
1760390 386
1760400 386
1760410 386
1760420 386
1760430 386
1760440 386
1760450 386
1760460 386
1760470 386
1760480 386
1760490 386
1760500 386
1760510 386
1760520 386
1760530 386
1760540 386
1760550 386
1760560 386
1760570 386
1760580 386
1760590 386
1760600 386
1760610 386
1760620 386
1760630 386
1760640 387
1760650 387
1760660 387
1760670 387
1760680 387
1760690 387
1760700 387
1760710 387
1760720 387
1760730 387
1760740 387
1760750 387
1760760 387
1760770 387
1760780 387
1760790 387
1760800 387
1760810 387
1760820 387
1760830 387
1760840 387
1760850 387
1760860 387
1760870 387
1760880 387
1760890 387
1760900 387
1760910 388
1760920 388
1760930 388
1760940 388
1760950 388
1760960 388
1760970 388
1760980 388
1760990 388
1761000 388
1761010 388
1761020 388
1761030 388
1761040 388
1761050 388
1761060 388
1761070 388
1761080 388
1761090 388
1761100 388
1761110 388
1761120 388
1761130 388
1761140 388
1761150 388
1761160 388
1761170 388
1761180 387
1761190 387
1761200 387
1761210 387
1761220 387
1761230 387
1761240 387
1761250 386
1761260 386
1761270 386
1761280 386
1761290 386
1761300 385
1761310 385
1761320 385
1761330 385
1761340 385
1761350 384
1761360 384
1761370 384
1761380 384
1761390 384
1761400 384
1761410 384
1761420 383
1761430 383
1761440 383
1761450 383
1761460 383
1761470 382
1761480 382
1761490 382
1761500 382
1761510 381
1761520 381
1761530 381
1761540 381
1761550 380
1761560 380
1761570 380
1761580 380
1761590 379
1761600 379
1761610 379
1761620 379
1761630 378
1761640 378
1761650 378
1761660 378
1761670 377
1761680 377
1761690 377
1761700 377
1761710 377
1761720 376
1761730 376
1761740 376
1761750 376
1761760 375
1761770 375
1761780 375
1761790 375
1761800 374
1761810 374
1761820 374
1761830 374
1761840 373
1761850 373
1761860 373
1761870 373
1761880 372
1761890 372
1761900 372
1761910 372
1761920 372
1761930 372
1761940 371
1761950 371
1761960 371
1761970 371
1761980 371
1761990 371
1762000 371
1762010 371
1762020 371
1762030 371
1762040 371
1762050 371
1762060 371
1762070 371
1762080 371
1762090 371
1762100 371
1762110 371
1762120 372
1762130 372
1762140 372
1762150 373
1762160 373
1762170 373
1762180 373
1762190 374
1762200 374
1762210 374
1762220 374
1762230 374
1762240 375
1762250 375
1762260 376
1762270 376
1762280 376
1762290 377
1762300 377
1762310 377
1762320 377
1762330 377
1762340 377
1762350 377
1762360 376
1762370 376
1762380 376
1762390 376
1762400 375
1762410 375
1762420 374
1762430 374
1762440 373
1762450 373
1762460 372
1762470 372
1762480 371
1762490 371
1762500 370
1762510 370
1762520 369
1762530 369
1762540 368
1762550 368
1762560 368
1762570 367
1762580 367
1762590 366
1762600 366
1762610 365
1762620 364
1762630 364
1762640 364
1762650 364
1762660 363
1762670 363
1762680 363
1762690 363
1762700 362
1762710 362
1762720 362
1762730 362
1762740 362
1762750 361
1762760 361
1762770 361
1762780 361
1762790 361
1762800 360
1762810 360
1762820 360
1762830 360
1762840 360
1762850 359
1762860 359
1762870 359
1762880 359
1762890 359
1762900 359
1762910 359
1762920 359
1762930 358
1762940 358
1762950 358
1762960 358
1762970 358
1762980 358
1762990 358
1763000 358
1763010 358
1763020 358
1763030 358
1763040 357
1763050 357
1763060 357
1763070 357
1763080 357
1763090 357
1763100 357
1763110 357
1763120 357
1763130 357
1763140 357
1763150 357
1763160 357
1763170 357
1763180 357
1763190 357
1763200 357
1763210 357
1763220 357
1763230 357
1763240 357
1763250 357
1763260 357
1763270 356
1763280 356
1763290 356
1763300 356
1763310 355
1763320 355
1763330 355
1763340 355
1763350 355
1763360 354
1763370 354
1763380 354
1763390 353
1763400 353
1763410 353
1763420 353
1763430 352
1763440 352
1763450 352
1763460 352
1763470 351
1763480 351
1763490 351
1763500 350
1763510 350
1763520 350
1763530 350
1763540 349
1763550 349
1763560 349
1763570 348
1763580 348
1763590 348
1763600 347
1763610 347
1763620 347
1763630 346
1763640 346
1763650 346
1763660 346
1763670 345
1763680 345
1763690 345
1763700 345
1763710 344
1763720 344
1763730 344
1763740 344
1763750 343
1763760 343
1763770 343
1763780 343
1763790 343
1763800 342
1763810 342
1763820 342
1763830 342
1763840 342
1763850 342
1763860 342
1763870 342
1763880 341
1763890 341
1763900 341
1763910 341
1763920 341
1763930 341
1763940 341
1763950 341
1763960 340
1763970 340
1763980 340
1763990 340
1764000 340
1764010 340
1764020 340
1764030 340
1764040 340
1764050 340
1764060 339
1764070 339
1764080 339
1764090 339
1764100 339
1764110 339
1764120 339
1764130 339
1764140 338
1764150 338
1764160 338
1764170 338
1764180 337
1764190 337
1764200 336
1764210 336
1764220 336
1764230 336
1764240 336
1764250 336
1764260 336
1764270 336
1764280 336
1764290 337
1764300 337
1764310 337
1764320 337
1764330 337
1764340 337
1764350 337
1764360 337
1764370 337
1764380 338
1764390 338
1764400 338
1764410 338
1764420 338
1764430 338
1764440 338
1764450 339
1764460 339
1764470 339
1764480 339
1764490 339
1764500 340
1764510 340
1764520 340
1764530 340
1764540 340
1764550 340
1764560 340
1764570 340
1764580 340
1764590 341
1764600 341
1764610 341
1764620 341
1764630 341
1764640 341
1764650 342
1764660 342
1764670 342
1764680 342
1764690 342
1764700 342
1764710 342
1764720 343
1764730 343
1764740 344
1764750 344
1764760 345
1764770 345
1764780 345
1764790 345
1764800 345
1764810 345
1764820 345
1764830 345
1764840 345
1764850 345
1764860 345
1764870 345
1764880 346
1764890 346
1764900 346
1764910 346
1764920 346
1764930 346
1764940 346
1764950 346
1764960 346
1764970 345
1764980 345
1764990 345
1765000 345
1765010 345
1765020 346
1765030 346
1765040 346
1765050 346
1765060 346
1765070 346
1765080 346
1765090 346
1765100 346
1765110 346
1765120 347
1765130 347
1765140 347
1765150 347
1765160 347
1765170 347
1765180 347
1765190 348
1765200 348
1765210 348
1765220 348
1765230 348
1765240 347
1765250 347
1765260 347
1765270 347
1765280 346
1765290 346
1765300 346
1765310 346
1765320 345
1765330 344
1765340 343
1765350 343
1765360 342
1765370 342
1765380 341
1765390 340
1765400 340
1765410 338
1765420 337
1765430 335
1765440 333
1765450 331
1765460 329
1765470 328
1765480 327
1765490 326
1765500 325
1765510 327
1765520 328
1765530 328
1765540 327
1765550 327
1765560 326
1765570 325
1765580 325
1765590 324
1765600 323
1765610 322
1765620 322
1765630 321
1765640 321
1765650 320
1765660 320
1765670 319
1765680 319
1765690 318
1765700 318
1765710 317
1765720 316
1765730 315
1765740 315
1765750 314
1765760 314
1765770 313
1765780 313
1765790 312
1765800 312
1765810 311
1765820 311
1765830 310
1765840 309
1765850 309
1765860 308
1765870 308
1765880 308
1765890 307
1765900 307
1765910 307
1765920 306
1765930 306
1765940 306
1765950 305
1765960 304
1765970 303
1765980 303
1765990 302
1766000 302
1766010 301
1766020 301
1766030 300
1766040 300
1766050 300
1766060 300
1766070 299
1766080 299
1766090 299
1766100 299
1766110 298
1766120 297
1766130 296
1766140 296
1766150 296
1766160 295
1766170 295
1766180 294
1766190 294
1766200 294
1766210 293
1766220 293
1766230 293
1766240 292
1766250 292
1766260 292
1766270 292
1766280 291
1766290 291
1766300 291
1766310 291
1766320 290
1766330 290
1766340 290
1766350 290
1766360 290
1766370 290
1766380 290
1766390 289
1766400 289
1766410 289
1766420 289
1766430 288
1766440 288
1766450 288
1766460 288
1766470 288
1766480 288
1766490 288
1766500 288
1766510 287
1766520 287
1766530 287
1766540 287
1766550 287
1766560 287
1766570 287
1766580 287
1766590 287
1766600 287
1766610 287
1766620 287
1766630 288
1766640 287
1766650 287
1766660 286
1766670 286
1766680 286
1766690 285
1766700 285
1766710 285
1766720 285
1766730 285
1766740 285
1766750 285
1766760 285
1766770 284
1766780 284
1766790 284
1766800 284
1766810 284
1766820 284
1766830 284
1766840 284
1766850 284
1766860 284
1766870 284
1766880 284
1766890 283
1766900 283
1766910 283
1766920 283
1766930 283
1766940 283
1766950 283
1766960 283
1766970 283
1766980 283
1766990 282
1767000 282
1767010 282
1767020 282
1767030 282
1767040 282
1767050 282
1767060 282
1767070 282
1767080 282
1767090 282
1767100 282
1767110 282
1767120 282
1767130 282
1767140 282
1767150 282
1767160 282
1767170 282
1767180 282
1767190 282
1767200 282
1767210 282
1767220 282
1767230 282
1767240 282
1767250 282
1767260 282
1767270 282
1767280 282
1767290 282
1767300 282
1767310 282
1767320 282
1767330 282
1767340 282
1767350 282
1767360 282
1767370 282
1767380 282
1767390 282
1767400 282
1767410 283
1767420 283
1767430 283
1767440 283
1767450 283
1767460 283
1767470 283
1767480 283
1767490 283
1767500 283
1767510 283
1767520 283
1767530 283
1767540 283
1767550 283
1767560 283
1767570 283
1767580 283
1767590 284
1767600 284
1767610 284
1767620 284
1767630 284
1767640 284
1767650 284
1767660 284
1767670 284
1767680 284
1767690 284
1767700 285
1767710 285
1767720 285
1767730 285
1767740 285
1767750 284
1767760 284
1767770 284
1767780 284
1767790 284
1767800 284
1767810 284
1767820 284
1767830 284
1767840 284
1767850 284
1767860 284
1767870 284
1767880 284
1767890 284
1767900 284
1767910 284
1767920 284
1767930 284
1767940 284
1767950 284
1767960 284
1767970 284
1767980 284
1767990 284
1768000 284
1768010 284
1768020 284
1768030 284
1768040 283
1768050 284
1768060 284
1768070 284
1768080 284
1768090 283
1768100 283
1768110 283
1768120 283
1768130 283
1768140 283
1768150 283
1768160 283
1768170 283
1768180 283
1768190 283
1768200 283
1768210 283
1768220 283
1768230 283
1768240 283
1768250 283
1768260 283
1768270 283
1768280 283
1768290 283
1768300 283
1768310 283
1768320 283
1768330 283
1768340 282
1768350 282
1768360 282
1768370 282
1768380 282
1768390 282
1768400 282
1768410 282
1768420 282
1768430 282
1768440 282
1768450 282
1768460 282
1768470 282
1768480 282
1768490 281
1768500 281
1768510 281
1768520 281
1768530 281
1768540 281
1768550 281
1768560 281
1768570 281
1768580 281
1768590 281
1768600 281
1768610 281
1768620 281
1768630 281
1768640 281
1768650 281
1768660 281
1768670 281
1768680 281
1768690 281
1768700 281
1768710 281
1768720 281
1768730 281
1768740 281
1768750 281
1768760 281
1768770 281
1768780 281
1768790 281
1768800 281
1768810 281
1768820 281
1768830 281
1768840 281
1768850 281
1768860 281
1768870 281
1768880 281
1768890 281
1768900 281
1768910 281
1768920 281
1768930 281
1768940 281
1768950 281
1768960 282
1768970 282
1768980 282
1768990 282
1769000 282
1769010 282
1769020 282
1769030 282
1769040 283
1769050 283
1769060 283
1769070 283
1769080 283
1769090 283
1769100 283
1769110 283
1769120 284
1769130 284
1769140 284
1769150 284
1769160 284
1769170 284
1769180 284
1769190 284
1769200 284
1769210 284
1769220 285
1769230 285
1769240 285
1769250 285
1769260 285
1769270 285
1769280 285
1769290 285
1769300 285
1769310 285
1769320 285
1769330 285
1769340 285
1769350 286
1769360 286
1769370 285
1769380 285
1769390 286
1769400 286
1769410 286
1769420 286
1769430 286
1769440 286
1769450 286
1769460 286
1769470 286
1769480 286
1769490 286
1769500 286
1769510 286
1769520 286
1769530 286
1769540 285
1769550 285
1769560 285
1769570 285
1769580 285
1769590 285
1769600 285
1769610 285
1769620 285
1769630 285
1769640 285
1769650 284
1769660 284
1769670 284
1769680 284
1769690 284
1769700 284
1769710 284
1769720 283
1769730 283
1769740 283
1769750 283
1769760 283
1769770 283
1769780 283
1769790 283
1769800 283
1769810 282
1769820 282
1769830 282
1769840 282
1769850 282
1769860 282
1769870 282
1769880 281
1769890 281
1769900 281
1769910 281
1769920 281
1769930 281
1769940 281
1769950 281
1769960 280
1769970 280
1769980 280
1769990 280
1770000 280
1770010 280
1770020 280
1770030 280
1770040 280
1770050 280
1770060 279
1770070 279
1770080 279
1770090 279
1770100 279
1770110 279
1770120 278
1770130 278
1770140 278
1770150 278
1770160 278
1770170 278
1770180 278
1770190 278
1770200 278
1770210 277
1770220 277
1770230 277
1770240 277
1770250 277
1770260 277
1770270 277
1770280 277
1770290 277
1770300 277
1770310 277
1770320 277
1770330 276
1770340 276
1770350 276
1770360 276
1770370 276
1770380 276
1770390 276
1770400 276
1770410 276
1770420 276
1770430 276
1770440 275
1770450 275
1770460 275
1770470 275
1770480 275
1770490 275
1770500 275
1770510 275
1770520 275
1770530 275
1770540 275
1770550 276
1770560 276
1770570 275
1770580 275
1770590 275
1770600 275
1770610 275
1770620 275
1770630 275
1770640 275
1770650 275
1770660 275
1770670 275
1770680 274
1770690 274
1770700 274
1770710 274
1770720 274
1770730 274
1770740 274
