1760000 387
1760010 387
1760020 386
1760030 386
1760040 387
1760050 387
1760060 388
1760070 388
1760080 388
1760090 388
1760100 388
1760110 388
1760120 388
1760130 388
1760140 388
1760150 388
1760160 388
1760170 388
1760180 388
1760190 388
1760200 388
1760210 388
1760220 388
1760230 388
1760240 388
1760250 388
1760260 388
1760270 388
1760280 388
1760290 388
1760300 387
1760310 387
1760320 387
1760330 387
1760340 387
1760350 387
1760360 387
1760370 387
1760380 387
1760390 387
1760400 387
1760410 387
1760420 387
1760430 387
1760440 387
1760450 387
1760460 387
1760470 387
1760480 387
1760490 387
1760500 387
1760510 387
1760520 387
1760530 387
1760540 387
1760550 387
1760560 387
1760570 387
1760580 387
1760590 387
1760600 388
1760610 388
1760620 388
1760630 388
1760640 388
1760650 388
1760660 388
1760670 388
1760680 388
1760690 388
1760700 388
1760710 388
1760720 388
1760730 388
1760740 388
1760750 388
1760760 388
1760770 388
1760780 388
1760790 389
1760800 389
1760810 389
1760820 389
1760830 389
1760840 389
1760850 389
1760860 389
1760870 389
1760880 390
1760890 390
1760900 390
1760910 390
1760920 390
1760930 390
1760940 390
1760950 390
1760960 390
1760970 390
1760980 390
1760990 390
1761000 391
1761010 391
1761020 391
1761030 391
1761040 391
1761050 391
1761060 391
1761070 391
1761080 391
1761090 391
1761100 391
1761110 391
1761120 391
1761130 391
1761140 391
1761150 391
1761160 391
1761170 390
1761180 390
1761190 390
1761200 390
1761210 390
1761220 390
1761230 389
1761240 389
1761250 389
1761260 389
1761270 388
1761280 388
1761290 388
1761300 388
1761310 387
1761320 387
1761330 387
1761340 387
1761350 387
1761360 387
1761370 387
1761380 386
1761390 386
1761400 386
1761410 385
1761420 385
1761430 384
1761440 384
1761450 384
1761460 383
1761470 383
1761480 383
1761490 382
1761500 382
1761510 382
1761520 382
1761530 381
1761540 381
1761550 381
1761560 380
1761570 380
1761580 380
1761590 379
1761600 379
1761610 379
1761620 379
1761630 378
1761640 378
1761650 378
1761660 377
1761670 377
1761680 377
1761690 376
1761700 376
1761710 376
1761720 376
1761730 376
1761740 375
1761750 375
1761760 375
1761770 374
1761780 374
1761790 374
1761800 373
1761810 373
1761820 373
1761830 373
1761840 372
1761850 372
1761860 372
1761870 372
1761880 371
1761890 371
1761900 371
1761910 371
1761920 371
1761930 371
1761940 370
1761950 370
1761960 370
1761970 370
1761980 370
1761990 370
1762000 370
1762010 370
1762020 369
1762030 369
1762040 370
1762050 369
1762060 369
1762070 369
1762080 369
1762090 369
1762100 369
1762110 369
1762120 369
1762130 369
1762140 368
1762150 368
1762160 368
1762170 368
1762180 368
1762190 368
1762200 368
1762210 368
1762220 369
1762230 369
1762240 369
1762250 370
1762260 370
1762270 371
1762280 371
1762290 371
1762300 371
1762310 371
1762320 371
1762330 371
1762340 371
1762350 370
1762360 370
1762370 370
1762380 370
1762390 369
1762400 369
1762410 368
1762420 368
1762430 368
1762440 367
1762450 367
1762460 366
1762470 366
1762480 366
1762490 365
1762500 365
1762510 365
1762520 365
1762530 364
1762540 364
1762550 364
1762560 364
1762570 363
1762580 363
1762590 363
1762600 363
1762610 363
1762620 362
1762630 362
1762640 362
1762650 362
1762660 362
1762670 362
1762680 362
1762690 361
1762700 361
1762710 361
1762720 361
1762730 361
1762740 360
1762750 360
1762760 360
1762770 360
1762780 360
1762790 360
1762800 359
1762810 359
1762820 359
1762830 359
1762840 359
1762850 359
1762860 359
1762870 358
1762880 358
1762890 358
1762900 358
1762910 358
1762920 358
1762930 358
1762940 357
1762950 357
1762960 357
1762970 357
1762980 357
1762990 357
1763000 357
1763010 357
1763020 357
1763030 357
1763040 357
1763050 357
1763060 357
1763070 357
1763080 357
1763090 357
1763100 357
1763110 357
1763120 357
1763130 357
1763140 357
1763150 357
1763160 357
1763170 357
1763180 356
1763190 356
1763200 356
1763210 356
1763220 356
1763230 356
1763240 356
1763250 355
1763260 355
1763270 355
1763280 355
1763290 354
1763300 354
1763310 354
1763320 354
1763330 353
1763340 353
1763350 353
1763360 353
1763370 352
1763380 352
1763390 352
1763400 352
1763410 351
1763420 351
1763430 351
1763440 351
1763450 350
1763460 350
1763470 350
1763480 349
1763490 349
1763500 349
1763510 349
1763520 348
1763530 348
1763540 348
1763550 348
1763560 347
1763570 347
1763580 346
1763590 346
1763600 346
1763610 345
1763620 345
1763630 345
1763640 345
1763650 344
1763660 344
1763670 344
1763680 344
1763690 344
1763700 343
1763710 343
1763720 343
1763730 343
1763740 343
1763750 343
1763760 343
1763770 343
1763780 343
1763790 342
1763800 342
1763810 342
1763820 342
1763830 342
1763840 342
1763850 342
1763860 342
1763870 342
1763880 341
1763890 341
1763900 341
1763910 341
1763920 341
1763930 341
1763940 341
1763950 341
1763960 340
1763970 340
1763980 340
1763990 340
1764000 340
1764010 339
1764020 339
1764030 339
1764040 339
1764050 339
1764060 339
1764070 338
1764080 338
1764090 338
1764100 338
1764110 338
1764120 338
1764130 338
1764140 338
1764150 338
1764160 338
1764170 338
1764180 338
1764190 338
1764200 338
1764210 338
1764220 338
1764230 338
1764240 338
1764250 338
1764260 338
1764270 338
1764280 338
1764290 338
1764300 338
1764310 338
1764320 338
1764330 338
1764340 338
1764350 338
1764360 338
1764370 339
1764380 339
1764390 339
1764400 339
1764410 339
1764420 339
1764430 339
1764440 339
1764450 339
1764460 339
1764470 340
1764480 340
1764490 340
1764500 340
1764510 340
1764520 341
1764530 341
1764540 341
1764550 341
1764560 341
1764570 342
1764580 342
1764590 342
1764600 342
1764610 342
1764620 342
1764630 343
1764640 343
1764650 343
1764660 343
1764670 343
1764680 343
1764690 344
1764700 344
1764710 344
1764720 345
1764730 345
1764740 345
1764750 345
1764760 346
1764770 346
1764780 346
1764790 346
1764800 346
1764810 346
1764820 346
1764830 346
1764840 346
1764850 346
1764860 347
1764870 347
1764880 347
1764890 347
1764900 347
1764910 347
1764920 347
1764930 347
1764940 347
1764950 347
1764960 347
1764970 347
1764980 347
1764990 348
1765000 348
1765010 348
1765020 348
1765030 348
1765040 348
1765050 348
1765060 348
1765070 348
1765080 348
1765090 348
1765100 348
1765110 348
1765120 348
1765130 348
1765140 348
1765150 348
1765160 348
1765170 348
1765180 348
1765190 348
1765200 347
1765210 347
1765220 346
1765230 346
1765240 346
1765250 345
1765260 345
1765270 344
1765280 343
1765290 343
1765300 342
1765310 341
1765320 341
1765330 340
1765340 340
1765350 339
1765360 338
1765370 337
1765380 337
1765390 337
1765400 336
1765410 335
1765420 334
1765430 332
1765440 332
1765450 331
1765460 331
1765470 328
1765480 326
1765490 326
1765500 327
1765510 327
1765520 326
1765530 326
1765540 325
1765550 324
1765560 324
1765570 323
1765580 322
1765590 322
1765600 321
1765610 321
1765620 320
1765630 319
1765640 319
1765650 318
1765660 318
1765670 317
1765680 317
1765690 317
1765700 317
1765710 317
1765720 316
1765730 315
1765740 314
1765750 313
1765760 313
1765770 312
1765780 312
1765790 311
1765800 311
1765810 310
1765820 309
1765830 309
1765840 308
1765850 308
1765860 308
1765870 307
1765880 307
1765890 307
1765900 307
1765910 307
1765920 307
1765930 306
1765940 305
1765950 304
1765960 303
1765970 302
1765980 302
1765990 301
1766000 301
1766010 301
1766020 300
1766030 300
1766040 300
1766050 300
1766060 299
1766070 299
1766080 299
1766090 299
1766100 298
1766110 297
1766120 296
1766130 296
1766140 296
1766150 295
1766160 295
1766170 295
1766180 294
1766190 294
1766200 294
1766210 293
1766220 293
1766230 293
1766240 292
1766250 292
1766260 292
1766270 291
1766280 291
1766290 291
1766300 291
1766310 291
1766320 291
1766330 290
1766340 290
1766350 290
1766360 289
1766370 289
1766380 289
1766390 289
1766400 289
1766410 288
1766420 288
1766430 288
1766440 288
1766450 288
1766460 288
1766470 288
1766480 288
1766490 288
1766500 288
1766510 287
1766520 287
1766530 287
1766540 287
1766550 287
1766560 287
1766570 287
1766580 287
1766590 287
1766600 287
1766610 287
1766620 287
1766630 287
1766640 287
1766650 287
1766660 287
1766670 286
1766680 286
1766690 286
1766700 286
1766710 285
1766720 285
1766730 285
1766740 285
1766750 285
1766760 285
1766770 285
1766780 285
1766790 285
1766800 285
1766810 284
1766820 284
1766830 284
1766840 284
1766850 284
1766860 284
1766870 284
1766880 284
1766890 284
1766900 284
1766910 283
1766920 283
1766930 283
1766940 283
1766950 283
1766960 283
1766970 283
1766980 283
1766990 283
1767000 283
1767010 283
1767020 283
1767030 283
1767040 283
1767050 283
1767060 283
1767070 283
1767080 283
1767090 282
1767100 282
1767110 282
1767120 282
1767130 282
1767140 282
1767150 282
1767160 282
1767170 282
1767180 282
1767190 282
1767200 282
1767210 282
1767220 282
1767230 282
1767240 282
1767250 282
1767260 282
1767270 282
1767280 282
1767290 282
1767300 282
1767310 282
1767320 282
1767330 282
1767340 282
1767350 282
1767360 282
1767370 282
1767380 283
1767390 283
1767400 283
1767410 283
1767420 283
1767430 283
1767440 283
1767450 283
1767460 283
1767470 283
1767480 283
1767490 283
1767500 283
1767510 283
1767520 283
1767530 283
1767540 283
1767550 283
1767560 284
1767570 284
1767580 284
1767590 284
1767600 284
1767610 284
1767620 284
1767630 284
1767640 284
1767650 285
1767660 285
1767670 285
1767680 285
1767690 285
1767700 285
1767710 285
1767720 285
1767730 285
1767740 285
1767750 285
1767760 285
1767770 285
1767780 285
1767790 285
1767800 285
1767810 285
1767820 285
1767830 285
1767840 285
1767850 285
1767860 285
1767870 285
1767880 285
1767890 285
1767900 285
1767910 285
1767920 285
1767930 285
1767940 285
1767950 285
1767960 285
1767970 285
1767980 285
1767990 285
1768000 285
1768010 285
1768020 284
1768030 284
1768040 284
1768050 284
1768060 284
1768070 284
1768080 284
1768090 284
1768100 284
1768110 284
1768120 284
1768130 284
1768140 284
1768150 284
1768160 284
1768170 284
1768180 284
1768190 284
1768200 284
1768210 283
1768220 283
1768230 283
1768240 283
1768250 283
1768260 283
1768270 283
1768280 283
1768290 283
1768300 283
1768310 283
1768320 283
1768330 282
1768340 282
1768350 282
1768360 282
1768370 282
1768380 282
1768390 282
1768400 282
1768410 282
1768420 282
1768430 282
1768440 282
1768450 282
1768460 282
1768470 282
1768480 282
1768490 282
1768500 281
1768510 281
1768520 281
1768530 281
1768540 281
1768550 281
1768560 281
1768570 281
1768580 281
1768590 281
1768600 281
1768610 281
1768620 281
1768630 281
1768640 281
1768650 281
1768660 281
1768670 281
1768680 281
1768690 281
1768700 281
1768710 281
1768720 281
1768730 281
1768740 281
1768750 281
1768760 281
1768770 281
1768780 281
1768790 281
1768800 281
1768810 281
1768820 281
1768830 281
1768840 281
1768850 281
1768860 281
1768870 282
1768880 282
1768890 282
1768900 282
1768910 282
1768920 282
1768930 282
1768940 282
1768950 282
1768960 282
1768970 283
1768980 283
1768990 283
1769000 283
1769010 283
1769020 283
1769030 283
1769040 284
1769050 284
1769060 284
1769070 284
1769080 284
1769090 284
1769100 284
1769110 284
1769120 284
1769130 285
1769140 285
1769150 285
1769160 285
1769170 285
1769180 285
1769190 285
1769200 285
1769210 285
1769220 285
1769230 285
1769240 285
1769250 285
1769260 285
1769270 285
1769280 285
1769290 286
1769300 286
1769310 286
1769320 286
1769330 286
1769340 286
1769350 286
1769360 286
1769370 286
1769380 286
1769390 286
1769400 286
1769410 286
1769420 286
1769430 286
1769440 286
1769450 286
1769460 286
1769470 286
1769480 286
1769490 286
1769500 286
1769510 286
1769520 286
1769530 286
1769540 286
1769550 286
1769560 286
1769570 286
1769580 286
1769590 286
1769600 286
1769610 286
1769620 285
1769630 285
1769640 285
1769650 285
1769660 285
1769670 285
1769680 285
1769690 285
1769700 285
1769710 284
1769720 284
1769730 284
1769740 284
1769750 284
1769760 284
1769770 284
1769780 283
1769790 283
1769800 283
1769810 283
1769820 283
1769830 283
1769840 283
1769850 283
1769860 283
1769870 282
1769880 282
1769890 282
1769900 282
1769910 282
1769920 282
1769930 282
1769940 281
1769950 281
1769960 281
1769970 281
1769980 281
1769990 281
1770000 281
1770010 280
1770020 280
1770030 280
1770040 280
1770050 280
1770060 280
1770070 280
1770080 279
1770090 279
1770100 279
1770110 279
1770120 279
1770130 279
1770140 279
1770150 278
1770160 278
1770170 278
1770180 278
1770190 278
1770200 278
1770210 278
1770220 278
1770230 277
1770240 277
1770250 277
1770260 277
1770270 277
1770280 277
1770290 277
1770300 277
1770310 277
1770320 277
1770330 277
1770340 277
1770350 276
1770360 276
1770370 276
1770380 276
1770390 276
1770400 276
1770410 276
1770420 276
1770430 276
1770440 276
1770450 276
1770460 276
1770470 276
1770480 276
1770490 276
1770500 276
1770510 276
1770520 276
1770530 276
1770540 276
1770550 276
1770560 276
1770570 275
1770580 275
1770590 276
1770600 276
1770610 275
1770620 275
1770630 275
1770640 275
1770650 275
1770660 275
1770670 274
1770680 274
1770690 274
1770700 274
1770710 274
1770720 274
1770730 274
1770740 274
1770750 273
1770760 273
1760000 387
1760010 387
1760020 386
1760030 386
1760040 387
1760050 387
1760060 388
1760070 388
1760080 388
1760090 388
1760100 388
1760110 388
1760120 388
1760130 388
1760140 388
1760150 388
1760160 388
1760170 388
1760180 388
1760190 388
1760200 388
1760210 388
1760220 388
1760230 388
1760240 388
1760250 388
1760260 388
1760270 388
1760280 388
1760290 388
1760300 387
1760310 387
1760320 387
1760330 387
1760340 387
1760350 387
1760360 387
1760370 387
1760380 387
1760390 387
1760400 387
1760410 387
1760420 387
1760430 387
1760440 387
1760450 387
1760460 387
1760470 387
1760480 387
1760490 387
1760500 387
1760510 387
1760520 387
1760530 387
1760540 387
1760550 387
1760560 387
1760570 387
1760580 387
1760590 387
1760600 388
1760610 388
1760620 388
1760630 388
1760640 388
1760650 388
1760660 388
1760670 388
1760680 388
1760690 388
1760700 388
1760710 388
1760720 388
1760730 388
1760740 388
1760750 388
1760760 388
1760770 388
1760780 388
1760790 389
1760800 389
1760810 389
1760820 389
1760830 389
1760840 389
1760850 389
1760860 389
1760870 389
1760880 390
1760890 390
1760900 390
1760910 390
1760920 390
1760930 390
1760940 390
1760950 390
1760960 390
1760970 390
1760980 390
1760990 390
1761000 391
1761010 391
1761020 391
1761030 391
1761040 391
1761050 391
1761060 391
1761070 391
1761080 391
1761090 391
1761100 391
1761110 391
1761120 391
1761130 391
1761140 391
1761150 391
1761160 391
1761170 390
1761180 390
1761190 390
1761200 390
1761210 390
1761220 390
1761230 389
1761240 389
1761250 389
1761260 389
1761270 388
1761280 388
1761290 388
1761300 388
1761310 387
1761320 387
1761330 387
1761340 387
1761350 387
1761360 387
1761370 387
1761380 386
1761390 386
1761400 386
1761410 385
1761420 385
1761430 384
1761440 384
1761450 384
1761460 383
1761470 383
1761480 383
1761490 382
1761500 382
1761510 382
1761520 382
1761530 381
1761540 381
1761550 381
1761560 380
1761570 380
1761580 380
1761590 379
1761600 379
1761610 379
1761620 379
1761630 378
1761640 378
1761650 378
1761660 377
1761670 377
1761680 377
1761690 376
1761700 376
1761710 376
1761720 376
1761730 376
1761740 375
1761750 375
1761760 375
1761770 374
1761780 374
1761790 374
1761800 373
1761810 373
1761820 373
1761830 373
1761840 372
1761850 372
1761860 372
1761870 372
1761880 371
1761890 371
1761900 371
1761910 371
1761920 371
1761930 371
1761940 370
1761950 370
1761960 370
1761970 370
1761980 370
1761990 370
1762000 370
1762010 370
1762020 369
1762030 369
1762040 370
1762050 369
1762060 369
1762070 369
1762080 369
1762090 369
1762100 369
1762110 369
1762120 369
1762130 369
1762140 368
1762150 368
1762160 368
1762170 368
1762180 368
1762190 368
1762200 368
1762210 368
1762220 369
1762230 369
1762240 369
1762250 370
1762260 370
1762270 371
1762280 371
1762290 371
1762300 371
1762310 371
1762320 371
1762330 371
1762340 371
1762350 370
1762360 370
1762370 370
1762380 370
1762390 369
1762400 369
1762410 368
1762420 368
1762430 368
1762440 367
1762450 367
1762460 366
1762470 366
1762480 366
1762490 365
1762500 365
1762510 365
1762520 365
1762530 364
1762540 364
1762550 364
1762560 364
1762570 363
1762580 363
1762590 363
1762600 363
1762610 363
1762620 362
1762630 362
1762640 362
1762650 362
1762660 362
1762670 362
1762680 362
1762690 361
1762700 361
1762710 361
1762720 361
1762730 361
1762740 360
1762750 360
1762760 360
1762770 360
1762780 360
1762790 360
1762800 359
1762810 359
1762820 359
1762830 359
1762840 359
1762850 359
1762860 359
1762870 358
1762880 358
1762890 358
1762900 358
1762910 358
1762920 358
1762930 358
1762940 357
1762950 357
1762960 357
1762970 357
1762980 357
1762990 357
1763000 357
1763010 357
1763020 357
1763030 357
1763040 357
1763050 357
1763060 357
1763070 357
1763080 357
1763090 357
1763100 357
1763110 357
1763120 357
1763130 357
1763140 357
1763150 357
1763160 357
1763170 357
1763180 356
1763190 356
1763200 356
1763210 356
1763220 356
1763230 356
1763240 356
1763250 355
1763260 355
1763270 355
1763280 355
1763290 354
1763300 354
1763310 354
1763320 354
1763330 353
1763340 353
1763350 353
1763360 353
1763370 352
1763380 352
1763390 352
1763400 352
1763410 351
1763420 351
1763430 351
1763440 351
1763450 350
1763460 350
1763470 350
1763480 349
1763490 349
1763500 349
1763510 349
1763520 348
1763530 348
1763540 348
1763550 348
1763560 347
1763570 347
1763580 346
1763590 346
1763600 346
1763610 345
1763620 345
1763630 345
1763640 345
1763650 344
1763660 344
1763670 344
1763680 344
1763690 344
1763700 343
1763710 343
1763720 343
1763730 343
1763740 343
1763750 343
1763760 343
1763770 343
1763780 343
1763790 342
1763800 342
1763810 342
1763820 342
1763830 342
1763840 342
1763850 342
1763860 342
1763870 342
1763880 341
1763890 341
1763900 341
1763910 341
1763920 341
1763930 341
1763940 341
1763950 341
1763960 340
1763970 340
1763980 340
1763990 340
1764000 340
1764010 339
1764020 339
1764030 339
1764040 339
1764050 339
1764060 339
1764070 338
1764080 338
1764090 338
1764100 338
1764110 338
1764120 338
1764130 338
1764140 338
1764150 338
1764160 338
1764170 338
1764180 338
1764190 338
1764200 338
1764210 338
1764220 338
1764230 338
1764240 338
1764250 338
1764260 338
1764270 338
1764280 338
1764290 338
1764300 338
1764310 338
1764320 338
1764330 338
1764340 338
1764350 338
1764360 338
1764370 339
1764380 339
1764390 339
1764400 339
1764410 339
1764420 339
1764430 339
1764440 339
1764450 339
1764460 339
1764470 340
1764480 340
1764490 340
1764500 340
1764510 340
1764520 341
1764530 341
1764540 341
1764550 341
1764560 341
1764570 342
1764580 342
1764590 342
1764600 342
1764610 342
1764620 342
1764630 343
1764640 343
1764650 343
1764660 343
1764670 343
1764680 343
1764690 344
1764700 344
1764710 344
1764720 345
1764730 345
1764740 345
1764750 345
1764760 346
1764770 346
1764780 346
1764790 346
1764800 346
1764810 346
1764820 346
1764830 346
1764840 346
1764850 346
1764860 347
1764870 347
1764880 347
1764890 347
1764900 347
1764910 347
1764920 347
1764930 347
1764940 347
1764950 347
1764960 347
1764970 347
1764980 347
1764990 348
1765000 348
1765010 348
1765020 348
1765030 348
1765040 348
1765050 348
1765060 348
1765070 348
1765080 348
1765090 348
1765100 348
1765110 348
1765120 348
1765130 348
1765140 348
1765150 348
1765160 348
1765170 348
1765180 348
1765190 348
1765200 347
1765210 347
1765220 346
1765230 346
1765240 346
1765250 345
1765260 345
1765270 344
1765280 343
1765290 343
1765300 342
1765310 341
1765320 341
1765330 340
1765340 340
1765350 339
1765360 338
1765370 337
1765380 337
1765390 337
1765400 336
1765410 335
1765420 334
1765430 332
1765440 332
1765450 331
1765460 331
1765470 328
1765480 326
1765490 326
1765500 327
1765510 327
1765520 326
1765530 326
1765540 325
1765550 324
1765560 324
1765570 323
1765580 322
1765590 322
1765600 321
1765610 321
1765620 320
1765630 319
1765640 319
1765650 318
1765660 318
1765670 317
1765680 317
1765690 317
1765700 317
1765710 317
1765720 316
1765730 315
1765740 314
1765750 313
1765760 313
1765770 312
1765780 312
1765790 311
1765800 311
1765810 310
1765820 309
1765830 309
1765840 308
1765850 308
1765860 308
1765870 307
1765880 307
1765890 307
1765900 307
1765910 307
1765920 307
1765930 306
1765940 305
1765950 304
1765960 303
1765970 302
1765980 302
1765990 301
1766000 301
1766010 301
1766020 300
1766030 300
1766040 300
1766050 300
1766060 299
1766070 299
1766080 299
1766090 299
1766100 298
1766110 297
1766120 296
1766130 296
1766140 296
1766150 295
1766160 295
1766170 295
1766180 294
1766190 294
1766200 294
1766210 293
1766220 293
1766230 293
1766240 292
1766250 292
1766260 292
1766270 291
1766280 291
1766290 291
1766300 291
1766310 291
1766320 291
1766330 290
1766340 290
1766350 290
1766360 289
1766370 289
1766380 289
1766390 289
1766400 289
1766410 288
1766420 288
1766430 288
1766440 288
1766450 288
1766460 288
1766470 288
1766480 288
1766490 288
1766500 288
1766510 287
1766520 287
1766530 287
1766540 287
1766550 287
1766560 287
1766570 287
1766580 287
1766590 287
1766600 287
1766610 287
1766620 287
1766630 287
1766640 287
1766650 287
1766660 287
1766670 286
1766680 286
1766690 286
1766700 286
1766710 285
1766720 285
1766730 285
1766740 285
1766750 285
1766760 285
1766770 285
1766780 285
1766790 285
1766800 285
1766810 284
1766820 284
1766830 284
1766840 284
1766850 284
1766860 284
1766870 284
1766880 284
1766890 284
1766900 284
1766910 283
1766920 283
1766930 283
1766940 283
1766950 283
1766960 283
1766970 283
1766980 283
1766990 283
1767000 283
1767010 283
1767020 283
1767030 283
1767040 283
1767050 283
1767060 283
1767070 283
1767080 283
1767090 282
1767100 282
1767110 282
1767120 282
1767130 282
1767140 282
1767150 282
1767160 282
1767170 282
1767180 282
1767190 282
1767200 282
1767210 282
1767220 282
1767230 282
1767240 282
1767250 282
1767260 282
1767270 282
1767280 282
1767290 282
1767300 282
1767310 282
1767320 282
1767330 282
1767340 282
1767350 282
1767360 282
1767370 282
1767380 283
1767390 283
1767400 283
1767410 283
1767420 283
1767430 283
1767440 283
1767450 283
1767460 283
1767470 283
1767480 283
1767490 283
1767500 283
1767510 283
1767520 283
1767530 283
1767540 283
1767550 283
1767560 284
1767570 284
1767580 284
1767590 284
1767600 284
1767610 284
1767620 284
1767630 284
1767640 284
1767650 285
1767660 285
1767670 285
1767680 285
1767690 285
1767700 285
1767710 285
1767720 285
1767730 285
1767740 285
1767750 285
1767760 285
1767770 285
1767780 285
1767790 285
1767800 285
1767810 285
1767820 285
1767830 285
1767840 285
1767850 285
1767860 285
1767870 285
1767880 285
1767890 285
1767900 285
1767910 285
1767920 285
1767930 285
1767940 285
1767950 285
1767960 285
1767970 285
1767980 285
1767990 285
1768000 285
1768010 285
1768020 284
1768030 284
1768040 284
1768050 284
1768060 284
1768070 284
1768080 284
1768090 284
1768100 284
1768110 284
1768120 284
1768130 284
1768140 284
1768150 284
1768160 284
1768170 284
1768180 284
1768190 284
1768200 284
1768210 283
1768220 283
1768230 283
1768240 283
1768250 283
1768260 283
1768270 283
1768280 283
1768290 283
1768300 283
1768310 283
1768320 283
1768330 282
1768340 282
1768350 282
1768360 282
1768370 282
1768380 282
1768390 282
1768400 282
1768410 282
1768420 282
1768430 282
1768440 282
1768450 282
1768460 282
1768470 282
1768480 282
1768490 282
1768500 281
1768510 281
1768520 281
1768530 281
1768540 281
1768550 281
1768560 281
1768570 281
1768580 281
1768590 281
1768600 281
1768610 281
1768620 281
1768630 281
1768640 281
1768650 281
1768660 281
1768670 281
1768680 281
1768690 281
1768700 281
1768710 281
1768720 281
1768730 281
1768740 281
1768750 281
1768760 281
1768770 281
1768780 281
1768790 281
1768800 281
1768810 281
1768820 281
1768830 281
1768840 281
1768850 281
1768860 281
1768870 282
1768880 282
1768890 282
1768900 282
1768910 282
1768920 282
1768930 282
1768940 282
1768950 282
1768960 282
1768970 283
1768980 283
1768990 283
1769000 283
1769010 283
1769020 283
1769030 283
1769040 284
1769050 284
1769060 284
1769070 284
1769080 284
1769090 284
1769100 284
1769110 284
1769120 284
1769130 285
1769140 285
1769150 285
1769160 285
1769170 285
1769180 285
1769190 285
1769200 285
1769210 285
1769220 285
1769230 285
1769240 285
1769250 285
1769260 285
1769270 285
1769280 285
1769290 286
1769300 286
1769310 286
1769320 286
1769330 286
1769340 286
1769350 286
1769360 286
1769370 286
1769380 286
1769390 286
1769400 286
1769410 286
1769420 286
1769430 286
1769440 286
1769450 286
1769460 286
1769470 286
1769480 286
1769490 286
1769500 286
1769510 286
1769520 286
1769530 286
1769540 286
1769550 286
1769560 286
1769570 286
1769580 286
1769590 286
1769600 286
1769610 286
1769620 285
1769630 285
1769640 285
1769650 285
1769660 285
1769670 285
1769680 285
1769690 285
1769700 285
1769710 284
1769720 284
1769730 284
1769740 284
1769750 284
1769760 284
1769770 284
1769780 283
1769790 283
1769800 283
1769810 283
1769820 283
1769830 283
1769840 283
1769850 283
1769860 283
1769870 282
1769880 282
1769890 282
1769900 282
1769910 282
1769920 282
1769930 282
1769940 281
1769950 281
1769960 281
1769970 281
1769980 281
1769990 281
1770000 281
1770010 280
1770020 280
1770030 280
1770040 280
1770050 280
1770060 280
1770070 280
1770080 279
1770090 279
1770100 279
1770110 279
1770120 279
1770130 279
1770140 279
1770150 278
1770160 278
1770170 278
1770180 278
1770190 278
1770200 278
1770210 278
1770220 278
1770230 277
1770240 277
1770250 277
1770260 277
1770270 277
1770280 277
1770290 277
1770300 277
1770310 277
1770320 277
1770330 277
1770340 277
1770350 276
1770360 276
1770370 276
1770380 276
1770390 276
1770400 276
1770410 276
1770420 276
1770430 276
1770440 276
1770450 276
1770460 276
1770470 276
1770480 276
1770490 276
1770500 276
1770510 276
1770520 276
1770530 276
1770540 276
1770550 276
1770560 276
1770570 275
1770580 275
1770590 276
1770600 276
1770610 275
1770620 275
1770630 275
1770640 275
1770650 275
1770660 275
1770670 274
1770680 274
1770690 274
1770700 274
1770710 274
1770720 274
1770730 274
1770740 274
1770750 273
1770760 273
