1760000 375
1760010 375
1760020 374
1760030 374
1760040 374
1760050 374
1760060 374
1760070 374
1760080 374
1760090 374
1760100 374
1760110 374
1760120 374
1760130 375
1760140 375
1760150 375
1760160 374
1760170 374
1760180 374
1760190 374
1760200 374
1760210 374
1760220 374
1760230 374
1760240 374
1760250 374
1760260 374
1760270 374
1760280 374
1760290 374
1760300 373
1760310 373
1760320 373
1760330 373
1760340 373
1760350 373
1760360 373
1760370 373
1760380 373
1760390 373
1760400 373
1760410 373
1760420 373
1760430 373
1760440 373
1760450 373
1760460 373
1760470 373
1760480 372
1760490 372
1760500 372
1760510 372
1760520 372
1760530 372
1760540 372
1760550 372
1760560 372
1760570 372
1760580 372
1760590 372
1760600 372
1760610 372
1760620 371
1760630 371
1760640 371
1760650 371
1760660 371
1760670 371
1760680 371
1760690 371
1760700 371
1760710 371
1760720 371
1760730 371
1760740 371
1760750 371
1760760 371
1760770 371
1760780 371
1760790 371
1760800 371
1760810 371
1760820 371
1760830 371
1760840 371
1760850 371
1760860 371
1760870 371
1760880 371
1760890 371
1760900 371
1760910 371
1760920 371
1760930 371
1760940 371
1760950 372
1760960 372
1760970 372
1760980 372
1760990 372
1761000 373
1761010 373
1761020 373
1761030 374
1761040 374
1761050 375
1761060 374
1761070 374
1761080 374
1761090 374
1761100 375
1761110 375
1761120 375
1761130 375
1761140 375
1761150 375
1761160 375
1761170 375
1761180 375
1761190 375
1761200 375
1761210 375
1761220 375
1761230 375
1761240 375
1761250 375
1761260 375
1761270 375
1761280 375
1761290 375
1761300 375
1761310 375
1761320 375
1761330 375
1761340 375
1761350 375
1761360 375
1761370 375
1761380 375
1761390 375
1761400 375
1761410 375
1761420 375
1761430 375
1761440 375
1761450 375
1761460 375
1761470 375
1761480 375
1761490 375
1761500 375
1761510 375
1761520 375
1761530 375
1761540 375
1761550 375
1761560 375
1761570 375
1761580 375
1761590 375
1761600 375
1761610 375
1761620 375
1761630 375
1761640 375
1761650 375
1761660 375
1761670 375
1761680 375
1761690 375
1761700 375
1761710 376
1761720 376
1761730 376
1761740 376
1761750 376
1761760 376
1761770 376
1761780 376
1761790 376
1761800 376
1761810 376
1761820 377
1761830 377
1761840 377
1761850 377
1761860 377
1761870 377
1761880 377
1761890 377
1761900 377
1761910 378
1761920 378
1761930 378
1761940 378
1761950 378
1761960 378
1761970 378
1761980 379
1761990 379
1762000 379
1762010 379
1762020 379
1762030 379
1762040 379
1762050 380
1762060 380
1762070 380
1762080 380
1762090 381
1762100 381
1762110 381
1762120 381
1762130 382
1762140 382
1762150 382
1762160 382
1762170 382
1762180 383
1762190 383
1762200 383
1762210 384
1762220 384
1762230 385
1762240 385
1762250 386
1762260 387
1762270 387
1762280 388
1762290 389
1762300 390
1762310 390
1762320 391
1762330 392
1762340 392
1762350 393
1762360 393
1762370 393
1762380 394
1762390 394
1762400 394
1762410 394
1762420 395
1762430 395
1762440 395
1762450 395
1762460 395
1762470 395
1762480 394
1762490 394
1762500 393
1762510 393
1762520 392
1762530 392
1762540 391
1762550 391
1762560 391
1762570 390
1762580 390
1762590 389
1762600 388
1762610 388
1762620 387
1762630 386
1762640 386
1762650 385
1762660 384
1762670 383
1762680 381
1762690 379
1762700 377
1762710 376
1762720 374
1762730 373
1762740 372
1762750 372
1762760 371
1762770 371
1762780 371
1762790 370
1762800 370
1762810 370
1762820 370
1762830 370
1762840 370
1762850 369
1762860 369
1762870 369
1762880 368
1762890 368
1762900 368
1762910 368
1762920 368
1762930 368
1762940 368
1762950 368
1762960 368
1762970 369
1762980 369
1762990 369
1763000 369
1763010 368
1763020 368
1763030 367
1763040 366
1763050 365
1763060 364
1763070 363
1763080 362
1763090 361
1763100 360
1763110 359
1763120 358
1763130 358
1763140 357
1763150 357
1763160 356
1763170 356
1763180 356
1763190 357
1763200 357
1763210 356
1763220 356
1763230 355
1763240 355
1763250 354
1763260 354
1763270 353
1763280 352
1763290 352
1763300 351
1763310 351
1763320 351
1763330 350
1763340 350
1763350 349
1763360 349
1763370 349
1763380 348
1763390 348
1763400 347
1763410 346
1763420 346
1763430 345
1763440 345
1763450 345
1763460 344
1763470 343
1763480 340
1763490 339
1763500 339
1763510 340
1763520 340
1763530 340
1763540 340
1763550 340
1763560 339
1763570 338
1763580 338
1763590 337
1763600 337
1763610 336
1763620 335
1763630 334
1763640 334
1763650 333
1763660 333
1763670 333
1763680 332
1763690 332
1763700 332
1763710 331
1763720 331
1763730 330
1763740 330
1763750 330
1763760 329
1763770 329
1763780 329
1763790 328
1763800 328
1763810 328
1763820 327
1763830 327
1763840 327
1763850 327
1763860 326
1763870 326
1763880 325
1763890 325
1763900 324
1763910 324
1763920 324
1763930 323
1763940 323
1763950 323
1763960 323
1763970 323
1763980 322
1763990 322
1764000 322
1764010 322
1764020 322
1764030 321
1764040 321
1764050 320
1764060 320
1764070 319
1764080 319
1764090 318
1764100 318
1764110 317
1764120 317
1764130 316
1764140 315
1764150 314
1764160 314
1764170 313
1764180 312
1764190 312
1764200 311
1764210 311
1764220 311
1764230 311
1764240 310
1764250 310
1764260 310
1764270 310
1764280 311
1764290 311
1764300 311
1764310 312
1764320 312
1764330 313
1764340 313
1764350 313
1764360 314
1764370 313
1764380 313
1764390 313
1764400 313
1764410 313
1764420 313
1764430 313
1764440 313
1764450 313
1764460 313
1764470 313
1764480 313
1764490 312
1764500 312
1764510 312
1764520 312
1764530 312
1764540 313
1764550 313
1764560 314
1764570 314
1764580 314
1764590 314
1764600 314
1764610 314
1764620 315
1764630 315
1764640 315
1764650 316
1764660 315
1764670 314
1764680 314
1764690 315
1764700 316
1764710 316
1764720 315
1764730 315
1764740 314
1764750 314
1764760 314
1764770 314
1764780 314
1764790 314
1764800 313
1764810 313
1764820 313
1764830 312
1764840 312
1764850 312
1764860 312
1764870 311
1764880 311
1764890 311
1764900 311
1764910 310
1764920 310
1764930 310
1764940 310
1764950 310
1764960 310
1764970 309
1764980 309
1764990 309
1765000 309
1765010 308
1765020 308
1765030 308
1765040 308
1765050 308
1765060 308
1765070 308
1765080 308
1765090 307
1765100 307
1765110 307
1765120 307
1765130 306
1765140 306
1765150 306
1765160 306
1765170 306
1765180 306
1765190 305
1765200 305
1765210 305
1765220 305
1765230 305
1765240 305
1765250 304
1765260 304
1765270 304
1765280 304
1765290 304
1765300 303
1765310 303
1765320 303
1765330 303
1765340 303
1765350 303
1765360 303
1765370 303
1765380 302
1765390 302
1765400 302
1765410 302
1765420 302
1765430 302
1765440 302
1765450 302
1765460 302
1765470 301
1765480 301
1765490 301
1765500 301
1765510 301
1765520 301
1765530 301
1765540 301
1765550 301
1765560 301
1765570 301
1765580 301
1765590 300
1765600 300
1765610 299
1765620 299
1765630 299
1765640 299
1765650 299
1765660 299
1765670 299
1765680 299
1765690 299
1765700 299
1765710 299
1765720 299
1765730 299
1765740 298
1765750 298
1765760 298
1765770 298
1765780 298
1765790 298
1765800 298
1765810 298
1765820 297
1765830 297
1765840 297
1765850 297
1765860 297
1765870 297
1765880 297
1765890 297
1765900 297
1765910 297
1765920 297
1765930 297
1765940 297
1765950 297
1765960 297
1765970 297
1765980 297
1765990 297
1766000 297
1766010 297
1766020 297
1766030 297
1766040 297
1766050 297
1766060 297
1766070 297
1766080 296
1766090 296
1766100 296
1766110 296
1766120 296
1766130 296
1766140 296
1766150 296
1766160 296
1766170 295
1766180 295
1766190 295
1766200 295
1766210 295
1766220 295
1766230 295
1766240 295
1766250 295
1766260 295
1766270 295
1766280 295
1766290 295
1766300 295
1766310 295
1766320 295
1766330 295
1766340 295
1766350 295
1766360 295
1766370 295
1766380 295
1766390 295
1766400 295
1766410 295
1766420 295
1766430 295
1766440 294
1766450 294
1766460 294
1766470 294
1766480 294
1766490 294
1766500 294
1766510 294
1766520 294
1766530 293
1766540 293
1766550 293
1766560 293
1766570 293
1766580 293
1766590 293
1766600 292
1766610 293
1766620 293
1766630 292
1766640 292
1766650 292
1766660 292
1766670 292
1766680 292
1766690 292
1766700 292
1766710 292
1766720 292
1766730 291
1766740 291
1766750 291
1766760 291
1766770 291
1766780 291
1766790 290
1766800 290
1766810 290
1766820 290
1766830 289
1766840 289
1766850 289
1766860 289
1766870 289
1766880 289
1766890 289
1766900 289
1766910 288
1766920 288
1766930 288
1766940 288
1766950 288
1766960 288
1766970 288
1766980 288
1766990 288
1767000 288
1767010 288
1767020 288
1767030 288
1767040 288
1767050 287
1767060 287
1767070 287
1767080 287
1767090 287
1767100 287
1767110 287
1767120 287
1767130 287
1767140 287
1767150 287
1767160 287
1767170 287
1767180 286
1767190 286
1767200 286
1767210 286
1767220 286
1767230 286
1767240 286
1767250 286
1767260 286
1767270 286
1767280 285
1767290 285
1767300 285
1767310 285
1767320 285
1767330 285
1767340 285
1767350 285
1767360 285
1767370 285
1767380 284
1767390 284
1767400 284
1767410 284
1767420 284
1767430 284
1767440 284
1767450 284
1767460 283
1767470 283
1767480 283
1767490 283
1767500 283
1767510 283
1767520 283
1767530 283
1767540 283
1767550 283
1767560 283
1767570 283
1767580 283
1767590 282
1767600 282
1767610 282
1767620 282
1767630 282
1767640 282
1767650 282
1767660 282
1767670 282
1767680 282
1767690 282
1767700 282
1767710 282
1767720 282
1767730 282
1767740 282
1767750 282
1767760 283
1767770 283
1767780 283
1767790 283
1767800 283
1767810 283
1767820 283
1767830 283
1767840 283
1767850 283
1767860 283
1767870 284
1767880 284
1767890 284
1767900 284
1767910 284
1767920 285
1767930 285
1767940 285
1767950 286
1767960 286
1767970 286
1767980 287
1767990 287
1768000 288
1768010 288
1768020 288
1768030 289
1768040 289
1768050 290
1768060 290
1768070 290
1768080 291
1768090 291
1768100 292
1768110 292
1768120 293
1768130 294
1768140 294
1768150 295
1768160 296
1768170 297
1768180 298
1768190 298
1768200 299
1768210 300
1768220 301
1768230 302
1768240 302
1768250 303
1768260 303
1768270 303
1768280 303
1768290 304
1768300 304
1768310 304
1768320 305
1768330 305
1768340 305
1768350 305
1768360 305
1768370 305
1768380 305
1768390 306
1768400 306
1768410 306
1768420 306
1768430 307
1768440 307
1768450 307
1768460 307
1768470 308
1768480 308
1768490 308
1768500 308
1768510 308
1768520 309
1768530 309
1768540 309
1768550 310
1768560 310
1768570 310
1768580 310
1768590 310
1768600 310
1768610 309
1768620 309
1768630 309
1768640 309
1768650 309
1768660 309
1768670 309
1768680 308
1768690 308
1768700 308
1768710 308
1768720 308
1768730 307
1768740 307
1768750 307
1768760 306
1768770 306
1768780 306
1768790 305
1768800 305
1768810 304
1768820 304
1768830 303
1768840 303
1768850 303
1768860 302
1768870 302
1768880 302
1768890 301
1768900 301
1768910 301
1768920 301
1768930 300
1768940 300
1768950 300
1768960 300
1768970 299
1768980 299
1768990 299
1769000 299
1769010 298
1769020 298
1769030 298
1769040 297
1769050 297
1769060 297
1769070 297
1769080 297
1769090 296
1769100 296
1769110 296
1769120 296
1769130 295
1769140 295
1769150 295
1769160 295
1769170 295
1769180 295
1769190 295
1769200 294
1769210 294
1769220 294
1769230 294
1769240 294
1769250 294
1769260 294
1769270 293
1769280 293
1769290 293
1769300 293
1769310 293
1769320 293
1769330 293
1769340 292
1769350 292
1769360 292
1769370 292
1769380 292
1769390 292
1769400 291
1769410 291
1769420 291
1769430 291
1769440 291
1769450 291
1769460 291
1769470 290
1769480 290
1769490 290
1769500 290
1769510 290
1769520 289
1769530 289
1769540 289
1769550 289
1769560 289
1769570 288
1769580 288
1769590 288
1769600 288
1769610 288
1769620 287
1769630 287
1769640 287
1769650 287
1769660 287
1769670 287
1769680 287
1769690 287
1769700 287
1769710 287
1769720 286
1769730 286
1769740 286
1769750 286
1769760 286
1769770 286
1769780 286
1769790 286
1769800 285
1769810 285
1769820 285
1769830 285
1769840 285
1769850 285
1769860 285
1769870 285
1769880 284
1769890 284
1769900 284
1769910 284
1769920 284
1769930 283
1769940 283
1769950 283
1769960 283
1769970 283
1769980 283
1769990 283
1770000 283
1770010 282
1770020 282
1770030 282
1770040 282
1770050 282
1770060 282
1770070 282
1770080 282
1770090 282
1770100 282
1770110 282
1770120 282
1770130 282
1770140 282
1770150 282
1770160 282
1770170 282
1770180 282
1770190 281
1770200 281
1770210 281
1770220 281
1770230 281
1770240 281
1770250 281
1770260 281
1770270 281
1770280 281
1770290 281
1770300 281
1770310 281
1770320 281
1770330 281
1770340 281
1770350 281
1770360 281
1770370 280
1770380 280
1770390 280
1770400 280
1770410 280
1770420 280
1770430 280
1770440 280
1770450 280
1770460 280
1770470 280
1770480 280
1770490 279
1770500 279
1770510 279
1770520 279
1770530 279
1770540 279
1770550 279
1770560 279
1770570 279
1770580 279
1770590 278
1770600 278
1770610 278
1770620 278
1770630 278
1770640 278
1770650 278
1770660 278
1770670 278
1770680 278
1770690 278
1770700 278
1770710 278
1770720 278
1770730 277
1770740 277
1770750 277
1770760 277
1770770 277
1770780 277
1770790 277
1770800 277
1770810 277
1770820 277
1770830 277
1770840 277
1770850 277
1770860 277
1770870 277
1770880 276
1770890 276
1770900 276
1770910 276
1770920 276
1770930 276
1770940 276
1770950 276
1770960 276
1770970 276
1760000 375
1760010 375
1760020 374
1760030 374
1760040 374
1760050 374
1760060 374
1760070 374
1760080 374
1760090 374
1760100 374
1760110 374
1760120 374
1760130 375
1760140 375
1760150 375
1760160 374
1760170 374
1760180 374
1760190 374
1760200 374
1760210 374
1760220 374
1760230 374
1760240 374
1760250 374
1760260 374
1760270 374
1760280 374
1760290 374
1760300 373
1760310 373
1760320 373
1760330 373
1760340 373
1760350 373
1760360 373
1760370 373
1760380 373
1760390 373
1760400 373
1760410 373
1760420 373
1760430 373
1760440 373
1760450 373
1760460 373
1760470 373
1760480 372
1760490 372
1760500 372
1760510 372
1760520 372
1760530 372
1760540 372
1760550 372
1760560 372
1760570 372
1760580 372
1760590 372
1760600 372
1760610 372
1760620 371
1760630 371
1760640 371
1760650 371
1760660 371
1760670 371
1760680 371
1760690 371
1760700 371
1760710 371
1760720 371
1760730 371
1760740 371
1760750 371
1760760 371
1760770 371
1760780 371
1760790 371
1760800 371
1760810 371
1760820 371
1760830 371
1760840 371
1760850 371
1760860 371
1760870 371
1760880 371
1760890 371
1760900 371
1760910 371
1760920 371
1760930 371
1760940 371
1760950 372
1760960 372
1760970 372
1760980 372
1760990 372
1761000 373
1761010 373
1761020 373
1761030 374
1761040 374
1761050 375
1761060 374
1761070 374
1761080 374
1761090 374
1761100 375
1761110 375
1761120 375
1761130 375
1761140 375
1761150 375
1761160 375
1761170 375
1761180 375
1761190 375
1761200 375
1761210 375
1761220 375
1761230 375
1761240 375
1761250 375
1761260 375
1761270 375
1761280 375
1761290 375
1761300 375
1761310 375
1761320 375
1761330 375
1761340 375
1761350 375
1761360 375
1761370 375
1761380 375
1761390 375
1761400 375
1761410 375
1761420 375
1761430 375
1761440 375
1761450 375
1761460 375
1761470 375
1761480 375
1761490 375
1761500 375
1761510 375
1761520 375
1761530 375
1761540 375
1761550 375
1761560 375
1761570 375
1761580 375
1761590 375
1761600 375
1761610 375
1761620 375
1761630 375
1761640 375
1761650 375
1761660 375
1761670 375
1761680 375
1761690 375
1761700 375
1761710 376
1761720 376
1761730 376
1761740 376
1761750 376
1761760 376
1761770 376
1761780 376
1761790 376
1761800 376
1761810 376
1761820 377
1761830 377
1761840 377
1761850 377
1761860 377
1761870 377
1761880 377
1761890 377
1761900 377
1761910 378
1761920 378
1761930 378
1761940 378
1761950 378
1761960 378
1761970 378
1761980 379
1761990 379
1762000 379
1762010 379
1762020 379
1762030 379
1762040 379
1762050 380
1762060 380
1762070 380
1762080 380
1762090 381
1762100 381
1762110 381
1762120 381
1762130 382
1762140 382
1762150 382
1762160 382
1762170 382
1762180 383
1762190 383
1762200 383
1762210 384
1762220 384
1762230 385
1762240 385
1762250 386
1762260 387
1762270 387
1762280 388
1762290 389
1762300 390
1762310 390
1762320 391
1762330 392
1762340 392
1762350 393
1762360 393
1762370 393
1762380 394
1762390 394
1762400 394
1762410 394
1762420 395
1762430 395
1762440 395
1762450 395
1762460 395
1762470 395
1762480 394
1762490 394
1762500 393
1762510 393
1762520 392
1762530 392
1762540 391
1762550 391
1762560 391
1762570 390
1762580 390
1762590 389
1762600 388
1762610 388
1762620 387
1762630 386
1762640 386
1762650 385
1762660 384
1762670 383
1762680 381
1762690 379
1762700 377
1762710 376
1762720 374
1762730 373
1762740 372
1762750 372
1762760 371
1762770 371
1762780 371
1762790 370
1762800 370
1762810 370
1762820 370
1762830 370
1762840 370
1762850 369
1762860 369
1762870 369
1762880 368
1762890 368
1762900 368
1762910 368
1762920 368
1762930 368
1762940 368
1762950 368
1762960 368
1762970 369
1762980 369
1762990 369
1763000 369
1763010 368
1763020 368
1763030 367
1763040 366
1763050 365
1763060 364
1763070 363
1763080 362
1763090 361
1763100 360
1763110 359
1763120 358
1763130 358
1763140 357
1763150 357
1763160 356
1763170 356
1763180 356
1763190 357
1763200 357
1763210 356
1763220 356
1763230 355
1763240 355
1763250 354
1763260 354
1763270 353
1763280 352
1763290 352
1763300 351
1763310 351
1763320 351
1763330 350
1763340 350
1763350 349
1763360 349
1763370 349
1763380 348
1763390 348
1763400 347
1763410 346
1763420 346
1763430 345
1763440 345
1763450 345
1763460 344
1763470 343
1763480 340
1763490 339
1763500 339
1763510 340
1763520 340
1763530 340
1763540 340
1763550 340
1763560 339
1763570 338
1763580 338
1763590 337
1763600 337
1763610 336
1763620 335
1763630 334
1763640 334
1763650 333
1763660 333
1763670 333
1763680 332
1763690 332
1763700 332
1763710 331
1763720 331
1763730 330
1763740 330
1763750 330
1763760 329
1763770 329
1763780 329
1763790 328
1763800 328
1763810 328
1763820 327
1763830 327
1763840 327
1763850 327
1763860 326
1763870 326
1763880 325
1763890 325
1763900 324
1763910 324
1763920 324
1763930 323
1763940 323
1763950 323
1763960 323
1763970 323
1763980 322
1763990 322
1764000 322
1764010 322
1764020 322
1764030 321
1764040 321
1764050 320
1764060 320
1764070 319
1764080 319
1764090 318
1764100 318
1764110 317
1764120 317
1764130 316
1764140 315
1764150 314
1764160 314
1764170 313
1764180 312
1764190 312
1764200 311
1764210 311
1764220 311
1764230 311
1764240 310
1764250 310
1764260 310
1764270 310
1764280 311
1764290 311
1764300 311
1764310 312
1764320 312
1764330 313
1764340 313
1764350 313
1764360 314
1764370 313
1764380 313
1764390 313
1764400 313
1764410 313
1764420 313
1764430 313
1764440 313
1764450 313
1764460 313
1764470 313
1764480 313
1764490 312
1764500 312
1764510 312
1764520 312
1764530 312
1764540 313
1764550 313
1764560 314
1764570 314
1764580 314
1764590 314
1764600 314
1764610 314
1764620 315
1764630 315
1764640 315
1764650 316
1764660 315
1764670 314
1764680 314
1764690 315
1764700 316
1764710 316
1764720 315
1764730 315
1764740 314
1764750 314
1764760 314
1764770 314
1764780 314
1764790 314
1764800 313
1764810 313
1764820 313
1764830 312
1764840 312
1764850 312
1764860 312
1764870 311
1764880 311
1764890 311
1764900 311
1764910 310
1764920 310
1764930 310
1764940 310
1764950 310
1764960 310
1764970 309
1764980 309
1764990 309
1765000 309
1765010 308
1765020 308
1765030 308
1765040 308
1765050 308
1765060 308
1765070 308
1765080 308
1765090 307
1765100 307
1765110 307
1765120 307
1765130 306
1765140 306
1765150 306
1765160 306
1765170 306
1765180 306
1765190 305
1765200 305
1765210 305
1765220 305
1765230 305
1765240 305
1765250 304
1765260 304
1765270 304
1765280 304
1765290 304
1765300 303
1765310 303
1765320 303
1765330 303
1765340 303
1765350 303
1765360 303
1765370 303
1765380 302
1765390 302
1765400 302
1765410 302
1765420 302
1765430 302
1765440 302
1765450 302
1765460 302
1765470 301
1765480 301
1765490 301
1765500 301
1765510 301
1765520 301
1765530 301
1765540 301
1765550 301
1765560 301
1765570 301
1765580 301
1765590 300
1765600 300
1765610 299
1765620 299
1765630 299
1765640 299
1765650 299
1765660 299
1765670 299
1765680 299
1765690 299
1765700 299
1765710 299
1765720 299
1765730 299
1765740 298
1765750 298
1765760 298
1765770 298
1765780 298
1765790 298
1765800 298
1765810 298
1765820 297
1765830 297
1765840 297
1765850 297
1765860 297
1765870 297
1765880 297
1765890 297
1765900 297
1765910 297
1765920 297
1765930 297
1765940 297
1765950 297
1765960 297
1765970 297
1765980 297
1765990 297
1766000 297
1766010 297
1766020 297
1766030 297
1766040 297
1766050 297
1766060 297
1766070 297
1766080 296
1766090 296
1766100 296
1766110 296
1766120 296
1766130 296
1766140 296
1766150 296
1766160 296
1766170 295
1766180 295
1766190 295
1766200 295
1766210 295
1766220 295
1766230 295
1766240 295
1766250 295
1766260 295
1766270 295
1766280 295
1766290 295
1766300 295
1766310 295
1766320 295
1766330 295
1766340 295
1766350 295
1766360 295
1766370 295
1766380 295
1766390 295
1766400 295
1766410 295
1766420 295
1766430 295
1766440 294
1766450 294
1766460 294
1766470 294
1766480 294
1766490 294
1766500 294
1766510 294
1766520 294
1766530 293
1766540 293
1766550 293
1766560 293
1766570 293
1766580 293
1766590 293
1766600 292
1766610 293
1766620 293
1766630 292
1766640 292
1766650 292
1766660 292
1766670 292
1766680 292
1766690 292
1766700 292
1766710 292
1766720 292
1766730 291
1766740 291
1766750 291
1766760 291
1766770 291
1766780 291
1766790 290
1766800 290
1766810 290
1766820 290
1766830 289
1766840 289
1766850 289
1766860 289
1766870 289
1766880 289
1766890 289
1766900 289
1766910 288
1766920 288
1766930 288
1766940 288
1766950 288
1766960 288
1766970 288
1766980 288
1766990 288
1767000 288
1767010 288
1767020 288
1767030 288
1767040 288
1767050 287
1767060 287
1767070 287
1767080 287
1767090 287
1767100 287
1767110 287
1767120 287
1767130 287
1767140 287
1767150 287
1767160 287
1767170 287
1767180 286
1767190 286
1767200 286
1767210 286
1767220 286
1767230 286
1767240 286
1767250 286
1767260 286
1767270 286
1767280 285
1767290 285
1767300 285
1767310 285
1767320 285
1767330 285
1767340 285
1767350 285
1767360 285
1767370 285
1767380 284
1767390 284
1767400 284
1767410 284
1767420 284
1767430 284
1767440 284
1767450 284
1767460 283
1767470 283
1767480 283
1767490 283
1767500 283
1767510 283
1767520 283
1767530 283
1767540 283
1767550 283
1767560 283
1767570 283
1767580 283
1767590 282
1767600 282
1767610 282
1767620 282
1767630 282
1767640 282
1767650 282
1767660 282
1767670 282
1767680 282
1767690 282
1767700 282
1767710 282
1767720 282
1767730 282
1767740 282
1767750 282
1767760 283
1767770 283
1767780 283
1767790 283
1767800 283
1767810 283
1767820 283
1767830 283
1767840 283
1767850 283
1767860 283
1767870 284
1767880 284
1767890 284
1767900 284
1767910 284
1767920 285
1767930 285
1767940 285
1767950 286
1767960 286
1767970 286
1767980 287
1767990 287
1768000 288
1768010 288
1768020 288
1768030 289
1768040 289
1768050 290
1768060 290
1768070 290
1768080 291
1768090 291
1768100 292
1768110 292
1768120 293
1768130 294
1768140 294
1768150 295
1768160 296
1768170 297
1768180 298
1768190 298
1768200 299
1768210 300
1768220 301
1768230 302
1768240 302
1768250 303
1768260 303
1768270 303
1768280 303
1768290 304
1768300 304
1768310 304
1768320 305
1768330 305
1768340 305
1768350 305
1768360 305
1768370 305
1768380 305
1768390 306
1768400 306
1768410 306
1768420 306
1768430 307
1768440 307
1768450 307
1768460 307
1768470 308
1768480 308
1768490 308
1768500 308
1768510 308
1768520 309
1768530 309
1768540 309
1768550 310
1768560 310
1768570 310
1768580 310
1768590 310
1768600 310
1768610 309
1768620 309
1768630 309
1768640 309
1768650 309
1768660 309
1768670 309
1768680 308
1768690 308
1768700 308
1768710 308
1768720 308
1768730 307
1768740 307
1768750 307
1768760 306
1768770 306
1768780 306
1768790 305
1768800 305
1768810 304
1768820 304
1768830 303
1768840 303
1768850 303
1768860 302
1768870 302
1768880 302
1768890 301
1768900 301
1768910 301
1768920 301
1768930 300
1768940 300
1768950 300
1768960 300
1768970 299
1768980 299
1768990 299
1769000 299
1769010 298
1769020 298
1769030 298
1769040 297
1769050 297
1769060 297
1769070 297
1769080 297
1769090 296
1769100 296
1769110 296
1769120 296
1769130 295
1769140 295
1769150 295
1769160 295
1769170 295
1769180 295
1769190 295
1769200 294
1769210 294
1769220 294
1769230 294
1769240 294
1769250 294
1769260 294
1769270 293
1769280 293
1769290 293
1769300 293
1769310 293
1769320 293
1769330 293
1769340 292
1769350 292
1769360 292
1769370 292
1769380 292
1769390 292
1769400 291
1769410 291
1769420 291
1769430 291
1769440 291
1769450 291
1769460 291
1769470 290
1769480 290
1769490 290
1769500 290
1769510 290
1769520 289
1769530 289
1769540 289
1769550 289
1769560 289
1769570 288
1769580 288
1769590 288
1769600 288
1769610 288
1769620 287
1769630 287
1769640 287
1769650 287
1769660 287
1769670 287
1769680 287
1769690 287
1769700 287
1769710 287
1769720 286
1769730 286
1769740 286
1769750 286
1769760 286
1769770 286
1769780 286
1769790 286
1769800 285
1769810 285
1769820 285
1769830 285
1769840 285
1769850 285
1769860 285
1769870 285
1769880 284
1769890 284
1769900 284
1769910 284
1769920 284
1769930 283
1769940 283
1769950 283
1769960 283
1769970 283
1769980 283
1769990 283
1770000 283
1770010 282
1770020 282
1770030 282
1770040 282
1770050 282
1770060 282
1770070 282
1770080 282
1770090 282
1770100 282
1770110 282
1770120 282
1770130 282
1770140 282
1770150 282
1770160 282
1770170 282
1770180 282
1770190 281
1770200 281
1770210 281
1770220 281
1770230 281
1770240 281
1770250 281
1770260 281
1770270 281
1770280 281
1770290 281
1770300 281
1770310 281
1770320 281
1770330 281
1770340 281
1770350 281
1770360 281
1770370 280
1770380 280
1770390 280
1770400 280
1770410 280
1770420 280
1770430 280
1770440 280
1770450 280
1770460 280
1770470 280
1770480 280
1770490 279
1770500 279
1770510 279
1770520 279
1770530 279
1770540 279
1770550 279
1770560 279
1770570 279
1770580 279
1770590 278
1770600 278
1770610 278
1770620 278
1770630 278
1770640 278
1770650 278
1770660 278
1770670 278
1770680 278
1770690 278
1770700 278
1770710 278
1770720 278
1770730 277
1770740 277
1770750 277
1770760 277
1770770 277
1770780 277
1770790 277
1770800 277
1770810 277
1770820 277
1770830 277
1770840 277
1770850 277
1770860 277
1770870 277
1770880 276
1770890 276
1770900 276
1770910 276
1770920 276
1770930 276
1770940 276
1770950 276
1770960 276
1770970 276
