1772190 278
1772200 278
1772210 279
1772220 279
1772230 279
1772240 279
1772250 279
1772260 280
1772270 280
1772280 280
1772290 280
1772300 281
1772310 281
1772320 281
1772330 281
1772340 281
1772350 282
1772360 282
1772370 282
1772380 282
1772390 282
1772400 282
1772410 282
1772420 283
1772430 283
1772440 283
1772450 283
1772460 283
1772470 284
1772480 284
1772490 284
1772500 284
1772510 285
1772520 285
1772530 285
1772540 285
1772550 285
1772560 285
1772570 285
1772580 286
1772590 286
1772600 286
1772610 286
1772620 286
1772630 286
1772640 287
1772650 287
1772660 287
1772670 287
1772680 287
1772690 288
1772700 288
1772710 288
1772720 288
1772730 288
1772740 288
1772750 289
1772760 289
1772770 289
1772780 289
1772790 289
1772800 289
1772810 289
1772820 289
1772830 289
1772840 290
1772850 290
1772860 290
1772870 290
1772880 290
1772890 290
1772900 290
1772910 290
1772920 290
1772930 290
1772940 290
1772950 290
1772960 290
1772970 290
1772980 290
1772990 290
1773000 290
1773010 290
1773020 290
1773030 290
1773040 290
1773050 290
1773060 290
1773070 290
1773080 290
1773090 290
1773100 289
1773110 289
1773120 289
1773130 289
1773140 289
1773150 289
1773160 289
1773170 289
1773180 289
1773190 289
1773200 289
1773210 289
1773220 289
1773230 289
1773240 289
1773250 288
1773260 288
1773270 288
1773280 288
1773290 288
1773300 288
1773310 288
1773320 288
1773330 288
1773340 288
1773350 288
1773360 288
1773370 288
1773380 288
1773390 288
1773400 287
1773410 287
1773420 287
1773430 287
1773440 287
1773450 287
1773460 287
1773470 287
1773480 287
1773490 287
1773500 286
1773510 286
1773520 286
1773530 286
1773540 286
1773550 286
1773560 286
1773570 285
1773580 285
1773590 285
1773600 285
1773610 285
1773620 285
1773630 285
1773640 285
1773650 285
1773660 284
1773670 284
1773680 284
1773690 284
1773700 284
1773710 284
1773720 284
1773730 284
1773740 284
1773750 283
1773760 283
1773770 283
1773780 283
1773790 283
1773800 283
1773810 282
1773820 282
1773830 282
1773840 282
1773850 282
1773860 282
1773870 281
1773880 281
1773890 281
1773900 281
1773910 281
1773920 281
1773930 280
1773940 280
1773950 280
1773960 280
1773970 280
1773980 280
1773990 280
1774000 280
1774010 280
1774020 280
1774030 280
1774040 280
1774050 280
1774060 280
1774070 280
1774080 280
1774090 280
1774100 280
1774110 280
1774120 280
1774130 280
1774140 280
1774150 280
1774160 280
1774170 280
1774180 280
1774190 280
1774200 280
1774210 280
1774220 280
1774230 281
1774240 281
1774250 281
1774260 281
1774270 281
1774280 281
1774290 281
1774300 281
1774310 281
1774320 281
1774330 281
1774340 281
1774350 281
1774360 281
1774370 281
1774380 281
1774390 281
1774400 281
1774410 281
1774420 281
1774430 282
1774440 282
1774450 282
1774460 282
1774470 282
1774480 282
1774490 282
1774500 282
1774510 282
1774520 283
1774530 283
1774540 283
1774550 283
1774560 283
1774570 283
1774580 283
1774590 283
1774600 283
1774610 284
1774620 284
1774630 284
1774640 284
1774650 284
1774660 285
1774670 285
1774680 285
1774690 285
1774700 285
1774710 286
1774720 286
1774730 286
1774740 286
1774750 286
1774760 286
1774770 286
1774780 286
1774790 286
1774800 287
1774810 287
1774820 287
1774830 287
1774840 287
1774850 287
1774860 287
1774870 287
1774880 287
1774890 288
1774900 288
1774910 288
1774920 288
1774930 288
1774940 288
1774950 288
1774960 289
1774970 289
1774980 289
1774990 289
1775000 289
1775010 289
1775020 289
1775030 290
1775040 290
1775050 290
1775060 290
1775070 290
1775080 290
1775090 290
1775100 290
1775110 290
1775120 290
1775130 291
1775140 291
1775150 291
1775160 291
1775170 291
1775180 291
1775190 291
1775200 291
1775210 291
1775220 291
1775230 291
1775240 291
1775250 291
1775260 292
1775270 292
1775280 292
1775290 292
1775300 292
1775310 292
1775320 292
1775330 292
1775340 292
1775350 292
1775360 292
1775370 292
1775380 292
1775390 293
1775400 293
1775410 293
1775420 293
1775430 293
1775440 293
1775450 293
1775460 293
1775470 293
1775480 294
1775490 294
1775500 294
1775510 294
1775520 294
1775530 294
1775540 294
1775550 295
1775560 295
1775570 295
1775580 295
1775590 295
1775600 296
1775610 296
1775620 296
1775630 296
1775640 296
1775650 296
1775660 296
1775670 296
1775680 296
1775690 296
1775700 297
1775710 297
1775720 297
1775730 297
1775740 297
1775750 297
1775760 297
1775770 297
1775780 297
1775790 297
1775800 297
1775810 297
1775820 297
1775830 298
1775840 298
1775850 298
1775860 298
1775870 298
1775880 298
1775890 298
1775900 298
1775910 299
1775920 299
1775930 299
1775940 299
1775950 299
1775960 299
1775970 299
1775980 300
1775990 300
1776000 300
1776010 300
1776020 300
1776030 301
1776040 301
1776050 301
1776060 301
1776070 301
1776080 302
1776090 302
1776100 302
1776110 302
1776120 302
1776130 303
1776140 303
1776150 303
1776160 303
1776170 303
1776180 303
1776190 304
1776200 304
1776210 304
1776220 304
1776230 304
1776240 305
1776250 305
1776260 305
1776270 305
1776280 305
1776290 305
1776300 306
1776310 306
1776320 306
1776330 306
1776340 307
1776350 307
1776360 307
1776370 307
1776380 307
1776390 308
1776400 308
1776410 308
1776420 308
1776430 309
1776440 309
1776450 309
1776460 309
1776470 309
1776480 310
1776490 310
1776500 310
1776510 310
1776520 311
1776530 311
1776540 311
1776550 312
1776560 312
1776570 312
1776580 313
1776590 313
1776600 313
1776610 313
1776620 314
1776630 314
1776640 314
1776650 315
1776660 315
1776670 315
1776680 316
1776690 316
1776700 316
1776710 317
1776720 317
1776730 317
1776740 318
1776750 318
1776760 318
1776770 319
1776780 319
1776790 319
1776800 319
1776810 320
1776820 320
1776830 320
1776840 320
1776850 321
1776860 321
1776870 321
1776880 322
1776890 322
1776900 322
1776910 322
1776920 323
1776930 323
1776940 323
1776950 323
1776960 323
1776970 323
1776980 324
1776990 324
1777000 324
1777010 324
1777020 324
1777030 324
1777040 324
1777050 324
1777060 325
1777070 325
1777080 325
1777090 325
1777100 325
1777110 325
1777120 325
1777130 325
1777140 325
1777150 325
1777160 325
1777170 325
1777180 326
1777190 326
1777200 326
1777210 326
1777220 326
1777230 326
1777240 326
1777250 326
1777260 326
1777270 326
1777280 326
1777290 326
1777300 326
1777310 327
1777320 327
1777330 327
1777340 327
1777350 327
1777360 327
1777370 328
1777380 328
1777390 328
1777400 328
1777410 328
1777420 329
1777430 329
1777440 329
1777450 329
1777460 329
1777470 329
1777480 330
1777490 330
1777500 330
1777510 330
1777520 330
1777530 331
1777540 331
1777550 331
1777560 331
1777570 331
1777580 331
1777590 331
1777600 331
1777610 332
1777620 332
1777630 332
1777640 332
1777650 332
1777660 332
1777670 332
1777680 332
1777690 332
1777700 332
1777710 332
1777720 332
1777730 332
1777740 332
1777750 332
1777760 332
1777770 332
1777780 332
1777790 332
1777800 332
1777810 332
1777820 332
1777830 332
1777840 332
1777850 332
1777860 332
1777870 332
1777880 332
1777890 332
1777900 332
1777910 332
1777920 332
1777930 332
1777940 332
1777950 332
1777960 332
1777970 332
1777980 332
1777990 332
1778000 332
1778010 331
1778020 331
1778030 331
1778040 331
1778050 331
1778060 331
1778070 330
1778080 330
1778090 330
1778100 330
1778110 329
1778120 329
1778130 329
1778140 329
1778150 329
1778160 329
1778170 328
1778180 328
1778190 328
1778200 328
1778210 328
1778220 328
1778230 328
1778240 328
1778250 327
1778260 327
1778270 327
1778280 327
1778290 327
1778300 326
1778310 326
1778320 326
1778330 326
1778340 326
1778350 325
1778360 325
1778370 325
1778380 325
1778390 325
1778400 325
1778410 324
1778420 324
1778430 324
1778440 324
1778450 324
1778460 323
1778470 323
1778480 323
1778490 322
1778500 322
1778510 322
1778520 322
1778530 322
1778540 321
1778550 321
1778560 321
1778570 321
1778580 320
1778590 320
1778600 320
1778610 320
1778620 319
1778630 319
1778640 319
1778650 318
1778660 318
1778670 317
1778680 317
1778690 317
1778700 316
1778710 316
1778720 316
1778730 315
1778740 315
1778750 314
1778760 314
1778770 314
1778780 313
1778790 313
1778800 312
1778810 312
1778820 311
1778830 311
1778840 310
1778850 310
1778860 309
1778870 309
1778880 308
1778890 308
1778900 307
1778910 307
1778920 306
1778930 306
1778940 305
1778950 305
1778960 305
1778970 304
1778980 304
1778990 303
1779000 303
1779010 302
1779020 302
1779030 301
1779040 301
1779050 300
1779060 300
1779070 300
1779080 299
1779090 299
1779100 298
1779110 298
1779120 297
1779130 297
1779140 297
1779150 296
1779160 296
1779170 295
1779180 295
1779190 295
1779200 294
1779210 294
1779220 294
1779230 293
1779240 293
1779250 293
1779260 292
1779270 292
1779280 291
1779290 291
1779300 291
1779310 290
1779320 290
1779330 290
1779340 289
1779350 289
1779360 289
1779370 288
1779380 288
1779390 288
1779400 287
1779410 287
1779420 286
1779430 286
1779440 286
1779450 285
1779460 285
1779470 285
1779480 284
1779490 284
1779500 283
1779510 283
1779520 283
1779530 282
1779540 282
1779550 282
1779560 281
1779570 281
1779580 281
1779590 281
1779600 280
1779610 280
1779620 280
1779630 280
1779640 279
1779650 279
1779660 278
1779670 278
1779680 278
1779690 278
1779700 277
1779710 277
1779720 277
1779730 277
1779740 276
1779750 276
1779760 276
1779770 276
1779780 276
1779790 275
1779800 275
1779810 275
1779820 275
1779830 275
1779840 274
1779850 274
1779860 274
1779870 273
1779880 273
1779890 273
1779900 273
1779910 273
1779920 273
1779930 272
1779940 272
1779950 272
1779960 272
1779970 272
1779980 272
1779990 272
1760000 343
1760010 343
1760020 343
1760030 343
1760040 343
1760050 343
1760060 343
1760070 343
1760080 343
1760090 343
1760100 343
1760110 343
1760120 342
1760130 342
1760140 342
1760150 342
1760160 342
1760170 342
1760180 343
1760190 343
1760200 343
1760210 343
1760220 343
1760230 343
1760240 343
1760250 343
1760260 343
1760270 343
1760280 343
1760290 343
1760300 343
1760310 342
1760320 342
1760330 342
1760340 341
1760350 341
1760360 341
1760370 341
1760380 341
1760390 340
1760400 340
1760410 340
1760420 340
1760430 339
1760440 339
1760450 339
1760460 339
1760470 338
1760480 338
1760490 338
1760500 338
1760510 337
1760520 337
1760530 337
1760540 337
1760550 337
1760560 337
1760570 336
1760580 336
1760590 336
1760600 335
1760610 335
1760620 335
1760630 334
1760640 334
1760650 334
1760660 334
1760670 334
1760680 333
1760690 333
1760700 333
1760710 333
1760720 333
1760730 333
1760740 333
1760750 332
1760760 332
1760770 332
1760780 332
1760790 331
1760800 331
1760810 331
1760820 331
1760830 331
1760840 330
1760850 330
1760860 330
1760870 330
1760880 330
1760890 330
1760900 330
1760910 330
1760920 329
1760930 329
1760940 329
1760950 329
1760960 329
1760970 329
1760980 329
1760990 329
1761000 329
1761010 329
1761020 329
1761030 329
1761040 328
1761050 328
1761060 328
1761070 328
1761080 328
1761090 328
1761100 328
1761110 328
1761120 327
1761130 327
1761140 327
1761150 327
1761160 327
1761170 327
1761180 327
1761190 326
1761200 326
1761210 326
1761220 326
1761230 326
1761240 326
1761250 325
1761260 325
1761270 324
1761280 324
1761290 325
1761300 324
1761310 324
1761320 324
1761330 324
1761340 324
1761350 323
1761360 323
1761370 323
1761380 323
1761390 322
1761400 322
1761410 322
1761420 322
1761430 322
1761440 321
1761450 321
1761460 321
1761470 321
1761480 320
1761490 320
1761500 320
1761510 320
1761520 320
1761530 319
1761540 319
1761550 319
1761560 319
1761570 318
1761580 318
1761590 318
1761600 317
1761610 316
1761620 316
1761630 316
1761640 316
1761650 317
1761660 317
1761670 317
1761680 317
1761690 317
1761700 317
1761710 316
1761720 316
1761730 315
1761740 315
1761750 314
1761760 314
1761770 314
1761780 314
1761790 314
1761800 314
1761810 314
1761820 314
1761830 314
1761840 315
1761850 315
1761860 316
1761870 316
1761880 316
1761890 317
1761900 317
1761910 317
1761920 317
1761930 318
1761940 318
1761950 318
1761960 318
1761970 319
1761980 319
1761990 319
1762000 320
1762010 320
1762020 321
1762030 321
1762040 322
1762050 322
1762060 323
1762070 323
1762080 324
1762090 324
1762100 325
1762110 325
1762120 325
1762130 325
1762140 325
1762150 325
1762160 325
1762170 325
1762180 325
1762190 325
1762200 326
1762210 326
1762220 326
1762230 326
1762240 326
1762250 326
1762260 326
1762270 326
1762280 326
1762290 326
1762300 326
1762310 326
1762320 326
1762330 326
1762340 326
1762350 326
1762360 326
1762370 326
1762380 326
1762390 326
1762400 326
1762410 325
1762420 325
1762430 325
1762440 325
1762450 324
1762460 324
1762470 324
1762480 324
1762490 324
1762500 324
1762510 323
1762520 323
1762530 322
1762540 322
1762550 322
1762560 322
1762570 321
1762580 320
1762590 320
1762600 320
1762610 320
1762620 321
1762630 321
1762640 320
1762650 320
1762660 320
1762670 320
1762680 319
1762690 319
1762700 319
1762710 319
1762720 319
1762730 319
1762740 319
1762750 318
1762760 318
1762770 318
1762780 318
1762790 318
1762800 318
1762810 318
1762820 318
1762830 317
1762840 317
1762850 317
1762860 317
1762870 317
1762880 317
1762890 317
1762900 317
1762910 317
1762920 317
1762930 317
1762940 317
1762950 317
1762960 317
1762970 317
1762980 317
1762990 318
1763000 318
1763010 318
1763020 318
1763030 318
1763040 319
1763050 319
1763060 319
1763070 319
1763080 319
1763090 319
1763100 319
1763110 319
1763120 319
1763130 319
1763140 319
1763150 319
1763160 319
1763170 318
1763180 318
1763190 318
1763200 317
1763210 317
1763220 316
1763230 316
1763240 315
1763250 315
1763260 315
1763270 315
1763280 314
1763290 314
1763300 313
1763310 313
1763320 313
1763330 312
1763340 312
1763350 312
1763360 311
1763370 311
1763380 311
1763390 310
1763400 310
1763410 310
1763420 309
1763430 309
1763440 309
1763450 309
1763460 308
1763470 308
1763480 308
1763490 308
1763500 307
1763510 307
1763520 307
1763530 306
1763540 306
1763550 305
1763560 305
1763570 304
1763580 303
1763590 303
1763600 302
1763610 302
1763620 301
1763630 300
1763640 300
1763650 299
1763660 299
1763670 298
1763680 298
1763690 297
1763700 297
1763710 297
1763720 296
1763730 294
1763740 291
1763750 289
1763760 288
1763770 288
1763780 287
1763790 287
1763800 287
1763810 287
1763820 288
1763830 290
1763840 289
1763850 288
1763860 288
1763870 288
1763880 288
1763890 288
1763900 288
1763910 288
1763920 288
1763930 288
1763940 288
1763950 288
1763960 288
1763970 288
1763980 288
1763990 288
1764000 288
1764010 288
1764020 289
1764030 290
1764040 290
1764050 291
1764060 291
1764070 292
1764080 293
1764090 295
1764100 297
1764110 300
1764120 302
1764130 304
1764140 305
1764150 306
1764160 307
1764170 308
1764180 309
1764190 310
1764200 311
1764210 311
1764220 311
1764230 312
1764240 312
1764250 312
1764260 312
1764270 312
1764280 312
1764290 312
1764300 312
1764310 312
1764320 313
1764330 313
1764340 313
1764350 313
1764360 314
1764370 314
1764380 314
1764390 314
1764400 314
1764410 314
1764420 314
1764430 314
1764440 314
1764450 313
1764460 313
1764470 313
1764480 313
1764490 313
1764500 313
1764510 314
1764520 314
1764530 314
1764540 314
1764550 315
1764560 315
1764570 316
1764580 316
1764590 316
1764600 316
1764610 317
1764620 318
1764630 318
1764640 319
1764650 319
1764660 320
1764670 320
1764680 321
1764690 321
1764700 321
1764710 322
1764720 322
1764730 323
1764740 323
1764750 324
1764760 325
1764770 326
1764780 326
1764790 327
1764800 328
1764810 330
1764820 331
1764830 332
1764840 334
1764850 335
1764860 337
1764870 338
1764880 340
1764890 341
1764900 343
1764910 344
1764920 346
1764930 347
1764940 348
1764950 348
1764960 349
1764970 349
1764980 350
1764990 350
1765000 350
1765010 350
1765020 350
1765030 350
1765040 350
1765050 350
1765060 350
1765070 350
1765080 350
1765090 350
1765100 349
1765110 349
1765120 349
1765130 348
1765140 347
1765150 347
1765160 346
1765170 346
1765180 345
1765190 345
1765200 344
1765210 343
1765220 343
1765230 342
1765240 341
1765250 341
1765260 340
1765270 339
1765280 338
1765290 336
1765300 334
1765310 332
1765320 331
1765330 330
1765340 329
1765350 328
1765360 327
1765370 326
1765380 326
1765390 325
1765400 324
1765410 322
1765420 321
1765430 320
1765440 319
1765450 317
1765460 316
1765470 315
1765480 314
1765490 312
1765500 310
1765510 309
1765520 308
1765530 306
1765540 305
1765550 304
1765560 303
1765570 302
1765580 301
1765590 300
1765600 300
1765610 300
1765620 299
1765630 299
1765640 298
1765650 297
1765660 296
1765670 294
1765680 293
1765690 293
1765700 292
1765710 292
1765720 291
1765730 291
1765740 290
1765750 290
1765760 289
1765770 289
1765780 288
1765790 288
1765800 287
1765810 287
1765820 287
1765830 286
1765840 286
1765850 286
1765860 285
1765870 285
1765880 285
1765890 285
1765900 284
1765910 284
1765920 284
1765930 284
1765940 284
1765950 283
1765960 283
1765970 283
1765980 283
1765990 283
1766000 283
1766010 283
1766020 283
1766030 283
1766040 283
1766050 283
1766060 282
1766070 281
1766080 281
1766090 280
1766100 280
1766110 280
1766120 280
1766130 280
1766140 279
1766150 279
1766160 279
1766170 279
1766180 279
1766190 278
1766200 278
1766210 278
1766220 278
1766230 278
1766240 277
1766250 277
1766260 277
1766270 277
1766280 277
1766290 277
1766300 277
1766310 277
1766320 277
1766330 277
1766340 277
1766350 277
1766360 277
1766370 277
1766380 276
1766390 276
1766400 276
1766410 276
1766420 275
1766430 275
1766440 275
1766450 275
1766460 274
1766470 274
1766480 274
1766490 274
1766500 274
1766510 274
1766520 273
1766530 273
1766540 273
1766550 273
1766560 273
1766570 273
1766580 273
1766590 273
1766600 273
1766610 273
1766620 272
1766630 272
1766640 272
1766650 272
1766660 272
1766670 272
1766680 272
1766690 272
1766700 271
1766710 271
1766720 271
1766730 271
1766740 271
1766750 271
1766760 271
1766770 271
1766780 271
1766790 271
1766800 271
1766810 271
1766820 271
1766830 271
1766840 271
1766850 271
1766860 270
1766870 270
1766880 270
1766890 270
1766900 270
1766910 270
1766920 270
1766930 270
1766940 270
1766950 270
1766960 270
1766970 270
1766980 270
1766990 270
1767000 270
1767010 270
1767020 270
1767030 270
1767040 270
1767050 270
1767060 270
1767070 269
1767080 269
1767090 269
1767100 269
1767110 269
1767120 269
1767130 269
1767140 269
1767150 269
1767160 268
1767170 268
1767180 268
1767190 268
1767200 268
1767210 268
1767220 268
1767230 268
1767240 268
1767250 268
1767260 268
1767270 268
1767280 268
1767290 268
1767300 268
1767310 268
1767320 268
1767330 268
1767340 268
1767350 268
1767360 268
1767370 268
1767380 268
1767390 268
1767400 268
1767410 268
1767420 268
1767430 268
1767440 268
1767450 268
1767460 268
1767470 268
1767480 268
1767490 268
1767500 268
1767510 268
1767520 268
1767530 268
1767540 268
1767550 267
1767560 267
1767570 267
1767580 267
1767590 267
1767600 267
1767610 267
1767620 267
1767630 267
1767640 267
1767650 267
1767660 267
1767670 267
1767680 267
1767690 267
1767700 267
1767710 267
1767720 267
1767730 267
1767740 267
1767750 267
1767760 267
1767770 267
1767780 267
1767790 267
1767800 267
1767810 267
1767820 267
1767830 267
1767840 267
1767850 267
1767860 267
1767870 267
1767880 267
1767890 267
1767900 267
1767910 266
1767920 266
1767930 266
1767940 266
1767950 266
1767960 266
1767970 266
1767980 266
1767990 266
1768000 266
1768010 266
1768020 266
1768030 266
1768040 266
1768050 266
1768060 266
1768070 266
1768080 266
1768090 266
1768100 266
1768110 266
1768120 266
1768130 266
1768140 266
1768150 265
1768160 265
1768170 265
1768180 265
1768190 265
1768200 265
1768210 265
1768220 265
1768230 265
1768240 265
1768250 265
1768260 265
1768270 265
1768280 265
1768290 265
1768300 265
1768310 265
1768320 265
1768330 265
1768340 265
1768350 265
1768360 265
1768370 265
1768380 265
1768390 265
1768400 265
1768410 265
1768420 265
1768430 265
1768440 265
1768450 265
1768460 265
1768470 266
1768480 266
1768490 266
1768500 266
1768510 266
1768520 266
1768530 266
1768540 266
1768550 266
1768560 266
1768570 266
1768580 266
1768590 266
1768600 266
1768610 266
1768620 266
1768630 266
1768640 266
1768650 266
1768660 266
1768670 266
1768680 266
1768690 266
1768700 266
1768710 266
1768720 266
1768730 266
1768740 266
1768750 266
1768760 266
1768770 266
1768780 266
1768790 266
1768800 266
1768810 266
1768820 266
1768830 266
1768840 266
1768850 266
1768860 266
1768870 266
1768880 266
1768890 266
1768900 266
1768910 266
1768920 266
1768930 266
1768940 266
1768950 266
1768960 266
1768970 266
1768980 266
1768990 266
1769000 266
1769010 266
1769020 266
1769030 266
1769040 266
1769050 266
1769060 266
1769070 266
1769080 266
1769090 266
1769100 266
1769110 266
1769120 266
1769130 266
1769140 266
1769150 266
1769160 266
1769170 266
1769180 266
1769190 266
1769200 266
1769210 266
1769220 266
1769230 266
1769240 266
1769250 266
1769260 265
1769270 265
1769280 265
1769290 265
1769300 265
1769310 265
1769320 265
1769330 265
1769340 265
1769350 265
1769360 265
1769370 265
1769380 265
1769390 265
1769400 265
1769410 265
1769420 265
1769430 265
1769440 265
1769450 265
1769460 265
1769470 265
1769480 264
1769490 264
1769500 264
1769510 264
1769520 264
1769530 264
1769540 264
1769550 264
1769560 264
1769570 264
1769580 264
1769590 264
1769600 264
1769610 263
1769620 263
1769630 263
1769640 263
1769650 263
1769660 263
1769670 263
1769680 263
1769690 263
1769700 263
1769710 263
1769720 263
1769730 262
1769740 262
1769750 262
1769760 262
1769770 262
1769780 262
1769790 262
1769800 262
1769810 262
1769820 262
1769830 262
1769840 261
1769850 261
1769860 261
1769870 261
1769880 261
1769890 261
1769900 261
1769910 261
1769920 260
1769930 260
1769940 260
1769950 260
1769960 260
1769970 260
1769980 260
1769990 260
1770000 260
1770010 260
1770020 260
1770030 259
1770040 259
1770050 259
1770060 259
1770070 259
1770080 259
1770090 259
1770100 259
1770110 259
1770120 259
1770130 259
1770140 259
1770150 259
1770160 259
1770170 258
1770180 258
1770190 258
1770200 258
1770210 258
1770220 258
1770230 258
1770240 258
1770250 258
1770260 258
1770270 258
1770280 258
1770290 258
1770300 258
1770310 258
1770320 258
1770330 258
1770340 258
1770350 258
1770360 258
1770370 258
1770380 258
1770390 258
1770400 258
1770410 258
1770420 258
1770430 258
1770440 258
1770450 258
1770460 258
1770470 259
1770480 258
1770490 258
1770500 258
1770510 258
1770520 258
1770530 258
1770540 258
1770550 258
1770560 258
1770570 258
1770580 258
1770590 258
1770600 258
1770610 258
1770620 258
1770630 258
1770640 258
1770650 258
1770660 258
1770670 258
1770680 258
1770690 258
1770700 258
1770710 259
1770720 259
1770730 259
1770740 260
1770750 259
1770760 259
1770770 259
1770780 259
1770790 259
1770800 259
1770810 259
1770820 259
1770830 259
1770840 259
1770850 259
1770860 259
1770870 259
1770880 259
1770890 259
1770900 259
1770910 259
1770920 259
1770930 259
1770940 259
1770950 259
1770960 259
1770970 259
1770980 259
1770990 260
1771000 260
1771010 260
1771020 260
1771030 261
1771040 261
1771050 261
1771060 262
1771070 262
1771080 263
1771090 263
1771100 263
1771110 264
1771120 264
1771130 264
1771140 265
1771150 265
1771160 265
1771170 265
1771180 265
1771190 266
1771200 266
1771210 266
1771220 267
1771230 267
1771240 267
1771250 267
1771260 268
1771270 268
1771280 268
1771290 268
1771300 269
1771310 269
1771320 269
1771330 269
1771340 270
1771350 270
1771360 270
1771370 270
1771380 271
1771390 271
1771400 271
1771410 271
1771420 271
1771430 271
1771440 272
1771450 272
1771460 272
1771470 272
1771480 272
1771490 272
1771500 272
1771510 272
1771520 272
1771530 273
1771540 273
1771550 273
1771560 273
1771570 273
1771580 273
1771590 273
1771600 273
1771610 273
1771620 273
1771630 274
1771640 274
1771650 274
1771660 274
1771670 274
1771680 274
1771690 274
1771700 274
1771710 275
1771720 275
1771730 275
1771740 275
1771750 275
1771760 275
1771770 275
1771780 275
1771790 275
1771800 275
1771810 275
1771820 275
1771830 275
1771840 275
1771850 275
1771860 275
1771870 275
1771880 275
1771890 275
1771900 275
1771910 275
1771920 275
1771930 275
1771940 275
1771950 275
1771960 275
1771970 275
1771980 275
1771990 275
1772000 275
1772010 276
1772020 276
1772030 276
1772040 276
1772050 276
1772060 276
1772070 276
1772080 276
1772090 277
1772100 277
1772110 277
1772120 277
1772300 281
1772310 281
