1760000 345
1760010 345
1760020 345
1760030 345
1760040 345
1760050 344
1760060 344
1760070 344
1760080 344
1760090 343
1760100 343
1760110 343
1760120 343
1760130 343
1760140 342
1760150 342
1760160 342
1760170 341
1760180 341
1760190 341
1760200 341
1760210 340
1760220 340
1760230 340
1760240 340
1760250 339
1760260 339
1760270 339
1760280 338
1760290 338
1760300 338
1760310 338
1760320 337
1760330 337
1760340 337
1760350 337
1760360 336
1760370 336
1760380 336
1760390 336
1760400 335
1760410 335
1760420 335
1760430 334
1760440 334
1760450 334
1760460 334
1760470 333
1760480 333
1760490 333
1760500 333
1760510 332
1760520 332
1760530 332
1760540 332
1760550 332
1760560 331
1760570 331
1760580 331
1760590 331
1760600 331
1760610 330
1760620 330
1760630 330
1760640 330
1760650 330
1760660 330
1760670 329
1760680 329
1760690 329
1760700 329
1760710 329
1760720 329
1760730 329
1760740 329
1760750 329
1760760 329
1760770 329
1760780 329
1760790 328
1760800 328
1760810 328
1760820 328
1760830 328
1760840 328
1760850 327
1760860 327
1760870 327
1760880 327
1760890 326
1760900 326
1760910 326
1760920 326
1760930 326
1760940 326
1760950 326
1760960 326
1760970 326
1760980 326
1760990 326
1761000 326
1761010 325
1761020 325
1761030 325
1761040 324
1761050 324
1761060 324
1761070 324
1761080 323
1761090 323
1761100 323
1761110 323
1761120 323
1761130 322
1761140 322
1761150 322
1761160 322
1761170 321
1761180 321
1761190 321
1761200 320
1761210 319
1761220 318
1761230 317
1761240 316
1761250 316
1761260 316
1761270 317
1761280 318
1761290 318
1761300 318
1761310 318
1761320 318
1761330 317
1761340 317
1761350 317
1761360 316
1761370 316
1761380 316
1761390 316
1761400 315
1761410 315
1761420 315
1761430 315
1761440 315
1761450 315
1761460 314
1761470 314
1761480 314
1761490 313
1761500 313
1761510 313
1761520 313
1761530 313
1761540 313
1761550 313
1761560 313
1761570 312
1761580 312
1761590 312
1761600 311
1761610 311
1761620 311
1761630 311
1761640 311
1761650 311
1761660 311
1761670 311
1761680 310
1761690 310
1761700 310
1761710 311
1761720 312
1761730 312
1761740 313
1761750 313
1761760 312
1761770 312
1761780 311
1761790 311
1761800 311
1761810 311
1761820 312
1761830 312
1761840 312
1761850 313
1761860 314
1761870 314
1761880 315
1761890 315
1761900 314
1761910 315
1761920 315
1761930 316
1761940 316
1761950 317
1761960 318
1761970 319
1761980 320
1761990 321
1762000 321
1762010 322
1762020 323
1762030 324
1762040 324
1762050 324
1762060 324
1762070 325
1762080 325
1762090 325
1762100 325
1762110 325
1762120 325
1762130 325
1762140 324
1762150 324
1762160 324
1762170 324
1762180 324
1762190 324
1762200 324
1762210 324
1762220 324
1762230 324
1762240 323
1762250 323
1762260 323
1762270 323
1762280 323
1762290 323
1762300 322
1762310 322
1762320 322
1762330 322
1762340 323
1762350 322
1762360 322
1762370 322
1762380 321
1762390 321
1762400 321
1762410 321
1762420 320
1762430 320
1762440 320
1762450 319
1762460 319
1762470 319
1762480 318
1762490 318
1762500 318
1762510 317
1762520 317
1762530 317
1762540 317
1762550 317
1762560 317
1762570 316
1762580 316
1762590 316
1762600 316
1762610 316
1762620 316
1762630 316
1762640 315
1762650 315
1762660 315
1762670 315
1762680 315
1762690 315
1762700 315
1762710 315
1762720 315
1762730 315
1762740 315
1762750 315
1762760 314
1762770 314
1762780 314
1762790 314
1762800 314
1762810 314
1762820 314
1762830 314
1762840 314
1762850 314
1762860 314
1762870 314
1762880 314
1762890 314
1762900 314
1762910 314
1762920 314
1762930 314
1762940 314
1762950 314
1762960 314
1762970 314
1762980 314
1762990 314
1763000 314
1763010 314
1763020 314
1763030 314
1763040 314
1763050 314
1763060 315
1763070 315
1763080 315
1763090 315
1763100 315
1763110 315
1763120 315
1763130 315
1763140 315
1763150 315
1763160 315
1763170 315
1763180 315
1763190 315
1763200 315
1763210 315
1763220 314
1763230 314
1763240 314
1763250 313
1763260 313
1763270 313
1763280 313
1763290 312
1763300 312
1763310 312
1763320 312
1763330 312
1763340 311
1763350 311
1763360 311
1763370 311
1763380 310
1763390 310
1763400 310
1763410 310
1763420 309
1763430 309
1763440 309
1763450 309
1763460 309
1763470 308
1763480 308
1763490 308
1763500 308
1763510 307
1763520 307
1763530 307
1763540 307
1763550 307
1763560 307
1763570 306
1763580 306
1763590 306
1763600 306
1763610 305
1763620 305
1763630 305
1763640 305
1763650 304
1763660 304
1763670 304
1763680 304
1763690 304
1763700 303
1763710 303
1763720 303
1763730 302
1763740 302
1763750 301
1763760 301
1763770 301
1763780 300
1763790 300
1763800 300
1763810 299
1763820 299
1763830 299
1763840 298
1763850 297
1763860 296
1763870 296
1763880 296
1763890 297
1763900 298
1763910 297
1763920 297
1763930 297
1763940 297
1763950 297
1763960 296
1763970 296
1763980 296
1763990 294
1764000 291
1764010 289
1764020 288
1764030 289
1764040 290
1764050 290
1764060 291
1764070 291
1764080 292
1764090 293
1764100 295
1764110 298
1764120 300
1764130 302
1764140 305
1764150 307
1764160 308
1764170 309
1764180 310
1764190 311
1764200 311
1764210 311
1764220 312
1764230 312
1764240 312
1764250 313
1764260 313
1764270 313
1764280 313
1764290 314
1764300 314
1764310 315
1764320 315
1764330 315
1764340 315
1764350 316
1764360 316
1764370 316
1764380 316
1764390 316
1764400 316
1764410 316
1764420 316
1764430 316
1764440 316
1764450 316
1764460 316
1764470 316
1764480 317
1764490 317
1764500 317
1764510 317
1764520 318
1764530 318
1764540 318
1764550 318
1764560 319
1764570 319
1764580 319
1764590 320
1764600 320
1764610 320
1764620 321
1764630 321
1764640 322
1764650 322
1764660 323
1764670 323
1764680 324
1764690 324
1764700 325
1764710 326
1764720 326
1764730 327
1764740 328
1764750 328
1764760 329
1764770 330
1764780 331
1764790 331
1764800 332
1764810 334
1764820 335
1764830 336
1764840 337
1764850 339
1764860 340
1764870 342
1764880 344
1764890 345
1764900 346
1764910 347
1764920 348
1764930 349
1764940 351
1764950 352
1764960 353
1764970 355
1764980 356
1764990 356
1765000 357
1765010 358
1765020 359
1765030 360
1765040 361
1765050 361
1765060 361
1765070 359
1765080 358
1765090 356
1765100 355
1765110 354
1765120 353
1765130 351
1765140 349
1765150 348
1765160 346
1765170 344
1765180 342
1765190 339
1765200 337
1765210 334
1765220 333
1765230 331
1765240 329
1765250 327
1765260 325
1765270 324
1765280 323
1765290 321
1765300 320
1765310 319
1765320 318
1765330 318
1765340 317
1765350 315
1765360 312
1765370 311
1765380 310
1765390 309
1765400 308
1765410 308
1765420 307
1765430 306
1765440 306
1765450 305
1765460 305
1765470 304
1765480 303
1765490 303
1765500 303
1765510 302
1765520 302
1765530 301
1765540 301
1765550 301
1765560 301
1765570 300
1765580 300
1765590 300
1765600 300
1765610 299
1765620 298
1765630 296
1765640 295
1765650 295
1765660 294
1765670 294
1765680 294
1765690 293
1765700 293
1765710 293
1765720 292
1765730 292
1765740 292
1765750 291
1765760 291
1765770 291
1765780 291
1765790 291
1765800 290
1765810 290
1765820 290
1765830 290
1765840 290
1765850 289
1765860 289
1765870 289
1765880 289
1765890 288
1765900 288
1765910 288
1765920 288
1765930 287
1765940 287
1765950 287
1765960 287
1765970 286
1765980 286
1765990 286
1766000 285
1766010 285
1766020 285
1766030 285
1766040 285
1766050 284
1766060 284
1766070 284
1766080 284
1766090 283
1766100 283
1766110 283
1766120 283
1766130 282
1766140 282
1766150 282
1766160 282
1766170 281
1766180 281
1766190 281
1766200 281
1766210 280
1766220 280
1766230 280
1766240 280
1766250 280
1766260 280
1766270 279
1766280 279
1766290 279
1766300 279
1766310 278
1766320 278
1766330 278
1766340 278
1766350 278
1766360 278
1766370 278
1766380 278
1766390 278
1766400 277
1766410 277
1766420 277
1766430 277
1766440 276
1766450 276
1766460 276
1766470 276
1766480 276
1766490 276
1766500 276
1766510 276
1766520 275
1766530 275
1766540 275
1766550 275
1766560 275
1766570 274
1766580 274
1766590 274
1766600 274
1766610 274
1766620 274
1766630 273
1766640 273
1766650 273
1766660 273
1766670 273
1766680 273
1766690 273
1766700 273
1766710 273
1766720 273
1766730 273
1766740 272
1766750 272
1766760 272
1766770 272
1766780 272
1766790 272
1766800 272
1766810 272
1766820 272
1766830 272
1766840 271
1766850 271
1766860 271
1766870 271
1766880 271
1766890 271
1766900 271
1766910 271
1766920 271
1766930 271
1766940 271
1766950 271
1766960 270
1766970 270
1766980 270
1766990 270
1767000 270
1767010 270
1767020 270
1767030 270
1767040 270
1767050 270
1767060 270
1767070 270
1767080 270
1767090 270
1767100 270
1767110 270
1767120 270
1767130 270
1767140 269
1767150 269
1767160 269
1767170 269
1767180 269
1767190 269
1767200 269
1767210 269
1767220 269
1767230 269
1767240 269
1767250 269
1767260 269
1767270 269
1767280 269
1767290 269
1767300 269
1767310 269
1767320 268
1767330 268
1767340 269
1767350 269
1767360 269
1767370 269
1767380 269
1767390 269
1767400 269
1767410 268
1767420 268
1767430 268
1767440 268
1767450 268
1767460 268
1767470 268
1767480 268
1767490 268
1767500 268
1767510 268
1767520 268
1767530 268
1767540 268
1767550 268
1767560 268
1767570 268
1767580 268
1767590 268
1767600 268
1767610 268
1767620 268
1767630 268
1767640 268
1767650 268
1767660 268
1767670 268
1767680 268
1767690 268
1767700 268
1767710 268
1767720 268
1767730 267
1767740 267
1767750 267
1767760 267
1767770 267
1767780 267
1767790 267
1767800 267
1767810 267
1767820 267
1767830 267
1767840 267
1767850 267
1767860 267
1767870 267
1767880 267
1767890 267
1767900 267
1767910 267
1767920 267
1767930 267
1767940 267
1767950 267
1767960 267
1767970 266
1767980 266
1767990 266
1768000 266
1768010 266
1768020 266
1768030 266
1768040 266
1768050 266
1768060 266
1768070 266
1768080 266
1768090 266
1768100 266
1768110 266
1768120 266
1768130 266
1768140 266
1768150 266
1768160 266
1768170 266
1768180 266
1768190 266
1768200 266
1768210 266
1768220 266
1768230 266
1768240 266
1768250 266
1768260 266
1768270 266
1768280 266
1768290 266
1768300 266
1768310 266
1768320 266
1768330 266
1768340 266
1768350 266
1768360 266
1768370 266
1768380 266
1768390 266
1768400 267
1768410 267
1768420 267
1768430 267
1768440 267
1768450 267
1768460 267
1768470 267
1768480 267
1768490 267
1768500 267
1768510 267
1768520 267
1768530 267
1768540 267
1768550 267
1768560 267
1768570 267
1768580 267
1768590 267
1768600 267
1768610 267
1768620 267
1768630 267
1768640 267
1768650 267
1768660 267
1768670 267
1768680 267
1768690 267
1768700 267
1768710 267
1768720 267
1768730 267
1768740 267
1768750 267
1768760 267
1768770 267
1768780 267
1768790 267
1768800 267
1768810 267
1768820 267
1768830 267
1768840 267
1768850 267
1768860 267
1768870 267
1768880 267
1768890 267
1768900 267
1768910 267
1768920 267
1768930 267
1768940 267
1768950 267
1768960 267
1768970 267
1768980 267
1768990 267
1769000 267
1769010 267
1769020 267
1769030 267
1769040 267
1769050 267
1769060 267
1769070 267
1769080 266
1769090 266
1769100 266
1769110 266
1769120 266
1769130 266
1769140 266
1769150 266
1769160 266
1769170 266
1769180 266
1769190 266
1769200 266
1769210 266
1769220 266
1769230 266
1769240 266
1769250 266
1769260 266
1769270 266
1769280 266
1769290 266
1769300 266
1769310 266
1769320 266
1769330 266
1769340 266
1769350 265
1769360 265
1769370 265
1769380 265
1769390 265
1769400 265
1769410 265
1769420 265
1769430 265
1769440 265
1769450 265
1769460 265
1769470 265
1769480 265
1769490 265
1769500 265
1769510 265
1769520 265
1769530 265
1769540 264
1769550 264
1769560 264
1769570 264
1769580 264
1769590 264
1769600 264
1769610 264
1769620 264
1769630 264
1769640 264
1769650 264
1769660 264
1769670 263
1769680 263
1769690 263
1769700 263
1769710 263
1769720 263
1769730 263
1769740 263
1769750 262
1769760 262
1769770 262
1769780 262
1769790 262
1769800 262
1769810 262
1769820 261
1769830 261
1769840 261
1769850 261
1769860 261
1769870 261
1769880 261
1769890 261
1769900 260
1769910 260
1769920 260
1769930 260
1769940 260
1769950 260
1769960 260
1769970 260
1769980 260
1769990 260
1770000 260
1770010 260
1770020 259
1770030 259
1770040 259
1770050 259
1770060 259
1770070 259
1770080 259
1770090 259
1770100 259
1770110 259
1770120 259
1770130 259
1770140 259
1770150 259
1770160 259
1770170 259
1770180 258
1770190 258
1770200 259
1770210 259
1770220 259
1770230 259
1770240 259
1770250 259
1770260 259
1770270 259
1770280 259
1770290 259
1770300 258
1770310 258
1770320 258
1770330 258
1770340 258
1770350 258
1770360 258
1770370 258
1770380 259
1770390 259
1770400 259
1770410 259
1770420 259
1770430 259
1770440 259
1770450 259
1770460 259
1770470 259
1770480 258
1770490 258
1770500 258
1770510 258
1770520 258
1770530 258
1770540 258
1770550 258
1770560 258
1770570 258
1770580 258
1770590 258
1770600 258
1770610 258
1770620 258
1770630 258
1770640 258
1770650 258
1770660 258
1770670 259
1770680 259
1770690 259
1770700 259
1770710 259
1770720 260
1770730 260
1770740 260
1770750 260
1770760 260
1770770 260
1770780 260
1770790 260
1770800 260
1770810 260
1770820 260
1770830 260
1770840 260
1770850 260
1770860 260
1770870 260
1770880 260
1770890 260
1770900 260
1770910 261
1770920 261
1770930 261
1770940 261
1770950 261
1770960 262
1770970 262
1770980 262
1770990 263
1771000 263
1771010 264
1771020 264
1771030 265
1771040 265
1771050 265
1771060 265
1771070 265
1771080 266
1771090 266
1771100 266
1771110 267
1771120 267
1771130 267
1771140 267
1771150 268
1771160 268
1771170 268
1771180 268
1771190 269
1771200 269
1771210 269
1771220 269
1771230 269
1771240 270
1771250 270
1771260 270
1771270 270
1771280 270
1771290 271
1771300 271
1771310 271
1771320 271
1771330 272
1771340 272
1771350 272
1771360 272
1771370 273
1771380 273
1771390 273
1771400 273
1771410 273
1771420 273
1771430 273
1771440 274
1771450 274
1771460 274
1771470 274
1771480 274
1771490 274
1771500 274
1771510 274
1771520 275
1771530 275
1771540 275
1771550 275
1771560 275
1771570 276
1771580 276
1771590 276
1771600 276
1771610 276
1771620 276
1771630 276
1771640 276
1771650 276
1771660 276
1771670 276
1771680 276
1771690 276
1771700 276
1771710 276
1771720 276
1771730 276
1771740 276
1771750 276
1771760 276
1771770 276
1771780 276
1771790 276
1771800 276
1771810 276
1771820 276
1771830 276
1771840 276
1771850 276
1771860 276
1771870 276
1771880 276
1771890 276
1771900 276
1771910 276
1771920 276
1771930 276
1771940 276
1771950 276
1771960 277
1771970 277
1771980 277
1771990 277
1772000 277
1772010 277
1772020 277
1772030 277
1772040 277
1772050 278
1772060 278
1772070 278
1772080 278
1772090 278
1772100 278
1772110 278
1772120 279
1772130 279
1772140 279
1772150 279
1772160 280
1772170 280
1772180 280
1772190 280
1772200 281
1772210 281
1772220 281
1772230 281
1772240 281
1772250 281
1772260 281
1772270 281
1772280 281
1772290 281
1772300 282
1772310 282
1772320 282
1772330 282
1772340 282
1772350 282
1772360 283
1772370 283
1772380 283
