1760000 355
1760010 357
1760020 357
1760030 358
1760040 358
1760050 359
1760060 359
1760070 359
1760080 359
1760090 358
1760100 358
1760110 357
1760120 356
1760130 355
1760140 354
1760150 353
1760160 352
1760170 351
1760180 351
1760190 350
1760200 350
1760210 350
1760220 350
1760230 349
1760240 349
1760250 349
1760260 349
1760270 349
1760280 348
1760290 348
1760300 348
1760310 348
1760320 347
1760330 347
1760340 347
1760350 347
1760360 347
1760370 346
1760380 346
1760390 347
1760400 347
1760410 347
1760420 347
1760430 348
1760440 349
1760450 350
1760460 351
1760470 351
1760480 352
1760490 353
1760500 354
1760510 355
1760520 355
1760530 355
1760540 355
1760550 355
1760560 355
1760570 355
1760580 355
1760590 355
1760600 355
1760610 354
1760620 354
1760630 354
1760640 354
1760650 354
1760660 354
1760670 354
1760680 354
1760690 353
1760700 352
1760710 351
1760720 350
1760730 350
1760740 350
1760750 351
1760760 351
1760770 351
1760780 351
1760790 350
1760800 351
1760810 351
1760820 351
1760830 352
1760840 352
1760850 353
1760860 353
1760870 354
1760880 354
1760890 354
1760900 354
1760910 354
1760920 354
1760930 354
1760940 354
1760950 355
1760960 355
1760970 356
1760980 356
1760990 356
1761000 356
1761010 357
1761020 358
1761030 359
1761040 359
1761050 358
1761060 359
1761070 359
1761080 360
1761090 359
1761100 359
1761110 359
1761120 359
1761130 359
1761140 359
1761150 359
1761160 359
1761170 359
1761180 359
1761190 359
1761200 359
1761210 359
1761220 359
1761230 359
1761240 359
1761250 359
1761260 359
1761270 359
1761280 359
1761290 359
1761300 359
1761310 359
1761320 359
1761330 359
1761340 359
1761350 358
1761360 358
1761370 358
1761380 358
1761390 358
1761400 358
1761410 358
1761420 357
1761430 357
1761440 357
1761450 357
1761460 356
1761470 356
1761480 356
1761490 356
1761500 355
1761510 355
1761520 356
1761530 355
1761540 354
1761550 354
1761560 354
1761570 353
1761580 353
1761590 352
1761600 352
1761610 352
1761620 351
1761630 351
1761640 351
1761650 350
1761660 350
1761670 350
1761680 349
1761690 349
1761700 348
1761710 348
1761720 347
1761730 347
1761740 346
1761750 346
1761760 345
1761770 345
1761780 344
1761790 344
1761800 343
1761810 342
1761820 341
1761830 340
1761840 339
1761850 338
1761860 338
1761870 337
1761880 336
1761890 336
1761900 335
1761910 335
1761920 334
1761930 333
1761940 332
1761950 331
1761960 331
1761970 330
1761980 329
1761990 328
1762000 328
1762010 327
1762020 327
1762030 326
1762040 326
1762050 325
1762060 324
1762070 324
1762080 323
1762090 323
1762100 322
1762110 322
1762120 321
1762130 321
1762140 320
1762150 320
1762160 320
1762170 319
1762180 319
1762190 319
1762200 319
1762210 318
1762220 318
1762230 317
1762240 317
1762250 316
1762260 316
1762270 315
1762280 315
1762290 314
1762300 314
1762310 314
1762320 313
1762330 313
1762340 313
1762350 312
1762360 312
1762370 312
1762380 312
1762390 311
1762400 311
1762410 311
1762420 311
1762430 311
1762440 311
1762450 310
1762460 310
1762470 310
1762480 310
1762490 310
1762500 310
1762510 310
1762520 310
1762530 310
1762540 309
1762550 309
1762560 309
1762570 309
1762580 309
1762590 309
1762600 309
1762610 309
1762620 309
1762630 308
1762640 308
1762650 308
1762660 309
1762670 310
1762680 310
1762690 309
1762700 308
1762710 307
1762720 307
1762730 307
1762740 307
1762750 307
1762760 307
1762770 307
1762780 307
1762790 307
1762800 307
1762810 307
1762820 307
1762830 307
1762840 307
1762850 307
1762860 307
1762870 307
1762880 307
1762890 307
1762900 307
1762910 306
1762920 306
1762930 306
1762940 306
1762950 306
1762960 306
1762970 306
1762980 306
1762990 306
1763000 306
1763010 306
1763020 306
1763030 306
1763040 306
1763050 306
1763060 306
1763070 306
1763080 306
1763090 306
1763100 306
1763110 306
1763120 306
1763130 306
1763140 306
1763150 306
1763160 306
1763170 306
1763180 306
1763190 306
1763200 307
1763210 307
1763220 307
1763230 307
1763240 307
1763250 307
1763260 306
1763270 306
1763280 306
1763290 306
1763300 307
1763310 307
1763320 308
1763330 308
1763340 308
1763350 308
1763360 308
1763370 308
1763380 308
1763390 308
1763400 308
1763410 308
1763420 308
1763430 308
1763440 308
1763450 308
1763460 308
1763470 308
1763480 308
1763490 308
1763500 308
1763510 308
1763520 309
1763530 309
1763540 309
1763550 309
1763560 310
1763570 310
1763580 310
1763590 311
1763600 311
1763610 311
1763620 311
1763630 311
1763640 311
1763650 311
1763660 311
1763670 311
1763680 311
1763690 311
1763700 312
1763710 312
1763720 312
1763730 312
1763740 312
1763750 312
1763760 312
1763770 312
1763780 312
1763790 312
1763800 312
1763810 312
1763820 312
1763830 312
1763840 312
1763850 312
1763860 312
1763870 312
1763880 312
1763890 312
1763900 312
1763910 312
1763920 312
1763930 312
1763940 312
1763950 312
1763960 312
1763970 312
1763980 312
1763990 312
1764000 312
1764010 312
1764020 312
1764030 312
1764040 312
1764050 312
1764060 312
1764070 312
1764080 312
1764090 312
1764100 312
1764110 312
1764120 312
1764130 312
1764140 312
1764150 312
1764160 312
1764170 312
1764180 312
1764190 312
1764200 312
1764210 312
1764220 312
1764230 312
1764240 312
1764250 311
1764260 311
1764270 311
1764280 311
1764290 311
1764300 311
1764310 311
1764320 311
1764330 310
1764340 310
1764350 310
1764360 309
1764370 308
1764380 307
1764390 305
1764400 304
1764410 303
1764420 303
1764430 302
1764440 301
1764450 300
1764460 300
1764470 299
1764480 299
1764490 299
1764500 298
1764510 298
1764520 297
1764530 296
1764540 296
1764550 295
1764560 295
1764570 294
1764580 294
1764590 294
1764600 294
1764610 293
1764620 293
1764630 293
1764640 293
1764650 293
1764660 292
1764670 292
1764680 292
1764690 292
1764700 292
1764710 292
1764720 292
1764730 292
1764740 292
1764750 291
1764760 291
1764770 291
1764780 291
1764790 291
1764800 291
1764810 291
1764820 291
1764830 292
1764840 292
1764850 292
1764860 292
1764870 292
1764880 292
1764890 292
1764900 292
1764910 292
1764920 291
1764930 291
1764940 292
1764950 293
1764960 295
1764970 296
1764980 299
1764990 302
1765000 306
1765010 309
1765020 311
1765030 314
1765040 316
1765050 316
1765060 316
1765070 316
1765080 315
1765090 315
1765100 316
1765110 318
1765120 320
1765130 322
1765140 323
1765150 324
1765160 325
1765170 326
1765180 327
1765190 328
1765200 329
1765210 330
1765220 330
1765230 331
1765240 332
1765250 333
1765260 333
1765270 334
1765280 335
1765290 335
1765300 335
1765310 335
1765320 335
1765330 335
1765340 335
1765350 334
1765360 334
1765370 334
1765380 333
1765390 333
1765400 333
1765410 333
1765420 332
1765430 332
1765440 331
1765450 330
1765460 330
1765470 330
1765480 329
1765490 329
1765500 329
1765510 329
1765520 329
1765530 328
1765540 328
1765550 327
1765560 327
1765570 326
1765580 326
1765590 326
1765600 325
1765610 325
1765620 324
1765630 324
1765640 323
1765650 322
1765660 322
1765670 321
1765680 321
1765690 320
1765700 320
1765710 319
1765720 319
1765730 318
1765740 317
1765750 317
1765760 316
1765770 316
1765780 315
1765790 315
1765800 314
1765810 314
1765820 313
1765830 312
1765840 312
1765850 311
1765860 311
1765870 310
1765880 309
1765890 309
1765900 308
1765910 308
1765920 307
1765930 307
1765940 306
1765950 305
1765960 305
1765970 304
1765980 303
1765990 302
1766000 301
1766010 300
1766020 299
1766030 298
1766040 297
1766050 296
1766060 295
1766070 294
1766080 293
1766090 292
1766100 291
1766110 290
1766120 290
1766130 290
1766140 289
1766150 289
1766160 288
1766170 287
1766180 286
1766190 286
1766200 285
1766210 285
1766220 284
1766230 283
1766240 282
1766250 282
1766260 281
1766270 281
1766280 281
1766290 281
1766300 280
1766310 280
1766320 280
1766330 280
1766340 280
1766350 280
1766360 280
1766370 280
1766380 280
1766390 279
1766400 279
1766410 279
1766420 279
1766430 279
1766440 279
1766450 279
1766460 279
1766470 279
1766480 279
1766490 279
1766500 279
1766510 279
1766520 279
1766530 279
1766540 279
1766550 279
1766560 279
1766570 279
1766580 279
1766590 279
1766600 279
1766610 279
1766620 279
1766630 279
1766640 278
1766650 278
1766660 278
1766670 278
1766680 278
1766690 278
1766700 278
1766710 278
1766720 278
1766730 278
1766740 278
1766750 278
1766760 278
1766770 278
1766780 278
1766790 278
1766800 278
1766810 277
1766820 277
1766830 277
1766840 277
1766850 277
1766860 277
1766870 277
1766880 277
1766890 277
1766900 277
1766910 277
1766920 277
1766930 277
1766940 277
1766950 277
1766960 277
1766970 277
1766980 277
1766990 277
1767000 277
1767010 277
1767020 277
1767030 277
1767040 277
1767050 279
1767060 281
1767070 285
1767080 288
1767090 290
1767100 292
1767110 294
1767120 296
1767130 298
1767140 300
1767150 301
1767160 302
1767170 303
1767180 304
1767190 305
1767200 305
1767210 305
1767220 305
1767230 306
1767240 306
1767250 306
1767260 306
1767270 306
1767280 306
1767290 306
1767300 306
1767310 306
1767320 305
1767330 305
1767340 305
1767350 305
1767360 304
1767370 304
1767380 304
1767390 303
1767400 303
1767410 302
1767420 302
1767430 301
1767440 300
1767450 300
1767460 300
1767470 299
1767480 299
1767490 298
1767500 298
1767510 298
1767520 298
1767530 298
1767540 297
1767550 297
1767560 297
1767570 297
1767580 297
1767590 297
1767600 297
1767610 296
1767620 296
1767630 295
1767640 295
1767650 295
1767660 295
1767670 296
1767680 296
1767690 297
1767700 296
1767710 296
1767720 295
1767730 296
1767740 298
1767750 299
1767760 299
1767770 300
1767780 300
1767790 300
1767800 301
1767810 301
1767820 301
1767830 301
1767840 302
1767850 302
1767860 302
1767870 302
1767880 303
1767890 303
1767900 304
1767910 305
1767920 305
1767930 306
1767940 306
1767950 306
1767960 306
1767970 307
1767980 307
1767990 307
1768000 308
1768010 308
1768020 309
1768030 309
1768040 310
1768050 310
1768060 311
1768070 312
1768080 312
1768090 313
1768100 313
1768110 314
1768120 315
1768130 317
1768140 318
1768150 318
1768160 319
1768170 319
1768180 320
1768190 320
1768200 321
1768210 322
1768220 322
1768230 323
1768240 323
1768250 324
1768260 324
1768270 325
1768280 325
1768290 325
1768300 325
1768310 325
1768320 325
1768330 325
1768340 325
1768350 325
1768360 325
1768370 325
1768380 325
1768390 324
1768400 324
1768410 324
1768420 324
1768430 323
1768440 323
1768450 323
1768460 323
1768470 323
1768480 322
1768490 322
1768500 322
1768510 322
1768520 322
1768530 321
1768540 321
1768550 321
1768560 321
1768570 321
1768580 320
1768590 320
1768600 319
1768610 319
1768620 319
1768630 318
1768640 318
1768650 318
1768660 317
1768670 317
1768680 317
1768690 316
1768700 316
1768710 316
1768720 315
1768730 315
1768740 315
1768750 314
1768760 314
1768770 313
1768780 313
1768790 313
1768800 312
1768810 312
1768820 312
1768830 311
1768840 311
1768850 311
1768860 311
1768870 310
1768880 310
1768890 310
1768900 309
1768910 309
1768920 309
1768930 309
1768940 309
1768950 309
1768960 308
1768970 308
1768980 308
1768990 308
1769000 307
1769010 307
1769020 306
1769030 306
1769040 305
1769050 305
1769060 305
1769070 304
1769080 304
1769090 303
1769100 303
1769110 303
1769120 302
1769130 301
1769140 300
1769150 300
1769160 300
1769170 300
1769180 300
1769190 299
1769200 299
1769210 298
1769220 298
1769230 297
1769240 297
1769250 296
1769260 296
1769270 296
1769280 295
1769290 295
1769300 295
1769310 295
1769320 295
1769330 294
1769340 293
1769350 293
1769360 292
1769370 292
1769380 292
1769390 291
1769400 291
1769410 291
1769420 290
1769430 290
1769440 290
1769450 289
1769460 289
1769470 289
1769480 289
1769490 288
1769500 288
1769510 288
1769520 288
1769530 287
1769540 287
1769550 287
1769560 287
1769570 287
1769580 287
1769590 286
1769600 286
1769610 286
1769620 286
1769630 286
1769640 285
1769650 285
1769660 285
1769670 285
1769680 284
1769690 284
1769700 284
1769710 284
1769720 284
1769730 284
1769740 284
1769750 284
1769760 283
1769770 283
1769780 283
1769790 283
1769800 283
1769810 283
1769820 283
1769830 283
1769840 283
1769850 283
1769860 283
1769870 282
1769880 282
1769890 282
1769900 282
1769910 282
1769920 282
1769930 282
1769940 282
1769950 282
1769960 282
1769970 282
1769980 282
1769990 282
1770000 282
1770010 282
1770020 282
1770030 282
1770040 282
1770050 282
1770060 282
1770070 282
1770080 282
1770090 282
1770100 282
1770110 282
1770120 282
1770130 282
1770140 282
1770150 282
1770160 282
1770170 283
1770180 283
1770190 283
1770200 283
1770210 283
1770220 283
1770230 283
1770240 283
1770250 283
1770260 283
1770270 283
1770280 283
1770290 283
1770300 283
1770310 284
1770320 284
1770330 284
1770340 284
1770350 284
1770360 284
1770370 284
1770380 284
1770390 284
1770400 284
1770410 284
1770420 284
1770430 284
1770440 284
1770450 284
1770460 284
1770470 284
1770480 284
1770490 284
1770500 284
1770510 284
1770520 285
1770530 285
1770540 285
1770550 285
1770560 285
1770570 285
1770580 285
1770590 285
1770600 285
1770610 285
1770620 285
1770630 286
1770640 286
1770650 286
1770660 286
1770670 286
1770680 286
1770690 286
1770700 286
1770710 286
1770720 287
1770730 286
1770740 287
1770750 287
1770760 287
1770770 287
1770780 287
1770790 287
1770800 287
1770810 287
1770820 287
1770830 287
1770840 287
1770850 287
1770860 287
1770870 287
1770880 288
1770890 288
1770900 288
1770910 288
1770920 288
1770930 288
1770940 288
1770950 288
1770960 288
1770970 288
1770980 288
1770990 288
1771000 288
1771010 288
1771020 288
1771030 288
1771040 288
1771050 289
1771060 289
1771070 289
1771080 289
1771090 289
1771100 289
1771110 289
1771120 289
1771130 289
1771140 289
1771150 289
1771160 289
1771170 289
1771180 289
1771190 289
1771200 289
1771210 289
1771220 289
1771230 289
1771240 290
1771250 290
1771260 290
1771270 290
1771280 290
1771290 290
1771300 290
1771310 290
1771320 290
1771330 290
1771340 290
1771350 290
1771360 290
1771370 290
1771380 290
1771390 290
1771400 290
1771410 290
1771420 290
1771430 291
1771440 291
1771450 291
1771460 291
1771470 291
1771480 291
1771490 291
1771500 291
1771510 291
1771520 291
1771530 291
1771540 291
1771550 291
1771560 291
1771570 291
1771580 291
1771590 291
1771600 291
1771610 292
1771620 292
1771630 292
1771640 292
1771650 292
1771660 292
1771670 292
1771680 292
1771690 292
1771700 292
1771710 292
1771720 292
1771730 292
1771740 292
1771750 292
1771760 292
1771770 292
1771780 292
1771790 292
1771800 292
1771810 292
1771820 293
1771830 293
1771840 293
1771850 293
1771860 293
1771870 293
1771880 293
1771890 293
1771900 293
1771910 293
1771920 293
1771930 293
1771940 293
1771950 293
1771960 293
1771970 293
1771980 293
1771990 293
1772000 293
1772010 293
1772020 293
1772030 293
1772040 293
1772050 293
1772060 293
1772070 293
1772080 293
1772090 293
1772100 293
1772110 293
1772120 293
1772130 293
1772140 293
1772150 293
1772160 293
1772170 293
1772180 293
1772190 293
1772200 293
1772210 293
1772220 293
1772230 293
1772240 293
1772250 293
1772260 293
1772270 292
1772280 292
1772290 292
1772300 292
1772310 292
1772320 292
1772330 292
1772340 292
1772350 292
1772360 292
1772370 292
1772380 292
1772390 292
1772400 292
1772410 292
1772420 292
1772430 292
1772440 292
1772450 292
1772460 292
1772470 292
1772480 292
1772490 292
1772500 291
1772510 291
1772520 291
1772530 291
1772540 291
1772550 291
1772560 291
1772570 291
1772580 291
1772590 291
1772600 291
1772610 291
1772620 291
1772630 291
1772640 291
1772650 291
1772660 291
1772670 291
1772680 291
1772690 291
1772700 291
1772710 291
1772720 291
1772730 291
1772740 291
1772750 291
1772760 291
1772770 290
1772780 290
1772790 290
1772800 290
1772810 290
1772820 290
1772830 290
1772840 290
1772850 290
1772860 290
1772870 290
1772880 290
1772890 290
1772900 290
1772910 290
1772920 290
1772930 290
1772940 290
1772950 290
1772960 289
1772970 289
1772980 289
1772990 289
1773000 289
1773010 289
1773020 289
1773030 289
1773040 289
1773050 289
1773060 289
1773070 288
1773080 288
1773090 288
1773100 288
1773110 288
1773120 288
1773130 288
1773140 288
1773150 288
1773160 288
1773170 288
1773180 288
1773190 288
1773200 288
1773210 288
1773220 288
1773230 288
1773240 288
1773250 288
1773260 288
1773270 288
1773280 288
1773290 288
1773300 288
1773310 288
1773320 288
1773330 288
1773340 288
1773350 288
1773360 288
1773370 288
1773380 288
1773390 288
1773400 288
1773410 288
1773420 288
1773430 288
1773440 288
1773450 288
1773460 288
1773470 288
1773480 288
1773490 288
1773500 288
1773510 288
1773520 288
1773530 288
1773540 288
1773550 288
1773560 288
1773570 288
1773580 288
1773590 288
1773600 288
1773610 288
1773620 288
1773630 288
1773640 288
1773650 288
1773660 288
1773670 288
1773680 288
1773690 288
1773700 288
1773710 288
1773720 288
1773730 288
1773740 288
1773750 288
1773760 288
1773770 288
1773780 288
1773790 287
1773800 287
1773810 287
1773820 287
1773830 287
1773840 287
1773850 287
1773860 287
1773870 287
1773880 287
1773890 287
1773900 287
1773910 287
1773920 287
1773930 287
1773940 287
1773950 287
1773960 287
1773970 287
1773980 287
1773990 287
1774000 287
1774010 287
1774020 287
1774030 287
1774040 287
