1760700 354
1760710 354
1760720 354
1760730 354
1760740 354
1760750 354
1760760 353
1760770 353
1760780 353
1760790 353
1760800 353
1760810 353
1760820 353
1760830 353
1760840 353
1760850 353
1760860 353
1760870 353
1760880 352
1760890 352
1760900 352
1760910 352
1760920 352
1760930 352
1760940 352
1760950 352
1760960 352
1760970 351
1760980 351
1760990 351
1761000 351
1761010 351
1761020 351
1761030 351
1761040 351
1761050 351
1761060 351
1761070 351
1761080 351
1761090 350
1761100 350
1761110 350
1761120 350
1761130 350
1761140 350
1761150 350
1761160 350
1761170 350
1761180 350
1761190 349
1761200 349
1761210 349
1761220 349
1761230 349
1761240 349
1761250 349
1761260 349
1761270 349
1761280 349
1761290 348
1761300 348
1761310 348
1761320 348
1761330 348
1761340 348
1761350 348
1761360 348
1761370 348
1761380 348
1761390 348
1761400 347
1761410 347
1761420 347
1761430 347
1761440 347
1761450 347
1761460 347
1761470 347
1761480 347
1761490 347
1761500 346
1761510 346
1761520 346
1761530 346
1761540 345
1761550 345
1761560 345
1761570 345
1761580 345
1761590 345
1761600 345
1761610 345
1761620 345
1761630 345
1761640 345
1761650 345
1761660 345
1761670 344
1761680 344
1761690 344
1761700 344
1761710 344
1761720 344
1761730 343
1761740 343
1761750 343
1761760 343
1761770 343
1761780 343
1761790 343
1761800 343
1761810 343
1761820 343
1761830 343
1761840 343
1761850 343
1761860 343
1761870 343
1761880 343
1761890 343
1761900 343
1761910 343
1761920 342
1761930 342
1761940 342
1761950 342
1761960 342
1761970 342
1761980 342
1761990 342
1762000 342
1762010 342
1762020 342
1762030 342
1762040 342
1762050 341
1762060 341
1762070 341
1762080 341
1762090 341
1762100 341
1762110 341
1762120 340
1762130 340
1762140 340
1762150 339
1762160 339
1762170 339
1762180 339
1762190 340
1762200 340
1762210 342
1762220 342
1762230 342
1762240 342
1762250 342
1762260 342
1762270 342
1762280 342
1762290 342
1762300 341
1762310 341
1762320 341
1762330 341
1762340 341
1762350 341
1762360 341
1762370 341
1762380 341
1762390 341
1762400 342
1762410 342
1762420 342
1762430 342
1762440 342
1762450 341
1762460 341
1762470 341
1762480 340
1762490 340
1762500 340
1762510 340
1762520 339
1762530 339
1762540 339
1762550 339
1762560 339
1762570 339
1762580 338
1762590 338
1762600 338
1762610 338
1762620 338
1762630 338
1762640 337
1762650 337
1762660 337
1762670 337
1762680 337
1762690 336
1762700 336
1762710 336
1762720 336
1762730 336
1762740 336
1762750 336
1762760 336
1762770 335
1762780 335
1762790 335
1762800 335
1762810 335
1762820 334
1762830 334
1762840 334
1762850 334
1762860 334
1762870 334
1762880 334
1762890 333
1762900 333
1762910 333
1762920 333
1762930 333
1762940 332
1762950 332
1762960 332
1762970 332
1762980 332
1762990 332
1763000 332
1763010 332
1763020 331
1763030 331
1763040 331
1763050 331
1763060 331
1763070 331
1763080 331
1763090 331
1763100 331
1763110 330
1763120 330
1763130 330
1763140 330
1763150 330
1763160 330
1763170 330
1763180 330
1763190 330
1763200 329
1763210 329
1763220 329
1763230 329
1763240 329
1763250 329
1763260 329
1763270 328
1763280 328
1763290 328
1763300 328
1763310 328
1763320 328
1763330 328
1763340 327
1763350 327
1763360 327
1763370 327
1763380 327
1763390 327
1763400 327
1763410 327
1763420 327
1763430 326
1763440 326
1763450 326
1763460 326
1763470 326
1763480 326
1763490 326
1763500 327
1763510 327
1763520 327
1763530 327
1763540 326
1763550 326
1763560 326
1763570 325
1763580 325
1763590 324
1763600 324
1763610 324
1763620 324
1763630 324
1763640 324
1763650 324
1763660 324
1763670 323
1763680 323
1763690 323
1763700 323
1763710 323
1763720 323
1763730 323
1763740 322
1763750 322
1763760 322
1763770 322
1763780 322
1763790 322
1763800 322
1763810 322
1763820 322
1763830 321
1763840 321
1763850 321
1763860 321
1763870 321
1763880 321
1763890 321
1763900 321
1763910 321
1763920 321
1763930 321
1763940 321
1763950 321
1763960 321
1763970 321
1763980 322
1763990 322
1764000 322
1764010 322
1764020 322
1764030 322
1764040 322
1764050 323
1764060 323
1764070 323
1764080 323
1764090 324
1764100 324
1764110 324
1764120 324
1764130 324
1764140 325
1764150 325
1764160 325
1764170 325
1764180 325
1764190 326
1764200 326
1764210 326
1764220 326
1764230 327
1764240 327
1764250 327
1764260 327
1764270 327
1764280 328
1764290 328
1764300 328
1764310 328
1764320 328
1764330 328
1764340 328
1764350 329
1764360 329
1764370 329
1764380 329
1764390 329
1764400 328
1764410 328
1764420 328
1764430 327
1764440 326
1764450 326
1764460 325
1764470 325
1764480 325
1764490 323
1764500 321
1764510 320
1764520 321
1764530 322
1764540 322
1764550 322
1764560 322
1764570 321
1764580 321
1764590 321
1764600 321
1764610 320
1764620 320
1764630 320
1764640 320
1764650 320
1764660 319
1764670 319
1764680 319
1764690 319
1764700 318
1764710 318
1764720 318
1764730 318
1764740 318
1764750 317
1764760 317
1764770 317
1764780 317
1764790 316
1764800 316
1764810 316
1764820 316
1764830 315
1764840 315
1764850 315
1764860 315
1764870 314
1764880 314
1764890 314
1764900 313
1764910 313
1764920 313
1764930 313
1764940 312
1764950 312
1764960 312
1764970 312
1764980 312
1764990 311
1765000 311
1765010 311
1765020 311
1765030 310
1765040 310
1765050 310
1765060 310
1765070 309
1765080 309
1765090 309
1765100 309
1765110 308
1765120 308
1765130 308
1765140 308
1765150 308
1765160 307
1765170 307
1765180 307
1765190 307
1765200 307
1765210 307
1765220 307
1765230 307
1765240 307
1765250 307
1765260 307
1765270 307
1765280 307
1765290 307
1765300 307
1765310 307
1765320 306
1765330 306
1765340 306
1765350 306
1765360 306
1765370 306
1765380 306
1765390 306
1765400 306
1765410 306
1765420 306
1765430 306
1765440 306
1765450 306
1765460 306
1765470 306
1765480 306
1765490 306
1765500 306
1765510 306
1765520 305
1765530 305
1765540 305
1765550 305
1765560 305
1765570 305
1765580 305
1765590 305
1765600 305
1765610 305
1765620 304
1765630 304
1765640 304
1765650 304
1765660 304
1765670 304
1765680 304
1765690 304
1765700 303
1765710 303
1765720 303
1765730 303
1765740 303
1765750 303
1765760 303
1765770 303
1765780 303
1765790 303
1765800 302
1765810 302
1765820 302
1765830 302
1765840 302
1765850 302
1765860 302
1765870 301
1765880 301
1765890 301
1765900 301
1765910 301
1765920 301
1765930 300
1765940 300
1765950 300
1765960 300
1765970 300
1765980 299
1765990 299
1766000 299
1766010 299
1766020 298
1766030 298
1766040 298
1766050 298
1766060 297
1766070 297
1766080 297
1766090 296
1766100 296
1766110 296
1766120 295
1766130 295
1766140 294
1766150 294
1766160 293
1766170 293
1766180 292
1766190 291
1766200 291
1766210 290
1766220 290
1766230 289
1766240 288
1766250 287
1766260 287
1766270 286
1766280 286
1766290 285
1766300 284
1766310 283
1766320 282
1766330 281
1766340 281
1766350 281
1766360 281
1766370 282
1766380 282
1766390 282
1766400 282
1766410 284
1766420 285
1766430 286
1766440 286
1766450 286
1766460 285
1766470 284
1766480 284
1766490 284
1766500 284
1766510 284
1766520 284
1766530 284
1766540 285
1766550 285
1766560 285
1766570 285
1766580 286
1766590 286
1766600 286
1766610 286
1766620 287
1766630 287
1766640 287
1766650 287
1766660 287
1766670 288
1766680 288
1766690 288
1766700 288
1766710 288
1766720 288
1766730 289
1766740 289
1766750 289
1766760 289
1766770 289
1766780 289
1766790 289
1766800 289
1766810 289
1766820 289
1766830 289
1766840 289
1766850 289
1766860 289
1766870 289
1766880 289
1766890 289
1766900 288
1766910 288
1766920 288
1766930 288
1766940 288
1766950 288
1766960 288
1766970 288
1766980 287
1766990 287
1767000 287
1767010 287
1767020 286
1767030 286
1767040 286
1767050 286
1767060 285
1767070 285
1767080 285
1767090 285
1767100 285
1767110 285
1767120 284
1767130 284
1767140 284
1767150 284
1767160 284
1767170 284
1767180 283
1767190 283
1767200 283
1767210 283
1767220 283
1767230 284
1767240 284
1767250 283
1767260 283
1767270 283
1767280 283
1767290 284
1767300 284
1767310 284
1767320 283
1767330 283
1767340 283
1767350 283
1767360 282
1767370 282
1767380 282
1767390 282
1767400 282
1767410 282
1767420 281
1767430 281
1767440 281
1767450 280
1767460 280
1767470 280
1767480 280
1767490 279
1767500 279
1767510 279
1767520 279
1767530 279
1767540 278
1767550 278
1767560 278
1767570 278
1767580 278
1767590 278
1767600 278
1767610 278
1767620 278
1767630 277
1767640 277
1767650 277
1767660 277
1767670 277
1767680 277
1767690 277
1767700 277
1767710 276
1767720 276
1767730 276
1767740 275
1767750 275
1767760 274
1767770 274
1767780 273
1767790 273
1767800 273
1767810 273
1767820 273
1767830 273
1767840 273
1767850 273
1767860 273
1767870 273
1767880 273
1767890 273
1767900 273
1767910 273
1767920 273
1767930 272
1767940 272
1767950 272
1767960 272
1767970 271
1767980 271
1767990 271
1768000 271
1768010 271
1768020 271
1768030 271
1768040 271
1768050 270
1768060 270
1768070 270
1768080 270
1768090 270
1768100 270
1768110 270
1768120 269
1768130 269
1768140 269
1768150 269
1768160 268
1768170 268
1768180 268
1768190 267
1768200 267
1768210 267
1768220 266
1768230 266
1768240 266
1768250 265
1768260 265
1768270 265
1768280 265
1768290 265
1768300 264
1768310 264
1768320 264
1768330 264
1768340 264
1768350 264
1768360 264
1768370 264
1768380 263
1768390 263
1768400 263
1768410 263
1768420 263
1768430 263
1768440 263
1768450 263
1768460 263
1768470 263
1768480 263
1768490 263
1768500 263
1768510 263
1768520 263
1768530 263
1768540 263
1768550 263
1768560 263
1768570 263
1768580 263
1768590 263
1768600 263
1768610 263
1768620 263
1768630 263
1768640 263
1768650 264
1768660 264
1768670 264
1768680 264
1768690 264
1768700 264
1768710 264
1768720 264
1768730 264
1768740 265
1768750 265
1768760 265
1768770 265
1768780 265
1768790 264
1768800 264
1768810 264
1768820 264
1768830 264
1768840 263
1768850 263
1768860 263
1768870 263
1768880 262
1768890 262
1768900 262
1768910 262
1768920 261
1768930 261
1768940 261
1768950 261
1768960 260
1768970 260
1768980 260
1768990 259
1769000 259
1769010 259
1769020 258
1769030 258
1769040 257
1769050 257
1769060 256
1769070 255
1769080 255
1769090 254
1769100 253
1769110 252
1769120 252
1769130 251
1769140 251
1769150 251
1769160 250
1769170 250
1769180 250
1769190 250
1769200 250
1769210 252
1769220 254
1769230 256
1769240 258
1769250 260
1769260 262
1769270 263
1769280 265
1769290 268
1769300 270
1769310 272
1769320 274
1769330 276
1769340 278
1769350 279
1769360 280
1769370 280
1769380 281
1769390 281
1769400 281
1769410 281
1769420 281
1769430 281
1769440 281
1769450 281
1769460 281
1769470 281
1769480 281
1769490 281
1769500 281
1769510 281
1769520 281
1769530 281
1769540 281
1769550 281
1769560 281
1769570 281
1769580 281
1769590 281
1769600 281
1769610 281
1769620 281
1769630 281
1769640 281
1769650 281
1769660 281
1769670 281
1769680 280
1769690 280
1769700 280
1769710 280
1769720 280
1769730 280
1769740 280
1769750 280
1769760 280
1769770 280
1769780 280
1769790 280
1769800 280
1769810 280
1769820 280
1769830 280
1769840 280
1769850 280
1769860 280
1769870 280
1769880 280
1769890 280
1769900 280
1769910 280
1769920 281
1769930 281
1769940 281
1769950 281
1769960 281
1769970 281
1769980 281
1769990 281
1770000 281
1770010 282
1770020 282
1770030 282
1770040 282
1770050 282
1770060 282
1770070 282
1770080 282
1770090 282
1770100 282
1770110 282
1770120 283
1770130 283
1770140 283
1770150 283
1770160 283
1770170 283
1770180 283
1770190 283
1770200 283
1770210 283
1770220 283
1770230 283
1770240 283
1770250 283
1770260 283
1770270 282
1770280 282
1770290 282
1770300 282
1770310 282
1770320 282
1770330 282
1770340 282
1770350 282
1770360 282
1770370 282
1770380 282
1770390 282
1770400 281
1770410 281
1770420 281
1770430 281
1770440 281
1770450 281
1770460 281
1770470 281
1770480 281
1770490 281
1770500 281
1770510 281
1770520 280
1770530 280
1770540 280
1770550 280
1770560 280
1770570 280
1770580 280
1770590 282
1770600 282
1770610 282
1770620 281
1770630 280
1770640 279
1770650 279
1770660 279
1770670 279
1770680 279
1770690 279
1770700 279
1770710 279
1770720 279
1770730 279
1770740 279
1770750 279
1770760 278
1770770 278
1770780 278
1770790 278
1770800 278
1770810 277
1770820 277
1770830 277
1770840 276
1770850 276
1770860 276
1770870 275
1770880 275
1770890 275
1770900 275
1770910 275
1770920 274
1770930 274
1770940 274
1770950 274
1770960 273
1770970 273
1770980 273
1770990 272
1771000 272
1771010 271
1771020 270
1771030 270
1771040 270
1771050 269
1771060 269
1771070 269
1771080 269
1771090 269
1771100 268
1771110 268
1771120 269
1771130 270
1771140 271
1771150 271
1771160 271
1771170 271
1771180 272
1771190 272
1771200 272
1771210 272
1771220 272
1771230 272
1771240 272
1771250 272
1771260 272
1771270 272
1771280 271
1771290 271
1771300 271
1771310 271
1771320 271
1771330 272
1771340 272
1771350 271
1771360 271
1771370 271
1771380 271
1771390 271
1771400 271
1771410 272
1771420 272
1771430 272
1771440 272
1771450 272
1771460 272
1771470 272
1771480 272
1771490 272
1771500 272
1771510 272
1771520 272
1771530 272
1771540 272
1771550 272
1771560 272
1771570 272
1771580 272
1771590 272
1771600 272
1771610 273
1771620 273
1771630 273
1771640 273
1771650 273
1771660 273
1771670 273
1771680 273
1771690 273
1771700 273
1771710 273
1771720 273
1771730 273
1771740 273
1771750 273
1771760 273
1771770 272
1771780 272
1771790 272
1771800 272
1771810 273
1771820 273
1771830 273
1771840 273
1771850 273
1771860 273
1771870 273
1771880 273
1771890 273
1771900 273
1771910 273
1771920 273
1771930 273
1771940 273
1771950 273
1771960 273
1771970 273
1771980 273
1771990 273
1772000 273
1772010 272
1772020 272
1772030 272
1772040 271
1772050 271
1772060 270
1772070 270
1772080 269
1772090 269
1772100 268
1772110 267
1772120 267
1772130 267
1772140 266
1772150 266
1772160 265
1772170 265
1772180 265
1772190 264
1772200 264
1772210 263
1772220 263
1772230 262
1772240 262
1772250 261
1772260 260
1772270 259
1772280 259
1772290 258
1772300 257
1772310 256
1772320 255
1772330 255
1772340 255
1772350 255
1772360 254
1772370 254
1772380 255
1772390 255
1772400 255
1772410 254
1772420 254
1772430 253
1772440 253
1772450 253
1772460 252
1772470 252
1772480 252
1772490 252
1772500 252
1772510 251
1772520 251
1772530 251
1772540 251
1772550 251
1772560 251
1772570 251
1772580 251
1772590 251
1772600 251
1772610 251
1772620 251
1772630 251
1772640 251
1772650 252
1772660 252
1772670 252
1772680 252
1772690 252
1772700 252
1772710 252
1772720 252
1772730 252
1772740 252
1772750 252
1772760 252
1772770 252
1772780 252
1772790 252
1772800 252
1772810 252
1772820 252
1772830 252
1772840 253
1772850 253
1772860 254
1772870 254
1772880 254
1772890 255
1772900 255
1772910 255
1772920 255
1772930 255
1772940 255
1772950 256
1772960 256
1772970 256
1772980 256
1772990 255
1773000 255
1773010 255
1773020 255
1773030 254
1773040 254
1773050 254
1773060 254
1773070 253
1773080 253
1773090 253
1773100 253
1773110 252
1773120 252
1773130 252
1773140 252
1773150 252
1773160 252
1773170 251
1773180 251
1773190 250
1773200 250
1773210 249
1773220 249
1773230 249
1773240 249
1773250 248
1773260 248
1773270 248
1773280 248
1773290 248
1773300 248
1773310 248
1773320 248
1773330 248
1773340 248
1773350 248
1773360 248
1773370 248
1773380 248
1773390 248
1773400 249
1773410 249
1773420 249
1773430 249
1773440 249
1773450 250
1773460 250
1773470 250
1773480 250
1773490 250
1773500 251
1773510 251
1773520 251
1773530 252
1773540 252
1773550 253
1773560 253
1773570 254
1773580 254
1773590 255
1773600 255
1773610 256
1773620 256
1773630 257
1773640 257
1773650 257
1773660 257
1773670 258
1773680 258
1773690 258
1773700 258
1773710 258
1773720 259
1773730 259
1773740 259
1773750 259
1773760 259
1773770 259
1773780 259
1773790 259
1773800 259
1773810 259
1773820 259
1773830 259
1773840 259
1773850 259
1773860 259
1773870 259
1773880 259
1773890 258
1773900 258
1773910 258
1773920 258
1773930 258
1773940 258
1773950 258
1773960 258
1773970 259
1773980 259
1773990 259
1774000 259
1774010 259
1774020 259
1774030 259
1774040 259
1774050 259
1774060 260
1774070 260
1774080 260
1774090 260
1774100 260
1774110 260
1774120 260
1774130 260
1774140 261
1774150 261
1774160 261
1774170 261
1774180 261
1774190 261
1774200 262
1774210 262
1774220 262
1774230 262
1774240 262
1774250 262
1774260 262
1774270 262
1774280 262
1774290 262
1774300 262
1774310 262
1774320 262
1774330 262
1774340 263
1774350 263
1774360 263
1774370 263
1774380 263
1774390 263
1774400 263
1774410 263
1774420 263
1774430 263
1774440 263
1774450 263
1774460 263
1774470 263
1774480 263
1774490 263
1774500 263
1774510 263
1774520 263
1774530 262
1774540 262
1774550 262
1774560 261
1774570 261
1774580 260
1774590 260
1774600 260
1774610 259
1774620 259
1774630 258
1774640 257
1774650 257
1774660 256
1774670 256
1774680 255
1774690 254
1774700 254
1774710 254
1774720 253
1774730 253
1774740 253
1774750 252
1774760 252
1774770 251
1774780 251
1774790 251
1774800 250
1774810 250
1774820 250
1774830 250
1774840 250
1774850 249
1774860 249
1774870 249
1774880 248
1774890 248
1774900 248
1774910 248
1774920 248
1774930 248
1774940 249
1774950 249
1774960 249
1774970 249
1774980 249
1774990 249
1775000 249
1775010 248
1775020 248
1775030 248
1775040 248
1775050 248
1775060 248
1775070 248
1775080 248
1775090 248
1775100 248
1775110 248
1775120 248
1775130 248
1775140 247
1775150 247
1775160 247
1775170 247
1775180 247
1775190 247
1775200 247
1775210 247
1775220 247
1775230 247
1775240 247
1775250 247
1775260 247
1775270 246
1775280 246
1775290 246
1775300 246
1775310 246
1775320 246
1775330 246
1775340 246
1775350 246
1775360 246
1775370 245
1775380 245
1775390 245
1775400 245
1775410 245
1775420 245
1775430 245
1775440 245
1775450 244
1775460 244
1775470 244
1775480 244
1775490 244
1775500 244
1775510 243
1775520 243
1775530 243
1775540 243
1775550 243
1775560 242
1775570 242
1775580 242
1775590 242
1775600 242
1775610 241
1775620 241
1775630 241
1775640 241
1775650 241
1775660 241
1775670 240
1775680 240
1775690 240
1775700 240
1775710 240
1775720 239
1775730 239
1775740 239
1775750 239
1775760 239
1775770 239
1775780 238
1775790 238
1775800 238
1775810 238
1775820 238
1775830 238
1775840 238
1775850 239
1775860 238
1775870 238
1775880 237
1775890 237
1775900 237
1775910 237
1775920 237
1775930 237
1775940 237
1775950 237
1775960 236
1775970 236
1775980 235
1775990 235
1776000 234
1776010 233
1776020 231
1776030 230
1776040 230
1776050 229
1776060 229
1776070 228
1776080 228
1776090 228
1776100 228
1776110 228
1776120 228
1776130 228
1776140 228
1776150 228
1776160 228
1776170 228
1776180 228
1776190 228
1776200 228
1776210 228
1776220 228
1776230 228
1776240 228
1776250 228
1776260 228
1776270 227
1776280 227
1776290 227
1776300 227
1776310 227
1776320 226
1776330 226
1776340 226
1776350 226
1776360 226
1776370 226
1776380 226
1776390 226
1776400 227
1776410 228
1776420 228
1776430 228
1776440 228
1776450 227
1776460 227
1776470 227
1776480 227
1776490 227
1776500 227
1776510 227
1776520 226
1776530 226
1776540 226
1776550 226
1776560 226
1776570 226
1776580 226
1776590 226
1776600 226
1776610 226
1776620 226
1776630 226
1776640 226
1776650 226
1776660 226
1776670 226
1776680 226
1776690 226
1776700 226
1776710 226
1776720 227
1776730 227
1776740 227
1776750 227
1776760 228
1776770 228
1776780 228
1776790 228
1776800 228
1776810 228
1776820 228
1776830 229
1776840 230
1776850 230
1776860 230
1776870 230
1776880 230
1776890 230
1776900 230
1776910 230
1776920 230
1776930 230
1776940 230
1776950 230
1776960 230
1776970 231
1776980 231
1776990 231
1777000 231
1777010 231
1777020 231
1777030 231
1777040 231
1777050 231
1777060 231
1777070 231
1777080 231
1777090 231
1777100 231
1777110 231
1777120 231
1777130 231
1777140 230
1777150 230
1777160 230
1777170 230
1777180 230
1777190 230
1777200 230
1777210 230
1777220 230
1777230 230
1777240 230
1777250 230
1777260 230
1777270 230
1777280 230
1777290 230
1777300 230
1777310 230
1777320 230
1777330 230
1777340 230
1777350 230
1777360 230
1777370 230
1777380 229
1777390 229
1777400 229
1777410 229
1777420 229
1777430 229
1777440 229
1777450 229
1777460 229
1777470 229
1777480 229
1777490 229
1777500 229
1777510 228
1777520 228
1777530 228
1777540 228
1777550 228
1777560 227
1777570 227
1777580 226
1777590 225
1777600 224
1777610 224
1777620 224
1777630 223
1777640 223
1777650 223
1777660 223
1777670 223
1777680 223
1777690 223
1777700 223
1777710 223
1777720 223
1777730 224
1777740 224
1777750 224
1777760 223
1777770 222
1777780 222
1777790 222
1777800 222
1777810 222
1777820 222
1777830 223
1777840 223
1777850 223
1777860 223
1777870 223
1777880 223
1777890 223
1777900 223
1777910 223
1777920 223
1777930 223
1777940 223
1777950 223
1777960 223
1777970 224
1777980 224
1777990 225
1778000 225
1778010 226
1778020 226
1778030 227
1778040 227
1778050 228
1778060 228
1778070 229
1778080 229
1778090 229
1778100 230
1778110 230
1778120 230
1778130 230
1778140 231
1778150 231
1778160 231
1778170 231
1778180 231
1778190 231
1778200 231
1778210 231
1778220 231
1778230 231
1778240 231
1778250 231
1778260 232
1778270 232
1778280 232
1778290 232
1778300 232
1778310 232
1778320 232
1778330 232
1778340 233
1778350 233
1778360 233
1778370 233
1778380 233
1778390 233
1778400 233
1778410 233
1778420 233
1778430 233
1778440 233
1778450 233
1778460 234
1778470 234
1778480 234
1778490 234
1778500 234
1778510 234
1778520 235
1778530 235
1778540 235
1778550 235
1778560 236
1778570 236
1778580 237
1778590 237
1778600 238
1778610 238
1778620 239
1778630 239
1778640 240
1778650 241
1778660 241
1778670 242
1778680 243
1778690 244
1778700 245
1778710 246
1778720 246
1778730 247
1778740 247
1778750 247
1778760 247
1778770 247
1778780 247
1778790 247
1778800 247
1778810 247
1778820 247
1778830 247
1778840 247
1778850 247
1778860 247
1778870 246
1778880 246
1778890 246
1778900 245
1778910 245
1778920 245
1778930 244
1778940 244
1778950 244
1778960 243
1778970 243
1778980 242
1778990 241
1779000 241
1779010 240
1779020 239
1779030 238
1779040 237
1779050 237
1779060 236
1779070 235
1779080 234
1779090 233
1779100 233
1779110 232
1779120 231
1779130 231
1779140 230
1779150 229
1779160 229
1779170 228
1779180 228
1779190 227
1779200 227
1779210 227
1779220 226
1779230 226
1779240 226
1779250 226
1779260 226
1779270 226
1779280 225
1779290 225
1779300 225
1779310 225
1779320 225
1779330 225
1779340 225
1779350 225
1779360 225
1779370 225
1779380 225
1779390 225
1779400 225
1779410 225
1779420 225
1779430 225
1779440 225
1779450 225
1779460 225
1779470 225
1779480 225
1779490 225
1779500 225
1779510 225
1779520 225
1779530 225
1779540 225
1779550 225
1779560 225
1779570 225
1779580 226
1779590 226
1779600 226
1779610 226
1779620 226
1779630 226
1779640 226
1779650 226
1779660 226
1779670 226
1779680 226
1779690 226
1779700 227
1779710 227
1779720 227
1779730 227
1779740 227
1779750 227
1779760 227
1779770 227
1779780 228
1779790 228
1779800 228
1779810 228
1779820 228
1779830 228
1779840 228
1779850 227
1779860 227
1779870 227
1779880 227
1779890 227
1779900 227
1779910 227
1779920 227
1779930 226
1779940 227
1779950 227
1779960 228
1779970 228
1779980 228
1779990 227
