1760000 382
1760010 382
1760020 382
1760030 382
1760040 382
1760050 382
1760060 382
1760070 382
1760080 382
1760090 382
1760100 382
1760110 382
1760120 382
1760130 382
1760140 381
1760150 381
1760160 381
1760170 381
1760180 380
1760190 380
1760200 380
1760210 379
1760220 379
1760230 378
1760240 378
1760250 378
1760260 378
1760270 378
1760280 377
1760290 377
1760300 377
1760310 377
1760320 378
1760330 377
1760340 377
1760350 378
1760360 378
1760370 378
1760380 378
1760390 378
1760400 378
1760410 379
1760420 379
1760430 379
1760440 379
1760450 378
1760460 378
1760470 378
1760480 379
1760490 379
1760500 379
1760000 382
1760010 382
1760020 382
1760030 382
1760040 382
1760050 382
1760060 382
1760070 382
1760080 382
1760090 382
1760100 382
1760110 382
1760120 382
1760130 382
1760140 381
1760150 381
1760160 381
1760170 381
1760180 380
1760190 380
1760200 380
1760210 379
1760220 379
1760230 378
1760240 378
1760250 378
1760260 378
1760270 378
1760280 377
1760290 377
1760300 377
1760310 377
1760320 378
1760330 377
1760340 377
1760350 378
1760360 378
1760370 378
1760380 378
1760390 378
1760400 378
1760410 379
1760420 379
1760430 379
1760440 379
1760450 378
1760460 378
1760470 378
1760480 379
1760490 379
1760500 379
