1760000 387
1760010 387
1760020 387
1760030 389
1760040 391
1760050 393
1760060 394
1760070 395
1760080 395
1760090 396
1760100 396
1760110 396
1760120 396
1760130 397
1760140 397
1760150 397
1760160 397
1760170 397
1760180 397
1760190 397
1760200 397
1760210 397
1760220 397
1760230 398
1760240 398
1760250 398
1760260 398
1760270 398
1760280 398
1760290 397
1760300 397
1760310 397
1760320 397
1760330 397
1760340 396
1760350 396
1760360 396
1760370 395
1760380 395
1760390 395
1760400 395
1760410 394
1760420 394
1760430 394
1760440 393
1760450 393
1760460 392
1760470 392
1760480 392
1760490 391
1760500 391
1760510 391
1760520 390
1760530 390
1760540 389
1760550 389
1760560 389
1760570 389
1760580 388
1760590 388
1760600 388
1760610 388
1760620 387
1760630 387
1760640 387
1760650 387
1760660 386
1760670 386
1760680 386
1760690 385
1760700 385
1760710 385
1760720 385
1760730 384
1760740 384
1760750 384
1760760 384
1760770 384
1760780 384
1760790 383
1760800 383
1760810 383
1760820 383
1760830 382
1760840 382
1760850 382
1760860 381
1760870 381
1760880 381
1760890 381
1760900 381
1760910 380
1760920 380
1760930 380
1760940 380
1760950 379
1760960 379
1760970 379
1760980 379
1760990 379
1761000 379
1761010 379
1761020 379
1761030 379
1761040 379
1761050 379
1761060 379
1761070 379
1761080 379
1761090 379
1761100 379
1761110 379
1761120 379
1761130 379
1761140 379
1761150 379
1761160 379
1761170 379
1761180 379
1761190 379
1761200 379
1761210 379
1761220 379
1761230 379
1761240 379
1761250 379
1761260 379
1761270 379
1761280 379
1761290 379
1761300 379
1761310 379
1761320 379
1761330 379
1761340 378
1761350 378
1761360 378
1761370 377
1761380 377
1761390 377
1761400 377
1761410 377
1761420 377
1761430 377
1761440 377
1761450 376
1761460 376
1761470 376
1761480 376
1761490 376
1761500 376
1761510 376
1761520 376
1761530 376
1761540 375
1761550 375
1761560 375
1761570 375
1761580 375
1761590 375
1761600 374
1761610 374
1761620 374
1761630 374
1761640 374
1761650 374
1761660 374
1761670 373
1761680 373
1761690 372
1761700 372
1761710 371
1761720 371
1761730 370
1761740 370
1761750 369
1761760 369
1761770 368
1761780 368
1761790 367
1761800 367
1761810 366
1761820 366
1761830 364
1761840 363
1761850 362
1761860 359
1761870 357
1761880 355
1761890 352
1761900 350
1761910 347
1761920 343
1761930 340
1761940 337
1761950 334
1761960 331
1761970 328
1761980 324
1761990 321
1762000 318
1762010 315
1762020 311
1762030 306
1762040 302
1762050 297
1762060 293
1762070 292
1762080 291
1762090 291
1762100 292
1762110 292
1762120 292
1762130 292
1762140 292
1762150 292
1762160 293
1762170 293
1762180 293
1762190 294
1762200 294
1762210 296
1762220 297
1762230 298
1762240 300
1762250 302
1762260 304
1762270 305
1762280 306
1762290 308
1762300 309
1762310 310
1762320 311
1762330 313
1762340 315
1762350 317
1762360 319
1762370 320
1762380 322
1762390 323
1762400 324
1762410 325
1762420 326
1762430 328
1762440 329
1762450 330
1762460 332
1762470 334
1762480 336
1762490 338
1762500 340
1762510 342
1762520 344
1762530 346
1762540 348
1762550 351
1762560 353
1762570 354
1762580 356
1762590 358
1762600 359
1762610 361
1762620 362
1762630 364
1762640 366
1762650 367
1762660 368
1762670 369
1762680 369
1762690 369
1762700 369
1762710 369
1762720 369
1762730 369
1762740 369
1762750 369
1762760 369
1762770 369
1762780 368
1762790 368
1762800 368
1762810 368
1762820 368
1762830 368
1762840 367
1762850 367
1762860 367
1762870 367
1762880 367
1762890 367
1762900 367
1762910 367
1762920 366
1762930 366
1762940 366
1762950 365
1762960 365
1762970 365
1762980 365
1762990 364
1763000 364
1763010 364
1763020 364
1763030 364
1763040 364
1763050 364
1763060 363
1763070 363
1763080 363
1763090 362
1763100 362
1763110 361
1763120 361
1763130 361
1763140 360
1763150 360
1763160 359
1763170 359
1763180 358
1763190 358
1763200 357
1763210 356
1763220 355
1763230 355
1763240 354
1763250 353
1763260 352
1763270 352
1763280 351
1763290 350
1763300 350
1763310 349
1763320 348
1763330 347
1763340 346
1763350 345
1763360 344
1763370 344
1763380 343
1763390 342
1763400 340
1763410 338
1763420 338
1763430 337
1763440 335
1763450 333
1763460 332
1763470 331
1763480 331
1763490 330
1763500 330
1763510 329
1763520 328
1763530 326
1763540 325
1763550 324
1763560 324
1763570 323
1763580 323
1763590 322
1763600 322
1763610 322
1763620 321
1763630 321
1763640 320
1763650 320
1763660 320
1763670 319
1763680 319
1763690 319
1763700 318
1763710 318
1763720 318
1763730 318
1763740 317
1763750 317
1763760 317
1763770 317
1763780 316
1763790 316
1763800 316
1763810 316
1763820 315
1763830 315
1763840 315
1763850 315
1763860 315
1763870 314
1763880 314
1763890 313
1763900 312
1763910 311
1763920 311
1763930 311
1763940 310
1763950 310
1763960 310
1763970 309
1763980 309
1763990 308
1764000 308
1764010 307
1764020 307
1764030 307
1764040 307
1764050 306
1764060 306
1764070 306
1764080 306
1764090 306
1764100 305
1764110 304
1764120 303
1764130 303
1764140 303
1764150 303
1764160 302
1764170 302
1764180 302
1764190 302
1764200 301
1764210 301
1764220 301
1764230 300
1764240 300
1764250 300
1764260 299
1764270 299
1764280 299
1764290 298
1764300 298
1764310 298
1764320 297
1764330 297
1764340 297
1764350 296
1764360 296
1764370 296
1764380 295
1764390 295
1764400 295
1764410 295
1764420 294
1764430 294
1764440 294
1764450 294
1764460 294
1764470 293
1764480 293
1764490 293
1764500 293
1764510 293
1764520 293
1764530 293
1764540 293
1764550 293
1764560 293
1764570 292
1764580 291
1764590 291
1764600 291
1764610 291
1764620 291
1764630 290
1764640 290
1764650 290
1764660 290
1764670 290
1764680 290
1764690 290
1764700 290
1764710 289
1764720 289
1764730 289
1764740 289
1764750 289
1764760 289
1764770 289
1764780 289
1764790 289
1764800 289
1764810 289
1764820 288
1764830 288
1764840 288
1764850 288
1764860 288
1764870 288
1764880 288
1764890 288
1764900 288
1764910 288
1764920 288
1764930 288
1764940 288
1764950 288
1764960 289
1764970 289
1764980 289
1764990 288
1765000 287
1765010 286
1765020 284
1765030 283
1765040 283
1765050 282
1765060 282
1765070 281
1765080 281
1765090 280
1765100 280
1765110 279
1765120 279
1765130 279
1765140 278
1765150 278
1765160 277
1765170 277
1765180 276
1765190 275
1765200 275
1765210 275
1765220 274
1765230 274
1765240 273
1765250 273
1765260 273
1765270 272
1765280 272
1765290 271
1765300 271
1765310 271
1765320 270
1765330 270
1765340 270
1765350 269
1765360 269
1765370 268
1765380 268
1765390 268
1765400 267
1765410 267
1765420 267
1765430 267
1765440 267
1765450 266
1765460 266
1765470 266
1765480 266
1765490 266
1765500 266
1765510 266
1765520 265
1765530 264
1765540 263
1765550 263
1765560 263
1765570 263
1765580 262
1765590 262
1765600 262
1765610 262
1765620 262
1765630 262
1765640 262
1765650 262
1765660 262
1765670 262
1765680 261
1765690 261
1765700 261
1765710 261
1765720 261
1765730 261
1765740 261
1765750 261
1765760 261
1765770 261
1765780 261
1765790 261
1765800 261
1765810 261
1765820 261
1765830 260
1765840 260
1765850 260
1765860 260
1765870 260
1765880 260
1765890 259
1765900 259
1765910 259
1765920 259
1765930 259
1765940 258
1765950 258
1765960 258
1765970 257
1765980 257
1765990 257
1766000 257
1766010 257
1766020 257
1766030 257
1766040 257
1766050 257
1766060 257
1766070 257
1766080 257
1766090 257
1766100 257
1766110 257
1766120 257
1766130 257
1766140 257
1766150 257
1766160 257
1766170 257
1766180 256
1766190 256
1766200 256
1766210 256
1766220 256
1766230 256
1766240 256
1766250 256
1766260 256
1766270 256
1766280 256
1766290 255
1766300 255
1766310 255
1766320 255
1766330 255
1766340 255
1766350 255
1766360 255
1766370 255
1766380 254
1766390 254
1766400 254
1766410 254
1766420 254
1766430 254
1766440 254
1766450 254
1766460 254
1766470 254
1766480 253
1766490 253
1766500 253
1766510 253
1766520 253
1766530 253
1766540 253
1766550 253
1766560 253
1766570 253
1766580 253
1766590 253
1766600 253
1766610 253
1766620 252
1766630 252
1766640 252
1766650 252
1766660 252
1766670 252
1766680 252
1766690 252
1766700 252
1766710 252
1766720 252
1766730 252
1766740 252
1766750 252
1766760 252
1766770 252
1766780 252
1766790 251
1766800 251
1766810 251
1766820 251
1766830 251
1766840 251
1766850 251
1766860 251
1766870 251
1766880 251
1766890 251
1766900 251
1766910 251
1766920 251
1766930 251
1766940 250
1766950 250
1766960 250
1766970 250
1766980 250
1766990 250
1767000 250
1767010 250
1767020 250
1767030 250
1767040 250
1767050 250
1767060 250
1767070 250
1767080 249
1767090 249
1767100 249
1767110 249
1767120 249
1767130 249
1767140 249
1767150 248
1767160 248
1767170 248
1767180 247
1767190 247
1767200 247
1767210 247
1767220 247
1767230 247
1767240 247
1767250 247
1767260 247
1767270 247
1767280 247
1767290 247
1767300 247
1767310 247
1767320 247
1767330 247
1767340 247
1767350 247
1767360 247
1767370 247
1767380 247
1767390 246
1767400 246
1767410 246
1767420 246
1767430 246
1767440 246
1767450 246
1767460 246
1767470 246
1767480 246
1767490 246
1767500 247
1767510 247
1767520 247
1767530 247
1767540 247
1767550 247
1767560 247
1767570 246
1767580 246
1767590 246
1767600 246
1767610 246
1767620 246
1767630 246
1767640 246
1767650 246
1767660 246
1767670 246
1767680 246
1767690 246
1767700 246
1767710 246
1767720 246
1767730 246
1767740 246
1767750 246
1767760 246
1767770 246
1767780 246
1767790 246
1767800 246
1767810 246
1767820 246
1767830 246
1767840 246
1767850 246
1767860 246
1767870 246
1767880 246
1767890 246
1767900 246
1767910 246
1767920 246
1767930 246
1767940 246
1767950 246
1767960 246
1767970 246
1767980 246
1767990 246
1768000 246
1768010 246
1768020 246
1768030 246
1768040 246
1768050 246
1768060 246
1768070 246
1768080 246
1768090 246
1768100 246
1768110 246
1768120 246
1768130 246
1768140 246
1768150 246
1768160 246
1768170 246
1768180 246
1768190 246
1768200 246
1768210 246
1768220 246
1768230 246
1768240 246
1768250 246
1768260 246
1768270 246
1768280 246
1768290 246
1768300 246
1768310 246
1768320 246
1768330 246
1768340 246
1768350 246
1768360 246
1768370 246
1768380 246
1768390 246
1768400 246
1768410 246
1768420 246
1768430 246
1768440 246
1768450 246
1768460 246
1768470 246
1768480 246
1768490 246
1768500 246
1768510 246
1768520 246
1768530 247
1768540 247
1768550 247
1768560 247
1768570 247
1768580 247
1768590 247
1768600 247
1768610 247
1768620 247
1768630 247
1768640 247
1768650 247
1768660 247
1768670 247
1768680 247
1768690 247
1768700 247
1768710 247
1768720 247
1768730 247
1768740 247
1768750 248
1768760 248
1768770 248
1768780 248
1768790 248
1768800 248
1768810 248
1768820 248
1768830 248
1768840 248
1768850 248
1768860 248
1768870 248
1768880 248
1768890 248
1768900 248
1768910 248
1768920 249
1768930 249
1768940 249
1768950 249
1768960 249
1768970 249
1768980 249
1768990 249
1769000 249
1769010 249
1769020 249
1769030 249
1769040 249
1769050 249
1769060 249
1769070 250
1769080 250
1769090 250
1769100 250
1769110 250
1769120 250
1769130 250
1769140 250
1769150 250
1769160 251
1769170 251
1769180 251
1769190 251
1769200 251
1769210 251
1769220 252
1769230 252
1769240 252
1769250 252
1769260 252
1769270 252
1769280 252
1769290 252
1769300 253
1769310 253
1769320 253
1769330 253
1769340 253
1769350 253
1769360 254
1769370 254
1769380 254
1769390 254
1769400 254
1769410 254
1769420 254
1769430 255
1769440 255
1769450 255
1769460 255
1769470 255
1769480 255
1769490 255
1769500 255
1769510 255
1769520 255
1769530 255
1769540 255
1769550 255
1769560 255
1769570 255
1769580 255
1769590 255
1769600 255
1769610 256
1769620 256
1769630 256
1769640 256
1769650 256
1769660 256
1769670 256
1769680 256
1769690 256
1769700 256
1769710 256
1769720 257
1769730 257
1769740 257
1769750 257
1769760 257
1769770 257
1769780 257
1769790 258
1769800 258
1769810 258
1769820 258
1769830 258
1769840 258
1769850 259
1769860 259
1769870 259
1769880 259
1769890 259
1769900 259
1769910 260
1769920 260
1769930 260
1769940 260
1769950 261
1769960 261
1769970 261
1769980 261
1769990 262
1770000 262
1770010 262
1770020 262
1770030 263
1770040 263
1770050 263
1770060 263
1770070 264
1770080 264
1770090 264
1770100 265
1770110 265
1770120 265
1770130 265
1770140 266
1770150 266
1770160 266
1770170 266
1770180 266
1770190 266
1770200 266
1770210 266
1770220 266
1770230 266
1770240 266
1770250 265
1770260 265
1770270 264
1770280 263
1770290 263
1770300 263
1770310 263
1770320 263
1770330 263
1770340 263
1770350 263
1770360 263
1770370 263
1770380 263
1770390 262
1770400 260
1770410 260
1770420 259
1770430 258
1770440 258
1770450 257
1770460 257
1770470 257
1770480 257
1770490 257
1770500 257
1770510 258
1770520 261
1770530 264
1770540 267
1770550 267
1770560 268
1770570 268
1770580 268
1770590 268
1770600 268
1770610 268
1770620 268
1770630 268
1770640 268
1770650 268
1770660 268
1770670 268
1770680 268
1770690 268
1770700 268
1770710 268
1770720 268
1770730 268
1770740 268
1770750 268
1770760 268
1770770 268
1770780 268
1770790 268
1770800 267
1770810 267
1770820 267
1770830 267
1770840 267
1770850 267
1770860 267
1770870 267
1770880 266
1770890 266
1770900 266
1770910 266
1770920 266
1770930 266
1770940 266
1770950 266
1770960 266
1770970 266
1770980 266
1770990 266
1771000 266
1771010 266
1771020 266
1771030 266
1771040 266
1771050 266
1771060 266
1771070 266
1771080 266
1771090 266
1771100 266
1771110 266
1771120 266
1771130 266
1771140 266
1771150 266
1771160 266
1771170 267
1771180 267
1771190 267
1771200 267
1771210 268
1771220 268
1771230 268
1771240 268
1771250 268
1771260 268
1771270 268
1771280 268
1771290 268
1771300 268
1771310 269
1771320 269
1771330 269
1771340 269
1771350 269
1771360 269
1771370 269
1771380 269
1771390 269
1771400 269
1771410 269
1771420 269
1771430 269
1771440 269
1771450 269
1771460 269
1771470 269
1771480 269
1771490 270
1771500 270
1771510 270
1771520 270
1771530 271
1771540 271
1771550 271
1771560 271
1771570 271
1771580 271
1771590 271
1771600 271
1771610 271
1771620 271
1771630 271
1771640 272
1771650 272
1771660 272
1771670 272
1771680 272
1771690 273
1771700 273
1771710 273
1771720 273
1771730 274
1771740 274
1771750 274
1771760 274
1771770 275
1771780 275
1771790 275
1771800 275
1771810 276
1771820 276
1771830 276
1771840 276
1771850 276
1771860 276
1771870 276
1771880 277
1771890 277
1771900 277
1771910 277
1771920 277
1771930 278
1771940 278
1771950 278
1771960 278
1771970 278
1771980 278
1771990 279
1772000 279
1772010 279
1772020 279
1772030 280
1772040 280
1772050 280
1772060 280
1772070 281
1772080 281
1772090 281
1772100 281
1772110 282
1772120 282
1772130 282
1772140 282
1772150 283
1772160 283
1772170 284
1772180 284
1772190 285
1772200 286
1772210 286
1772220 286
1772230 287
1772240 287
1772250 287
1772260 287
1772270 288
1772280 288
1772290 289
1772300 289
1772310 290
1772320 290
1772330 291
1772340 291
1772350 291
1772360 290
1772370 290
1772380 290
1772390 290
1772400 290
1772410 290
1772420 289
1772430 289
1772440 289
1772450 289
1772460 289
1772470 289
1772480 289
1772490 289
1772500 288
1772510 288
1772520 288
1772530 288
1772540 288
1772550 288
1772560 287
1772570 287
1772580 287
1772590 287
1772600 287
1772610 287
1772620 286
1772630 286
1772640 286
1772650 286
1772660 287
1772670 287
1772680 287
1772690 287
1772700 287
1772710 287
1772720 287
1772730 287
1772740 287
1772750 287
1772760 287
1772770 287
1772780 288
1772790 288
1772800 288
1772810 288
1772820 288
1772830 288
1772840 288
1772850 288
1772860 288
1772870 288
1772880 288
1772890 288
1772900 288
1772910 288
1772920 289
1772930 289
1772940 289
1772950 289
1772960 289
1772970 289
1772980 289
1772990 289
1773000 289
1773010 289
1773020 289
1773030 289
1773040 289
1773050 289
1773060 289
1773070 289
1773080 289
1773090 289
1773100 289
1773110 290
1773120 290
1773130 290
1773140 290
1773150 290
1773160 290
1773170 290
1773180 290
1773190 290
1773200 291
1773210 291
1773220 291
1773230 292
1773240 292
1773250 293
1773260 293
1773270 294
1773280 294
1773290 295
1773300 295
1773310 295
1773320 295
1773330 295
1773340 296
1773350 296
1773360 296
1773370 296
1773380 296
1773390 296
1773400 296
1773410 295
1773420 295
1773430 295
1773440 295
1773450 295
1773460 295
1773470 295
1773480 295
1773490 295
1773500 295
1773510 295
1773520 295
1773530 295
1773540 295
1773550 295
1773560 295
1773570 295
1773580 296
1773590 296
1773600 296
1773610 296
1773620 296
1773630 297
1773640 297
1773650 297
1773660 298
1773670 298
1773680 298
1773690 298
1773700 299
1773710 299
1773720 299
1773730 299
1773740 299
1773750 299
1773760 300
1773770 300
1773780 300
1773790 300
1773800 300
1773810 301
1773820 301
1773830 300
1773840 300
1773850 300
1773860 299
1773870 299
1773880 298
1773890 298
1773900 298
1773910 298
1773920 297
1773930 297
1773940 297
1773950 297
1773960 296
1773970 296
1773980 296
1773990 296
1774000 295
1774010 295
1774020 295
1774030 295
1774040 295
1774050 294
1774060 294
1774070 294
1774080 294
1774090 294
1774100 293
1774110 293
1774120 293
1774130 293
1774140 293
1774150 293
1774160 292
1774170 292
1774180 292
1774190 292
1774200 292
1774210 291
1774220 291
1774230 291
1774240 291
1774250 291
1774260 290
1774270 290
1774280 290
1774290 290
1774300 289
1774310 289
1774320 289
1774330 289
1774340 289
1774350 289
1774360 288
1774370 288
1774380 288
1774390 288
1774400 287
1774410 287
1774420 287
1774430 287
1774440 286
1774450 286
1774460 286
1774470 286
1774480 285
1774490 285
1774500 285
1774510 284
1774520 284
1774530 284
1774540 284
1774550 283
1774560 283
1774570 283
1774580 283
1774590 282
1774600 282
1774610 282
1774620 282
1774630 281
1774640 281
1774650 281
1774660 280
1774670 280
1774680 280
1774690 279
1774700 279
1774710 279
1774720 279
1774730 278
1774740 278
1774750 278
1774760 277
1774770 277
1774780 277
1774790 277
1774800 276
1774810 276
1774820 276
1774830 276
1774840 276
1774850 276
1774860 276
1774870 275
1774880 275
1774890 275
1774900 275
1774910 275
1774920 275
1774930 275
1774940 275
1774950 275
1774960 275
1774970 274
1774980 274
1774990 274
1775000 274
1775010 274
1775020 273
1775030 273
1775040 273
1775050 273
1775060 273
1775070 273
1775080 273
1775090 272
1775100 272
1775110 272
1775120 272
1775130 272
1775140 272
1775150 272
1775160 272
1775170 272
1775180 272
1775190 271
1775200 271
1775210 271
1775220 271
1775230 271
1775240 271
1775250 271
1775260 271
1775270 271
1775280 270
1775290 270
1775300 270
1775310 270
1775320 270
1775330 270
1775340 270
1775350 270
1775360 270
1775370 270
1775380 270
1775390 271
1775400 271
1775410 271
1775420 271
1775430 272
1775440 272
1775450 272
1775460 272
1775470 273
1775480 273
1775490 273
1775500 273
1775510 274
1775520 274
1775530 274
1775540 274
1775550 274
1775560 274
1775570 274
1775580 274
1775590 274
1775600 274
1775610 273
1775620 273
1775630 272
1775640 272
1775650 272
1775660 271
1775670 271
1775680 271
1775690 270
1775700 270
1775710 270
1775720 269
1775730 269
1775740 269
1775750 269
1775760 268
1775770 267
1775780 267
1775790 266
1775800 266
1775810 266
1775820 265
1775830 265
1775840 265
1775850 264
1775860 264
1775870 264
1775880 264
1775890 263
1775900 263
1775910 263
1775920 263
1775930 263
1775940 262
1775950 262
1775960 262
1775970 262
1775980 262
1775990 261
1776000 261
1776010 261
1776020 261
1776030 260
1776040 260
1776050 260
1776060 260
1776070 259
1776080 259
1776090 259
1776100 259
1776110 258
1776120 258
1776130 258
1776140 257
1776150 257
1776160 257
1776170 257
1776180 256
1776190 256
1776200 256
1776210 255
1776220 255
1776230 255
1776240 254
1776250 254
1776260 254
1776270 254
1776280 254
1776290 254
1776300 253
1776310 253
1776320 253
1776330 253
1776340 252
1776350 252
1776360 252
1776370 252
1776380 252
1776390 252
1776400 251
1776410 251
1776420 251
1776430 251
1776440 251
1776450 250
1776460 250
1776470 250
1776480 250
1776490 249
1776500 249
1776510 249
1776520 249
1776530 249
1776540 248
1776550 248
1776560 248
1776570 248
1776580 248
1776590 247
1776600 247
1776610 247
1776620 247
1776630 247
1776640 247
1776650 247
1776660 247
1776670 247
1776680 247
1776690 247
1776700 247
1776710 247
1776720 247
1776730 247
1776740 247
1776750 246
1776760 246
1776770 246
1776780 246
1776790 246
1776800 246
1776810 246
1776820 246
1776830 246
1776840 246
1776850 245
1776860 245
1776870 245
1776880 245
1776890 245
1776900 245
1776910 245
1776920 245
1776930 245
1776940 245
1776950 245
1776960 245
1776970 245
1776980 245
1776990 245
1777000 245
1777010 245
1777020 245
1777030 245
1777040 245
1777050 245
1777060 245
1777070 245
1777080 245
1777090 245
1777100 245
1777110 245
1777120 245
1777130 245
1777140 245
1777150 245
1777160 244
1777170 244
1777180 244
1777190 244
1777200 244
1777210 244
1777220 243
1777230 243
1777240 243
1777250 243
1777260 243
1777270 243
1777280 243
1777290 243
1777300 243
1777310 244
1777320 244
1777330 244
1777340 244
1777350 244
1777360 244
1777370 244
1777380 244
1777390 244
1777400 244
1777410 244
1777420 244
1777430 244
1777440 244
1777450 244
1777460 244
1777470 244
1777480 244
1777490 244
1777500 244
1777510 244
1777520 244
1777530 244
1777540 244
1777550 244
1777560 244
1777570 244
1777580 243
1777590 243
1777600 243
1777610 243
1777620 243
1777630 243
1777640 243
1777650 243
1777660 243
1777670 243
1777680 242
1777690 242
1777700 242
1777710 242
1777720 242
1777730 242
1777740 241
1777750 241
1777760 241
1777770 241
1777780 241
1777790 241
1777800 241
1777810 240
1777820 240
1777830 240
1777840 240
1777850 240
1777860 240
1777870 240
1777880 240
1777890 240
1777900 240
1777910 239
1777920 239
1777930 239
1777940 239
1777950 239
1777960 239
1777970 239
1777980 239
1777990 239
1778000 239
1778010 239
1778020 239
1778030 238
1778040 238
1778050 238
1778060 238
1778070 238
1778080 238
1778090 238
1778100 238
1778110 238
1778120 238
1778130 237
1778140 237
1778150 237
1778160 237
1778170 237
1778180 237
1778190 237
1778200 237
1778210 237
1778220 237
1778230 238
1778240 238
1778250 238
1778260 238
1778270 238
1778280 238
1778290 238
1778300 238
1778310 238
1778320 238
1778330 238
1778340 239
1778350 239
1778360 239
1778370 239
1778380 239
1778390 240
1778400 240
1778410 240
1778420 241
1778430 241
1778440 241
1778450 241
1778460 242
1778470 242
1778480 242
1778490 243
1778500 243
1778510 243
1778520 244
1778530 244
1778540 244
1778550 245
1778560 245
1778570 245
1778580 246
1778590 246
1778600 247
1778610 247
1778620 248
1778630 248
1778640 249
1778650 249
1778660 250
1778670 250
1778680 251
1778690 251
1778700 252
1778710 252
1778720 253
1778730 254
1778740 254
1778750 255
1778760 255
1778770 256
1778780 256
1778790 257
1778800 257
1778810 258
1778820 258
1778830 258
1778840 258
1778850 258
1778860 258
1778870 258
1778880 258
1778890 258
1778900 258
1778910 258
1778920 258
1778930 258
1778940 258
1778950 258
1778960 258
1778970 258
1778980 258
1778990 258
1779000 258
1779010 258
1779020 258
1779030 258
1779040 258
1779050 258
1779060 258
1779070 258
1779080 258
1779090 258
1779100 258
1779110 258
1779120 258
1779130 258
1779140 258
1779150 259
1779160 258
1779170 258
1779180 258
1779190 258
1779200 258
1779210 258
1779220 258
1779230 258
1779240 258
1779250 258
1779260 258
1779270 258
1779280 258
1779290 258
1779300 258
1779310 258
1779320 258
1779330 258
1779340 258
1779350 258
1779360 258
1779370 258
1779380 258
1779390 258
1779400 258
1779410 257
1779420 257
1779430 257
1779440 257
1779450 257
1779460 257
1779470 257
1779480 257
1779490 257
1779500 257
1779510 257
1779520 257
1779530 257
1779540 257
1779550 257
1779560 257
1779570 257
1779580 257
1779590 257
1779600 256
1779610 256
1779620 256
1779630 256
1779640 256
1779650 256
1779660 256
1779670 256
1779680 256
1779690 255
1779700 255
1779710 255
1779720 255
1779730 255
1779740 255
1779750 255
1779760 255
1779770 254
1779780 254
1779790 254
1779800 254
1779810 254
1779820 254
1779830 254
1779840 254
1779850 254
1779860 254
1779870 253
1779880 253
1779890 253
1779900 253
1779910 253
1779920 253
1779930 253
1779940 253
1779950 253
1779960 253
1779970 253
1779980 252
1779990 252
