1761390 365
1761400 363
1761410 363
1761420 363
1761430 365
1761440 368
1761450 370
1761460 372
1761470 374
1761480 376
1761490 378
1761500 380
1761510 382
1761520 384
1761530 385
1761540 386
1761550 387
1761560 388
1761570 389
1761580 389
1761590 390
1761600 390
1761610 390
1761620 391
1761630 391
1761640 392
1761650 392
1761660 392
1761670 393
1761680 393
1761690 394
1761700 394
1761710 394
1761720 394
1761730 394
1761740 394
1761750 394
1761760 394
1761770 393
1761780 393
1761790 392
1761800 391
1761810 391
1761820 390
1761830 390
1761840 389
1761850 389
1761860 389
1761870 388
1761880 388
1761890 388
1761900 387
1761910 387
1761920 387
1761930 387
1761940 387
1761950 386
1761960 386
1761970 386
1761980 386
1761990 386
1762000 386
1762010 386
1762020 386
1762030 386
1762040 386
1762050 385
1762060 385
1762070 385
1762080 385
1762090 385
1762100 385
1762110 385
1762120 385
1762130 385
1762140 385
1762150 385
1762160 385
1762170 385
1762180 385
1762190 385
1762200 385
1762210 385
1762220 385
1762230 386
1762240 386
1762250 386
1762260 386
1762270 386
1762280 386
1762290 386
1762300 386
1762310 386
1762320 386
1762330 386
1762340 386
1762350 387
1762360 387
1762370 387
1762380 387
1762390 388
1762400 388
1762410 388
1762420 389
1762430 389
1762440 390
1762450 390
1762460 391
1762470 391
1762480 391
1762490 391
1762500 392
1762510 392
1762520 392
1762530 392
1762540 392
1762550 393
1762560 393
1762570 393
1762580 393
1762590 394
1762600 394
1762610 394
1762620 395
1762630 395
1762640 395
1762650 396
1762660 396
1762670 397
1762680 397
1762690 397
1762700 397
1762710 397
1762720 397
1762730 397
1762740 396
1762750 396
1762760 395
1762770 395
1762780 395
1762790 395
1762800 395
1762810 395
1762820 395
1762830 396
1762840 396
1762850 397
1762860 398
1762870 400
1762880 400
1762890 400
1762900 400
1762910 401
1762920 401
1762930 401
1762940 402
1762950 402
1762960 402
1762970 402
1762980 403
1762990 403
1763000 403
1763010 403
1763020 403
1763030 404
1763040 404
1763050 404
1763060 404
1763070 404
1763080 404
1763090 404
1763100 404
1763110 404
1763120 404
1763130 404
1763140 404
1763150 404
1763160 404
1763170 404
1763180 405
1763190 405
1763200 405
1763210 405
1763220 405
1763230 405
1763240 405
1763250 405
1763260 405
1763270 405
1763280 405
1763290 405
1763300 405
1763310 406
1763320 406
1763330 407
1763340 407
1763350 408
1763360 408
1763370 409
1763380 410
1763390 410
1763400 411
1763410 412
1763420 413
1763430 413
1763440 412
1763450 412
1763460 411
1763470 411
1763480 410
1763490 409
1763500 408
1763510 407
1763520 407
1763530 406
1763540 405
1763550 404
1763560 403
1763570 402
1763580 400
1763590 398
1763600 397
1763610 396
1763620 396
1763630 396
1763640 395
1763650 395
1763660 394
1763670 393
1763680 392
1763690 392
1763700 391
1763710 391
1763720 390
1763730 390
1763740 390
1763750 389
1763760 388
1763770 388
1763780 387
1763790 387
1763800 387
1763810 387
1763820 386
1763830 386
1763840 386
1763850 386
1763860 385
1763870 385
1763880 384
1763890 383
1763900 383
1763910 382
1763920 381
1763930 380
1763940 380
1763950 380
1763960 381
1763970 381
1763980 381
1763990 381
1764000 381
1764010 381
1764020 380
1764030 380
1764040 380
1764050 379
1764060 379
1764070 378
1764080 378
1764090 378
1764100 377
1764110 377
1764120 376
1764130 376
1764140 376
1764150 375
1764160 375
1764170 374
1764180 373
1764190 372
1764200 372
1764210 372
1764220 372
1764230 372
1764240 371
1764250 370
1764260 369
1764270 368
1764280 368
1764290 366
1764300 365
1764310 365
1764320 364
1764330 363
1764340 363
1764350 362
1764360 361
1764370 360
1764380 360
1764390 359
1764400 358
1764410 358
1764420 357
1764430 356
1764440 356
1764450 355
1764460 355
1764470 354
1764480 352
1764490 350
1764500 349
1764510 349
1764520 348
1764530 347
1764540 348
1764550 349
1764560 349
1764570 349
1764580 349
1764590 348
1764600 347
1764610 346
1764620 345
1764630 344
1764640 343
1764650 342
1764660 340
1764670 339
1764680 337
1764690 335
1764700 333
1764710 330
1764720 328
1764730 326
1764740 323
1764750 321
1764760 320
1764770 320
1764780 320
1764790 319
1764800 319
1764810 318
1764820 318
1764830 319
1764840 320
1764850 322
1764860 324
1764870 327
1764880 328
1764890 329
1764900 331
1764910 333
1764920 335
1764930 337
1764940 338
1764950 338
1764960 339
1764970 338
1764980 338
1764990 338
1765000 337
1765010 337
1765020 337
1765030 336
1765040 336
1765050 335
1765060 334
1765070 334
1765080 333
1765090 332
1765100 332
1765110 331
1765120 331
1765130 331
1765140 330
1765150 328
1765160 327
1765170 326
1765180 325
1765190 325
1765200 324
1765210 323
1765220 323
1765230 322
1765240 322
1765250 321
1765260 321
1765270 321
1765280 320
1765290 320
1765300 320
1765310 320
1765320 321
1765330 321
1765340 320
1765350 319
1765360 319
1765370 319
1765380 318
1765390 318
1765400 318
1765410 317
1765420 317
1765430 316
1765440 316
1765450 316
1765460 316
1765470 316
1765480 315
1765490 315
1765500 314
1765510 314
1765520 313
1765530 313
1765540 313
1765550 313
1765560 312
1765570 312
1765580 312
1765590 312
1765600 311
1765610 311
1765620 311
1765630 310
1765640 310
1765650 310
1765660 309
1765670 309
1765680 307
1765690 306
1765700 305
1765710 304
1765720 303
1765730 303
1765740 302
1765750 302
1765760 303
1765770 303
1765780 303
1765790 303
1765800 304
1765810 304
1765820 303
1765830 303
1765840 303
1765850 303
1765860 302
1765870 302
1765880 301
1765890 301
1765900 300
1765910 300
1765920 300
1765930 299
1765940 299
1765950 299
1765960 298
1765970 298
1765980 297
1765990 297
1766000 297
1766010 296
1766020 296
1766030 296
1766040 295
1766050 295
1766060 295
1766070 294
1766080 294
1766090 294
1766100 294
1766110 293
1766120 293
1766130 293
1766140 293
1766150 292
1766160 292
1766170 292
1766180 292
1766190 291
1766200 291
1766210 291
1766220 291
1766230 291
1766240 291
1766250 291
1766260 291
1766270 291
1766280 291
1766290 290
1766300 290
1766310 289
1766320 289
1766330 289
1766340 289
1766350 289
1766360 289
1766370 288
1766380 288
1766390 288
1766400 288
1766410 288
1766420 288
1766430 288
1766440 288
1766450 288
1766460 288
1766470 288
1766480 287
1766490 287
1766500 287
1766510 287
1766520 287
1766530 287
1766540 287
1766550 287
1766560 287
1766570 286
1766580 286
1766590 286
1766600 286
1766610 286
1766620 285
1766630 285
1766640 285
1766650 285
1766660 285
1766670 285
1766680 285
1766690 285
1766700 284
1766710 284
1766720 284
1766730 284
1766740 284
1766750 284
1766760 283
1766770 283
1766780 283
1766790 283
1766800 283
1766810 283
1766820 282
1766830 282
1766840 282
1766850 282
1766860 282
1766870 281
1766880 281
1766890 281
1766900 281
1766910 281
1766920 281
1766930 280
1766940 280
1766950 280
1766960 280
1766970 280
1766980 280
1766990 279
1767000 279
1767010 279
1767020 279
1767030 279
1767040 279
1767050 279
1767060 279
1767070 278
1767080 278
1767090 278
1767100 278
1767110 278
1767120 278
1767130 278
1767140 278
1767150 278
1767160 278
1767170 278
1767180 278
1767190 277
1767200 277
1767210 277
1767220 277
1767230 277
1767240 277
1767250 277
1767260 277
1767270 277
1767280 277
1767290 277
1767300 277
1767310 277
1767320 277
1767330 276
1767340 276
1767350 276
1767360 276
1767370 276
1767380 276
1767390 276
1767400 276
1767410 276
1767420 276
1767430 276
1767440 276
1767450 276
1767460 276
1767470 276
1767480 276
1767490 276
1767500 276
1767510 276
1767520 276
1767530 276
1767540 276
1767550 276
1767560 276
1767570 276
1767580 276
1767590 276
1767600 276
1767610 275
1767620 275
1767630 275
1767640 275
1767650 275
1767660 275
1767670 275
1767680 275
1767690 275
1767700 275
1767710 275
1767720 275
1767730 275
1767740 275
1767750 274
1767760 274
1767770 274
1767780 274
1767790 274
1767800 274
1767810 274
1767820 274
1767830 273
1767840 273
1767850 273
1767860 273
1767870 273
1767880 273
1767890 273
1767900 272
1767910 272
1767920 272
1767930 272
1767940 272
1767950 272
1767960 272
1767970 272
1767980 272
1767990 272
1768000 271
1768010 271
1768020 271
1768030 271
1768040 271
1768050 270
1768060 270
1768070 270
1768080 270
1768090 270
1768100 270
1768110 270
1768120 270
1768130 269
1768140 269
1768150 269
1768160 269
1768170 269
1768180 269
1768190 269
1768200 269
1768210 269
1768220 269
1768230 269
1768240 269
1768250 269
1768260 269
1768270 268
1768280 268
1768290 268
1768300 268
1768310 268
1768320 268
1768330 268
1768340 268
1768350 268
1768360 268
1768370 268
1768380 268
1768390 268
1768400 268
1768410 268
1768420 268
1768430 267
1768440 267
1768450 267
1768460 267
1768470 267
1768480 267
1768490 267
1768500 267
1768510 267
1768520 267
1768530 267
1768540 267
1768550 267
1768560 267
1768570 267
1768580 267
1768590 267
1768600 266
1768610 266
1768620 266
1768630 266
1768640 266
1768650 266
1768660 266
1768670 266
1768680 266
1768690 266
1768700 266
1768710 266
1768720 266
1768730 266
1768740 266
1768750 266
1768760 266
1768770 266
1768780 266
1768790 266
1768800 266
1768810 266
1768820 266
1768830 266
1768840 266
1768850 266
1768860 266
1768870 266
1768880 266
1768890 266
1768900 266
1768910 266
1768920 266
1768930 266
1768940 266
1768950 266
1768960 266
1768970 266
1768980 266
1768990 266
1769000 266
1769010 266
1769020 267
1769030 267
1769040 267
1769050 267
1769060 267
1769070 267
1769080 267
1769090 267
1769100 267
1769110 267
1769120 267
1769130 267
1769140 267
1769150 267
1769160 267
1769170 267
1769180 267
1769190 267
1769200 267
1769210 267
1769220 267
1769230 267
1769240 267
1769250 267
1769260 267
1769270 267
1769280 267
1769290 267
1769300 267
1769310 267
1769320 267
1769330 267
1769340 267
1769350 267
1769360 267
1769370 267
1769380 267
1769390 267
1769400 267
1769410 267
1769420 267
1769430 267
1769440 267
1769450 267
1769460 267
1769470 267
1769480 266
1769490 266
1769500 267
1769510 267
1769520 267
1769530 267
1769540 267
1769550 266
1769560 266
1769570 266
1769580 266
1769590 266
1769600 266
1769610 266
1769620 265
1769630 265
1769640 265
1769650 265
1769660 265
1769670 265
1769680 265
1769690 265
1769700 264
1769710 264
1769720 264
1769730 264
1769740 264
1769750 264
1769760 264
1769770 264
1769780 263
1769790 263
1769800 263
1769810 263
1769820 263
1769830 263
1769840 263
1769850 263
1769860 263
1769870 263
1769880 263
1769890 263
1769900 263
1769910 262
1769920 262
1769930 262
1769940 262
1769950 262
1769960 262
1769970 262
1769980 262
1769990 262
1770000 262
1770010 262
1770020 262
1770030 262
1770040 262
1770050 262
1770060 262
1770070 262
1770080 262
1770090 262
1770100 262
1770110 262
1770120 262
1770130 262
1770140 262
1770150 262
1770160 262
1770170 262
1770180 262
1770190 262
1770200 262
1770210 262
1770220 262
1770230 262
1770240 262
1770250 262
1770260 262
1770270 262
1770280 262
1770290 262
1770300 262
1770310 262
1770320 262
1770330 262
1770340 262
1770350 262
1770360 262
1770370 262
1770380 262
1770390 263
1770400 263
1770410 263
1770420 263
1770430 263
1770440 263
1770450 263
1770460 263
1770470 263
1770480 263
1770490 263
1770500 263
1770510 263
1770520 263
1770530 263
1770540 263
1770550 263
1770560 263
1770570 263
1770580 263
1770590 263
1770600 264
1770610 264
1770620 264
1770630 264
1770640 264
1770650 264
1770660 264
1770670 264
1770680 265
1770690 265
1770700 265
1770710 265
1770720 265
1770730 265
1770740 265
1770750 266
1770760 266
1770770 266
1770780 266
1770790 266
1770800 266
1770810 266
1770820 266
1770830 266
1770840 266
1770850 266
1770860 266
1770870 266
1770880 266
1770890 266
1770900 265
1770910 265
1770920 265
1770930 265
1770940 265
1770950 265
1770960 265
1770970 265
1770980 264
1770990 264
1771000 264
1771010 264
1771020 264
1771030 264
1771040 264
1771050 264
1771060 264
1771070 265
1771080 265
1771090 266
1771100 266
1771110 267
1771120 268
1771130 268
1771140 269
1771150 269
1771160 269
1771170 269
1771180 269
1771190 270
1771200 270
1771210 270
1771220 271
1771230 272
1771240 273
1771250 273
1771260 273
1771270 273
1771280 273
1771290 273
1771300 272
1771310 272
1771320 271
1771330 271
1771340 271
1771350 271
1771360 271
1771370 271
1771380 271
1771390 271
1771400 271
1771410 271
1771420 271
1771430 271
1771440 271
1771450 271
1771460 271
1771470 271
1771480 271
1771490 271
1771500 271
1771510 271
1771520 272
1771530 272
1771540 272
1771550 272
1771560 272
1771570 272
1771580 272
1771590 272
1771600 272
1771610 272
1771620 272
1771630 272
1771640 272
1771650 272
1771660 272
1771670 272
1771680 273
1771690 273
1771700 273
1771710 273
1771720 273
1771730 273
1771740 273
1771750 273
1771760 273
1771770 273
1771780 273
1771790 274
1771800 274
1771810 274
1771820 274
1771830 274
1771840 274
1771850 274
1771860 274
1771870 274
1771880 275
1771890 275
1771900 275
1771910 275
1771920 275
1771930 275
1771940 275
1771950 275
1771960 276
1771970 276
1771980 276
1771990 276
1772000 276
1772010 276
1772020 277
1772030 277
1772040 277
1772050 277
1772060 277
1772070 277
1772080 278
1772090 278
1772100 278
1772110 278
1772120 278
1772130 278
1772140 279
1772150 279
1772160 279
1772170 279
1772180 280
1772190 280
1772200 280
1772210 280
1772220 280
1772230 280
1772240 280
1772250 281
1772260 281
1772270 281
1772280 281
1772290 281
1772300 281
1772310 281
1772320 282
1772330 282
1772340 282
1772350 283
1772360 283
1772370 282
1772380 282
1772390 282
1772400 283
1772410 283
1772420 283
1772430 283
1772440 283
1772450 283
1772460 283
1772470 284
1772480 284
1772490 284
1772500 284
1772510 284
1772520 284
1772530 285
1772540 285
1772550 285
1772560 285
1772570 285
1772580 285
1772590 285
1772600 286
1772610 286
1772620 286
1772630 286
1772640 287
1772650 287
1772660 287
1772670 287
1772680 287
1772690 287
1772700 288
1772710 288
1772720 288
1772730 288
1772740 288
1772750 288
1772760 288
1772770 289
1772780 289
1772790 289
1772800 289
1772810 289
1772820 289
1772830 289
1772840 289
1772850 289
1772860 289
1772870 289
1772880 290
1772890 290
1772900 290
1772910 290
1772920 290
1772930 290
1772940 290
1772950 290
1772960 290
1772970 290
1772980 290
1772990 290
1773000 290
1773010 290
1773020 290
1773030 290
1773040 291
1773050 291
1773060 291
1773070 291
1773080 291
1773090 291
1773100 291
1773110 291
1773120 291
1773130 291
1773140 291
1773150 292
1773160 292
1773170 292
1773180 293
1773190 293
1773200 293
1773210 293
1773220 294
1773230 294
1773240 294
1773250 294
1773260 295
1773270 295
1773280 295
1773290 295
1773300 296
1773310 297
1773320 297
1773330 298
1773340 298
1773350 299
1773360 300
1773370 300
1773380 301
1773390 301
1773400 302
1773410 302
1773420 303
1773430 303
1773440 303
1773450 302
1773460 302
1773470 301
1773480 301
1773490 301
1773500 301
1773510 301
1773520 300
1773530 300
1773540 299
1773550 299
1773560 298
1773570 298
1773580 298
1773590 297
1773600 297
1773610 297
1773620 296
1773630 296
1773640 296
1773650 296
1773660 295
1773670 295
1773680 295
1773690 295
1773700 294
1773710 294
1773720 294
1773730 294
1773740 294
1773750 293
1773760 293
1773770 293
1773780 293
1773790 293
1773800 292
1773810 292
1773820 292
1773830 292
1773840 292
1773850 291
1773860 291
1773870 291
1773880 291
1773890 291
1773900 291
1773910 291
1773920 291
1773930 291
1773940 291
1773950 291
1773960 291
1773970 290
1773980 290
1773990 290
1774000 290
1774010 290
1774020 290
1774030 290
1774040 290
1774050 290
1774060 290
1774070 290
1774080 290
1774090 290
1774100 289
1774110 289
1774120 289
1774130 289
1774140 289
1774150 289
1774160 289
1774170 289
1774180 288
1774190 288
1774200 288
1774210 288
1774220 288
1774230 288
1774240 288
1774250 287
1774260 287
1774270 286
1774280 285
1774290 285
1774300 285
1774310 284
1774320 284
1774330 284
1774340 283
1774350 283
1774360 283
1774370 282
1774380 282
1774390 282
1774400 282
1774410 281
1774420 281
1774430 281
1774440 281
1774450 280
1774460 280
1774470 280
1774480 279
1774490 279
1774500 279
1774510 279
1774520 278
1774530 278
1774540 278
1774550 278
1774560 277
1774570 277
1774580 277
1774590 277
1774600 276
1774610 276
1774620 276
1774630 276
1774640 275
1774650 275
1774660 275
1774670 275
1774680 274
1774690 274
1774700 274
1774710 274
1774720 273
1774730 273
1774740 273
1774750 273
1774760 273
1774770 273
1774780 273
1774790 272
1774800 272
1774810 272
1774820 272
1774830 272
1774840 272
1774850 272
1774860 272
1774870 271
1774880 271
1774890 270
1774900 270
1774910 270
1774920 270
1774930 269
1774940 269
1774950 269
1774960 269
1774970 269
1774980 269
1774990 268
1775000 268
1775010 268
1775020 268
1775030 268
1775040 267
1775050 267
1775060 267
1775070 267
1775080 267
1775090 266
1775100 266
1775110 266
1775120 266
1775130 266
1775140 265
1775150 265
1775160 265
1775170 265
1775180 265
1775190 264
1775200 264
1775210 264
1775220 264
1775230 263
1775240 263
1775250 263
1775260 263
1775270 262
1775280 262
1775290 262
1775300 262
1775310 261
1775320 261
1775330 261
1775340 261
1775350 260
1775360 260
1775370 260
1775380 260
1775390 259
1775400 259
1775410 259
1775420 258
1775430 258
1775440 258
1775450 258
1775460 257
1775470 257
1775480 257
1775490 257
1775500 256
1775510 256
1775520 256
1775530 255
1775540 255
1775550 255
1775560 255
1775570 254
1775580 254
1775590 254
1775600 254
1775610 253
1775620 253
1775630 253
1775640 253
1775650 252
1775660 252
1775670 252
1775680 252
1775690 251
1775700 251
1775710 251
1775720 251
1775730 250
1775740 250
1775750 250
1775760 250
1775770 249
1775780 249
1775790 249
1775800 249
1775810 249
1775820 249
1775830 248
1775840 248
1775850 248
1775860 248
1775870 247
1775880 247
1775890 247
1775900 247
1775910 247
1775920 247
1775930 247
1775940 246
1775950 246
1775960 246
1775970 246
1775980 246
1775990 246
1776000 246
1776010 246
1776020 245
1776030 245
1776040 245
1776050 245
1776060 245
1776070 245
1776080 245
1776090 245
1776100 245
1776110 244
1776120 244
1776130 244
1776140 244
1776150 244
1776160 244
1776170 244
1776180 244
1776190 243
1776200 243
1776210 243
1776220 243
1776230 243
1776240 243
1776250 243
1776260 243
1776270 242
1776280 242
1776290 242
1776300 242
1776310 242
1776320 242
1776330 242
1776340 242
1776350 242
1776360 241
1776370 241
1776380 241
1776390 241
1776400 241
1776410 241
1776420 241
1776430 241
1776440 241
1776450 241
1776460 241
1776470 240
1776480 240
1776490 240
1776500 240
1776510 240
1776520 240
1776530 240
1776540 240
1776550 240
1776560 239
1776570 239
1776580 239
1776590 239
1776600 239
1776610 239
1776620 239
1776630 239
1776640 239
1776650 239
1776660 239
1776670 239
1776680 238
1776690 238
1776700 238
1776710 238
1776720 238
1776730 238
1776740 238
1776750 238
1776760 238
1776770 238
1776780 238
1776790 238
1776800 238
1776810 238
1776820 238
1776830 238
1776840 237
1776850 237
1776860 237
1776870 237
1776880 237
1776890 237
1776900 236
1776910 236
1776920 236
1776930 236
1776940 236
1776950 236
1776960 236
1776970 236
1776980 236
1776990 236
1777000 236
1777010 236
1777020 236
1777030 236
1777040 236
1777050 236
1777060 235
1777070 235
1777080 236
1777090 236
1777100 236
1777110 235
1777120 235
1777130 235
1777140 235
1777150 235
1777160 235
1777170 235
1777180 235
1777190 235
1777200 235
1777210 235
1777220 235
1777230 236
1777240 236
1777250 235
1777260 235
1777270 235
1777280 235
1777290 235
1777300 235
1777310 235
1777320 235
1777330 235
1777340 235
1777350 235
1777360 235
1777370 234
1777380 234
1777390 234
1777400 234
1777410 234
1777420 234
1777430 234
1777440 234
1777450 234
1777460 234
1777470 234
1777480 234
1777490 234
1777500 234
1777510 234
1777520 234
1777530 234
1777540 234
1777550 234
1777560 234
1777570 234
1777580 234
1777590 234
1777600 234
1777610 234
1777620 234
1777630 234
1777640 234
1777650 234
1777660 235
1777670 235
1777680 235
1777690 235
1777700 235
1777710 235
1777720 235
1777730 235
1777740 235
1777750 235
1777760 236
1777770 236
1777780 236
1777790 236
1777800 236
1777810 236
1777820 236
1777830 236
1777840 236
1777850 236
1777860 236
1777870 236
1777880 236
1777890 236
1777900 236
1777910 236
1777920 236
1777930 236
1777940 236
1777950 236
1777960 236
1777970 236
1777980 236
1777990 236
1778000 236
1778010 237
1778020 237
1778030 237
1778040 237
1778050 237
1778060 237
1778070 237
1778080 237
1778090 237
1778100 237
1778110 237
1778120 238
1778130 238
1778140 238
1778150 238
1778160 238
1778170 238
1778180 238
1778190 238
1778200 238
1778210 238
1778220 238
1778230 238
1778240 238
1778250 238
1778260 238
1778270 238
1778280 238
1778290 238
1778300 238
1778310 238
1778320 238
1778330 238
1778340 238
1778350 238
1778360 239
1778370 239
1778380 239
1778390 239
1778400 239
1778410 239
1778420 239
1778430 239
1778440 239
1778450 239
1778460 240
1778470 240
1778480 240
1778490 240
1778500 240
1778510 240
1778520 241
1778530 241
1778540 241
1778550 241
1778560 241
1778570 241
1778580 242
1778590 242
1778600 242
1778610 242
1778620 242
1778630 242
1778640 242
1778650 242
1778660 242
1778670 242
1778680 242
1778690 242
1778700 242
1778710 242
1778720 242
1778730 242
1778740 242
1778750 241
1778760 241
1778770 241
1778780 241
1778790 241
1778800 241
1778810 241
1778820 241
1778830 241
1778840 241
1778850 241
1778860 241
1778870 241
1778880 241
1778890 241
1778900 241
1778910 241
1778920 241
1778930 241
1778940 241
1778950 241
1778960 241
1778970 241
1778980 241
1778990 241
1779000 241
1779010 241
1779020 241
1779030 241
1779040 241
1779050 241
1779060 241
1779070 241
1779080 241
1779090 241
1779100 241
1779110 241
1779120 241
1779130 241
1779140 241
1779150 242
1779160 242
1779170 242
1779180 242
1779190 242
1779200 242
1779210 243
1779220 243
1779230 243
1779240 243
1779250 244
1779260 244
1779270 244
1779280 244
1779290 244
1779300 245
1779310 245
1779320 245
1779330 246
1779340 246
1779350 246
1779360 246
1779370 247
1779380 247
1779390 247
1779400 248
1779410 248
1779420 248
1779430 248
1779440 249
1779450 249
1779460 249
1779470 249
1779480 249
1779490 249
1779500 249
1779510 250
1779520 250
1779530 250
1779540 250
1779550 250
1779560 250
1779570 250
1779580 250
1779590 250
1779600 250
1779610 250
1779620 250
1779630 250
1779640 250
1779650 250
1779660 250
1779670 250
1779680 250
1779690 250
1779700 250
1779710 250
1779720 250
1779730 250
1779740 250
1779750 250
1779760 250
1779770 250
1779780 250
1779790 250
1779800 250
1779810 250
1779820 250
1779830 250
1779840 250
1779850 250
1779860 250
1779870 250
1779880 250
1779890 249
1779900 249
1779910 249
1779920 249
1779930 249
1779940 249
1779950 249
1779960 249
1779970 249
1779980 249
1779990 249
