1760120 408
1760130 408
1760140 407
1760150 407
1760160 407
1760170 407
1760180 406
1760190 406
1760200 406
1760210 406
1760220 405
1760230 405
1760240 405
1760250 405
1760260 404
1760270 404
1760280 404
1760290 404
1760300 403
1760310 403
1760320 403
1760330 403
1760340 402
1760350 402
1760360 402
1760370 401
1760380 401
1760390 401
1760400 400
1760410 400
1760420 400
1760430 400
1760440 400
1760450 400
1760460 400
1760470 400
1760480 400
1760490 399
1760500 399
1760510 399
1760520 399
1760530 399
1760540 399
1760550 399
1760560 398
1760570 398
1760580 398
1760590 398
1760600 398
1760610 398
1760620 398
1760630 398
1760640 398
1760650 397
1760660 397
1760670 397
1760680 397
1760690 397
1760700 397
1760710 397
1760720 397
1760730 397
1760740 397
1760750 397
1760760 397
1760770 397
1760780 397
1760790 396
1760800 396
1760810 396
1760820 396
1760830 396
1760840 396
1760850 395
1760860 395
1760870 395
1760880 395
1760890 395
1760900 395
1760910 395
1760920 395
1760930 395
1760940 395
1760950 396
1760960 396
1760970 396
1760980 396
1760990 396
1761000 396
1761010 396
1761020 396
1761030 396
1761040 396
1761050 396
1761060 396
1761070 396
1761080 396
1761090 396
1761100 396
1761110 397
1761120 397
1761130 397
1761140 397
1761150 397
1761160 397
1761170 398
1761180 398
1761190 398
1761200 398
1761210 398
1761220 398
1761230 398
1761240 398
1761250 398
1761260 398
1761270 399
1761280 399
1761290 399
1761300 399
1761310 399
1761320 399
1761330 399
1761340 399
1761350 399
1761360 399
1761370 398
1761380 397
1761390 395
1761400 392
1761410 389
1761420 386
1761430 383
1761440 380
1761450 377
1761460 375
1761470 373
1761480 370
1761490 368
1761500 367
1761510 368
1761520 369
1761530 371
1761540 372
1761550 375
1761560 378
1761570 383
1761580 387
1761590 391
1761600 394
1761610 397
1761620 400
1761630 401
1761640 401
1761650 402
1761660 402
1761670 402
1761680 402
1761690 402
1761700 402
1761710 401
1761720 401
1761730 400
1761740 400
1761750 399
1761760 399
1761770 398
1761780 398
1761790 397
1761800 397
1761810 396
1761820 396
1761830 396
1761840 395
1761850 395
1761860 395
1761870 395
1761880 395
1761890 394
1761900 394
1761910 394
1761920 394
1761930 395
1761940 395
1761950 395
1761960 395
1761970 395
1761980 395
1761990 396
1762000 396
1762010 396
1762020 397
1762030 397
1762040 397
1762050 397
1762060 397
1762070 398
1762080 398
1762090 398
1762100 398
1762110 398
1762120 398
1762130 398
1762140 398
1762150 399
1762160 399
1762170 399
1762180 399
1762190 399
1762200 399
1762210 399
1762220 399
1762230 399
1762240 399
1762250 400
1762260 400
1762270 400
1762280 400
1762290 400
1762300 401
1762310 401
1762320 401
1762330 401
1762340 402
1762350 402
1762360 402
1762370 402
1762380 403
1762390 403
1762400 403
1762410 403
1762420 404
1762430 404
1762440 404
1762450 404
1762460 405
1762470 405
1762480 406
1762490 406
1762500 407
1762510 407
1762520 408
1762530 408
1762540 409
1762550 410
1762560 410
1762570 411
1762580 412
1762590 413
1762600 414
1762610 415
1762620 416
1762630 417
1762640 418
1762650 420
1762660 422
1762670 424
1762680 425
1762690 427
1762700 429
1762710 431
1762720 432
1762730 434
1762740 436
1762750 437
1762760 439
1762770 440
1762780 442
1762790 443
1762800 444
1762810 446
1762820 447
1762830 448
1762840 450
1762850 451
1762860 452
1762870 453
1762880 454
1762890 455
1762900 456
1762910 457
1762920 458
1762930 460
1762940 461
1762950 462
1762960 462
1762970 463
1762980 464
1762990 464
1763000 465
1763010 464
1763020 464
1763030 463
1763040 462
1763050 461
1763060 460
1763070 459
1763080 458
1763090 457
1763100 455
1763110 453
1763120 452
1763130 451
1763140 450
1763150 448
1763160 447
1763170 446
1763180 445
1763190 443
1763200 442
1763210 441
1763220 440
1763230 439
1763240 437
1763250 436
1763260 435
1763270 434
1763280 433
1763290 432
1763300 432
1763310 431
1763320 430
1763330 429
1763340 428
1763350 427
1763360 427
1763370 426
1763380 425
1763390 424
1763400 424
1763410 423
1763420 423
1763430 422
1763440 421
1763450 420
1763460 419
1763470 419
1763480 418
1763490 417
1763500 416
1763510 415
1763520 414
1763530 413
1763540 412
1763550 411
1763560 410
1763570 409
1763580 408
1763590 408
1763600 408
1763610 407
1763620 407
1763630 406
1763640 406
1763650 406
1763660 405
1763670 404
1763680 404
1763690 403
1763700 403
1763710 403
1763720 402
1763730 402
1763740 402
1763750 401
1763760 401
1763770 401
1763780 400
1763790 400
1763800 400
1763810 400
1763820 399
1763830 399
1763840 399
1763850 399
1763860 398
1763870 398
1763880 397
1763890 397
1763900 397
1763910 396
1763920 396
1763930 396
1763940 395
1763950 395
1763960 395
1763970 394
1763980 394
1763990 393
1764000 392
1764010 390
1764020 389
1764030 387
1764040 384
1764050 383
1764060 383
1764070 385
1764080 388
1764090 390
1764100 392
1764110 393
1764120 393
1764130 393
1764140 393
1764150 393
1764160 393
1764170 393
1764180 393
1764190 393
1764200 393
1764210 392
1764220 392
1764230 391
1764240 391
1764250 390
1764260 390
1764270 390
1764280 390
1764290 390
1764300 389
1764310 389
1764320 388
1764330 388
1764340 389
1764350 390
1764360 390
1764370 391
1764380 391
1764390 391
1764400 391
1764410 391
1764420 391
1764430 390
1764440 390
1764450 390
1764460 389
1764470 389
1764480 389
1764490 388
1764500 388
1764510 388
1764520 387
1764530 387
1764540 387
1764550 387
1764560 386
1764570 386
1764580 386
1764590 386
1764600 385
1764610 385
1764620 385
1764630 385
1764640 385
1764650 385
1764660 385
1764670 385
1764680 385
1764690 385
1764700 385
1764710 385
1764720 385
1764730 385
1764740 384
1764750 384
1764760 384
1764770 384
1764780 384
1764790 384
1764800 384
1764810 383
1764820 383
1764830 383
1764840 383
1764850 383
1764860 383
1764870 382
1764880 382
1764890 382
1764900 382
1764910 382
1764920 382
1764930 381
1764940 381
1764950 381
1764960 381
1764970 381
1764980 380
1764990 380
1765000 380
1765010 380
1765020 379
1765030 379
1765040 379
1765050 379
1765060 379
1765070 379
1765080 378
1765090 378
1765100 378
1765110 378
1765120 379
1765130 379
1765140 380
1765150 380
1765160 381
1765170 381
1765180 382
1765190 383
1765200 383
1765210 384
1765220 385
1765230 385
1765240 386
1765250 386
1765260 386
1765270 386
1765280 386
1765290 386
1765300 386
1765310 387
1765320 387
1765330 387
1765340 387
1765350 387
1765360 386
1765370 385
1765380 385
1765390 384
1765400 383
1765410 383
1765420 382
1765430 382
1765440 383
1765450 383
1765460 383
1765470 383
1765480 382
1765490 381
1765500 380
1765510 379
1765520 379
1765530 379
1765540 379
1765550 378
1765560 377
1765570 376
1765580 375
1765590 375
1765600 374
1765610 373
1765620 373
1765630 372
1765640 372
1765650 371
1765660 371
1765670 370
1765680 369
1765690 368
1765700 367
1765710 365
1765720 364
1765730 362
1765740 360
1765750 358
1765760 357
1765770 356
1765780 354
1765790 353
1765800 352
1765810 351
1765820 350
1765830 349
1765840 348
1765850 347
1765860 347
1765870 347
1765880 346
1765890 346
1765900 345
1765910 345
1765920 345
1765930 344
1765940 344
1765950 344
1765960 344
1765970 343
1765980 343
1765990 343
1766000 343
1766010 343
1766020 343
1766030 343
1766040 342
1766050 342
1766060 342
1766070 342
1766080 342
1766090 342
1766100 342
1766110 341
1766120 340
1766130 340
1766140 339
1766150 338
1766160 337
1766170 336
1766180 336
1766190 336
1766200 337
1766210 339
1766220 341
1766230 342
1766240 343
1766250 344
1766260 345
1766270 346
1766280 346
1766290 347
1766300 347
1766310 348
1766320 348
1766330 349
1766340 349
1766350 350
1766360 351
1766370 351
1766380 351
1766390 351
1766400 351
1766410 351
1766420 352
1766430 352
1766440 352
1766450 351
1766460 350
1766470 349
1766480 348
1766490 346
1766500 345
1766510 344
1766520 343
1766530 342
1766540 341
1766550 341
1766560 340
1766570 339
1766580 339
1766590 338
1766600 337
1766610 335
1766620 332
1766630 328
1766640 327
1766650 325
1766660 323
1766670 322
1766680 321
1766690 319
1766700 319
1766710 318
1766720 316
1766730 315
1766740 314
1766750 313
1766760 313
1766770 313
1766780 312
1766790 312
1766800 312
1766810 312
1766820 312
1766830 311
1766840 311
1766850 311
1766860 311
1766870 311
1766880 311
1766890 311
1766900 311
1766910 310
1766920 309
1766930 309
1766940 309
1766950 308
1766960 308
1766970 307
1766980 307
1766990 307
1767000 306
1767010 306
1767020 306
1767030 305
1767040 305
1767050 304
1767060 304
1767070 303
1767080 303
1767090 302
1767100 302
1767110 301
1767120 301
1767130 301
1767140 301
1767150 300
1767160 300
1767170 300
1767180 300
1767190 300
1767200 299
1767210 299
1767220 298
1767230 297
1767240 297
1767250 297
1767260 297
1767270 296
1767280 296
1767290 296
1767300 296
1767310 295
1767320 295
1767330 295
1767340 295
1767350 296
1767360 296
1767370 296
1767380 296
1767390 296
1767400 296
1767410 297
1767420 297
1767430 297
1767440 297
1767450 298
1767460 298
1767470 297
1767480 297
1767490 297
1767500 297
1767510 297
1767520 297
1767530 297
1767540 297
1767550 297
1767560 297
1767570 296
1767580 296
1767590 296
1767600 296
1767610 296
1767620 296
1767630 296
1767640 295
1767650 295
1767660 295
1767670 295
1767680 294
1767690 294
1767700 293
1767710 293
1767720 292
1767730 292
1767740 292
1767750 292
1767760 293
1767770 293
1767780 294
1767790 294
1767800 294
1767810 295
1767820 295
1767830 295
1767840 296
1767850 296
1767860 296
1767870 296
1767880 296
1767890 296
1767900 296
1767910 296
1767920 296
1767930 295
1767940 295
1767950 295
1767960 295
1767970 295
1767980 295
1767990 295
1768000 295
1768010 295
1768020 294
1768030 294
1768040 294
1768050 294
1768060 294
1768070 294
1768080 294
1768090 293
1768100 293
1768110 293
1768120 293
1768130 293
1768140 293
1768150 292
1768160 292
1768170 292
1768180 292
1768190 291
1768200 291
1768210 291
1768220 290
1768230 290
1768240 290
1768250 290
1768260 289
1768270 289
1768280 289
1768290 289
1768300 288
1768310 288
1768320 288
1768330 288
1768340 288
1768350 288
1768360 287
1768370 287
1768380 287
1768390 287
1768400 286
1768410 286
1768420 286
1768430 285
1768440 285
1768450 284
1768460 284
1768470 284
1768480 283
1768490 283
1768500 282
1768510 282
1768520 281
1768530 281
1768540 281
1768550 280
1768560 280
1768570 280
1768580 280
1768590 280
1768600 280
1768610 280
1768620 280
1768630 280
1768640 279
1768650 279
1768660 279
1768670 278
1768680 278
1768690 278
1768700 277
1768710 277
1768720 277
1768730 277
1768740 277
1768750 277
1768760 277
1768770 277
1768780 277
1768790 277
1768800 276
1768810 276
1768820 276
1768830 276
1768840 276
1768850 276
1768860 276
1768870 276
1768880 276
1768890 276
1768900 276
1768910 276
1768920 276
1768930 276
1768940 276
1768950 276
1768960 276
1768970 276
1768980 276
1768990 276
1769000 276
1769010 276
1769020 276
1769030 276
1769040 276
1769050 276
1769060 276
1769070 276
1769080 276
1769090 276
1769100 276
1769110 276
1769120 275
1769130 275
1769140 275
1769150 275
1769160 275
1769170 275
1769180 275
1769190 275
1769200 275
1769210 275
1769220 275
1769230 274
1769240 274
1769250 274
1769260 274
1769270 274
1769280 274
1769290 274
1769300 274
1769310 274
1769320 274
1769330 274
1769340 274
1769350 274
1769360 274
1769370 274
1769380 274
1769390 274
1769400 274
1769410 274
1769420 273
1769430 273
1769440 273
1769450 273
1769460 273
1769470 273
1769480 273
1769490 273
1769500 273
1769510 273
1769520 273
1769530 273
1769540 273
1769550 273
1769560 273
1769570 273
1769580 273
1769590 273
1769600 273
1769610 273
1769620 273
1769630 273
1769640 272
1769650 272
1769660 272
1769670 273
1769680 273
1769690 273
1769700 273
1769710 273
1769720 272
1769730 272
1769740 272
1769750 272
1769760 272
1769770 272
1769780 272
1769790 272
1769800 272
1769810 272
1769820 272
1769830 272
1769840 272
1769850 272
1769860 272
1769870 272
1769880 272
1769890 272
1769900 273
1769910 272
1769920 272
1769930 273
1769940 273
1769950 273
1769960 273
1769970 273
1769980 273
1769990 273
1770000 273
1770010 273
1770020 273
1770030 273
1770040 272
1770050 272
1770060 272
1770070 272
1770080 272
1770090 272
1770100 272
1770110 272
1770120 272
1770130 272
1770140 272
1770150 272
1770160 272
1770170 272
1770180 272
1770190 272
1770200 272
1770210 272
1770220 273
1770230 273
1770240 273
1770250 273
1770260 273
1770270 273
1770280 273
1770290 273
1770300 273
1770310 273
1770320 274
1770330 274
1770340 274
1770350 273
1770360 273
1770370 273
1770380 273
1770390 273
1770400 273
1770410 273
1770420 273
1770430 273
1770440 273
1770450 273
1770460 273
1770470 273
1770480 273
1770490 273
1770500 273
1770510 273
1770520 273
1770530 273
1770540 273
1770550 273
1770560 273
1770570 273
1770580 274
1770590 274
1770600 274
1770610 274
1770620 275
1770630 275
1770640 275
1770650 276
1770660 276
1770670 276
1770680 277
1770690 277
1770700 277
1770710 277
1770720 277
1770730 277
1770740 278
1770750 278
1770760 278
1770770 278
1770780 278
1770790 278
1770800 278
1770810 278
1770820 278
1770830 279
1770840 279
1770850 279
1770860 279
1770870 279
1770880 279
1770890 279
1770900 279
1770910 279
1770920 279
1770930 279
1770940 279
1770950 279
1770960 279
1770970 279
1770980 279
1770990 279
1771000 279
1771010 279
1771020 280
1771030 280
1771040 280
1771050 279
1771060 279
1771070 279
1771080 279
1771090 279
1771100 279
1771110 279
1771120 279
1771130 279
1771140 279
1771150 279
1771160 279
1771170 278
1771180 278
1771190 278
1771200 278
1771210 278
1771220 278
1771230 278
1771240 278
1771250 278
1771260 278
1771270 277
1771280 277
1771290 277
1771300 277
1771310 277
1771320 277
1771330 276
1771340 276
1771350 276
1771360 276
1771370 276
1771380 276
1771390 276
1771400 276
1771410 276
1771420 276
1771430 276
1771440 276
1771450 276
1771460 276
1771470 277
1771480 277
1771490 277
1771500 277
1771510 277
1771520 277
1771530 277
1771540 277
1771550 276
1771560 276
1771570 276
1771580 276
1771590 276
1771600 276
1771610 276
1771620 276
1771630 276
1771640 276
1771650 276
1771660 277
1771670 277
1771680 277
1771690 277
1771700 277
1771710 277
1771720 277
1771730 277
1771740 278
1771750 278
1771760 278
1771770 278
1771780 278
1771790 278
1771800 278
1771810 278
1771820 278
1771830 278
1771840 278
1771850 278
1771860 278
1771870 278
1771880 278
1771890 278
1771900 278
1771910 278
1771920 278
1771930 278
1771940 278
1771950 277
1771960 277
1771970 277
1771980 277
1771990 277
1772000 277
1772010 277
1772020 277
1772030 277
1772040 277
1772050 277
1772060 277
1772070 277
1772080 277
1772090 277
1772100 277
1772110 277
1772120 277
1772130 277
1772140 277
1772150 277
1772160 277
1772170 278
1772180 278
1772190 278
1772200 278
1772210 278
1772220 278
1772230 278
1772240 278
1772250 278
1772260 278
1772270 278
1772280 278
1772290 279
1772300 279
1772310 279
1772320 279
1772330 279
1772340 279
1772350 279
1772360 279
1772370 279
1772380 280
1772390 280
1772400 280
1772410 280
1772420 280
1772430 281
1772440 281
1772450 281
1772460 281
1772470 281
1772480 282
1772490 282
1772500 282
1772510 282
1772520 283
1772530 283
1772540 283
1772550 283
1772560 284
1772570 284
1772580 284
1772590 284
1772600 285
1772610 285
1772620 285
1772630 285
1772640 286
1772650 286
1772660 286
1772670 286
1772680 287
1772690 287
1772700 288
1772710 288
1772720 288
1772730 288
1772740 289
1772750 289
1772760 289
1772770 290
1772780 290
1772790 290
1772800 290
1772810 290
1772820 290
1772830 290
1772840 290
1772850 290
1772860 290
1772870 290
1772880 290
1772890 290
1772900 290
1772910 290
1772920 290
1772930 290
1772940 289
1772950 289
1772960 289
1772970 289
1772980 289
1772990 289
1773000 289
1773010 288
1773020 288
1773030 288
1773040 288
1773050 288
1773060 288
1773070 288
1773080 287
1773090 287
1773100 287
1773110 287
1773120 287
1773130 286
1773140 286
1773150 286
1773160 286
1773170 286
1773180 285
1773190 285
1773200 285
1773210 285
1773220 285
1773230 285
1773240 284
1773250 284
1773260 284
1773270 284
1773280 284
1773290 284
1773300 283
1773310 283
1773320 283
1773330 283
1773340 283
1773350 283
1773360 283
1773370 283
1773380 283
1773390 283
1773400 282
1773410 282
1773420 282
1773430 282
1773440 282
1773450 281
1773460 281
1773470 281
1773480 281
1773490 281
1773500 280
1773510 280
1773520 280
1773530 280
1773540 280
1773550 280
1773560 280
1773570 280
1773580 279
1773590 279
1773600 279
1773610 279
1773620 279
1773630 279
1773640 278
1773650 278
1773660 278
1773670 278
1773680 278
1773690 278
1773700 278
1773710 277
1773720 277
1773730 277
1773740 277
1773750 277
1773760 277
1773770 276
1773780 276
1773790 276
1773800 276
1773810 276
1773820 276
1773830 275
1773840 275
1773850 276
1773860 276
1773870 276
1773880 276
1773890 275
1773900 274
1773910 274
1773920 274
1773930 273
1773940 273
1773950 273
1773960 273
1773970 272
1773980 272
1773990 272
1774000 271
1774010 271
1774020 271
1774030 270
1774040 270
1774050 270
1774060 269
1774070 269
1774080 269
1774090 268
1774100 268
1774110 268
1774120 267
1774130 267
1774140 267
1774150 267
1774160 267
1774170 266
1774180 266
1774190 266
1774200 265
1774210 264
1774220 264
1774230 264
1774240 264
1774250 263
1774260 263
1774270 263
1774280 263
1774290 262
1774300 262
1774310 262
1774320 262
1774330 261
1774340 261
1774350 261
1774360 261
1774370 260
1774380 260
1774390 260
1774400 260
1774410 260
1774420 260
1774430 259
1774440 259
1774450 259
1774460 259
1774470 259
1774480 259
1774490 258
1774500 258
1774510 258
1774520 258
1774530 258
1774540 257
1774550 257
1774560 257
1774570 257
1774580 257
1774590 257
1774600 256
1774610 256
1774620 256
1774630 256
1774640 256
1774650 256
1774660 256
1774670 256
1774680 256
1774690 256
1774700 256
1774710 255
1774720 255
1774730 255
1774740 254
1774750 254
1774760 254
1774770 254
1774780 254
1774790 253
1774800 253
1774810 253
1774820 253
1774830 253
1774840 253
1774850 252
1774860 252
1774870 252
1774880 252
1774890 252
1774900 252
1774910 252
1774920 252
1774930 251
1774940 251
1774950 251
1774960 251
1774970 250
1774980 250
1774990 250
1775000 250
1775010 250
1775020 250
1775030 249
1775040 249
1775050 249
1775060 249
1775070 249
1775080 249
1775090 248
1775100 248
1775110 248
1775120 248
1775130 248
1775140 248
1775150 248
1775160 247
1775170 247
1775180 247
1775190 247
1775200 247
1775210 247
1775220 247
1775230 246
1775240 246
1775250 246
1775260 246
1775270 246
1775280 246
1775290 245
1775300 245
1775310 245
1775320 245
1775330 245
1775340 245
1775350 244
1775360 244
1775370 244
1775380 244
1775390 244
1775400 244
1775410 243
1775420 243
1775430 243
1775440 243
1775450 243
1775460 243
1775470 243
1775480 242
1775490 242
1775500 242
1775510 242
1775520 242
1775530 242
1775540 242
1775550 241
1775560 241
1775570 241
1775580 241
1775590 241
1775600 241
1775610 241
1775620 241
1775630 241
1775640 240
1775650 240
1775660 240
1775670 240
1775680 240
1775690 240
1775700 240
1775710 240
1775720 240
1775730 240
1775740 240
1775750 240
1775760 240
1775770 240
1775780 240
1775790 240
1775800 240
1775810 240
1775820 240
1775830 240
1775840 240
1775850 240
1775860 240
1775870 240
1775880 240
1775890 239
1775900 239
1775910 239
1775920 239
1775930 239
1775940 239
1775950 239
1775960 239
1775970 239
1775980 238
1775990 238
1776000 238
1776010 238
1776020 238
1776030 238
1776040 238
1776050 238
1776060 238
1776070 238
1776080 238
1776090 237
1776100 237
1776110 237
1776120 237
1776130 237
1776140 237
1776150 237
1776160 237
1776170 237
1776180 237
1776190 237
1776200 237
1776210 237
1776220 237
1776230 237
1776240 236
1776250 236
1776260 236
1776270 236
1776280 236
1776290 236
1776300 236
1776310 235
1776320 235
1776330 235
1776340 235
1776350 235
1776360 235
1776370 235
1776380 234
1776390 234
1776400 234
1776410 234
1776420 234
1776430 234
1776440 233
1776450 233
1776460 233
1776470 233
1776480 233
1776490 233
1776500 233
1776510 233
1776520 232
1776530 232
1776540 232
1776550 232
1776560 232
1776570 232
1776580 232
1776590 232
1776600 232
1776610 232
1776620 232
1776630 232
1776640 232
1776650 232
1776660 232
1776670 231
1776680 231
1776690 231
1776700 231
1776710 231
1776720 231
1776730 231
1776740 231
1776750 231
1776760 231
1776770 231
1776780 230
1776790 230
1776800 230
1776810 230
1776820 230
1776830 230
1776840 230
1776850 230
1776860 230
1776870 230
1776880 229
1776890 229
1776900 229
1776910 229
1776920 229
1776930 229
1776940 229
1776950 229
1776960 229
1776970 229
1776980 229
1776990 229
1777000 229
1777010 229
1777020 229
1777030 229
1777040 229
1777050 229
1777060 229
1777070 229
1777080 229
1777090 229
1777100 229
1777110 229
1777120 229
1777130 228
1777140 228
1777150 228
1777160 228
1777170 228
1777180 228
1777190 228
1777200 228
1777210 228
1777220 228
1777230 228
1777240 228
1777250 228
1777260 228
1777270 228
1777280 228
1777290 228
1777300 227
1777310 227
1777320 227
1777330 227
1777340 226
1777350 226
1777360 226
1777370 226
1777380 226
1777390 226
1777400 226
1777410 225
1777420 225
1777430 225
1777440 225
1777450 226
1777460 226
1777470 226
1777480 226
1777490 226
1777500 226
1777510 226
1777520 226
1777530 226
1777540 226
1777550 226
1777560 227
1777570 227
1777580 227
1777590 227
1777600 227
1777610 227
1777620 227
1777630 227
1777640 227
1777650 227
1777660 227
1777670 227
1777680 227
1777690 227
1777700 227
1777710 227
1777720 228
1777730 228
1777740 228
1777750 228
1777760 228
1777770 228
1777780 228
1777790 228
1777800 228
1777810 228
1777820 228
1777830 228
1777840 228
1777850 228
1777860 228
1777870 228
1777880 228
1777890 228
1777900 227
1777910 227
1777920 227
1777930 227
1777940 226
1777950 226
1777960 226
1777970 226
1777980 226
1777990 226
1778000 226
1778010 226
1778020 226
1778030 226
1778040 226
1778050 226
1778060 226
1778070 227
1778080 227
1778090 227
1778100 227
1778110 227
1778120 227
1778130 227
1778140 227
1778150 227
1778160 227
1778170 227
1778180 227
1778190 228
1778200 228
1778210 228
1778220 228
1778230 228
1778240 229
1778250 229
1778260 229
1778270 229
1778280 230
1778290 230
1778300 231
1778310 231
1778320 231
1778330 232
1778340 232
1778350 232
1778360 232
1778370 232
1778380 233
1778390 233
1778400 233
1778410 233
1778420 233
1778430 233
1778440 234
1778450 234
1778460 234
1778470 234
1778480 234
1778490 235
1778500 235
1778510 235
1778520 235
1778530 235
1778540 236
1778550 236
1778560 236
1778570 236
1778580 236
1778590 236
1778600 236
1778610 237
1778620 237
1778630 237
1778640 237
1778650 237
1778660 237
1778670 237
1778680 237
1778690 237
1778700 237
1778710 237
1778720 237
1778730 237
1778740 237
1778750 237
1778760 237
1778770 237
1778780 237
1778790 237
1778800 237
1778810 237
1778820 237
1778830 237
1778840 237
1778850 237
1778860 237
1778870 237
1778880 237
1778890 237
1778900 237
1778910 237
1778920 238
1778930 238
1778940 238
1778950 238
1778960 238
1778970 238
1778980 238
1778990 238
1779000 238
1779010 238
1779020 238
1779030 238
1779040 238
1779050 238
1779060 238
1779070 238
1779080 238
1779090 238
1779100 238
1779110 238
1779120 238
1779130 238
1779140 238
1779150 238
1779160 238
1779170 238
1779180 238
1779190 238
1779200 238
1779210 238
1779220 238
1779230 238
1779240 238
1779250 238
1779260 238
1779270 238
1779280 238
1779290 238
1779300 238
1779310 238
1779320 238
1779330 238
1779340 238
1779350 238
1779360 238
1779370 238
1779380 238
1779390 238
1779400 238
1779410 238
1779420 238
1779430 238
1779440 237
1779450 236
1779460 235
1779470 234
1779480 234
1779490 233
1779500 233
1779510 234
1779520 235
1779530 235
1779540 236
1779550 238
1779560 239
1779570 240
1779580 241
1779590 242
1779600 242
1779610 243
1779620 243
1779630 243
1779640 243
1779650 243
1779660 243
1779670 244
1779680 244
1779690 244
1779700 244
1779710 244
1779720 244
1779730 244
1779740 244
1779750 244
1779760 244
1779770 245
1779780 245
1779790 245
1779800 245
1779810 245
1779820 245
1779830 245
1779840 245
1779850 245
1779860 245
1779870 245
1779880 245
1779890 245
1779900 245
1779910 245
1779920 245
1779930 245
1779940 245
1779950 245
1779960 245
1779970 245
1779980 245
1779990 245
1760000 410
1760010 410
1760020 410
1760030 410
1760040 410
