1760000 443
1760010 443
1760020 443
1760030 442
1760040 442
1760050 442
1760060 442
1760070 442
1760080 442
1760090 442
1760100 442
1760110 442
1760120 442
1760130 442
1760140 442
1760150 442
1760160 441
1760170 441
1760180 441
1760190 441
1760200 441
1760210 441
1760220 441
1760230 441
1760240 441
1760250 441
1760260 441
1760270 441
1760280 441
1760290 441
1760300 441
1760310 440
1760320 440
1760330 440
1760340 440
1760350 440
1760360 440
1760370 440
1760380 440
1760390 440
1760400 440
1760410 440
1760420 440
1760430 440
1760440 440
1760450 440
1760460 440
1760470 440
1760480 440
1760490 440
1760500 440
1760510 440
1760520 440
1760530 440
1760540 440
1760550 440
1760560 440
1760570 440
1760580 440
1760590 439
1760600 439
1760610 439
1760620 439
1760630 439
1760640 439
1760650 439
1760660 439
1760670 439
1760680 439
1760690 439
1760700 439
1760710 439
1760720 439
1760730 439
1760740 439
1760750 439
1760760 439
1760770 440
1760780 440
1760790 440
1760800 440
1760810 440
1760820 440
1760830 440
1760840 440
1760850 440
1760860 440
1760870 440
1760880 440
1760890 440
1760900 440
1760910 440
1760920 441
1760930 441
1760940 441
1760950 441
1760960 441
1760970 441
1760980 441
1760990 441
1761000 441
1761010 441
1761020 441
1761030 441
1761040 441
1761050 442
1761060 442
1761070 442
1761080 442
1761090 442
1761100 442
1761110 442
1761120 443
1761130 443
1761140 443
1761150 443
1761160 444
1761170 444
1761180 444
1761190 444
1761200 444
1761210 444
1761220 444
1761230 444
1761240 444
1761250 444
1761260 444
1761270 444
1761280 444
1761290 444
1761300 444
1761310 445
1761320 444
1761330 444
1761340 444
1761350 444
1761360 444
1761370 444
1761380 444
1761390 444
1761400 444
1761410 444
1761420 444
1761430 444
1761440 444
1761450 444
1761460 444
1761470 444
1761480 444
1761490 444
1761500 443
1761510 443
1761520 443
1761530 443
1761540 443
1761550 443
1761560 443
1761570 443
1761580 443
1761590 443
1761600 443
1761610 442
1761620 442
1761630 442
1761640 442
1761650 442
1761660 442
1761670 442
1761680 442
1761690 441
1761700 441
1761710 441
1761720 441
1761730 441
1761740 441
1761750 441
1761760 441
1761770 441
1761780 440
1761790 440
1761800 440
1761810 440
1761820 440
1761830 440
1761840 440
1761850 440
1761860 441
1761870 441
1761880 440
1761890 440
1761900 440
1761910 440
1761920 440
1761930 440
1761940 440
1761950 440
1761960 440
1761970 440
1761980 440
1761990 440
1762000 440
1762010 440
1762020 440
1762030 440
1762040 440
1762050 440
1762060 440
1762070 440
1762080 440
1762090 440
1762100 440
1762110 441
1762120 441
1762130 441
1762140 441
1762150 441
1762160 441
1762170 441
1762180 441
1762190 441
1762200 441
1762210 441
1762220 442
1762230 442
1762240 442
1762250 442
1762260 442
1762270 442
1762280 442
1762290 442
1762300 442
1762310 442
1762320 442
1762330 442
1762340 442
1762350 442
1762360 442
1762370 441
1762380 441
1762390 441
1762400 441
1762410 441
1762420 441
1762430 441
1762440 441
1762450 441
1762460 441
1762470 441
1762480 441
1762490 441
1762500 441
1762510 441
1762520 441
1762530 441
1762540 440
1762550 440
1762560 440
1762570 440
1762580 440
1762590 440
1762600 440
1762610 439
1762620 439
1762630 439
1762640 439
1762650 439
1762660 439
1762670 439
1762680 438
1762690 438
1762700 438
1762710 438
1762720 438
1762730 438
1762740 438
1762750 438
1762760 437
1762770 437
1762780 437
1762790 437
1762800 437
1762810 437
1762820 436
1762830 436
1762840 436
1762850 436
1762860 436
1762870 436
1762880 436
1762890 436
1762900 435
1762910 435
1762920 435
1762930 435
1762940 435
1762950 435
1762960 435
1762970 435
1762980 435
1762990 435
1763000 434
1763010 434
1763020 434
1763030 434
1763040 434
1763050 434
1763060 433
1763070 433
1763080 433
1763090 433
1763100 432
1763110 432
1763120 432
1763130 431
1763140 431
1763150 431
1763160 430
1763170 430
1763180 430
1763190 429
1763200 429
1763210 429
1763220 428
1763230 428
1763240 428
1763250 428
1763260 428
1763270 428
1763280 428
1763290 428
1763300 428
1763310 428
1763320 428
1763330 428
1763340 428
1763350 428
1763360 428
1763370 428
1763380 428
1763390 429
1763400 429
1763410 429
1763420 429
1763430 429
1763440 429
1763450 429
1763460 429
1763470 429
1763480 429
1763490 429
1763500 429
1763510 429
1763520 429
1763530 430
1763540 430
1763550 430
1763560 430
1763570 430
1763580 430
1763590 430
1763600 431
1763610 431
1763620 431
1763630 430
1763640 430
1763650 430
1763660 430
1763670 431
1763680 431
1763690 431
1763700 432
1763710 432
1763720 432
1763730 432
1763740 432
1763750 432
1763760 432
1763770 432
1763780 432
1763790 432
1763800 432
1763810 432
1763820 432
1763830 432
1763840 432
1763850 432
1763860 432
1763870 432
1763880 432
1763890 432
1763900 433
1763910 433
1763920 433
1763930 433
1763940 433
1763950 433
1763960 433
1763970 433
1763980 433
1763990 433
1764000 432
1764010 432
1764020 432
1764030 432
1764040 432
1764050 432
1764060 432
1764070 431
1764080 431
1764090 431
1764100 431
1764110 431
1764120 431
1764130 431
1764140 431
1764150 430
1764160 430
1764170 431
1764180 431
1764190 431
1764200 431
1764210 431
1764220 431
1764230 431
1764240 430
1764250 431
1764260 431
1764270 431
1764280 431
1764290 431
1764300 431
1764310 431
1764320 431
1764330 431
1764340 431
1764350 432
1764360 432
1764370 432
1764380 432
1764390 432
1764400 432
1764410 432
1764420 432
1764430 432
1764440 433
1764450 433
1764460 433
1764470 433
1764480 433
1764490 433
1764500 433
1764510 434
1764520 434
1764530 434
1764540 434
1764550 434
1764560 434
1764570 434
1764580 434
1764590 435
1764600 435
1764610 435
1764620 435
1764630 435
1764640 435
1764650 436
1764660 436
1764670 437
1764680 437
1764690 437
1764700 437
1764710 437
1764720 438
1764730 438
1764740 438
1764750 438
1764760 438
1764770 438
1764780 438
1764790 438
1764800 439
1764810 439
1764820 439
1764830 439
1764840 440
1764850 440
1764860 440
1764870 441
1764880 441
1764890 441
1764900 441
1764910 441
1764920 441
1764930 442
1764940 442
1764950 442
1764960 442
1764970 443
1764980 443
1764990 444
1765000 444
1765010 444
1765020 444
1765030 444
1765040 444
1765050 445
1765060 445
1765070 445
1765080 445
1765090 445
1765100 446
1765110 446
1765120 447
1765130 448
1765140 449
1765150 449
1765160 450
1765170 452
1765180 453
1765190 454
1765200 454
1765210 454
1765220 454
1765230 453
1765240 453
1765250 454
1765260 454
1765270 455
1765280 456
1765290 456
1765300 456
1765310 456
1765320 456
1765330 456
1765340 456
1765350 455
1765360 455
1765370 455
1765380 455
1765390 455
1765400 455
1765410 454
1765420 454
1765430 454
1765440 454
1765450 454
1765460 454
1765470 454
1765480 453
1765490 453
1765500 453
1765510 453
1765520 453
1765530 453
1765540 453
1765550 452
1765560 452
1765570 452
1765580 452
1765590 452
1765600 451
1765610 451
1765620 451
1765630 451
1765640 451
1765650 451
1765660 450
1765670 450
1765680 450
1765690 450
1765700 450
1765710 450
1765720 449
1765730 449
1765740 449
1765750 449
1765760 449
1765770 448
1765780 448
1765790 448
1765800 448
1765810 448
1765820 447
1765830 447
1765840 447
1765850 447
1765860 447
1765870 447
1765880 447
1765890 447
1765900 447
