1767910 466
1767920 466
1767930 466
1767940 465
1767950 465
1767960 465
1767970 464
1767980 464
1767990 463
1768000 463
1768010 462
1768020 462
1768030 461
1768040 461
1768050 460
1768060 460
1768070 459
1768080 459
1768090 459
1768100 458
1768110 458
1768120 457
1768130 457
1768140 456
1768150 456
1768160 456
1768170 456
1768180 455
1768190 455
1768200 455
1768210 455
1768220 454
1768230 454
1768240 454
1768250 453
1768260 453
1768270 452
1768280 452
1768290 452
1768300 451
1768310 450
1768320 450
1768330 449
1768340 449
1768350 448
1768360 448
1768370 447
1768380 447
1768390 446
1768400 446
1768410 445
1768420 445
1768430 444
1768440 444
1768450 443
1768460 443
1768470 442
1768480 442
1768490 441
1768500 441
1768510 440
1768520 440
1768530 439
1768540 439
1768550 438
1768560 438
1768570 438
1768580 437
1768590 437
1768600 436
1768610 436
1768620 435
1768630 435
1768640 435
1768650 434
1768660 434
1768670 433
1768680 433
1768690 432
1768700 432
1768710 431
1768720 431
1768730 431
1768740 430
1768750 430
1768760 429
1768770 428
1768780 428
1768790 427
1768800 427
1768810 426
1768820 425
1768830 425
1768840 425
1768850 424
1768860 424
1768870 424
1768880 423
1768890 423
1768900 423
1768910 423
1768920 422
1768930 422
1768940 422
1768950 421
1768960 421
1768970 421
1768980 420
1768990 420
1769000 420
1769010 419
1769020 419
1769030 419
1769040 418
1769050 418
1769060 418
1769070 417
1769080 417
1769090 417
1769100 417
1769110 416
1769120 416
1769130 415
1769140 415
1769150 415
1769160 414
1769170 414
1769180 414
1769190 413
1769200 413
1769210 413
1769220 412
1769230 412
1769240 412
1769250 411
1769260 411
1769270 411
1769280 410
1769290 410
1769300 410
1769310 409
1769320 409
1769330 409
1769340 408
1769350 408
1769360 407
1769370 407
1769380 407
1769390 406
1769400 406
1769410 406
1769420 405
1769430 405
1769440 404
1769450 404
1769460 403
1769470 402
1769480 401
1769490 400
1769500 399
1769510 398
1769520 397
1769530 397
1769540 396
1769550 396
1769560 396
1769570 396
1769580 396
1769590 396
1769600 396
1769610 396
1769620 396
1769630 396
1769640 396
1769650 396
1769660 396
1769670 396
1769680 397
1769690 397
1769700 397
1769710 398
1769720 398
1769730 399
1769740 400
1769750 401
1769760 402
1769770 402
1769780 403
1769790 403
1769800 404
1769810 404
1769820 405
1769830 405
1769840 405
1769850 405
1769860 405
1769870 406
1769880 406
1769890 406
1769900 406
1769910 406
1769920 406
1769930 406
1769940 406
1769950 406
1769960 406
1769970 406
1769980 406
1769990 406
1770000 406
1770010 406
1770020 406
1770030 405
1770040 405
1770050 405
1770060 405
1770070 404
1770080 404
1770090 404
1770100 404
1770110 403
1770120 403
1770130 403
1770140 403
1770150 403
1770160 403
1770170 403
1770180 402
1770190 402
1770200 402
1770210 402
1770220 402
1770230 402
1770240 401
1770250 401
1770260 401
1770270 401
1770280 400
1770290 400
1770300 400
1770310 399
1770320 399
1770330 399
1770340 399
1770350 399
1770360 398
1770370 398
1770380 398
1770390 398
1770400 398
1770410 398
1770420 398
1770430 398
1770440 398
1770450 397
1770460 397
1770470 397
1770480 397
1770490 397
1770500 397
1770510 397
1770520 397
1770530 397
1770540 397
1770550 397
1770560 396
1770570 396
1770580 396
1770590 396
1770600 396
1770610 396
1770620 396
1770630 396
1770640 396
1770650 396
1770660 395
1770670 395
1770680 395
1770690 395
1770700 395
1770710 395
1770720 395
1770730 395
1770740 395
1770750 395
1770760 394
1770770 394
1770780 394
1770790 394
1770800 394
1770810 394
1770820 393
1770830 393
1770840 393
1770850 393
1770860 393
1770870 393
1770880 393
1770890 393
1770900 392
1770910 392
1770920 392
1770930 392
1770940 392
1770950 392
1770960 392
1770970 392
1770980 392
1770990 391
1771000 391
1771010 391
1771020 391
1771030 391
1771040 391
1771050 391
1771060 391
1771070 391
1771080 391
1771090 391
1771100 391
1771110 391
1771120 391
1771130 391
1771140 390
1771150 390
1771160 390
1771170 390
1771180 390
1771190 389
1771200 389
1771210 389
1771220 388
1771230 387
1771240 386
1771250 385
1771260 383
1771270 381
1771280 379
1771290 377
1771300 376
1771310 375
1771320 376
1771330 378
1771340 381
1771350 384
1771360 386
1771370 389
1771380 391
1771390 390
1771400 389
1771410 388
1771420 387
1771430 387
1771440 387
1771450 388
1771460 389
1771470 390
1771480 392
1771490 394
1771500 394
1771510 395
1771520 395
1771530 396
1771540 397
1771550 398
1771560 399
1771570 400
1771580 400
1771590 401
1771600 401
1771610 401
1771620 402
1771630 402
1771640 403
1771650 403
1771660 403
1771670 404
1771680 404
1771690 405
1771700 405
1771710 406
1771720 406
1771730 406
1771740 407
1771750 407
1771760 408
1771770 408
1771780 408
1771790 409
1771800 409
1771810 410
1771820 411
1771830 411
1771840 411
1771850 411
1771860 411
1771870 411
1771880 411
1771890 411
1771900 411
1771910 411
1771920 411
1771930 411
1771940 410
1771950 410
1771960 410
1771970 410
1771980 410
1771990 410
1772000 410
1772010 409
1772020 409
1772030 409
1772040 408
1772050 407
1772060 407
1772070 407
1772080 406
1772090 405
1772100 405
1772110 404
1772120 403
1772130 403
1772140 402
1772150 402
1772160 401
1772170 400
1772180 400
1772190 399
1772200 399
1772210 398
1772220 398
1772230 397
1772240 397
1772250 397
1772260 396
1772270 396
1772280 396
1772290 395
1772300 395
1772310 395
1772320 394
1772330 394
1772340 393
1772350 393
1772360 393
1772370 392
1772380 392
1772390 391
1772400 391
1772410 390
1772420 389
1772430 389
1772440 388
1772450 387
1772460 387
1772470 386
1772480 385
1772490 385
1772500 385
1772510 385
1772520 385
1772530 385
1772540 385
1772550 385
1772560 385
1772570 385
1772580 385
1772590 385
1772600 385
1772610 385
1772620 385
1772630 385
1772640 385
1772650 385
1772660 385
1772670 385
1772680 385
1772690 386
1772700 386
1772710 386
1772720 387
1772730 387
1772740 388
1772750 388
1772760 388
1772770 389
1772780 389
1772790 389
1772800 389
1772810 389
1772820 389
1772830 389
1772840 389
1772850 388
1772860 388
1772870 388
1772880 387
1772890 387
1772900 387
1772910 386
1772920 386
1772930 386
1772940 386
1772950 386
1772960 386
1772970 386
1772980 386
1772990 386
1773000 385
1773010 385
1773020 385
1773030 384
1773040 383
1773050 382
1773060 380
1773070 379
1773080 377
1773090 375
1773100 374
1773110 373
1773120 371
1773130 370
1773140 369
1773150 368
1773160 366
1773170 365
1773180 364
1773190 362
1773200 361
1773210 360
1773220 359
1773230 357
1773240 356
1773250 355
1773260 353
1773270 352
1773280 350
1773290 349
1773300 348
1773310 347
1773320 346
1773330 345
1773340 344
1773350 343
1773360 341
1773370 339
1773380 338
1773390 337
1773400 336
1773410 335
1773420 334
1773430 332
1773440 331
1773450 330
1773460 329
1773470 328
1773480 327
1773490 326
1773500 325
1773510 324
1773520 323
1773530 323
1773540 322
1773550 321
1773560 321
1773570 320
1773580 319
1773590 317
1773600 316
1773610 316
1773620 315
1773630 314
1773640 313
1773650 313
1773660 312
1773670 311
1773680 311
1773690 310
1773700 309
1773710 309
1773720 308
1773730 308
1773740 307
1773750 306
1773760 306
1773770 305
1773780 304
1773790 304
1773800 303
1773810 302
1773820 302
1773830 301
1773840 300
1773850 299
1773860 298
1773870 297
1773880 297
1773890 296
1773900 295
1773910 294
1773920 293
1773930 293
1773940 292
1773950 292
1773960 292
1773970 291
1773980 291
1773990 291
1774000 290
1774010 290
1774020 290
1774030 289
1774040 289
1774050 289
1774060 288
1774070 288
1774080 287
1774090 287
1774100 287
1774110 287
1774120 286
1774130 286
1774140 286
1774150 286
1774160 285
1774170 285
1774180 285
1774190 284
1774200 284
1774210 283
1774220 283
1774230 283
1774240 282
1774250 282
1774260 281
1774270 281
1774280 280
1774290 280
1774300 280
1774310 280
1774320 279
1774330 279
1774340 279
1774350 278
1774360 278
1774370 278
1774380 277
1774390 278
1774400 278
1774410 278
1774420 278
1774430 278
1774440 278
1774450 278
1774460 278
1774470 278
1774480 278
1774490 278
1774500 278
1774510 278
1774520 279
1774530 279
1774540 279
1774550 279
1774560 280
1774570 281
1774580 282
1774590 283
1774600 283
1774610 284
1774620 285
1774630 286
1774640 288
1774650 289
1774660 290
1774670 290
1774680 290
1774690 290
1774700 290
1774710 290
1774720 290
1774730 291
1774740 290
1774750 290
1774760 290
1774770 289
1774780 289
1774790 289
1774800 291
1774810 292
1774820 293
1774830 294
1774840 294
1774850 295
1774860 295
1774870 296
1774880 296
1774890 296
1774900 297
1774910 297
1774920 297
1774930 297
1774940 296
1774950 296
1774960 295
1774970 295
1774980 295
1774990 294
1775000 294
1775010 293
1775020 293
1775030 291
1775040 290
1775050 290
1775060 290
1775070 289
1775080 289
1775090 289
1775100 289
1775110 288
1775120 288
1775130 288
1775140 287
1775150 287
1775160 287
1775170 287
1775180 286
1775190 286
1775200 286
1775210 285
1775220 285
1775230 284
1775240 284
1775250 284
1775260 283
1775270 283
1775280 283
1775290 283
1775300 283
1775310 283
1775320 282
1775330 282
1775340 281
1775350 282
1775360 283
1775370 283
1775380 283
1775390 283
1775400 283
1775410 283
1775420 283
1775430 284
1775440 284
1775450 284
1775460 284
1775470 285
1775480 285
1775490 285
1775500 285
1775510 286
1775520 286
1775530 286
1775540 286
1775550 287
1775560 287
1775570 288
1775580 289
1775590 289
1775600 290
1775610 291
1775620 293
1775630 294
1775640 296
1775650 297
1775660 297
1775670 298
1775680 298
1775690 298
1775700 297
1775710 297
1775720 296
1775730 295
1775740 295
1775750 294
1775760 294
1775770 293
1775780 293
1775790 292
1775800 291
1775810 291
1775820 291
1775830 290
1775840 290
1775850 289
1775860 289
1775870 289
1775880 288
1775890 288
1775900 288
1775910 288
1775920 287
1775930 287
1775940 287
1775950 287
1775960 286
1775970 286
1775980 286
1775990 286
1776000 286
1776010 285
1776020 285
1776030 285
1776040 285
1776050 285
1776060 285
1776070 285
1776080 285
1776090 284
1776100 284
1776110 284
1776120 283
1776130 283
1776140 283
1776150 283
1776160 283
1776170 283
1776180 283
1776190 283
1776200 283
1776210 283
1776220 283
1776230 283
1776240 283
1776250 283
1776260 283
1776270 283
1776280 283
1776290 283
1776300 283
1776310 283
1776320 282
1776330 282
1776340 282
1776350 282
1776360 282
1776370 282
1776380 282
1776390 282
1776400 282
1776410 282
1776420 282
1776430 282
1776440 282
1776450 282
1776460 282
1776470 282
1776480 281
1776490 281
1776500 280
1776510 280
1776520 280
1776530 280
1776540 280
1776550 279
1776560 279
1776570 279
1776580 279
1776590 279
1776600 279
1776610 279
1776620 278
1776630 278
1776640 278
1776650 278
1776660 278
1776670 278
1776680 278
1776690 278
1776700 278
1776710 278
1776720 278
1776730 278
1776740 277
1776750 277
1776760 277
1776770 277
1776780 276
1776790 276
1776800 276
1776810 276
1776820 276
1776830 276
1776840 276
1776850 275
1776860 275
1776870 274
1776880 274
1776890 274
1776900 273
1776910 273
1776920 273
1776930 273
1776940 273
1776950 272
1776960 272
1776970 272
1776980 272
1776990 272
1777000 271
1777010 271
1777020 271
1777030 271
1777040 271
1777050 271
1777060 270
1777070 270
1777080 270
1777090 270
1777100 270
1777110 269
1777120 269
1777130 269
1777140 269
1777150 269
1777160 269
1777170 269
1777180 269
1777190 269
1777200 269
1777210 269
1777220 268
1777230 268
1777240 268
1777250 268
1777260 268
1777270 268
1777280 268
1777290 268
1777300 268
1777310 268
1777320 268
1777330 268
1777340 268
1777350 268
1777360 268
1777370 268
1777380 268
1777390 267
1777400 267
1777410 267
1777420 267
1777430 267
1777440 267
1777450 267
1777460 267
1777470 267
1777480 267
1777490 267
1777500 267
1777510 267
1777520 267
1777530 267
1777540 267
1777550 266
1777560 266
1777570 266
1777580 266
1777590 266
1777600 266
1777610 266
1777620 266
1777630 266
1777640 266
1777650 266
1777660 266
1777670 266
1777680 266
1777690 266
1777700 265
1777710 265
1777720 265
1777730 265
1777740 265
1777750 265
1777760 265
1777770 265
1777780 265
1777790 265
1777800 265
1777810 265
1777820 265
1777830 264
1777840 264
1777850 264
1777860 264
1777870 264
1777880 264
1777890 264
1777900 264
1777910 264
1777920 264
1777930 264
1777940 264
1777950 264
1777960 264
1777970 263
1777980 263
1777990 263
1778000 263
1778010 263
1778020 263
1778030 263
1778040 263
1778050 263
1778060 263
1778070 263
1778080 263
1778090 263
1778100 263
1778110 263
1778120 263
1778130 262
1778140 262
1778150 262
1778160 262
1778170 262
1778180 262
1778190 262
1778200 262
1778210 262
1778220 262
1778230 262
1778240 262
1778250 262
1778260 262
1778270 262
1778280 262
1778290 262
1778300 262
1778310 262
1778320 261
1778330 261
1778340 261
1778350 261
1778360 261
1778370 261
1778380 261
1778390 261
1778400 261
1778410 261
1778420 260
1778430 260
1778440 260
1778450 260
1778460 260
1778470 260
1778480 260
1778490 260
1778500 260
1778510 260
1778520 260
1778530 259
1778540 259
1778550 259
1778560 259
1778570 259
1778580 259
1778590 259
1778600 259
1778610 259
1778620 258
1778630 258
1778640 258
1778650 258
1778660 258
1778670 258
1778680 258
1778690 258
1778700 257
1778710 257
1778720 257
1778730 257
1778740 257
1778750 257
1778760 257
1778770 257
1778780 257
1778790 256
1778800 256
1778810 256
1778820 256
1778830 256
1778840 256
1778850 256
1778860 255
1778870 255
1778880 255
1778890 255
1778900 255
1778910 255
1778920 255
1778930 255
1778940 255
1778950 254
1778960 254
1778970 254
1778980 254
1778990 254
1779000 254
1779010 253
1779020 253
1779030 253
1779040 253
1779050 253
1779060 253
1779070 252
1779080 252
1779090 252
1779100 252
1779110 252
1779120 251
1779130 251
1779140 251
1779150 251
1779160 251
1779170 251
1779180 250
1779190 250
1779200 250
1779210 250
1779220 249
1779230 249
1779240 249
1779250 249
1779260 249
1779270 248
1779280 248
1779290 248
1779300 248
1779310 247
1779320 247
1779330 247
1779340 247
1779350 247
1779360 246
1779370 246
1779380 246
1779390 246
1779400 246
1779410 245
1779420 245
1779430 245
1779440 245
1779450 244
1779460 244
1779470 244
1779480 244
1779490 243
1779500 243
1779510 243
1779520 242
1779530 242
1779540 242
1779550 241
1779560 241
1779570 241
1779580 241
1779590 241
1779600 240
1779610 240
1779620 240
1779630 240
1779640 240
1779650 240
1779660 239
1779670 239
1779680 239
1779690 239
1779700 239
1779710 239
1779720 239
1779730 239
1779740 239
1779750 239
1779760 239
1779770 240
1779780 240
1779790 240
1779800 240
1779810 240
1779820 240
1779830 240
1779840 240
1779850 241
1779860 241
1779870 241
1779880 242
1779890 242
1779900 242
1779910 242
1779920 242
1779930 243
1779940 243
1779950 243
1779960 243
1779970 244
1779980 244
1779990 244
