1768560 424
1768570 424
1768580 425
1768590 425
1768600 425
1768610 426
1768620 426
1768630 426
1768640 427
1768650 427
1768660 427
1768670 427
1768680 427
1768690 427
1768700 427
1768710 428
1768720 428
1768730 429
1768740 429
1768750 429
1768760 429
1768770 429
1768780 429
1768790 430
1768800 430
1768810 430
1768820 430
1768830 430
1768840 430
1768850 430
1768860 430
1768870 430
1768880 430
1768890 430
1768900 430
1768910 430
1768920 430
1768930 430
1768940 430
1768950 430
1768960 430
1768970 430
1768980 430
1768990 430
1769000 430
1769010 430
1769020 430
1769030 429
1769040 429
1769050 429
1769060 429
1769070 429
1769080 429
1769090 429
1769100 429
1769110 429
1769120 429
1769130 429
1769140 429
1769150 429
1769160 429
1769170 428
1769180 428
1769190 428
1769200 428
1769210 428
1769220 428
1769230 428
1769240 428
1769250 427
1769260 427
1769270 427
1769280 427
1769290 427
1769300 427
1769310 427
1769320 427
1769330 427
1769340 427
1769350 426
1769360 426
1769370 426
1769380 426
1769390 425
1769400 425
1769410 425
1769420 425
1769430 425
1769440 425
1769450 424
1769460 424
1769470 424
1769480 424
1769490 424
1769500 424
1769510 424
1769520 423
1769530 423
1769540 423
1769550 423
1769560 423
1769570 423
1769580 423
1769590 423
1769600 423
1769610 422
1769620 422
1769630 422
1769640 422
1769650 422
1769660 422
1769670 422
1769680 422
1769690 422
1769700 422
1769710 422
1769720 422
1769730 422
1769740 422
1769750 421
1769760 421
1769770 421
1769780 421
1769790 421
1769800 421
1769810 422
1769820 422
1769830 421
1769840 421
1769850 421
1769860 421
1769870 421
1769880 421
1769890 421
1769900 421
1769910 422
1769920 422
1769930 422
1769940 422
1769950 422
1769960 422
1769970 422
1769980 422
1769990 422
1770000 422
1770010 422
1770020 422
1770030 422
1770040 422
1770050 422
1770060 423
1770070 423
1770080 423
1770090 423
1770100 422
1770110 422
1770120 422
1770130 422
1770140 422
1770150 422
1770160 422
1770170 422
1770180 422
1770190 423
1770200 423
1770210 423
1770220 423
1770230 423
1770240 423
1770250 423
1770260 423
1770270 423
1770280 423
1770290 423
1770300 423
1770310 423
1770320 423
1770330 423
1770340 424
1770350 424
1770360 424
1770370 424
1770380 424
1770390 424
1770400 425
1770410 425
1770420 425
1770430 426
1770440 426
1770450 427
1770460 427
1770470 428
1770480 428
1770490 428
1770500 429
1770510 429
1770520 430
1770530 430
1770540 431
1770550 432
1770560 432
1770570 433
1770580 433
1770590 434
1770600 434
1770610 435
1770620 436
1770630 436
1770640 437
1770650 437
1770660 438
1770670 438
1770680 439
1770690 439
1770700 439
1770710 439
1770720 439
1770730 439
1770740 439
1770750 439
1770760 439
1770770 439
1770780 439
1770790 439
1770800 439
1770810 439
1770820 439
1770830 439
1770840 439
1770850 438
1770860 438
1770870 438
1770880 438
1770890 439
1770900 439
1770910 439
1770920 439
1770930 439
1770940 439
1770950 439
1770960 439
1770970 439
1770980 439
1770990 439
1771000 439
1771010 440
1771020 440
1771030 441
1771040 441
1771050 441
1771060 441
1771070 441
1771080 440
1771090 440
1771100 439
1771110 439
1771120 439
1771130 438
1771140 438
1771150 438
1771160 438
1771170 437
1771180 437
1771190 437
1771200 437
1771210 437
1771220 436
1771230 436
1771240 436
1771250 435
1771260 435
1771270 435
1771280 434
1771290 434
1771300 434
1771310 433
1771320 433
1771330 432
1771340 432
1771350 432
1771360 431
1771370 431
1771380 430
1771390 430
1771400 430
1771410 429
1771420 429
1771430 428
1771440 428
1771450 428
1771460 427
1771470 427
1771480 426
1771490 426
1771500 425
1771510 424
1771520 423
1771530 423
1771540 422
1771550 422
1771560 422
1771570 421
1771580 421
1771590 421
1771600 421
1771610 421
1771620 421
1771630 421
1771640 421
1771650 421
1771660 421
1771670 421
1771680 421
1771690 421
1771700 421
1771710 421
1771720 421
1771730 421
1771740 421
1771750 422
1771760 422
1771770 422
1771780 422
1771790 422
1771800 421
1771810 421
1771820 420
1771830 420
1771840 419
1771850 418
1771860 418
1771870 417
1771880 417
1771890 416
1771900 416
1771910 416
1771920 415
1771930 415
1771940 414
1771950 414
1771960 414
1771970 413
1771980 413
1771990 412
1772000 412
1772010 411
1772020 411
1772030 411
1772040 411
1772050 410
1772060 410
1772070 409
1772080 409
1772090 408
1772100 408
1772110 407
1772120 407
1772130 406
1772140 405
1772150 404
1772160 403
1772170 402
1772180 401
1772190 399
1772200 398
1772210 397
1772220 396
1772230 394
1772240 393
1772250 392
1772260 390
1772270 389
1772280 388
1772290 386
1772300 385
1772310 384
1772320 383
1772330 381
1772340 380
1772350 379
1772360 377
1772370 376
1772380 374
1772390 373
1772400 372
1772410 371
1772420 371
1772430 370
1772440 370
1772450 369
1772460 369
1772470 369
1772480 368
1772490 368
1772500 368
1772510 368
1772520 368
1772530 368
1772540 368
1772550 367
1772560 367
1772570 367
1772580 366
1772590 366
1772600 366
1772610 366
1772620 366
1772630 366
1772640 367
1772650 368
1772660 367
1772670 367
1772680 367
1772690 367
1772700 368
1772710 368
1772720 369
1772730 372
1772740 375
1772750 378
1772760 381
1772770 384
1772780 386
1772790 388
1772800 390
1772810 391
1772820 392
1772830 393
1772840 394
1772850 394
1772860 395
1772870 395
1772880 396
1772890 396
1772900 396
1772910 397
1772920 397
1772930 397
1772940 397
1772950 396
1772960 396
1772970 396
1772980 395
1772990 395
1773000 395
1773010 394
1773020 394
1773030 394
1773040 393
1773050 393
1773060 393
1773070 393
1773080 393
1773090 393
1773100 393
1773110 393
1773120 393
1773130 393
1773140 394
1773150 394
1773160 394
1773170 395
1773180 395
1773190 396
1773200 396
1773210 397
1773220 397
1773230 397
1773240 397
1773250 398
1773260 398
1773270 398
1773280 398
1773290 398
1773300 398
1773310 398
1773320 397
1773330 397
1773340 396
1773350 395
1773360 395
1773370 395
1773380 394
1773390 393
1773400 393
1773410 394
1773420 396
1773430 398
1773440 400
1773450 403
1773460 406
1773470 408
1773480 410
1773490 412
1773500 413
1773510 414
1773520 415
1773530 416
1773540 417
1773550 418
1773560 419
1773570 420
1773580 422
1773590 423
1773600 424
1773610 425
1773620 426
1773630 428
1773640 429
1773650 430
1773660 430
1773670 431
1773680 432
1773690 433
1773700 433
1773710 434
1773720 435
1773730 436
1773740 437
1773750 438
1773760 438
1773770 439
1773780 440
1773790 440
1773800 441
1773810 442
1773820 442
1773830 443
1773840 443
1773850 444
1773860 445
1773870 445
1773880 446
1773890 447
1773900 447
1773910 448
1773920 449
1773930 449
1773940 450
1773950 450
1773960 450
1773970 451
1773980 451
1773990 452
1774000 452
1774010 453
1774020 453
1774030 454
1774040 455
1774050 455
1774060 455
1774070 455
1774080 456
1774090 456
1774100 456
1774110 457
1774120 457
1774130 457
1774140 458
1774150 459
1774160 459
1774170 459
1774180 460
1774190 460
1774200 461
1774210 462
1774220 463
1774230 463
1774240 463
1774250 463
1774260 464
1774270 464
1774280 464
1774290 464
1774300 465
1774310 465
1774320 465
1774330 466
1774340 467
1774350 468
1774360 468
1774370 469
1774380 470
1774390 471
1774400 471
1774410 471
1774420 471
1774430 471
1774440 471
1774450 471
1774460 471
1774470 472
1774480 472
1774490 472
1774500 472
1774510 472
1774520 472
1774530 472
1774540 472
1774550 472
1774560 472
1774570 472
1774580 472
1774590 473
1774600 473
1774610 473
1774620 472
1774630 472
1774640 472
1774650 472
1774660 472
1774670 472
1774680 472
1774690 471
1774700 470
1774710 470
1774720 469
1774730 468
1774740 468
1774750 467
1774760 467
1774770 466
1774780 466
1774790 465
1774800 465
1774810 464
1774820 464
1774830 464
1774840 463
1774850 463
1774860 462
1774870 462
1774880 462
1774890 461
1774900 461
1774910 460
1774920 460
1774930 459
1774940 459
1774950 458
1774960 457
1774970 457
1774980 457
1774990 456
1775000 456
1775010 456
1775020 456
1775030 455
1775040 455
1775050 456
1775060 456
1775070 456
1775080 455
1775090 454
1775100 453
1775110 453
1775120 452
1775130 452
1775140 451
1775150 451
1775160 450
1775170 449
1775180 448
1775190 447
1775200 446
1775210 445
1775220 444
1775230 444
1775240 443
1775250 442
1775260 441
1775270 440
1775280 439
1775290 438
1775300 437
1775310 435
1775320 434
1775330 433
1775340 432
1775350 431
1775360 429
1775370 428
1775380 427
1775390 426
1775400 425
1775410 424
1775420 423
1775430 421
1775440 420
1775450 418
1775460 417
1775470 415
1775480 414
1775490 413
1775500 413
1775510 413
1775520 412
1775530 412
1775540 412
1775550 412
1775560 411
1775570 411
1775580 411
1775590 411
1775600 411
1775610 411
1775620 411
1775630 410
1775640 410
1775650 410
1775660 409
1775670 409
1775680 408
1775690 407
1775700 407
1775710 406
1775720 406
1775730 405
1775740 405
1775750 404
1775760 403
1775770 403
1775780 402
1775790 401
1775800 400
1775810 399
1775820 398
1775830 398
1775840 397
1775850 397
1775860 396
1775870 396
1775880 395
1775890 394
1775900 394
1775910 394
1775920 393
1775930 393
1775940 392
1775950 392
1775960 391
1775970 391
1775980 390
1775990 390
1776000 389
1776010 389
1776020 388
1776030 387
1776040 387
1776050 386
1776060 385
1776070 383
1776080 382
1776090 381
1776100 380
1776110 379
1776120 378
1776130 377
1776140 377
1776150 376
1776160 376
1776170 376
1776180 376
1776190 376
1776200 377
1776210 377
1776220 378
1776230 378
1776240 378
1776250 378
1776260 377
1776270 377
1776280 377
1776290 377
1776300 377
1776310 376
1776320 376
1776330 376
1776340 376
1776350 375
1776360 375
1776370 375
1776380 375
1776390 374
1776400 374
1776410 373
1776420 373
1776430 373
1776440 372
1776450 372
1776460 371
1776470 371
1776480 370
1776490 369
1776500 368
1776510 367
1776520 366
1776530 365
1776540 364
1776550 363
1776560 362
1776570 361
1776580 359
1776590 358
1776600 357
1776610 357
1776620 356
1776630 355
1776640 355
1776650 354
1776660 353
1776670 352
1776680 352
1776690 351
1776700 350
1776710 349
1776720 348
1776730 347
1776740 346
1776750 346
1776760 345
1776770 344
1776780 343
1776790 342
1776800 342
1776810 341
1776820 340
1776830 339
1776840 338
1776850 337
1776860 336
1776870 334
1776880 333
1776890 332
1776900 331
1776910 329
1776920 327
1776930 326
1776940 325
1776950 324
1776960 323
1776970 322
1776980 321
1776990 320
1777000 318
1777010 318
1777020 317
1777030 317
1777040 317
1777050 317
1777060 317
1777070 317
1777080 317
1777090 316
1777100 315
1777110 315
1777120 314
1777130 313
1777140 313
1777150 312
1777160 311
1777170 311
1777180 310
1777190 309
1777200 307
1777210 306
1777220 305
1777230 304
1777240 303
1777250 303
1777260 303
1777270 302
1777280 302
1777290 301
1777300 301
1777310 300
1777320 300
1777330 299
1777340 298
1777350 296
1777360 294
1777370 292
1777380 290
1777390 289
1777400 288
1777410 287
1777420 286
1777430 285
1777440 283
1777450 282
1777460 281
1777470 280
1777480 279
1777490 279
1777500 278
1777510 276
1777520 275
1777530 274
1777540 273
1777550 273
1777560 273
1777570 272
1777580 272
1777590 271
1777600 271
1777610 271
1777620 272
1777630 272
1777640 272
1777650 272
1777660 272
1777670 271
1777680 271
1777690 271
1777700 271
1777710 271
1777720 271
1777730 271
1777740 271
1777750 271
1777760 270
1777770 270
1777780 270
1777790 270
1777800 269
1777810 269
1777820 269
1777830 269
1777840 269
1777850 270
1777860 269
1777870 269
1777880 268
1777890 268
1777900 268
1777910 268
1777920 267
1777930 267
1777940 267
1777950 267
1777960 267
1777970 267
1777980 267
1777990 266
1778000 266
1778010 266
1778020 266
1778030 266
1778040 266
1778050 266
1778060 266
1778070 266
1778080 266
1778090 266
1778100 266
1778110 266
1778120 266
1778130 266
1778140 266
1778150 266
1778160 266
1778170 266
1778180 266
1778190 266
1778200 266
1778210 266
1778220 266
1778230 266
1778240 267
1778250 267
1778260 268
1778270 268
1778280 269
1778290 269
1778300 268
1778310 268
1778320 268
1778330 268
1778340 268
1778350 268
1778360 268
1778370 267
1778380 267
1778390 267
1778400 267
1778410 267
1778420 267
1778430 267
1778440 267
1778450 267
1778460 267
1778470 267
1778480 267
1778490 267
1778500 267
1778510 267
1778520 267
1778530 267
1778540 267
1778550 267
1778560 267
1778570 267
1778580 268
1778590 268
1778600 268
1778610 268
1778620 268
1778630 268
1778640 268
1778650 268
1778660 268
1778670 269
1778680 269
1778690 269
1778700 269
1778710 269
1778720 269
1778730 269
1778740 270
1778750 270
1778760 270
1778770 270
1778780 270
1778790 271
1778800 271
1778810 271
1778820 271
1778830 271
1778840 271
1778850 272
1778860 272
1778870 272
1778880 272
1778890 272
1778900 272
1778910 272
1778920 272
1778930 272
1778940 273
1778950 273
1778960 273
1778970 273
1778980 274
1778990 274
1779000 274
1779010 274
1779020 275
1779030 275
1779040 275
1779050 276
1779060 276
1779070 277
1779080 277
1779090 277
1779100 278
1779110 278
1779120 278
1779130 279
1779140 279
1779150 280
1779160 280
1779170 281
1779180 282
1779190 282
1779200 283
1779210 283
1779220 284
1779230 285
1779240 285
1779250 285
1779260 286
1779270 286
1779280 286
1779290 286
1779300 286
1779310 286
1779320 286
1779330 285
1779340 285
1779350 285
1779360 285
1779370 285
1779380 285
1779390 285
1779400 285
1779410 284
1779420 284
1779430 284
1779440 284
1779450 284
1779460 283
1779470 283
1779480 283
1779490 283
1779500 283
1779510 283
1779520 283
1779530 282
1779540 282
1779550 282
1779560 282
1779570 282
1779580 281
1779590 281
1779600 281
1779610 281
1779620 281
1760000 419
1760010 419
1760020 419
1760030 419
1760040 418
1760050 418
1760060 418
1760070 417
1760080 417
1760090 417
1760100 416
1760110 415
1760120 415
1760130 414
1760140 413
1760150 413
1760160 412
1760170 412
1760180 411
1760190 411
1760200 410
1760210 410
1760220 409
1760230 409
1760240 409
1760250 409
1760260 409
1760270 409
1760280 409
1760290 409
1760300 409
1760310 409
1760320 409
1760330 408
1760340 408
1760350 408
1760360 408
1760370 408
1760380 408
1760390 408
1760400 408
1760410 408
1760420 408
1760430 408
1760440 408
1760450 408
1760460 408
1760470 407
1760480 407
1760490 407
1760500 407
1760510 407
1760520 407
1760530 407
1760540 407
1760550 407
1760560 407
1760570 407
1760580 407
1760590 407
1760600 407
1760610 407
1760620 407
1760630 407
1760640 407
1760650 406
1760660 406
1760670 406
1760680 406
1760690 406
1760700 406
1760710 406
1760720 406
1760730 406
1760740 406
1760750 406
1760760 406
1760770 406
1760780 406
1760790 406
1760800 406
1760810 406
1760820 406
1760830 406
1760840 406
1760850 406
1760860 406
1760870 406
1760880 406
1760890 406
1760900 406
1760910 406
1760920 406
1760930 406
1760940 406
1760950 406
1760960 405
1760970 405
1760980 405
1760990 405
1761000 405
1761010 405
1761020 405
1761030 405
1761040 405
1761050 405
1761060 405
1761070 405
1761080 405
1761090 405
1761100 405
1761110 405
1761120 405
1761130 404
1761140 404
1761150 404
1761160 404
1761170 404
1761180 404
1761190 404
1761200 404
1761210 403
1761220 403
1761230 403
1761240 403
1761250 403
1761260 403
1761270 403
1761280 403
1761290 403
1761300 403
1761310 403
1761320 403
1761330 403
1761340 403
1761350 403
1761360 403
1761370 403
1761380 403
1761390 403
1761400 403
1761410 403
1761420 403
1761430 403
1761440 402
1761450 402
1761460 402
1761470 402
1761480 402
1761490 402
1761500 402
1761510 402
1761520 402
1761530 402
1761540 401
1761550 401
1761560 401
1761570 401
1761580 401
1761590 401
1761600 401
1761610 401
1761620 401
1761630 401
1761640 401
1761650 401
1761660 401
1761670 401
1761680 401
1761690 400
1761700 400
1761710 401
1761720 402
1761730 403
1761740 404
1761750 405
1761760 406
1761770 407
1761780 407
1761790 408
1761800 409
1761810 409
1761820 410
1761830 410
1761840 410
1761850 410
1761860 411
1761870 411
1761880 412
1761890 412
1761900 413
1761910 414
1761920 414
1761930 415
1761940 416
1761950 417
1761960 417
1761970 418
1761980 418
1761990 419
1762000 419
1762010 419
1762020 419
1762030 419
1762040 419
1762050 418
1762060 418
1762070 417
1762080 417
1762090 417
1762100 418
1762110 419
1762120 420
1762130 421
1762140 421
1762150 422
1762160 422
1762170 422
1762180 422
1762190 422
1762200 423
1762210 423
1762220 423
1762230 423
1762240 423
1762250 424
1762260 424
1762270 424
1762280 424
1762290 424
1762300 424
1762310 424
1762320 424
1762330 424
1762340 424
1762350 424
1762360 424
1762370 424
1762380 424
1762390 424
1762400 424
1762410 424
1762420 424
1762430 423
1762440 423
1762450 423
1762460 423
1762470 423
1762480 423
1762490 423
1762500 423
1762510 423
1762520 423
1762530 423
1762540 422
1762550 422
1762560 422
1762570 422
1762580 422
1762590 422
1762600 422
1762610 422
1762620 421
1762630 421
1762640 421
1762650 421
1762660 421
1762670 421
1762680 420
1762690 420
1762700 420
1762710 420
1762720 420
1762730 419
1762740 419
1762750 419
1762760 419
1762770 419
1762780 418
1762790 418
1762800 418
1762810 418
1762820 418
1762830 417
1762840 417
1762850 417
1762860 417
1762870 417
1762880 417
1762890 417
1762900 417
1762910 416
1762920 416
1762930 416
1762940 416
1762950 416
1762960 416
1762970 415
1762980 415
1762990 415
1763000 415
1763010 415
1763020 415
1763030 415
1763040 415
1763050 414
1763060 414
1763070 414
1763080 414
1763090 414
1763100 413
1763110 413
1763120 413
1763130 412
1763140 412
1763150 412
1763160 411
1763170 411
1763180 411
1763190 410
1763200 410
1763210 410
1763220 410
1763230 410
1763240 410
1763250 411
1763260 412
1763270 413
1763280 414
1763290 415
1763300 417
1763310 418
1763320 419
1763330 420
1763340 421
1763350 422
1763360 424
1763370 425
1763380 426
1763390 428
1763400 429
1763410 430
1763420 431
1763430 432
1763440 433
1763450 433
1763460 434
1763470 435
1763480 435
1763490 436
1763500 436
1763510 437
1763520 438
1763530 438
1763540 439
1763550 439
1763560 440
1763570 440
1763580 441
1763590 441
1763600 441
1763610 442
1763620 442
1763630 442
1763640 442
1763650 442
1763660 442
1763670 442
1763680 442
1763690 442
1763700 442
1763710 442
1763720 442
1763730 441
1763740 441
1763750 441
1763760 441
1763770 441
1763780 441
1763790 441
1763800 440
1763810 440
1763820 440
1763830 440
1763840 440
1763850 440
1763860 440
1763870 440
1763880 440
1763890 440
1763900 440
1763910 440
1763920 440
1763930 440
1763940 440
1763950 440
1763960 440
1763970 440
1763980 440
1763990 440
1764000 440
1764010 440
1764020 440
1764030 440
1764040 440
1764050 440
1764060 440
1764070 440
1764080 440
1764090 440
1764100 440
1764110 440
1764120 440
1764130 440
1764140 440
1764150 440
1764160 440
1764170 440
1764180 440
1764190 440
1764200 440
1764210 441
1764220 441
1764230 441
1764240 441
1764250 441
1764260 441
1764270 441
1764280 442
1764290 442
1764300 442
1764310 443
1764320 444
1764330 444
1764340 444
1764350 445
1764360 445
1764370 445
1764380 445
1764390 446
1764400 446
1764410 447
1764420 448
1764430 448
1764440 449
1764450 449
1764460 450
1764470 450
1764480 451
1764490 451
1764500 452
1764510 453
1764520 453
1764530 454
1764540 454
1764550 455
1764560 456
1764570 456
1764580 457
1764590 457
1764600 457
1764610 457
1764620 458
1764630 458
1764640 458
1764650 458
1764660 459
1764670 459
1764680 459
1764690 459
1764700 460
1764710 460
1764720 460
1764730 460
1764740 460
1764750 461
1764760 461
1764770 461
1764780 461
1764790 461
1764800 462
1764810 462
1764820 462
1764830 462
1764840 462
1764850 462
1764860 463
1764870 463
1764880 463
1764890 463
1764900 464
1764910 464
1764920 464
1764930 464
1764940 464
1764950 464
1764960 465
1764970 465
1764980 465
1764990 465
1765000 465
1765010 466
1765020 466
1765030 466
1765040 466
1765050 466
1765060 466
1765070 467
1765080 467
1765090 467
1765100 467
1765110 467
1765120 467
1765130 467
1765140 467
1765150 467
1765160 467
1765170 467
1765180 467
1765190 467
1765200 468
1765210 468
1765220 468
1765230 468
1765240 468
1765250 468
1765260 468
1765270 468
1765280 468
1765290 468
1765300 468
1765310 468
1765320 468
1765330 468
1765340 468
1765350 468
1765360 468
1765370 468
1765380 469
1765390 469
1765400 469
1765410 469
1765420 469
1765430 469
1765440 469
1765450 469
1765460 469
1765470 469
1765480 469
1765490 470
1765500 470
1765510 470
1765520 469
1765530 469
1765540 469
1765550 469
1765560 469
1765570 469
1765580 469
1765590 469
1765600 469
1765610 469
1765620 469
1765630 469
1765640 469
1765650 469
1765660 469
1765670 469
1765680 469
1765690 469
1765700 469
1765710 469
1765720 469
1765730 469
1765740 469
1765750 469
1765760 469
1765770 469
1765780 469
1765790 469
1765800 469
1765810 469
1765820 469
1765830 469
1765840 469
1765850 469
1765860 469
1765870 469
1765880 469
1765890 469
1765900 469
1765910 469
1765920 469
1765930 469
1765940 469
1765950 469
1765960 469
1765970 469
1765980 468
1765990 468
1766000 468
1766010 468
1766020 469
1766030 469
1766040 469
1766050 469
1766060 469
1766070 469
1766080 469
1766090 469
1766100 469
1766110 469
1766120 469
1766130 469
1766140 469
1766150 468
1766160 468
1766170 468
1766180 468
1766190 468
1766200 468
1766210 468
1766220 468
1766230 468
1766240 468
1766250 467
1766260 467
1766270 467
1766280 467
1766290 467
1766300 467
1766310 467
1766320 467
1766330 466
1766340 466
1766350 466
1766360 466
1766370 466
1766380 466
1766390 465
1766400 465
1766410 465
1766420 465
1766430 465
1766440 465
1766450 464
1766460 464
1766470 464
1766480 464
1766490 464
1766500 463
1766510 463
1766520 463
1766530 463
1766540 463
1766550 462
1766560 462
1766570 462
1766580 462
1766590 461
1766600 461
1766610 461
1766620 461
1766630 460
1766640 460
1766650 460
1766660 460
1766670 460
1766680 459
1766690 459
1766700 459
1766710 459
1766720 459
1766730 458
1766740 458
1766750 458
1766760 458
1766770 458
1766780 457
1766790 457
1766800 457
1766810 457
1766820 456
1766830 456
1766840 456
1766850 456
1766860 455
1766870 455
1766880 455
1766890 455
1766900 455
1766910 455
1766920 455
1766930 454
1766940 454
1766950 454
1766960 454
1766970 454
1766980 453
1766990 453
1767000 453
1767010 453
1767020 453
1767030 453
1767040 452
1767050 452
1767060 452
1767070 452
1767080 451
1767090 451
1767100 451
1767110 450
1767120 450
1767130 450
1767140 450
1767150 449
1767160 449
1767170 449
1767180 448
1767190 448
1767200 448
1767210 447
1767220 447
1767230 447
1767240 446
1767250 446
1767260 445
1767270 445
1767280 444
1767290 444
1767300 444
1767310 444
1767320 443
1767330 443
1767340 443
1767350 443
1767360 442
1767370 442
1767380 442
1767390 441
1767400 441
1767410 441
1767420 440
1767430 440
1767440 440
1767450 440
1767460 439
1767470 439
1767480 439
1767490 438
1767500 438
1767510 438
1767520 438
1767530 437
1767540 437
1767550 437
1767560 437
1767570 436
1767580 436
1767590 436
1767600 436
1767610 436
1767620 435
1767630 435
1767640 435
1767650 435
1767660 435
1767670 434
1767680 434
1767690 434
1767700 433
1767710 432
1767720 431
1767730 430
1767740 430
1767750 429
1767760 429
1767770 428
1767780 428
1767790 428
1767800 428
1767810 428
1767820 428
1767830 428
1767840 429
1767850 431
1767860 432
1767870 432
1767880 432
1767890 432
1767900 432
1767910 432
1767920 432
1767930 432
1767940 432
1767950 432
1767960 432
1767970 432
1767980 432
1767990 432
1768000 432
1768010 432
1768020 432
1768030 431
1768040 431
1768050 431
1768060 431
1768070 431
1768080 431
1768090 430
1768100 430
1768110 430
1768120 430
1768130 430
1768140 430
1768150 429
1768160 429
1768170 429
1768180 429
1768190 429
1768200 429
1768210 429
1768220 429
1768230 428
1768240 428
1768250 428
