1760000 423
1760010 422
1760020 422
1760030 422
1760040 422
1760050 422
1760060 421
1760070 421
1760080 421
1760090 421
1760100 420
1760110 420
1760120 420
1760130 420
1760140 420
1760150 420
1760160 420
1760170 419
1760180 419
1760190 419
1760200 419
1760210 419
1760220 419
1760230 419
1760240 419
1760250 419
1760260 419
1760270 419
1760280 419
1760290 419
1760300 419
1760310 419
1760320 419
1760330 419
1760340 419
1760350 420
1760360 420
1760370 420
1760380 420
1760390 420
1760400 420
1760410 420
1760420 420
1760430 421
1760440 421
1760450 421
1760460 421
1760470 421
1760480 421
1760490 421
1760500 421
1760510 421
1760520 421
1760530 421
1760540 421
1760550 421
1760560 421
1760570 421
1760580 421
1760590 421
1760600 421
1760610 421
1760620 421
1760630 421
1760640 421
1760650 421
1760660 421
1760670 421
1760680 421
1760690 421
1760700 421
1760710 420
1760720 420
1760730 420
1760740 420
1760750 420
1760760 420
1760770 420
1760780 420
1760790 420
1760800 420
1760810 419
1760820 419
1760830 419
1760840 419
1760850 419
1760860 419
1760870 419
1760880 418
1760890 418
1760900 418
1760910 418
1760920 418
1760930 418
1760940 418
1760950 417
1760960 417
1760970 417
1760980 417
1760990 416
1761000 416
1761010 416
1761020 416
1761030 415
1761040 415
1761050 415
1761060 415
1761070 415
1761080 414
1761090 414
1761100 414
1761110 414
1761120 413
1761130 413
1761140 413
1761150 413
1761160 413
1761170 412
1761180 412
1761190 412
1761200 412
1761210 412
1761220 411
1761230 411
1761240 411
1761250 411
1761260 410
1761270 410
1761280 410
1761290 410
1761300 410
1761310 409
1761320 409
1761330 409
1761340 409
1761350 408
1761360 408
1761370 408
1761380 408
1761390 408
1761400 408
1761410 407
1761420 407
1761430 407
1761440 407
1761450 407
1761460 407
1761470 406
1761480 406
1761490 406
1761500 406
1761510 406
1761520 406
1761530 406
1761540 405
1761550 405
1761560 405
1761570 405
1761580 405
1761590 405
1761600 405
1761610 405
1761620 404
1761630 404
1761640 404
1761650 404
1761660 404
1761670 404
1761680 404
1761690 404
1761700 403
1761710 403
1761720 403
1761730 403
1761740 403
1761750 403
1761760 403
1761770 403
1761780 403
1761790 403
1761800 403
1761810 403
1761820 402
1761830 402
1761840 402
1761850 402
1761860 402
1761870 402
1761880 402
1761890 402
1761900 402
1761910 402
1761920 402
1761930 401
1761940 401
1761950 401
1761960 401
1761970 401
1761980 401
1761990 401
1762000 401
1762010 401
1762020 401
1762030 401
1762040 401
1762050 401
1762060 401
1762070 401
1762080 401
1762090 401
1762100 401
1762110 401
1762120 401
1762130 401
1762140 400
1762150 400
1762160 400
1762170 400
1762180 400
1762190 400
1762200 400
1762210 400
1762220 401
1762230 401
1762240 401
1762250 401
1762260 401
1762270 401
1762280 401
1762290 400
1762300 400
1762310 400
1762320 400
1762330 400
1762340 400
1762350 400
1762360 400
1762370 400
1762380 399
1762390 399
1762400 399
1762410 399
1762420 398
1762430 398
1762440 398
1762450 397
1762460 397
1762470 397
1762480 397
1762490 396
1762500 396
1760000 423
1760010 422
1760020 422
1760030 422
1760040 422
1760050 422
1760060 421
1760070 421
1760080 421
1760090 421
1760100 420
1760110 420
1760120 420
1760130 420
1760140 420
1760150 420
1760160 420
1760170 419
1760180 419
1760190 419
1760200 419
1760210 419
1760220 419
1760230 419
1760240 419
1760250 419
1760260 419
1760270 419
1760280 419
1760290 419
1760300 419
1760310 419
1760320 419
1760330 419
1760340 419
1760350 420
1760360 420
1760370 420
1760380 420
1760390 420
1760400 420
1760410 420
1760420 420
1760430 421
1760440 421
1760450 421
1760460 421
1760470 421
1760480 421
1760490 421
1760500 421
1760510 421
1760520 421
1760530 421
1760540 421
1760550 421
1760560 421
1760570 421
1760580 421
1760590 421
1760600 421
1760610 421
1760620 421
1760630 421
1760640 421
1760650 421
1760660 421
1760670 421
1760680 421
1760690 421
1760700 421
1760710 420
1760720 420
1760730 420
1760740 420
1760750 420
1760760 420
1760770 420
1760780 420
1760790 420
1760800 420
1760810 419
1760820 419
1760830 419
1760840 419
1760850 419
1760860 419
1760870 419
1760880 418
1760890 418
1760900 418
1760910 418
1760920 418
1760930 418
1760940 418
1760950 417
1760960 417
1760970 417
1760980 417
1760990 416
1761000 416
1761010 416
1761020 416
1761030 415
1761040 415
1761050 415
1761060 415
1761070 415
1761080 414
1761090 414
1761100 414
1761110 414
1761120 413
1761130 413
1761140 413
1761150 413
1761160 413
1761170 412
1761180 412
1761190 412
1761200 412
1761210 412
1761220 411
1761230 411
1761240 411
1761250 411
1761260 410
1761270 410
1761280 410
1761290 410
1761300 410
1761310 409
1761320 409
1761330 409
1761340 409
1761350 408
1761360 408
1761370 408
1761380 408
1761390 408
1761400 408
1761410 407
1761420 407
1761430 407
1761440 407
1761450 407
1761460 407
1761470 406
1761480 406
1761490 406
1761500 406
1761510 406
1761520 406
1761530 406
1761540 405
1761550 405
1761560 405
1761570 405
1761580 405
1761590 405
1761600 405
1761610 405
1761620 404
1761630 404
1761640 404
1761650 404
1761660 404
1761670 404
1761680 404
1761690 404
1761700 403
1761710 403
1761720 403
1761730 403
1761740 403
1761750 403
1761760 403
1761770 403
1761780 403
1761790 403
1761800 403
1761810 403
1761820 402
1761830 402
1761840 402
1761850 402
1761860 402
1761870 402
1761880 402
1761890 402
1761900 402
1761910 402
1761920 402
1761930 401
1761940 401
1761950 401
1761960 401
1761970 401
1761980 401
1761990 401
1762000 401
1762010 401
1762020 401
1762030 401
1762040 401
1762050 401
1762060 401
1762070 401
1762080 401
1762090 401
1762100 401
1762110 401
1762120 401
1762130 401
1762140 400
1762150 400
1762160 400
1762170 400
1762180 400
1762190 400
1762200 400
1762210 400
1762220 401
1762230 401
1762240 401
1762250 401
1762260 401
1762270 401
1762280 401
1762290 400
1762300 400
1762310 400
1762320 400
1762330 400
1762340 400
1762350 400
1762360 400
1762370 400
1762380 399
1762390 399
1762400 399
1762410 399
1762420 398
1762430 398
1762440 398
1762450 397
1762460 397
1762470 397
1762480 397
1762490 396
1762500 396
