1760000 421
1760010 421
1760020 421
1760030 421
1760040 422
1760050 422
1760060 422
1760070 423
1760080 423
1760090 423
1760100 423
1760110 424
1760120 424
1760130 424
1760140 424
1760150 424
1760160 425
1760170 425
1760180 425
1760190 426
1760200 426
1760210 426
1760220 426
1760230 426
1760240 426
1760250 426
1760260 426
1760270 426
1760280 426
1760290 425
1760300 425
1760310 425
1760320 425
1760330 425
1760340 425
1760350 424
1760360 424
1760370 424
1760380 424
1760390 423
1760400 423
1760410 423
1760420 422
1760430 422
1760440 422
1760450 421
1760460 421
1760470 420
1760480 420
1760490 419
1760500 418
1760510 418
1760520 417
1760530 417
1760540 416
1760550 416
1760560 415
1760570 415
1760580 414
1760590 414
1760600 413
1760610 413
1760620 412
1760630 412
1760640 412
1760650 411
1760660 411
1760670 411
1760680 410
1760690 410
1760700 410
1760710 409
1760720 409
1760730 409
1760740 408
1760750 408
1760760 408
1760770 407
1760780 407
1760790 407
1760800 407
1760810 406
1760820 406
1760830 406
1760840 405
1760850 405
1760860 405
1760870 405
1760880 404
1760890 404
1760900 404
1760910 404
1760920 404
1760930 404
1760940 405
1760950 405
1760960 405
1760970 405
1760980 405
1760990 405
1761000 405
1761010 406
1761020 406
1761030 407
