1760000 436
1760010 436
1760020 436
1760030 436
1760040 436
1760050 436
1760060 435
1760070 435
1760080 435
1760090 435
1760100 435
1760110 434
1760120 434
1760130 434
1760140 434
1760150 433
1760160 433
1760170 433
1760180 432
1760190 432
1760200 432
1760210 431
1760220 431
1760230 431
1760240 430
1760250 430
1760260 430
1760270 429
1760280 429
1760290 428
1760300 428
1760310 428
1760320 427
1760330 427
1760340 426
1760350 426
1760360 425
1760370 425
1760380 424
1760390 424
1760400 423
1760410 423
1760420 422
1760430 421
1760440 421
1760450 420
1760460 420
1760470 419
1760480 419
1760490 418
1760500 417
1760510 416
1760520 415
1760530 415
1760540 414
1760550 413
1760560 413
1760570 412
1760580 411
1760590 411
1760600 410
1760610 409
1760620 409
1760630 409
1760640 408
1760650 407
1760660 407
1760670 406
1760680 405
1760690 405
1760700 404
1760710 403
1760720 403
1760730 402
1760740 401
1760750 400
1760760 400
1760770 399
1760780 398
1760790 397
1760800 396
1760810 394
1760820 393
1760830 392
1760840 392
1760850 391
1760860 391
1760870 391
1760880 391
1760890 391
1760900 391
1760910 390
1760920 389
1760930 388
1760940 388
1760950 388
1760960 388
1760970 389
1760980 389
1760990 390
1761000 392
1761010 393
1761020 394
1761030 395
1761040 396
1761050 397
1761060 397
1761070 398
1761080 398
1761090 399
1761100 400
1761110 401
1761120 401
1761130 402
1761140 403
1761150 403
1761160 404
1761170 404
1761180 405
1761190 405
1761200 406
1761210 406
1761220 406
1761230 407
1761240 407
1761250 407
1761260 407
1761270 407
1761280 407
1761290 407
1761300 407
1761310 407
1761320 407
1761330 406
1761340 406
1761350 406
1761360 405
1761370 404
1761380 403
1761390 402
1761400 399
1761410 397
1761420 396
1761430 394
1761440 392
1761450 391
1761460 390
1761470 388
1761480 386
1761490 384
1761500 381
1761510 378
1761520 375
1761530 371
1761540 368
1761550 365
1761560 362
1761570 359
1761580 357
1761590 355
1761600 352
1761610 350
1761620 347
1761630 345
1761640 344
1761650 344
1761660 344
1761670 344
1761680 345
1761690 345
1761700 345
1761710 345
1761720 345
1761730 345
1761740 345
1761750 346
1761760 347
1761770 347
1761780 348
1761790 349
1761800 349
1761810 350
1761820 350
1761830 351
1761840 351
1761850 352
1761860 352
1761870 353
1761880 353
1761890 354
1761900 354
1761910 355
1761920 356
1761930 357
1761940 358
1761950 359
1761960 360
1761970 360
1761980 361
1761990 362
1762000 362
1762010 363
1762020 363
1762030 364
1762040 364
1762050 365
1762060 366
1762070 366
1762080 367
1762090 368
1762100 369
1762110 370
1762120 370
1762130 371
1762140 372
1762150 373
1762160 373
1762170 374
1762180 375
1762190 376
1762200 376
1762210 377
1762220 377
1762230 377
1762240 378
1762250 378
1762260 377
1762270 377
1762280 376
1762290 375
1762300 373
1762310 371
1762320 368
1762330 365
1762340 362
1762350 359
1762360 356
1762370 353
1762380 351
1762390 349
1762400 347
1762410 345
1762420 343
1762430 341
1762440 339
1762450 337
1762460 336
1762470 335
1762480 334
1762490 335
1762500 335
1762510 335
1762520 336
1762530 336
1762540 337
1762550 339
1762560 341
1762570 344
1762580 347
1762590 350
1762600 353
1762610 355
1762620 357
1762630 359
1762640 361
1762650 362
1762660 364
1762670 364
1762680 365
1762690 364
1762700 364
1762710 363
1762720 361
1762730 359
1762740 356
1762750 354
1762760 351
1762770 349
1762780 346
1762790 344
1762800 342
1762810 339
1762820 337
1762830 335
1762840 333
1762850 333
1762860 333
1762870 333
1762880 333
1762890 333
1762900 333
1762910 332
1762920 331
1762930 331
1762940 333
1762950 336
1762960 340
1762970 343
1762980 347
1762990 350
1763000 354
1763010 358
1763020 361
1763030 363
1763040 364
1763050 365
1763060 365
1763070 366
1763080 365
1763090 365
1763100 365
1763110 364
1763120 364
1763130 364
1763140 363
1763150 363
1763160 362
1763170 362
1763180 361
1763190 361
1763200 361
1763210 360
1763220 360
1763230 360
1763240 360
1763250 360
1763260 360
1763270 360
1763280 360
1763290 360
1763300 361
1763310 361
1763320 361
1763330 362
1763340 362
1763350 362
1763360 363
1763370 363
1763380 364
1763390 364
1763400 365
1763410 365
1763420 366
1763430 366
1763440 366
1763450 366
1763460 367
1763470 367
1763480 367
1763490 368
1763500 368
1763510 369
1763520 369
1763530 370
1763540 371
1763550 371
1763560 372
1763570 373
1763580 373
1763590 374
1763600 374
1763610 374
1763620 375
1763630 374
1763640 374
1763650 374
1763660 373
1763670 372
1763680 371
1763690 370
1763700 368
1763710 367
1763720 365
1763730 363
1763740 362
1763750 360
1763760 359
1763770 358
1763780 357
1763790 356
1763800 355
1763810 355
1763820 355
1763830 354
1763840 353
1763850 352
1763860 351
1763870 350
1763880 349
1763890 348
1763900 347
1763910 346
1763920 345
1763930 344
1763940 343
1763950 341
1763960 339
1763970 337
1763980 335
1763990 333
1764000 332
1764010 331
1764020 330
1764030 329
1764040 328
1764050 326
1764060 325
1764070 323
1764080 322
1764090 322
1764100 322
1764110 321
1764120 321
1764130 320
1764140 321
1764150 322
1764160 325
1764170 329
1764180 334
1764190 336
1764200 337
1764210 338
1764220 337
1764230 336
1764240 334
1764250 330
1764260 327
1764270 322
1764280 320
1764290 319
1764300 319
1764310 318
1764320 318
1764330 319
1764340 320
1764350 320
1764360 320
1764370 320
1764380 320
1764390 319
1764400 321
1764410 323
1764420 327
1764430 331
1764440 335
1764450 338
1764460 341
1764470 345
1764480 349
1764490 354
1764500 359
1764510 365
1764520 369
1764530 372
1764540 375
1764550 378
1764560 381
1764570 383
1764580 385
1764590 387
1764600 388
1764610 389
1764620 391
1764630 392
1764640 393
1764650 394
1764660 396
1764670 397
1764680 397
1764690 398
1764700 397
1764710 396
1764720 395
1764730 394
1764740 393
1764750 391
1764760 389
1764770 388
1764780 387
1764790 386
1764800 385
1764810 385
1764820 385
1764830 384
1764840 384
1764850 384
1764860 384
1764870 383
1764880 383
1764890 382
1764900 382
1764910 382
1764920 382
1764930 381
1764940 381
1764950 380
1764960 380
1764970 379
1764980 377
1764990 377
1765000 379
1765010 382
1765020 384
1765030 387
1765040 389
1765050 391
1765060 393
1765070 395
1765080 397
1765090 398
1765100 399
1765110 400
1765120 401
1765130 401
1765140 402
1765150 403
1765160 403
1765170 404
1765180 404
1765190 404
1765200 404
1765210 404
1765220 404
1765230 405
1765240 405
1765250 405
1765260 405
1765270 405
1765280 405
1765290 405
1765300 406
1765310 406
1765320 406
1765330 407
1765340 407
1765350 408
1765360 408
1765370 408
1765380 409
1765390 409
1765400 410
1765410 410
1765420 410
1765430 411
1765440 412
1765450 412
1765460 413
1765470 414
1765480 414
1765490 415
1765500 416
1765510 417
1765520 418
1765530 419
1765540 420
1765550 420
1765560 421
1765570 422
1765580 423
1765590 424
1765600 424
1765610 425
1765620 426
1765630 427
1765640 428
1765650 428
1765660 429
1765670 430
1765680 431
1765690 431
1765700 432
1765710 433
1765720 433
1765730 434
1765740 434
1765750 435
1765760 435
1765770 435
1765780 436
1765790 436
1765800 437
1765810 437
1765820 438
1765830 438
1765840 438
1765850 439
1765860 439
1765870 439
1765880 439
1765890 439
1765900 439
1765910 439
1765920 440
1765930 440
1765940 440
1765950 440
1765960 440
1765970 440
1765980 440
1765990 440
1766000 440
1766010 440
1766020 439
1766030 439
1766040 439
1766050 439
1766060 439
1766070 439
1766080 439
1766090 439
1766100 439
1766110 439
1766120 439
1766130 439
1766140 439
1766150 439
1766160 439
1766170 439
1766180 439
1766190 440
1766200 440
1766210 440
1766220 440
1766230 440
1766240 441
1766250 441
1766260 441
1766270 442
1766280 442
1766290 442
1766300 442
1766310 443
1766320 443
1766330 443
1766340 444
1766350 444
1766360 445
1766370 445
1766380 446
1766390 446
1766400 446
1766410 447
1766420 447
1766430 447
1766440 447
1766450 447
1766460 448
1766470 448
1766480 448
1766490 448
1766500 449
1766510 449
1766520 449
1766530 449
1766540 449
1766550 449
1766560 449
1766570 450
1766580 450
1766590 450
1766600 450
1766610 450
1766620 450
1766630 450
1766640 450
1766650 450
1766660 450
1766670 450
1766680 450
1766690 450
1766700 450
1766710 450
1766720 450
1766730 450
1766740 450
1766750 450
1766760 450
1766770 450
1766780 450
1766790 450
1766800 450
1766810 450
1766820 450
1766830 450
1766840 450
1766850 450
1766860 450
1766870 450
1766880 450
1766890 450
1766900 450
1766910 450
1766920 451
1766930 451
1766940 451
1766950 451
1766960 451
1766970 451
1766980 451
1766990 451
1767000 451
1767010 451
1767020 451
1767030 451
1767040 451
1767050 451
1767060 450
1767070 450
1767080 450
1767090 450
1767100 450
1767110 449
1767120 449
1767130 449
1767140 449
1767150 448
1767160 448
1767170 447
1767180 447
1767190 447
1767200 446
1767210 446
1767220 445
1767230 445
1767240 444
1767250 443
1767260 443
1767270 442
1767280 442
1767290 441
1767300 440
1767310 439
1767320 438
1767330 437
1767340 436
1767350 434
1767360 433
1767370 432
1767380 432
1767390 431
1767400 430
1767410 429
1767420 428
1767430 427
1767440 426
1767450 424
1767460 423
1767470 422
1767480 420
1767490 418
1767500 417
1767510 415
1767520 414
1767530 412
1767540 411
1767550 409
1767560 406
1767570 404
1767580 401
1767590 398
1767600 395
1767610 394
1767620 396
1767630 397
1767640 398
1767650 398
1767660 399
1767670 400
1767680 401
1767690 402
1767700 403
1767710 405
1767720 406
1767730 407
1767740 408
1767750 408
1767760 408
1767770 407
1767780 406
1767790 405
1767800 403
1767810 402
1767820 400
1767830 398
1767840 396
1767850 394
1767860 392
1767870 391
1767880 389
1767890 388
1767900 386
1767910 385
1767920 384
1767930 382
1767940 382
1767950 381
1767960 380
1767970 379
1767980 379
1767990 381
1768000 383
1768010 384
1768020 386
1768030 387
1768040 389
1768050 390
1768060 391
1768070 392
1768080 393
1768090 394
1768100 395
1768110 396
1768120 397
1768130 398
1768140 399
1768150 400
1768160 400
1768170 401
1768180 402
1768190 402
1768200 403
1768210 403
1768220 404
1768230 404
1768240 405
1768250 405
1768260 406
1768270 406
1768280 407
1768290 407
1768300 408
1768310 408
1768320 409
1768330 409
1768340 410
1768350 410
1768360 410
1768370 411
1768380 411
1768390 411
1768400 411
1768410 411
1768420 411
1768430 411
1768440 411
1768450 411
1768460 411
1768470 411
1768480 411
1768490 411
1768500 411
1768510 410
1768520 409
1768530 409
1768540 408
1768550 408
1768560 407
1768570 407
1768580 406
1768590 405
1768600 404
1768610 404
1768620 402
1768630 399
1768640 396
1768650 392
1768660 389
1768670 386
1768680 383
1768690 380
1768700 377
1768710 373
1768720 369
1768730 364
1768740 359
1768750 355
1768760 350
1768770 346
1768780 341
1768790 337
1768800 332
1768810 328
1768820 323
1768830 318
1768840 313
1768850 308
1768860 303
1768870 298
1768880 293
1768890 288
1768900 283
1768910 280
1768920 276
1768930 273
1768940 271
1768950 270
1768960 270
1768970 270
1768980 270
1768990 270
1769000 270
1769010 271
1769020 272
1769030 272
1769040 272
1769050 272
1769060 272
1769070 272
1769080 272
1769090 273
1769100 275
1769110 277
1769930 275
1769940 275
1769950 275
1769960 275
1769970 275
1769980 275
1769990 276
1770000 276
1770010 276
1770020 277
1770030 277
1770040 277
1770050 278
1770060 278
1770070 279
1770080 279
1770090 279
1770100 280
1770110 280
1770120 280
1770130 281
1770140 281
1770150 282
1770160 282
1770170 282
1770180 283
1770190 283
1770200 284
1770210 284
1770220 285
1770230 285
1770240 286
1770250 286
1770260 287
1770270 287
1770280 288
1770290 288
1770300 288
1770310 289
1770320 289
1770330 289
1770340 289
1770350 289
1770360 289
1770370 290
1770380 289
1770390 288
1770400 286
1770410 284
1770420 282
1770430 279
1770440 276
1770450 274
1770460 273
1770470 273
1770480 273
1770490 272
1770500 272
1770510 272
1770520 272
1770530 272
1770540 272
1770550 272
1770560 275
1770570 278
1770580 283
1770590 287
1771870 266
1771880 266
1771890 266
1771900 267
1771910 267
1771920 268
1771930 268
1771940 269
1771950 269
1771960 269
1771970 269
1771980 269
1771990 269
1772000 269
1772010 269
1772020 269
1772030 269
1772040 269
1772050 269
1772060 269
1772070 269
1772080 269
1772090 269
1772100 269
1772110 269
1772120 269
1772130 269
1772140 268
1772150 267
1772160 267
1772170 266
1772180 266
1772190 266
1772200 266
1772210 266
1772220 265
1772230 265
1772240 265
1772250 265
1772260 265
1772270 266
1772280 268
1772290 274
1772300 281
1772310 288
1772320 294
1772330 300
1772340 304
1772350 309
1772360 315
1772370 321
1772380 328
1772390 334
1772400 339
1772410 341
