1760000 446
1760010 448
1760020 449
1760030 450
1760040 452
1760050 453
1760060 454
1760070 454
1760080 455
1760090 456
1760100 456
1760110 457
1760120 457
1760130 457
1760140 457
1760150 457
1760160 457
1760170 457
1760180 457
1760190 457
1760200 456
1760210 456
1760220 455
1760230 455
1760240 455
1760250 454
1760260 454
1760270 454
1760280 454
1760290 453
1760300 453
1760310 452
1760320 452
1760330 451
1760340 451
1760350 451
1760360 451
1760370 452
1760380 452
1760390 453
1760400 454
1760410 455
1760420 456
1760430 457
1760440 457
1760450 458
1760460 458
1760470 459
1760480 460
1760490 460
1760500 461
1760510 461
1760520 462
1760530 463
1760540 463
1760550 463
1760560 464
1760570 465
1760580 465
1760590 466
1760600 466
1760610 467
1760620 467
1760630 467
1760640 468
1760650 468
1760660 468
1760670 468
1760680 469
1760690 469
1760700 469
1760710 469
1760720 470
1760730 470
1760740 470
1760750 471
1760760 471
1760770 472
1760780 473
1760790 473
1760800 474
1760810 474
1760820 475
1760830 475
1760840 476
1760850 477
1760860 477
1760870 478
1760880 478
1760890 479
1760900 480
1760910 480
1760920 481
1760930 482
1760940 482
1760950 483
1760960 483
1760970 484
1760980 484
1760990 484
1761000 485
1761010 485
1761020 485
1761030 486
1761040 486
1761050 486
1761060 486
1761070 486
1761080 486
1761090 486
1761100 486
1761110 486
1761120 486
1761130 486
1761140 486
1761150 486
1761160 486
1761170 486
1761180 486
1761190 485
1761200 485
1761210 485
1761220 485
1761230 484
1761240 484
1761250 484
1761260 483
1761270 483
1761280 483
1761290 482
1761300 482
1761310 482
1761320 481
1761330 481
1761340 481
1761350 480
1761360 480
1761370 480
1761380 479
1761390 479
1761400 478
1761410 478
1761420 477
1761430 477
1761440 477
1761450 476
1761460 475
1761470 474
1761480 473
1761490 472
1761500 471
1761510 470
1761520 468
1761530 467
1761540 466
1761550 465
1761560 464
1761570 463
1761580 462
1761590 462
1761600 461
1761610 460
1761620 459
1761630 458
1761640 458
1761650 457
1761660 456
1761670 454
1761680 454
1761690 455
1761700 455
1761710 456
1761720 456
1761730 456
1761740 457
1761750 457
1761760 458
1761770 459
1761780 460
1761790 461
1761800 463
1761810 465
1761820 467
1761830 469
1761840 470
1761850 471
1761860 471
1761870 472
1761880 472
1761890 472
1761900 472
1761910 472
1761920 473
1761930 473
1761940 474
1761950 474
1761960 475
1761970 476
1761980 476
1761990 477
1762000 478
1762010 479
1762020 479
1762030 480
1762040 480
1762050 481
1762060 481
1762070 482
1762080 482
1762090 482
1762100 483
1762110 483
1762120 483
1762130 484
1762140 484
1762150 485
1762160 485
1762170 485
1762180 486
1762190 486
1762200 486
1762210 486
1762220 486
1762230 486
1762240 486
1762250 486
1762260 486
1762270 486
1762280 486
1762290 486
1762300 486
1762310 486
1762320 485
1762330 485
1762340 484
1762350 484
1762360 484
1762370 483
1762380 483
1762390 483
1762400 482
1762410 482
1762420 481
1762430 481
1762440 480
1762450 480
1762460 479
1762470 479
1762480 478
1762490 477
1762500 477
1762510 476
1762520 476
1762530 475
1762540 475
1762550 474
1762560 474
1762570 473
1762580 472
1762590 472
1762600 471
1762610 470
1762620 470
1762630 469
1762640 468
1762650 468
1762660 467
1762670 466
1762680 466
1762690 465
1762700 465
1762710 464
1762720 464
1762730 463
1762740 462
1762750 462
1762760 461
1762770 460
1762780 460
1762790 459
1762800 458
1762810 457
1762820 456
1762830 456
1762840 455
1762850 454
1762860 453
1762870 451
1762880 450
1762890 448
1762900 447
1762910 446
1762920 445
1762930 445
1762940 445
1762950 446
1762960 448
1762970 449
1762980 450
1762990 451
1763000 452
1763010 453
1763020 454
1763030 454
1763040 455
1763050 455
1763060 455
1763070 455
1763080 453
1763090 450
1763100 446
1763110 442
1763120 437
1763130 433
1763140 427
1763150 422
1763160 416
1763170 411
1763180 405
1763190 400
1763200 395
1763210 391
1763220 386
1763230 382
1763240 378
1763250 373
1763260 368
1763270 363
1763280 358
1763290 353
1763300 349
1763310 344
1763320 339
1763330 334
1763340 329
1763350 323
1763360 318
1763370 313
1763380 308
1763390 305
1763400 298
1763410 293
1763420 289
1763430 288
1763440 287
1763450 287
1763460 287
1763470 288
1763480 288
1763490 289
1763500 289
1763510 289
1763520 289
1763530 289
1763540 289
1763550 289
1763560 290
1763570 290
1763580 290
1763590 290
1763600 290
1763610 290
1763620 291
1763630 291
1763640 291
1763650 292
1763660 292
1766900 280
1766910 280
1766920 280
1766930 280
1766940 280
1766950 280
1766960 281
1766970 281
1766980 281
1766990 281
1767000 281
1767010 281
1767020 281
1767030 280
1767040 280
1767050 280
1767060 280
1767070 280
1767080 280
1767090 280
1767100 280
1767110 280
1767120 280
1767130 280
1767140 280
1767150 281
1767160 281
1767170 283
1767180 284
1767190 286
1767200 288
1767210 289
1767220 290
1767230 291
1767240 297
1767250 304
1767260 311
1767270 314
1767280 315
1767290 313
1767300 311
1767310 308
1767320 304
1767330 301
1767340 298
1767350 295
1767360 294
1767370 294
1767380 293
1767390 293
1767400 293
1767410 293
