1760000 447
1760010 449
1760020 450
1760030 451
1760040 452
1760050 453
1760060 454
1760070 455
1760080 456
1760090 456
1760100 456
1760110 457
1760120 457
1760130 457
1760140 456
1760150 456
1760160 456
1760170 456
1760180 456
1760190 455
1760200 455
1760210 455
1760220 454
1760230 454
1760240 453
1760250 453
1760260 453
1760270 453
1760280 453
1760290 452
1760300 452
1760310 451
1760320 451
1760330 450
1760340 450
1760350 450
1760360 451
1760370 451
1760380 452
1760390 453
1760400 453
1760410 454
1760420 455
1760430 456
1760440 457
1760450 457
1760460 458
1760470 458
1760480 459
1760490 460
1760500 460
1760510 461
1760520 462
1760530 462
1760540 463
1760550 463
1760560 464
1760570 464
1760580 465
1760590 465
1760600 466
1760610 466
1760620 466
1760630 467
1760640 467
1760650 467
1760660 468
1760670 468
1760680 468
1760690 468
1760700 468
1760710 469
1760720 469
1760730 470
1760740 470
1760750 471
1760760 471
1760770 472
1760780 473
1760790 473
1760800 474
1760810 474
1760820 475
1760830 475
1760840 476
1760850 477
1760860 477
1760870 478
1760880 478
1760890 479
1760900 480
1760910 480
1760920 481
1760930 481
1760940 482
1760950 482
1760960 483
1760970 483
1760980 484
1760990 484
1761000 485
1761010 485
1761020 486
1761030 486
1761040 486
1761050 486
1761060 486
1761070 485
1761080 485
1761090 485
1761100 486
1761110 486
1761120 486
1761130 486
1761140 486
1761150 486
1761160 486
1761170 485
1761180 485
1761190 485
1761200 485
1761210 484
1761220 484
1761230 484
1761240 484
1761250 483
1761260 483
1761270 483
1761280 482
1761290 482
1761300 482
1761310 482
1761320 481
1761330 481
1761340 480
1761350 480
1761360 480
1761370 479
1761380 479
1761390 479
1761400 478
1761410 478
1761420 477
1761430 477
1761440 477
1761450 476
1761460 476
1761470 475
1761480 474
1761490 473
1761500 472
1761510 471
1761520 469
1761530 468
1761540 467
1761550 466
1761560 465
1761570 464
1761580 463
1761590 462
1761600 462
1761610 461
1761620 460
1761630 459
1761640 458
1761650 457
1761660 457
1761670 455
1761680 454
1761690 455
1761700 455
1761710 456
1761720 456
1761730 456
1761740 456
1761750 457
1761760 457
1761770 458
1761780 459
1761790 460
1761800 462
1761810 464
1761820 465
1761830 467
1761840 468
1761850 469
1761860 470
1761870 470
1761880 471
1761890 471
1761900 471
1761910 472
1761920 472
1761930 473
1761940 473
1761950 474
1761960 475
1761970 476
1761980 476
1761990 477
1762000 478
1762010 479
1762020 479
1762030 480
1762040 481
1762050 481
1762060 481
1762070 482
1762080 482
1762090 482
1762100 483
1762110 483
1762120 484
1762130 484
1762140 484
1762150 485
1762160 485
1762170 485
1762180 486
1762190 486
1762200 486
1762210 486
1762220 486
1762230 486
1762240 486
1762250 486
1762260 486
1762270 486
1762280 486
1762290 486
1762300 486
1762310 485
1762320 485
1762330 485
1762340 484
1762350 484
1762360 483
1762370 483
1762380 483
1762390 482
1762400 482
1762410 481
1762420 481
1762430 480
1762440 480
1762450 479
1762460 479
1762470 478
1762480 478
1762490 477
1762500 477
1762510 476
1762520 476
1762530 475
1762540 475
1762550 474
1762560 473
1762570 473
1762580 472
1762590 472
1762600 471
1762610 470
1762620 470
1762630 469
1762640 468
1762650 467
1762660 467
1762670 466
1762680 466
1762690 465
1762700 465
1762710 464
1762720 463
1762730 463
1762740 462
1762750 461
1762760 461
1762770 460
1762780 460
1762790 459
1762800 458
1762810 457
1762820 457
1762830 456
1762840 455
1762850 454
1762860 453
1762870 451
1762880 450
1762890 448
1762900 447
1762910 446
1762920 446
1762930 445
1762940 446
1762950 447
1762960 449
1762970 450
1762980 451
1762990 452
1763000 452
1763010 453
1763020 454
1763030 454
1763040 454
1763050 454
1763060 453
1763070 452
1763080 450
1763090 447
1763100 444
1763110 440
1763120 436
1763130 432
1763140 426
1763150 421
1763160 415
1763170 409
1763180 403
1763190 398
1763200 393
1763210 389
1763220 384
1763230 380
1763240 375
1763250 371
1763260 366
1763270 361
1763280 356
1763290 352
1763300 347
1763310 342
1763320 338
1763330 333
1763340 327
1763350 322
1763360 317
1763370 311
1763380 306
1763390 301
1763400 295
1763410 290
1763420 288
1763430 288
1763440 287
1763450 287
1763460 287
1763470 288
1763480 288
1763490 289
1763500 290
1763510 290
1763520 289
1763530 289
1763540 289
1763550 290
1763560 290
1763570 290
1763580 290
1763590 290
1763600 290
1763610 291
1763620 291
1763630 291
1763640 292
1763650 292
1766910 280
1766920 280
1766930 280
1766940 280
1766950 280
1766960 280
1766970 280
1766980 280
1766990 280
1767000 280
1767010 280
1767020 280
1767030 280
1767040 280
1767050 280
1767060 280
1767070 280
1767080 280
1767090 280
1767100 280
1767110 280
1767120 280
1767130 281
1767140 282
1767150 283
1767160 286
1767170 289
1767180 294
1767190 298
1767200 301
1767210 297
1767220 296
1767230 297
1767240 301
1767250 307
1767260 313
1767270 315
1767280 315
1767290 312
1767300 309
1767310 306
1767320 302
1767330 299
1767340 297
1767350 295
1767360 294
1767370 294
1767380 293
1767390 293
