1760000 460
1760010 460
1760020 460
1760030 460
1760040 460
1760050 460
1760060 460
1760070 460
1760080 460
1760090 460
1760100 460
1760110 460
1760120 460
1760130 460
1760140 461
1760150 462
1760160 463
1760170 463
1760180 464
1760190 464
1760200 464
1760210 465
1760220 465
1760230 466
1760240 466
1760250 466
1760260 467
1760270 467
1760280 468
1760290 468
1760300 468
1760310 469
1760320 469
1760330 469
1760340 470
1760350 470
1760360 470
1760370 471
1760380 471
1760390 472
1760400 472
1760410 472
1760420 472
1760430 473
1760440 473
1760450 473
1760460 474
1760470 474
1760480 474
1760490 475
1760500 475
1760510 475
1760520 476
1760530 476
1760540 476
1760550 477
1760560 477
1760570 477
1760580 477
1760590 478
1760600 478
1760610 478
1760620 478
1760630 479
1760640 479
1760650 479
1760660 480
1760670 480
1760680 480
1760690 481
1760700 481
1760710 481
1760720 481
1760730 482
1760740 482
1760750 482
1760760 482
1760770 482
1760780 483
1760790 483
1760800 483
1760810 483
1760820 483
1760830 483
1760840 484
1760850 484
1760860 484
1760870 484
1760880 484
1760890 484
1760900 485
1760910 485
1760920 485
1760930 485
1760940 485
1760950 485
1760960 485
1760970 485
1760980 485
1760990 485
1761000 485
1761010 485
1761020 486
1761030 486
1761040 486
1761050 487
1761060 487
1761070 488
1761080 488
1761090 489
1761100 489
1761110 490
1761120 490
1761130 490
1761140 491
1761150 491
1761160 492
1761170 492
1761180 493
1761190 493
1761200 494
1761210 494
1761220 495
1761230 495
1761240 495
1761250 496
1761260 496
1761270 496
1761280 497
1761290 497
1761300 497
1761310 497
1761320 498
1761330 498
1761340 498
1761350 499
1761360 499
1761370 499
1761380 500
1761390 500
1761400 500
1761410 501
1761420 501
1761430 501
1761440 502
1761450 502
1761460 502
1761470 503
1761480 503
1761490 503
1761500 504
1761510 504
1761520 504
1761530 505
1761540 505
1761550 505
1761560 506
1761570 506
1761580 506
1761590 507
1761600 507
1761610 507
1761620 507
1761630 507
1761640 507
1761650 507
1761660 507
1761670 508
1761680 508
1761690 508
1761700 508
1761710 508
1761720 508
1761730 508
1761740 509
1761750 509
1761760 509
1761770 509
1761780 509
1761790 509
1761800 510
1761810 510
1761820 510
1761830 510
1761840 510
1761850 510
1761860 510
1761870 510
1761880 510
1761890 510
1761900 510
1761910 510
1761920 510
1761930 510
1761940 510
1761950 510
1761960 509
1761970 509
1761980 509
1761990 509
1762000 509
1762010 509
1762020 509
1762030 509
1762040 509
1762050 508
1762060 508
1762070 508
1762080 508
1762090 508
1762100 508
1762110 507
1762120 507
1762130 507
1762140 507
1762150 506
1762160 506
1762170 506
1762180 505
1762190 505
1762200 505
1762210 505
1762220 505
1762230 505
1762240 504
1762250 504
1762260 504
1762270 504
1762280 504
1762290 504
1762300 504
1762310 503
1762320 503
1762330 503
1762340 503
1762350 503
1762360 504
1762370 504
1762380 504
1762390 505
1762400 505
1762410 505
1762420 505
1762430 505
1762440 506
1762450 506
1762460 506
1762470 507
1762480 507
1762490 507
1762500 507
1762510 508
1762520 508
1762530 509
1762540 509
1762550 509
1762560 509
1762570 510
1762580 510
1762590 511
1762600 511
1762610 512
1762620 512
1762630 513
1762640 514
1762650 514
1762660 514
1762670 515
1762680 515
1762690 514
1762700 513
1762710 513
1762720 512
1762730 512
1762740 511
1762750 511
1762760 510
1762770 510
1762780 510
1762790 509
1762800 509
1762810 508
1762820 508
1762830 507
1762840 506
1762850 506
1762860 505
1762870 505
1762880 504
1762890 503
1762900 503
1762910 502
1762920 502
1762930 501
1762940 500
1762950 499
1762960 498
1762970 497
1762980 496
1762990 495
1763000 494
1763010 493
1763020 491
1763030 490
1763040 489
1763050 488
1763060 487
1763070 486
1763080 485
1763090 483
1763100 482
1763110 481
1763120 480
1763130 479
1763140 477
1763150 476
1763160 475
1763170 474
1763180 472
1763190 470
1763200 469
1763210 467
1763220 465
1763230 463
1763240 461
1763250 459
1763260 456
1763270 454
1763280 451
1763290 448
1763300 445
1763310 441
1763320 437
1763330 434
1763340 430
1763350 427
1763360 424
1763370 420
1763380 417
1763390 414
1763400 411
1763410 408
1763420 406
1763430 404
1763440 402
1763450 401
1763460 400
1763470 399
1763480 399
1763490 400
1763500 401
1763510 402
1763520 404
1763530 406
1763540 407
1763550 409
1763560 410
1763570 412
1763580 413
1763590 414
1763600 415
1763610 416
1763620 417
1763630 418
1763640 419
1763650 420
1763660 421
1763670 421
1763680 421
1763690 420
1763700 418
1763710 415
1763720 412
1763730 409
1763740 406
1763750 404
1763760 402
1763770 400
1763780 398
1763790 396
1763800 395
1763810 394
1763820 394
1763830 393
1763840 393
1763850 393
1763860 393
1763870 393
1763880 392
1763890 391
1763900 390
1763910 389
1763920 388
1763930 386
1763940 385
1763950 383
1763960 381
1763970 379
1763980 376
1763990 373
1764000 370
1764010 366
1764020 361
1764030 358
1764040 355
1764050 353
1764060 350
1764070 345
1764080 340
1764090 337
1764100 334
1764110 331
1764120 329
1764130 326
1764140 323
1764150 320
1764160 317
1764170 315
1764180 311
1764190 309
1764200 307
1764210 305
1764220 303
1764230 302
1764240 300
1764250 298
1764260 297
1764270 295
1764280 293
1764290 292
1764300 291
1764310 291
1764320 291
1764330 291
1764340 291
1764350 291
1764360 291
1764370 291
1764380 291
1764390 291
1764400 291
1764410 292
1764420 292
1764430 293
1764440 293
1764450 293
1764460 293
1764470 293
1764480 294
1764490 295
1764500 298
1764510 301
1764520 304
1764530 308
1764540 312
1764550 316
1764560 320
1764570 323
1764580 326
