1762910 528
1762920 528
1762930 527
1762940 527
1762950 527
1762960 526
1762970 525
1762980 525
1762990 524
1763000 523
1763010 523
1763020 522
1763030 521
1763040 521
1763050 520
1763060 520
1763070 519
1763080 518
1763090 516
1763100 515
1763110 513
1763120 511
1763130 507
1763140 501
1763150 494
1763160 490
1763170 485
1763180 481
1763190 478
1763200 475
1763210 472
1763220 469
1763230 467
1763240 466
1763250 463
1763260 460
1763270 456
1763280 452
1763290 447
1763300 443
1763310 439
1763320 435
1763330 431
1763340 428
1763350 425
1763360 422
1763370 415
1763380 408
1763390 402
1763400 398
1763410 393
1763420 386
1763430 379
1763440 372
1763450 368
1763460 363
1763470 359
1763480 354
1763490 350
1763500 346
1763510 341
1763520 337
1763530 332
1763540 328
1763550 324
1763560 320
1763570 315
1763580 310
1763590 305
1763600 301
1763610 297
1763620 294
1763630 294
1763640 293
1763650 293
1763660 293
1763670 293
1763680 293
1763690 293
1763700 293
1763710 293
1763720 293
1763730 294
1763740 295
1763750 297
1763760 300
