1762980 525
1762990 524
1763000 524
1763010 523
1763020 523
1763030 522
1763040 521
1763050 520
1763060 519
1763070 518
1763080 516
1763090 513
1763100 510
1763110 507
1763120 503
1763130 500
1763140 497
1763150 495
1763160 493
1763170 491
1763180 486
1763190 481
1763200 476
1763210 471
1763220 467
1763230 463
1763240 459
1763250 455
1763260 452
1763270 447
1763280 442
1763290 437
1763300 433
1763310 429
1763320 425
1763330 422
1763340 419
1763350 416
1763360 413
1763370 409
1763380 406
1763390 402
1763400 399
1763410 395
1763420 391
1763430 388
1763440 385
1763450 382
1763460 380
1763470 377
1763480 374
1763490 371
1763500 366
1763510 362
1763520 357
1763530 352
1763540 347
1763550 342
1763560 339
1763570 336
1763580 333
1763590 331
1763600 328
1763610 325
1763620 322
1763630 319
1763640 317
1763650 315
1763660 313
1763670 311
1763680 309
1763690 307
1763700 304
1763710 302
1763720 300
1763730 298
1763740 297
1763750 296
1763760 295
1763770 295
1763780 295
1763790 295
1763800 295
1763810 295
1763820 295
1763830 295
1763840 295
1763850 295
1763860 295
1763870 295
1763880 295
1763890 294
1763900 294
